CTD;CTD;CTD;CTD;CTD;CTD;CTD;CTD;CTD;CTD;CTD;labo;labo;labo;labo;labo;labo;labo;labo;labo;labo;labo;labo;labo;calc;calc
Fichier;Station;Latitude;Longitude;Echantillon;Date;Heure;PRES;PSAL;TE90;DOXY;CHL_01;Q_CHL;PSAL_BS;Q_PSAL;OXY_03;Q_OXY;NOx_01;Q_NOX;PO4_01;Q_PO4;Si_01;Q_Si;QCFF;N_P;N_Si
(nom);(nom/no);(degres);(degres);(no_unique);(jj-mmm-yyyy);(GMT);(dbar);(psu);(celsius);(ml/l);(mg/m**3);((none));(PSU);((none));(ml/l);((none));(mmol/m**3);((none));(mmol/m**3);((none));(mmol/m**3);((none));((none));((none));((none))
2;HL_02;44.26583;-63.30117;281510;19-oct-04;16:12:00;1.38;30.663;14.06;4.8;0.61412;NaN;NaN;NaN;NaN;NaN;0;NaN;0.229;NaN;0.95;NaN;0;0.00;0.00
2;HL_02;44.26583;-63.30117;281509;19-oct-04;16:12:00;5.2;30.664;14.059;4.8;0.63567;NaN;NaN;NaN;5.729;NaN;0;NaN;0.22;NaN;0.99;NaN;0;0.00;0.00
2;HL_02;44.26583;-63.30117;281508;19-oct-04;16:11:00;10.28;30.665;14.042;4.9;0.63567;NaN;NaN;NaN;NaN;NaN;0;NaN;0.203;NaN;1;NaN;0;0.00;0.00
2;HL_02;44.26583;-63.30117;281507;19-oct-04;16:10:00;20;30.685;14.023;4.8;0.72186;NaN;NaN;NaN;NaN;NaN;0;NaN;0.208;NaN;1.02;NaN;0;0.00;0.00
2;HL_02;44.26583;-63.30117;281506;19-oct-04;16:09:00;30.43;31.135;14.132;4.8;0.62489;NaN;NaN;NaN;NaN;NaN;0;NaN;0.22;NaN;1.1;NaN;0;0.00;0.00
2;HL_02;44.26583;-63.30117;281505;19-oct-04;16:08:00;40.63;31.268;9.008;5.4;0.19971;NaN;NaN;NaN;6.5655;NaN;1.51;NaN;0.556;NaN;2.34;NaN;0;2.72;0.65
2;HL_02;44.26583;-63.30117;281504;19-oct-04;16:08:00;50.43;32.134;4.859;5.6;0.12614;NaN;NaN;NaN;NaN;NaN;3.24;NaN;0.664;NaN;3.17;NaN;0;4.88;1.02
2;HL_02;44.26583;-63.30117;281503;19-oct-04;16:06:00;75.31;32.636;2.396;5.2;0.03872;NaN;NaN;NaN;NaN;NaN;7.31;NaN;0.883;NaN;6.31;NaN;0;8.28;1.16
2;HL_02;44.26583;-63.30117;281502;19-oct-04;16:05:00;101.57;32.974;2.866;5;0.01253;NaN;NaN;NaN;NaN;NaN;10.01;NaN;1.01;NaN;8.32;NaN;0;9.91;1.20
2;HL_02;44.26583;-63.30117;281501;19-oct-04;16:03:00;147.38;33.716;5.486;3.9;0.00911;NaN;33.768;NaN;4.477;NaN;14.92;NaN;1.302;NaN;15.56;NaN;0;11.46;0.96
6;RL_01;43.24917;-65.05017;281520;20-oct-04;03:50:00;2.81;30.257;14.123;5.4;0.49022;NaN;NaN;NaN;5.743;NaN;0;NaN;0.19;NaN;0.7;NaN;0;0.00;0.00
6;RL_01;43.24917;-65.05017;281519;20-oct-04;03:47:00;10.18;30.264;14.117;5.4;0.4579;NaN;NaN;NaN;NaN;NaN;0;NaN;0.211;NaN;0.75;NaN;0;0.00;0.00
6;RL_01;43.24917;-65.05017;281518;20-oct-04;03:45:00;19.65;30.41;14.364;5.3;0.64644;NaN;NaN;NaN;NaN;NaN;0;NaN;0.214;NaN;1.19;NaN;0;0.00;0.00
6;RL_01;43.24917;-65.05017;281517;20-oct-04;03:44:00;29.43;31.069;12.903;5.4;0.35016;NaN;NaN;NaN;NaN;NaN;0.77;NaN;0.32;NaN;1.5;NaN;0;2.41;0.51
6;RL_01;43.24917;-65.05017;281516;20-oct-04;03:43:00;40.82;31.977;8.117;6.1;0.25319;NaN;NaN;NaN;NaN;NaN;1.56;NaN;0.506;NaN;2.05;NaN;0;3.08;0.76
6;RL_01;43.24917;-65.05017;281515;20-oct-04;03:42:00;49.65;32.207;5.445;6.3;0.17869;NaN;NaN;NaN;NaN;NaN;2.97;NaN;0.596;NaN;2.63;NaN;0;4.98;1.13
6;RL_01;43.24917;-65.05017;281514;20-oct-04;03:40:00;59.44;32.502;3.493;5.9;0.06946;NaN;NaN;NaN;NaN;NaN;6.75;NaN;0.88;NaN;5.73;NaN;0;7.67;1.18
6;RL_01;43.24917;-65.05017;281513;20-oct-04;03:38:00;80.74;32.797;3.029;5.5;0.03302;NaN;NaN;NaN;NaN;NaN;9.43;NaN;1.012;NaN;8.36;NaN;0;9.32;1.13
6;RL_01;43.24917;-65.05017;281512;20-oct-04;03:37:00;100.15;33.264;4.088;4.9;0.01594;NaN;NaN;NaN;NaN;NaN;12.89;NaN;1.316;NaN;11.05;NaN;0;9.79;1.17
6;RL_01;43.24917;-65.05017;281511;20-oct-04;03:34:00;159.88;33.622;5.243;4.3;0.00911;NaN;33.712;NaN;4.7155;NaN;14.56;NaN;1.39;NaN;13.61;NaN;0;10.47;1.07
7;BBL_01;43.25117;-65.48083;281527;20-oct-04;05:45:00;2.58;31.095;13.907;5.4;0.41372;NaN;NaN;NaN;5.793;NaN;0;NaN;0.198;NaN;1.14;NaN;0;0.00;0.00
7;BBL_01;43.25117;-65.48083;281526;20-oct-04;05:44:00;10.85;31.22;13.584;5.4;0.5818;NaN;NaN;NaN;NaN;NaN;0.61;NaN;0.29;NaN;1.72;NaN;0;2.10;0.35
7;BBL_01;43.25117;-65.48083;281525;20-oct-04;05:43:00;20.22;31.672;8.127;5.6;0.30167;NaN;NaN;NaN;NaN;NaN;4.06;NaN;0.648;NaN;4.39;NaN;0;6.27;0.92
7;BBL_01;43.25117;-65.48083;281524;20-oct-04;05:42:00;29.89;31.999;5.925;5.7;0.14015;NaN;NaN;NaN;NaN;NaN;5.72;NaN;0.79;NaN;5.79;NaN;0;7.24;0.99
7;BBL_01;43.25117;-65.48083;281523;20-oct-04;05:41:00;39.65;32.16;4.912;5.8;0.11913;NaN;NaN;NaN;NaN;NaN;6.17;NaN;0.815;NaN;5.82;NaN;0;7.57;1.06
7;BBL_01;43.25117;-65.48083;281522;20-oct-04;05:40:00;50.06;32.168;4.855;5.8;0.11562;NaN;NaN;NaN;NaN;NaN;6.02;NaN;0.807;NaN;5.73;NaN;0;7.46;1.05
7;BBL_01;43.25117;-65.48083;281521;20-oct-04;05:38:00;59.25;32.196;4.678;5.8;0.10161;NaN;32.272;NaN;6.27;NaN;6.31;NaN;0.828;NaN;5.95;NaN;0;7.62;1.06
13;BBL_02;42.992;-65.48167;281536;20-oct-04;09:21:00;0.82;31.139;14.421;5.1;0.51716;NaN;NaN;NaN;5.6295;NaN;0;NaN;0.162;NaN;0.88;NaN;0;0.00;0.00
13;BBL_02;42.992;-65.48167;281537;20-oct-04;09:21:00;2.56;31.14;14.424;4.3;NaN;NaN;NaN;NaN;NaN;NaN;NaN;NaN;NaN;NaN;NaN;NaN;0;NaN;NaN
13;BBL_02;42.992;-65.48167;281535;20-oct-04;09:20:00;9.41;31.148;14.415;5.3;0.52793;NaN;NaN;NaN;NaN;NaN;0;NaN;0.168;NaN;0.92;NaN;0;0.00;0.00
13;BBL_02;42.992;-65.48167;281534;20-oct-04;09:19:00;19.7;31.148;14.422;5.3;0.5387;NaN;NaN;NaN;NaN;NaN;0;NaN;0.168;NaN;0.93;NaN;0;0.00;0.00
13;BBL_02;42.992;-65.48167;281533;20-oct-04;09:18:00;29.67;31.147;14.423;5.3;0.50638;NaN;NaN;NaN;NaN;NaN;0;NaN;0.154;NaN;0.82;NaN;0;0.00;0.00
13;BBL_02;42.992;-65.48167;281532;20-oct-04;09:17:00;40.49;31.142;14.321;5.3;0.46329;NaN;NaN;NaN;NaN;NaN;0.18;NaN;0.22;NaN;1.16;NaN;0;0.82;0.16
13;BBL_02;42.992;-65.48167;281531;20-oct-04;09:16:00;49.83;31.939;5.981;5.8;0.10511;NaN;NaN;NaN;NaN;NaN;4.64;NaN;0.744;NaN;4.74;NaN;0;6.24;0.98
13;BBL_02;42.992;-65.48167;281530;20-oct-04;09:15:00;60.3;32.226;3.858;5.9;0.06149;NaN;NaN;NaN;NaN;NaN;5.19;NaN;0.786;NaN;5;NaN;0;6.60;1.04
13;BBL_02;42.992;-65.48167;281529;20-oct-04;09:14:00;80.03;32.71;2.734;5.5;0.02164;NaN;NaN;NaN;NaN;NaN;8.63;NaN;0.988;NaN;9.08;NaN;0;8.73;0.95
13;BBL_02;42.992;-65.48167;281528;20-oct-04;09:13:00;109.51;32.774;2.868;5.5;0.02505;NaN;32.823;NaN;5.9015;NaN;9.34;NaN;1.008;NaN;8.84;NaN;0;9.27;1.06
16;BBL_03;42.7515;-65.4845;281546;20-oct-04;12:12:00;3.08;31.312;13.642;5.5;0.37709;NaN;NaN;NaN;5.777;NaN;0;NaN;0.223;NaN;1.32;NaN;0;0.00;0.00
16;BBL_03;42.7515;-65.4845;281545;20-oct-04;12:11:00;9.83;31.316;13.633;5.4;0.34477;NaN;NaN;NaN;NaN;NaN;0;NaN;0.206;NaN;1.1;NaN;0;0.00;0.00
16;BBL_03;42.7515;-65.4845;281544;20-oct-04;12:11:00;19.8;31.302;13.628;5.4;0.35016;NaN;NaN;NaN;NaN;NaN;0;NaN;0.207;NaN;1.07;NaN;0;0.00;0.00
16;BBL_03;42.7515;-65.4845;281543;20-oct-04;12:10:00;30.52;31.539;10.829;5.9;0.28013;NaN;NaN;NaN;NaN;NaN;2.02;NaN;0.5;NaN;2.34;NaN;0;4.04;0.86
16;BBL_03;42.7515;-65.4845;281542;20-oct-04;12:09:00;38.97;32.061;5.596;6.1;0.1857;NaN;NaN;NaN;NaN;NaN;3.5;NaN;0.668;NaN;3.45;NaN;0;5.24;1.01
16;BBL_03;42.7515;-65.4845;281541;20-oct-04;12:08:00;51.38;32.604;3.487;5.8;0.08409;NaN;NaN;NaN;NaN;NaN;6.52;NaN;0.854;NaN;5.9;NaN;0;7.63;1.11
16;BBL_03;42.7515;-65.4845;281540;20-oct-04;12:07:00;57.21;32.669;3.484;5.6;0.04441;NaN;NaN;NaN;NaN;NaN;8.57;NaN;0.973;NaN;7.75;NaN;0;8.81;1.11
16;BBL_03;42.7515;-65.4845;281539;20-oct-04;12:06:00;78.69;32.942;3.699;5.2;0.02847;NaN;NaN;NaN;NaN;NaN;10.96;NaN;1.085;NaN;9.9;NaN;0;10.10;1.11
16;BBL_03;42.7515;-65.4845;281538;20-oct-04;12:04:00;95.81;32.963;3.711;5.2;0.02619;NaN;32.977;NaN;5.6155;NaN;10.26;NaN;1.028;NaN;9.35;NaN;0;9.98;1.10
22;BBL_04;42.43933;-65.51967;281555;20-oct-04;16:19:00;2.64;31.758;12.281;5.5;0.9158;NaN;NaN;NaN;6.0085;NaN;0.55;NaN;0.283;NaN;1.9;NaN;0;1.94;0.29
22;BBL_04;42.43933;-65.51967;281554;20-oct-04;16:18:00;10.43;31.758;12.277;5.6;0.85115;NaN;NaN;NaN;NaN;NaN;0.57;NaN;0.299;NaN;1.9;NaN;0;1.91;0.30
22;BBL_04;42.43933;-65.51967;281553;20-oct-04;16:17:00;19.82;31.762;12.237;5.6;0.8296;NaN;NaN;NaN;NaN;NaN;0.65;NaN;0.306;NaN;1.98;NaN;0;2.12;0.33
22;BBL_04;42.43933;-65.51967;281552;20-oct-04;16:16:00;29.6;31.872;11.396;5.6;0.5387;NaN;NaN;NaN;NaN;NaN;1.68;NaN;0.376;NaN;2.24;NaN;0;4.47;0.75
22;BBL_04;42.43933;-65.51967;281551;20-oct-04;16:15:00;40.69;32.121;9.92;5.6;0.36632;NaN;NaN;NaN;NaN;NaN;3.68;NaN;0.542;NaN;3.62;NaN;0;6.79;1.02
22;BBL_04;42.43933;-65.51967;281550;20-oct-04;16:14:00;50.52;32.805;7.601;5.3;0.20322;NaN;NaN;NaN;NaN;NaN;7.55;NaN;0.78;NaN;5.6;NaN;0;9.68;1.35
22;BBL_04;42.43933;-65.51967;281549;20-oct-04;16:13:00;59.47;33.464;7.687;5;0.12964;NaN;NaN;NaN;NaN;NaN;10.35;NaN;0.896;NaN;6.79;NaN;0;11.55;1.52
22;BBL_04;42.43933;-65.51967;281548;20-oct-04;16:12:00;80.13;33.752;7.859;4.8;0.0946;NaN;NaN;NaN;NaN;NaN;11.72;NaN;0.991;NaN;7.42;NaN;0;11.83;1.58
22;BBL_04;42.43933;-65.51967;281547;20-oct-04;16:10:00;99.09;33.865;7.921;4.8;0.08409;NaN;33.862;NaN;5.136;NaN;12.09;NaN;1.003;NaN;7.57;NaN;0;12.05;1.60
25;BBL_05;42.1345;-65.509;281566;20-oct-04;18:50:00;2.76;31.656;13.591;5.5;0.43096;NaN;NaN;NaN;5.8805;NaN;0.04;NaN;0.192;NaN;0.96;NaN;0;0.21;0.04
25;BBL_05;42.1345;-65.509;281565;20-oct-04;18:49:00;9.95;31.66;13.582;5.5;0.47406;NaN;NaN;NaN;NaN;NaN;0.05;NaN;0.203;NaN;1;NaN;0;0.25;0.05
25;BBL_05;42.1345;-65.509;281564;20-oct-04;18:48:00;20.3;31.677;13.411;5.5;0.49561;NaN;NaN;NaN;NaN;NaN;0.1;NaN;0.226;NaN;1.03;NaN;0;0.44;0.10
25;BBL_05;42.1345;-65.509;281563;20-oct-04;18:47:00;30.34;32.16;7.196;6.2;0.36093;NaN;NaN;NaN;NaN;NaN;4.2;NaN;0.674;NaN;3.71;NaN;0;6.23;1.13
25;BBL_05;42.1345;-65.509;281562;20-oct-04;18:46:00;40.22;32.42;5.55;6;0.22424;NaN;NaN;NaN;NaN;NaN;7.07;NaN;0.865;NaN;5.82;NaN;0;8.17;1.21
25;BBL_05;42.1345;-65.509;281561;20-oct-04;18:46:00;50.17;32.577;4.213;5.9;0.10161;NaN;NaN;NaN;NaN;NaN;11.39;NaN;1.052;NaN;8.37;NaN;0;10.83;1.36
25;BBL_05;42.1345;-65.509;281560;20-oct-04;18:45:00;61.06;33.39;4.941;5.1;0.02847;NaN;NaN;NaN;NaN;NaN;12.11;NaN;1.053;NaN;8.7;NaN;0;11.50;1.39
25;BBL_05;42.1345;-65.509;281559;20-oct-04;18:44:00;80.55;33.939;6.461;4.6;0.01822;NaN;NaN;NaN;NaN;NaN;2.32;NaN;0.532;NaN;2.38;NaN;0;4.36;0.97
25;BBL_05;42.1345;-65.509;281558;20-oct-04;18:42:00;99.98;34.826;9.34;4;0.01025;NaN;NaN;NaN;NaN;NaN;16.2;NaN;1.206;NaN;9.48;NaN;0;13.43;1.71
25;BBL_05;42.1345;-65.509;281557;20-oct-04;18:41:00;125.33;35.04;9.419;3.7;NaN;NaN;NaN;NaN;NaN;NaN;19.14;NaN;1.33;NaN;10.75;NaN;0;14.39;1.78
25;BBL_05;42.1345;-65.509;281556;20-oct-04;18:39:00;156.38;35.093;8.671;3.5;NaN;NaN;35.122;NaN;3.768;NaN;22.2;NaN;1.582;NaN;13.26;NaN;0;14.03;1.67
32;BBL_06;41.97067;-65.50733;281579;21-oct-04;02:00:00;3.66;31.887;12.61;5.6;0.78651;NaN;NaN;NaN;6.021;NaN;0.28;NaN;0.268;NaN;1.65;NaN;0;1.04;0.17
32;BBL_06;41.97067;-65.50733;281578;21-oct-04;01:59:00;10.03;31.889;12.609;5.6;0.78651;NaN;NaN;NaN;NaN;NaN;0.29;NaN;0.262;NaN;1.56;NaN;0;1.11;0.19
32;BBL_06;41.97067;-65.50733;281577;21-oct-04;01:58:00;20.55;31.892;12.598;5.6;0.78651;NaN;NaN;NaN;NaN;NaN;0.32;NaN;0.276;NaN;1.66;NaN;0;1.16;0.19
32;BBL_06;41.97067;-65.50733;281576;21-oct-04;01:57:00;30.71;31.982;12.402;5.6;0.92118;NaN;NaN;NaN;NaN;NaN;0.56;NaN;0.298;NaN;1.8;NaN;0;1.88;0.31
32;BBL_06;41.97067;-65.50733;281575;21-oct-04;01:55:00;38.7;32.126;11.825;5.6;0.8727;NaN;NaN;NaN;NaN;NaN;1.17;NaN;0.362;NaN;1.91;NaN;0;3.23;0.61
32;BBL_06;41.97067;-65.50733;281574;21-oct-04;01:54:00;50.93;32.74;5.121;5.5;0.05124;NaN;NaN;NaN;NaN;NaN;8.96;NaN;0.934;NaN;7.35;NaN;0;9.59;1.22
32;BBL_06;41.97067;-65.50733;281573;21-oct-04;01:53:00;60.71;33.014;5.516;5.3;0.04327;NaN;NaN;NaN;NaN;NaN;10.09;NaN;0.955;NaN;7.88;NaN;0;10.57;1.28
32;BBL_06;41.97067;-65.50733;281572;21-oct-04;01:51:00;79.75;33.461;6.188;5.1;0.02847;NaN;NaN;NaN;NaN;NaN;12.9;NaN;1.056;NaN;9.24;NaN;0;12.22;1.40
32;BBL_06;41.97067;-65.50733;281571;21-oct-04;01:50:00;101.47;33.925;7.255;4.8;0.03075;NaN;NaN;NaN;NaN;NaN;12.79;NaN;1.04;NaN;8.36;NaN;0;12.30;1.53
32;BBL_06;41.97067;-65.50733;281570;21-oct-04;01:46:00;247.19;35.181;9.278;3.2;NaN;NaN;NaN;NaN;3.3895;NaN;23.3;NaN;1.676;NaN;13.66;NaN;0;13.90;1.71
32;BBL_06;41.97067;-65.50733;281569;21-oct-04;01:40:00;497.38;34.959;5.694;4.6;NaN;NaN;NaN;NaN;NaN;NaN;20.21;NaN;1.42;NaN;12.69;NaN;0;14.23;1.59
32;BBL_06;41.97067;-65.50733;281568;21-oct-04;01:34:00;750.74;34.918;4.7;5.1;NaN;NaN;NaN;NaN;NaN;NaN;18.63;NaN;1.362;NaN;12.68;NaN;0;13.68;1.47
32;BBL_06;41.97067;-65.50733;281567;21-oct-04;01:25:00;1211.5;34.922;4.039;5.5;NaN;NaN;34.978;NaN;5.971;NaN;17.72;NaN;1.284;NaN;11.78;NaN;0;13.80;1.50
35;BBL_07;41.86367;-65.3525;281591;21-oct-04;07:19:00;3.52;31.733;12.638;5.6;0.5387;NaN;NaN;NaN;5.884;NaN;0.35;NaN;0.262;NaN;1.45;NaN;0;1.34;0.24
35;BBL_07;41.86367;-65.3525;281590;21-oct-04;07:18:00;10;31.738;12.6;5.6;0.52254;NaN;NaN;NaN;NaN;NaN;0.44;NaN;0.27;NaN;1.42;NaN;0;1.63;0.31
35;BBL_07;41.86367;-65.3525;281589;21-oct-04;07:17:00;20.7;32.231;10.637;5.6;0.47945;NaN;NaN;NaN;NaN;NaN;2.03;NaN;0.421;NaN;2.47;NaN;0;4.82;0.82
35;BBL_07;41.86367;-65.3525;281588;21-oct-04;07:15:00;30.56;32.484;9.727;5.6;0.33938;NaN;NaN;NaN;NaN;NaN;3.47;NaN;0.529;NaN;3.18;NaN;0;6.56;1.09
35;BBL_07;41.86367;-65.3525;281587;21-oct-04;07:14:00;39.64;32.874;8.436;5.5;0.1892;NaN;NaN;NaN;NaN;NaN;6.07;NaN;0.716;NaN;5.73;NaN;0;8.48;1.06
35;BBL_07;41.86367;-65.3525;281586;21-oct-04;07:12:00;49.95;33.641;8.191;5.1;0.08059;NaN;NaN;NaN;NaN;NaN;9.57;NaN;0.88;NaN;6.36;NaN;0;10.88;1.50
35;BBL_07;41.86367;-65.3525;281585;21-oct-04;07:10:00;61.17;34.207;9.44;4.7;0.06657;NaN;NaN;NaN;NaN;NaN;10.29;NaN;0.894;NaN;5.92;NaN;0;11.51;1.74
35;BBL_07;41.86367;-65.3525;281584;21-oct-04;07:09:00;80.2;34.944;11.001;4;0.02505;NaN;NaN;NaN;NaN;NaN;13.62;NaN;1.148;NaN;6.96;NaN;0;11.86;1.96
35;BBL_07;41.86367;-65.3525;281583;21-oct-04;07:07:00;99.95;35.174;11.588;3.8;0.01594;NaN;NaN;NaN;NaN;NaN;14.63;NaN;1.166;NaN;7.27;NaN;0;12.55;2.01
35;BBL_07;41.86367;-65.3525;281582;21-oct-04;07:03:00;249.19;35.119;8.76;3.2;NaN;NaN;NaN;NaN;3.377;NaN;22.07;NaN;1.45;NaN;13.14;NaN;0;15.22;1.68
35;BBL_07;41.86367;-65.3525;281581;21-oct-04;06:58:00;500.88;34.891;5.142;4.7;NaN;NaN;NaN;NaN;NaN;NaN;19.59;NaN;1.403;NaN;12.87;NaN;0;13.96;1.52
35;BBL_07;41.86367;-65.3525;281580;21-oct-04;06:32:00;1894.02;34.919;3.534;5.6;NaN;NaN;34.929;NaN;6.088;NaN;17.89;NaN;1.281;NaN;13.07;NaN;0;13.97;1.37
38;RL_05;42.61367;-64.088;281604;21-oct-04;16:10:00;3.26;32.358;13.781;5.4;0.42557;NaN;NaN;NaN;5.7545;NaN;0.04;NaN;0.177;NaN;1.99;NaN;0;0.23;0.02
38;RL_05;42.61367;-64.088;281603;21-oct-04;16:09:00;10.08;32.353;13.73;5.5;0.48483;NaN;NaN;NaN;NaN;NaN;0.07;NaN;0.196;NaN;1.9;NaN;0;0.36;0.04
38;RL_05;42.61367;-64.088;281602;21-oct-04;16:08:00;20.01;32.64;9.664;6;0.71109;NaN;NaN;NaN;NaN;NaN;1.56;NaN;0.448;NaN;2.97;NaN;0;3.48;0.53
38;RL_05;42.61367;-64.088;281601;21-oct-04;16:07:00;28.95;32.524;4.047;6.2;0.38787;NaN;NaN;NaN;NaN;NaN;3.11;NaN;0.642;NaN;3.27;NaN;0;4.84;0.95
38;RL_05;42.61367;-64.088;281600;21-oct-04;16:06:00;39.81;33.131;4.346;5.9;0.21723;NaN;NaN;NaN;NaN;NaN;5.98;NaN;0.786;NaN;4.99;NaN;0;7.61;1.20
38;RL_05;42.61367;-64.088;281599;21-oct-04;16:05:00;51.73;33.149;3.637;5.8;0.0911;NaN;NaN;NaN;NaN;NaN;7.89;NaN;0.899;NaN;6.93;NaN;0;8.78;1.14
38;RL_05;42.61367;-64.088;281598;21-oct-04;16:04:00;59.46;33.237;3.658;5.6;0.04897;NaN;NaN;NaN;NaN;NaN;9.09;NaN;0.949;NaN;6.98;NaN;0;9.58;1.30
38;RL_05;42.61367;-64.088;281597;21-oct-04;16:03:00;79.64;33.757;5.618;5.2;0.03302;NaN;NaN;NaN;NaN;NaN;10.45;NaN;0.998;NaN;7.21;NaN;0;10.47;1.45
38;RL_05;42.61367;-64.088;281596;21-oct-04;16:02:00;100.01;34.473;8.194;4.5;0.01594;NaN;NaN;NaN;NaN;NaN;13.31;NaN;1.176;NaN;8.12;NaN;0;11.32;1.64
38;RL_05;42.61367;-64.088;281595;21-oct-04;15:58:00;250.18;34.962;7.01;3.8;NaN;NaN;NaN;NaN;3.9765;NaN;21.91;NaN;1.616;NaN;14.12;NaN;0;13.56;1.55
38;RL_05;42.61367;-64.088;281594;21-oct-04;15:53:00;500.97;34.899;4.816;5;NaN;NaN;NaN;NaN;NaN;NaN;17.98;NaN;1.312;NaN;11.48;NaN;0;13.70;1.57
38;RL_05;42.61367;-64.088;281593;21-oct-04;15:47:00;750.87;34.917;4.35;5.3;NaN;NaN;NaN;NaN;NaN;NaN;17.87;NaN;1.337;NaN;11.31;NaN;0;13.37;1.58
38;RL_05;42.61367;-64.088;281592;21-oct-04;15:42:00;984.52;34.918;4.074;5.5;NaN;NaN;34.925;NaN;5.925;NaN;17.55;NaN;1.339;NaN;11.76;NaN;0;13.11;1.49
47;LL_09;43.47283;-57.52917;281621;23-oct-04;15:32:00;2.68;32.675;15.228;5.3;0.35554;NaN;NaN;NaN;5.6305;NaN;0.04;NaN;0.173;NaN;1.65;NaN;0;0.23;0.02
47;LL_09;43.47283;-57.52917;281620;23-oct-04;15:31:00;9.32;32.683;15.215;5.2;0.37709;NaN;NaN;NaN;NaN;NaN;0.02;NaN;0.16;NaN;1.53;NaN;0;0.13;0.01
47;LL_09;43.47283;-57.52917;281619;23-oct-04;15:30:00;19.95;32.679;15.22;5.2;0.36632;NaN;NaN;NaN;NaN;NaN;0.02;NaN;0.158;NaN;1.49;NaN;0;0.13;0.01
47;LL_09;43.47283;-57.52917;281618;23-oct-04;15:30:00;29.9;32.611;14.831;5.4;0.5387;NaN;NaN;NaN;NaN;NaN;0.1;NaN;0.226;NaN;1.58;NaN;0;0.44;0.06
47;LL_09;43.47283;-57.52917;281617;23-oct-04;15:29:00;40.36;32.437;6.585;6;0.42019;NaN;NaN;NaN;NaN;NaN;3.08;NaN;0.575;NaN;3.67;NaN;0;5.36;0.84
47;LL_09;43.47283;-57.52917;281616;23-oct-04;15:28:00;48.68;32.867;5.453;6;0.26935;NaN;NaN;NaN;NaN;NaN;3.69;NaN;0.645;NaN;3.91;NaN;0;5.72;0.94
47;LL_09;43.47283;-57.52917;281615;23-oct-04;15:27:00;59.78;32.929;4.117;6.1;0.21723;NaN;NaN;NaN;NaN;NaN;4.38;NaN;0.746;NaN;4.34;NaN;0;5.87;1.01
47;LL_09;43.47283;-57.52917;281614;23-oct-04;15:26:00;77.84;33.06;2.485;5.9;0.19971;NaN;NaN;NaN;NaN;NaN;5.23;NaN;0.714;NaN;5.61;NaN;0;7.32;0.93
47;LL_09;43.47283;-57.52917;281613;23-oct-04;15:24:00;100.99;33.432;3.868;5.4;0.04905;NaN;NaN;NaN;NaN;NaN;10.11;NaN;1.018;NaN;8.8;NaN;0;9.93;1.15
47;LL_09;43.47283;-57.52917;281612;23-oct-04;15:21:00;248.16;34.801;6.482;4;NaN;NaN;NaN;NaN;4.3025;NaN;20.14;NaN;1.41;NaN;13.25;NaN;0;14.28;1.52
47;LL_09;43.47283;-57.52917;281611;23-oct-04;15:15:00;500.45;34.905;4.856;5;NaN;NaN;NaN;NaN;NaN;NaN;18.92;NaN;1.405;NaN;12.21;NaN;0;13.47;1.55
47;LL_09;43.47283;-57.52917;281610;23-oct-04;15:06:00;1001.64;34.93;4.027;5.4;NaN;NaN;NaN;NaN;NaN;NaN;17.77;NaN;1.365;NaN;11.71;NaN;0;13.02;1.52
47;LL_09;43.47283;-57.52917;281609;23-oct-04;14:56:00;1498.6;34.933;3.744;5.5;NaN;NaN;NaN;NaN;NaN;NaN;18;NaN;1.363;NaN;12.62;NaN;0;13.21;1.43
47;LL_09;43.47283;-57.52917;281608;23-oct-04;14:47:00;1998.97;34.926;3.434;5.5;NaN;NaN;NaN;NaN;NaN;NaN;17.61;NaN;1.216;NaN;13.5;NaN;0;14.48;1.30
47;LL_09;43.47283;-57.52917;281607;23-oct-04;14:36:00;2500.37;34.921;3.108;5.5;NaN;NaN;NaN;NaN;NaN;NaN;16.18;NaN;1.193;NaN;14.71;NaN;0;13.56;1.10
47;LL_09;43.47283;-57.52917;281606;23-oct-04;14:26:00;2997.83;34.907;2.628;5.6;NaN;NaN;NaN;NaN;NaN;NaN;17.34;NaN;1.341;NaN;18.55;NaN;0;12.93;0.93
47;LL_09;43.47283;-57.52917;281605;23-oct-04;14:09:00;3775.87;34.893;2.375;5.7;NaN;NaN;34.908;NaN;6.218;NaN;17.49;NaN;1.33;NaN;20.09;NaN;0;13.15;0.87
52;LL_08;43.7825;-57.838;281634;23-oct-04;23:56:00;4.4;32.816;14.515;5.3;0.30167;NaN;NaN;NaN;5.715;NaN;0.02;NaN;0.162;NaN;1.05;NaN;0;0.12;0.02
52;LL_08;43.7825;-57.838;281633;23-oct-04;23:55:00;10.46;32.817;14.515;5.3;0.32322;NaN;NaN;NaN;NaN;NaN;0.01;NaN;0.17;NaN;1.18;NaN;0;0.06;0.01
52;LL_08;43.7825;-57.838;281632;23-oct-04;23:54:00;20.78;32.814;14.516;5.3;0.30167;NaN;34.932;NaN;NaN;NaN;0.03;NaN;0.166;NaN;1.2;NaN;0;0.18;0.03
52;LL_08;43.7825;-57.838;281631;23-oct-04;23:53:00;30.26;32.506;8.729;5.9;0.96791;NaN;NaN;NaN;NaN;NaN;0.84;NaN;0.422;NaN;2.17;NaN;0;1.99;0.39
52;LL_08;43.7825;-57.838;281630;23-oct-04;23:52:00;41.15;32.929;5.884;6.1;0.35554;NaN;NaN;NaN;NaN;NaN;2.03;NaN;0.556;NaN;2.78;NaN;0;3.65;0.73
52;LL_08;43.7825;-57.838;281629;23-oct-04;23:50:00;51.25;32.871;3.937;6.1;0.19971;NaN;NaN;NaN;NaN;NaN;4.3;NaN;0.744;NaN;3.92;NaN;0;5.78;1.10
52;LL_08;43.7825;-57.838;281628;23-oct-04;23:49:00;59.89;33.022;3.135;6;0.10161;NaN;NaN;NaN;NaN;NaN;6.64;NaN;0.874;NaN;5.68;NaN;0;7.60;1.17
52;LL_08;43.7825;-57.838;281627;23-oct-04;23:48:00;80.18;33.514;4.44;5.6;0.03872;NaN;NaN;NaN;NaN;NaN;8.8;NaN;0.912;NaN;6.3;NaN;0;9.65;1.40
52;LL_08;43.7825;-57.838;281626;23-oct-04;23:47:00;100.91;33.88;5.332;5.3;0.01708;NaN;NaN;NaN;NaN;NaN;11.27;NaN;0.954;NaN;7.32;NaN;0;11.81;1.54
52;LL_08;43.7825;-57.838;281625;23-oct-04;23:43:00;250.16;34.793;6.176;4.1;NaN;NaN;NaN;NaN;4.46;NaN;21.06;NaN;1.497;NaN;13.93;NaN;0;14.07;1.51
52;LL_08;43.7825;-57.838;281624;23-oct-04;23:38:00;504.21;34.947;4.979;4.9;NaN;NaN;NaN;NaN;NaN;NaN;19.21;NaN;1.448;NaN;12.81;NaN;0;13.27;1.50
52;LL_08;43.7825;-57.838;281623;23-oct-04;23:32:00;752.79;34.959;4.475;5.2;NaN;NaN;NaN;NaN;NaN;NaN;18.26;NaN;1.384;NaN;12.36;NaN;0;13.19;1.48
52;LL_08;43.7825;-57.838;281622;23-oct-04;23:26:00;1001.18;34.923;4.015;5.5;NaN;NaN;NaN;NaN;6.0965;NaN;18.01;NaN;1.332;NaN;11.79;NaN;0;13.52;1.53
55;LL_07;44.1165;-58.19883;281649;24-oct-04;06:10:00;3.28;32.101;11.081;5.8;0.62489;NaN;NaN;NaN;6.2345;NaN;0.06;NaN;0.278;NaN;0.89;NaN;0;0.22;0.07
55;LL_07;44.1165;-58.19883;281648;24-oct-04;06:09:00;10.69;32.1;11.074;5.8;0.62489;NaN;NaN;NaN;NaN;NaN;0.06;NaN;0.27;NaN;0.75;NaN;0;0.22;0.08
55;LL_07;44.1165;-58.19883;281647;24-oct-04;06:08:00;19.91;32.101;11.076;5.8;0.60335;NaN;NaN;NaN;NaN;NaN;0.07;NaN;0.266;NaN;0.87;NaN;0;0.26;0.08
55;LL_07;44.1165;-58.19883;281646;24-oct-04;06:06:00;29.57;32.077;10.844;5.8;0.60335;NaN;NaN;NaN;NaN;NaN;0.14;NaN;0.269;NaN;0.92;NaN;0;0.52;0.15
55;LL_07;44.1165;-58.19883;281645;24-oct-04;06:05:00;41.31;32.678;1.845;6.4;0.26935;NaN;NaN;NaN;NaN;NaN;4.91;NaN;0.816;NaN;4.15;NaN;0;6.02;1.18
55;LL_07;44.1165;-58.19883;281644;24-oct-04;06:04:00;49.6;32.748;0.776;6.2;0.05921;NaN;NaN;NaN;NaN;NaN;8.02;NaN;1.008;NaN;6.64;NaN;0;7.96;1.21
55;LL_07;44.1165;-58.19883;281643;24-oct-04;06:03:00;60.43;32.806;0.153;6.2;0.03986;NaN;NaN;NaN;NaN;NaN;8.07;NaN;1.043;NaN;7.29;NaN;0;7.74;1.11
55;LL_07;44.1165;-58.19883;281642;24-oct-04;06:02:00;80.37;32.925;0.568;6;0.02619;NaN;NaN;NaN;NaN;NaN;8.86;NaN;1.059;NaN;8.4;NaN;0;8.37;1.05
55;LL_07;44.1165;-58.19883;281641;24-oct-04;06:00:00;101.25;33.207;1.894;5.5;0.0205;NaN;NaN;NaN;NaN;NaN;11.22;NaN;1.129;NaN;9.98;NaN;0;9.94;1.12
55;LL_07;44.1165;-58.19883;281640;24-oct-04;05:56:00;251.19;34.717;6.121;3.8;NaN;NaN;NaN;NaN;4.145;NaN;20.65;NaN;1.546;NaN;16.71;NaN;0;13.36;1.24
55;LL_07;44.1165;-58.19883;281639;24-oct-04;05:47:00;499.81;34.912;4.872;5;NaN;NaN;NaN;NaN;NaN;NaN;19.02;NaN;1.357;NaN;12.37;NaN;0;14.02;1.54
55;LL_07;44.1165;-58.19883;281635;24-oct-04;05:40:00;779.96;34.913;4.333;5.4;NaN;NaN;NaN;NaN;NaN;NaN;NaN;NaN;NaN;NaN;NaN;NaN;0;NaN;NaN
55;LL_07;44.1165;-58.19883;281636;24-oct-04;05:40:00;780.23;34.912;4.335;5.4;NaN;NaN;NaN;NaN;NaN;NaN;NaN;NaN;NaN;NaN;NaN;NaN;0;NaN;NaN
55;LL_07;44.1165;-58.19883;281637;24-oct-04;05:40:00;780.3;34.912;4.339;5.4;NaN;NaN;NaN;NaN;NaN;NaN;NaN;NaN;NaN;NaN;NaN;NaN;0;NaN;NaN
55;LL_07;44.1165;-58.19883;281638;24-oct-04;05:41:00;781.44;34.912;4.34;5.4;NaN;NaN;NaN;NaN;5.9245;NaN;17.73;NaN;1.36;NaN;11.62;NaN;0;13.04;1.53
59;LL_06;44.47617;-58.51533;281656;24-oct-04;10:22:00;3.93;31.699;9.585;6;0.85623;NaN;NaN;NaN;6.399;NaN;0.13;NaN;0.328;NaN;1.2;NaN;0;0.40;0.11
59;LL_06;44.47617;-58.51533;281655;24-oct-04;10:22:00;9.06;31.7;9.58;6;1.00514;NaN;NaN;NaN;NaN;NaN;0.14;NaN;0.351;NaN;1.52;NaN;0;0.40;0.09
59;LL_06;44.47617;-58.51533;281654;24-oct-04;10:21:00;18.94;31.708;9.563;5.9;0.81883;NaN;NaN;NaN;NaN;NaN;0.14;NaN;0.336;NaN;1.35;NaN;0;0.42;0.10
59;LL_06;44.47617;-58.51533;281653;24-oct-04;10:20:00;30.22;31.968;8.147;5.7;0.49561;NaN;NaN;NaN;NaN;NaN;3.29;NaN;0.668;NaN;3.56;NaN;0;4.93;0.92
59;LL_06;44.47617;-58.51533;281652;24-oct-04;10:19:00;39.32;32.319;3.112;5.5;0.25858;NaN;NaN;NaN;NaN;NaN;7.88;NaN;1.005;NaN;7.94;NaN;0;7.84;0.99
59;LL_06;44.47617;-58.51533;281651;24-oct-04;10:18:00;50.34;32.322;2.957;5.5;0.334;NaN;NaN;NaN;NaN;NaN;8.02;NaN;1.008;NaN;8.05;NaN;0;7.96;1.00
59;LL_06;44.47617;-58.51533;281650;24-oct-04;10:17:00;65.38;32.357;2.652;5.5;0.28013;NaN;32.427;NaN;5.942;NaN;8.11;NaN;1.002;NaN;8.32;NaN;0;8.09;0.97
63;LL_05;44.81733;-58.8525;281668;24-oct-04;13:57:00;4.11;31.302;9.789;6;0.67877;NaN;NaN;NaN;6.3325;NaN;0.14;NaN;0.349;NaN;1.36;NaN;0;0.40;0.10
63;LL_05;44.81733;-58.8525;281667;24-oct-04;13:57:00;8.79;31.31;9.779;6;0.72186;NaN;NaN;NaN;NaN;NaN;0.15;NaN;0.35;NaN;1.36;NaN;0;0.43;0.11
63;LL_05;44.81733;-58.8525;281666;24-oct-04;13:56:00;20.38;31.362;9.59;6;0.61412;NaN;NaN;NaN;NaN;NaN;0.24;NaN;0.374;NaN;1.29;NaN;0;0.64;0.19
63;LL_05;44.81733;-58.8525;281665;24-oct-04;13:55:00;28.38;31.403;9.334;6;0.43096;NaN;NaN;NaN;NaN;NaN;0.67;NaN;0.42;NaN;1.51;NaN;0;1.60;0.44
63;LL_05;44.81733;-58.8525;281664;24-oct-04;13:55:00;38.82;31.9;4.793;6.1;0.22074;NaN;NaN;NaN;NaN;NaN;4.59;NaN;0.724;NaN;4.31;NaN;0;6.34;1.06
63;LL_05;44.81733;-58.8525;281663;24-oct-04;13:54:00;49.47;32.021;3.741;6;0.19621;NaN;NaN;NaN;NaN;NaN;5.32;NaN;0.764;NaN;4.77;NaN;0;6.96;1.12
63;LL_05;44.81733;-58.8525;281662;24-oct-04;13:53:00;60.42;32.383;1.871;5.7;0.06307;NaN;NaN;NaN;NaN;NaN;8.94;NaN;1.037;NaN;8.88;NaN;0;8.62;1.01
63;LL_05;44.81733;-58.8525;281661;24-oct-04;13:52:00;78.99;32.473;1.675;5.7;0.03758;NaN;NaN;NaN;NaN;NaN;8.92;NaN;1.006;NaN;8.8;NaN;0;8.87;1.01
63;LL_05;44.81733;-58.8525;281660;24-oct-04;13:51:00;98.92;32.513;1.606;5.7;0.03758;NaN;NaN;NaN;NaN;NaN;9.7;NaN;1.061;NaN;9.59;NaN;0;9.14;1.01
63;LL_05;44.81733;-58.8525;281659;24-oct-04;13:49:00;147.8;32.676;1.602;5.6;NaN;NaN;NaN;NaN;NaN;NaN;9.95;NaN;1.071;NaN;9.88;NaN;0;9.29;1.01
63;LL_05;44.81733;-58.8525;281658;24-oct-04;13:48:00;200.82;32.84;1.793;5.4;NaN;NaN;NaN;NaN;NaN;NaN;11.34;NaN;1.135;NaN;11.12;NaN;0;9.99;1.02
63;LL_05;44.81733;-58.8525;281657;24-oct-04;13:46:00;232.28;32.873;1.841;5.4;NaN;NaN;32.883;NaN;5.789;NaN;10.55;NaN;1.101;NaN;10.49;NaN;0;9.58;1.01
70;LL_04;45.15217;-59.17483;281677;24-oct-04;18:28:00;3.7;30.739;10.603;6;0.47945;NaN;NaN;NaN;6.2485;NaN;0;NaN;0.274;NaN;1.58;NaN;0;0.00;0.00
70;LL_04;45.15217;-59.17483;281676;24-oct-04;18:27:00;10.21;30.744;10.607;5.9;0.53332;NaN;NaN;NaN;NaN;NaN;0;NaN;0.274;NaN;1.63;NaN;0;0.00;0.00
70;LL_04;45.15217;-59.17483;281675;24-oct-04;18:26:00;20.25;30.743;10.602;5.9;0.5387;NaN;NaN;NaN;NaN;NaN;0;NaN;0.289;NaN;2.12;NaN;0;0.00;0.00
70;LL_04;45.15217;-59.17483;281674;24-oct-04;18:25:00;30.27;31.321;9.143;6;0.36632;NaN;NaN;NaN;NaN;NaN;0.51;NaN;0.422;NaN;2.21;NaN;0;1.21;0.23
70;LL_04;45.15217;-59.17483;281673;24-oct-04;18:25:00;39.33;31.58;7.077;6;0.19621;NaN;NaN;NaN;NaN;NaN;2.05;NaN;0.531;NaN;3.23;NaN;0;3.86;0.63
70;LL_04;45.15217;-59.17483;281672;24-oct-04;18:24:00;49.74;31.858;4.829;6;0.08409;NaN;NaN;NaN;NaN;NaN;5.33;NaN;0.77;NaN;6.52;NaN;0;6.92;0.82
70;LL_04;45.15217;-59.17483;281671;24-oct-04;18:23:00;60.96;32.114;3.034;6;0.07358;NaN;NaN;NaN;NaN;NaN;6.72;NaN;0.881;NaN;6.42;NaN;0;7.63;1.05
70;LL_04;45.15217;-59.17483;281670;24-oct-04;18:22:00;80.26;32.33;1.918;5.8;0.07358;NaN;NaN;NaN;NaN;NaN;8.56;NaN;1.002;NaN;8.65;NaN;0;8.54;0.99
70;LL_04;45.15217;-59.17483;281669;24-oct-04;18:21:00;94.34;32.374;1.855;5.8;0.08059;NaN;32.382;NaN;6.3265;NaN;8.96;NaN;1.035;NaN;9.6;NaN;0;8.66;0.93
73;LL_03;45.49133;-59.51467;281687;24-oct-04;22:10:00;4.2;30.571;10.038;6;1.15405;NaN;NaN;NaN;6.303;NaN;0.02;NaN;0.31;NaN;2.76;NaN;0;0.06;0.01
73;LL_03;45.49133;-59.51467;281686;24-oct-04;22:08:00;10.72;30.573;10.045;6;1.15405;NaN;NaN;NaN;NaN;NaN;0;NaN;0.307;NaN;2.6;NaN;0;0.00;0.00
73;LL_03;45.49133;-59.51467;281685;24-oct-04;22:07:00;19.1;30.594;10.002;6;1.19128;NaN;NaN;NaN;NaN;NaN;0.04;NaN;0.312;NaN;2.77;NaN;0;0.13;0.01
73;LL_03;45.49133;-59.51467;281684;24-oct-04;22:06:00;29.39;31.092;8.781;5.8;0.23125;NaN;NaN;NaN;NaN;NaN;1.68;NaN;0.495;NaN;3.69;NaN;0;3.39;0.46
73;LL_03;45.49133;-59.51467;281683;24-oct-04;22:04:00;40.31;31.538;5.839;5.9;0.11037;NaN;NaN;NaN;NaN;NaN;3.68;NaN;0.648;NaN;5.05;NaN;0;5.68;0.73
73;LL_03;45.49133;-59.51467;281682;24-oct-04;22:03:00;50.38;32.006;3.701;6.3;0.14365;NaN;NaN;NaN;NaN;NaN;5.14;NaN;0.733;NaN;4.83;NaN;0;7.01;1.06
73;LL_03;45.49133;-59.51467;281681;24-oct-04;22:02:00;59.59;32.317;2.148;6.3;0.12614;NaN;NaN;NaN;NaN;NaN;6.07;NaN;0.796;NaN;4.46;NaN;0;7.63;1.36
73;LL_03;45.49133;-59.51467;281680;24-oct-04;22:00:00;79.94;32.609;1.361;5.8;0.03075;NaN;NaN;NaN;NaN;NaN;9.52;NaN;1.034;NaN;9.32;NaN;0;9.21;1.02
73;LL_03;45.49133;-59.51467;281679;24-oct-04;21:58:00;100.81;32.871;1.507;5.6;0.0205;NaN;NaN;NaN;NaN;NaN;11.29;NaN;1.127;NaN;10.83;NaN;0;10.02;1.04
73;LL_03;45.49133;-59.51467;281678;24-oct-04;21:56:00;144.93;33.42;2.796;4.7;NaN;NaN;33.4;NaN;5.141;NaN;13.67;NaN;1.296;NaN;15.02;NaN;0;10.55;0.91
77;LL_02;45.66083;-59.69867;281697;25-oct-04;00:57:00;4.06;30.79;9.825;6;0.72186;NaN;NaN;NaN;6.2725;NaN;0;NaN;0.298;NaN;2.29;NaN;0;0.00;0.00
77;LL_02;45.66083;-59.69867;281696;25-oct-04;00:56:00;10.51;30.657;9.877;6;0.75957;NaN;NaN;NaN;NaN;NaN;0;NaN;0.298;NaN;2.29;NaN;0;0.00;0.00
77;LL_02;45.66083;-59.69867;281695;25-oct-04;00:54:00;20.51;31.28;9.194;6;0.42557;NaN;NaN;NaN;NaN;NaN;0.41;NaN;0.354;NaN;2.65;NaN;0;1.16;0.15
77;LL_02;45.66083;-59.69867;281694;25-oct-04;00:53:00;30.6;31.438;9.106;6;0.43096;NaN;NaN;NaN;NaN;NaN;0.32;NaN;0.356;NaN;2.38;NaN;0;0.90;0.13
77;LL_02;45.66083;-59.69867;281693;25-oct-04;00:52:00;40.85;31.561;5.654;6;0.15767;NaN;NaN;NaN;NaN;NaN;4.34;NaN;0.673;NaN;5.36;NaN;0;6.45;0.81
77;LL_02;45.66083;-59.69867;281692;25-oct-04;00:51:00;49.61;31.947;3.883;6;0.12614;NaN;NaN;NaN;NaN;NaN;5.46;NaN;0.758;NaN;5.93;NaN;0;7.20;0.92
77;LL_02;45.66083;-59.69867;281691;25-oct-04;00:50:00;60.53;32.208;2.414;6.2;0.06263;NaN;NaN;NaN;NaN;NaN;6.28;NaN;0.816;NaN;5.54;NaN;0;7.70;1.13
77;LL_02;45.66083;-59.69867;281690;25-oct-04;00:48:00;80.72;32.513;1.36;6.3;0.04897;NaN;NaN;NaN;NaN;NaN;7.41;NaN;0.872;NaN;5.43;NaN;0;8.50;1.36
77;LL_02;45.66083;-59.69867;281689;25-oct-04;00:46:00;100.69;32.684;1.082;6.1;0.02733;NaN;NaN;NaN;NaN;NaN;8.61;NaN;0.934;NaN;6.63;NaN;0;9.22;1.30
77;LL_02;45.66083;-59.69867;281688;25-oct-04;00:45:00;129.82;33.188;2.101;5.2;NaN;NaN;33.2;NaN;3.0905;NaN;13.12;NaN;1.243;NaN;13.56;NaN;0;10.56;0.97
79;LL_01;45.82333;-59.8525;281705;25-oct-04;02:33:00;4.38;29.827;10.816;5.8;0.68415;NaN;NaN;NaN;5.989;NaN;0.45;NaN;0.321;NaN;2.3;NaN;0;1.40;0.20
79;LL_01;45.82333;-59.8525;281704;25-oct-04;02:32:00;10.81;29.827;10.817;5.8;0.66799;NaN;NaN;NaN;NaN;NaN;0.44;NaN;0.32;NaN;2.18;NaN;0;1.38;0.20
79;LL_01;45.82333;-59.8525;281703;25-oct-04;02:30:00;20.28;29.827;10.817;5.8;0.68954;NaN;NaN;NaN;NaN;NaN;0.48;NaN;0.324;NaN;2.27;NaN;0;1.48;0.21
79;LL_01;45.82333;-59.8525;281702;25-oct-04;02:29:00;30.14;29.909;10.648;5.8;0.42557;NaN;NaN;NaN;NaN;NaN;0.66;NaN;0.352;NaN;2.56;NaN;0;1.88;0.26
79;LL_01;45.82333;-59.8525;281701;25-oct-04;02:28:00;39.94;30.384;9.664;5.8;0.22074;NaN;NaN;NaN;NaN;NaN;1.03;NaN;0.398;NaN;3;NaN;0;2.59;0.34
79;LL_01;45.82333;-59.8525;281700;25-oct-04;02:26:00;49.58;31.242;6.408;5.8;0.0946;NaN;NaN;NaN;NaN;NaN;4.02;NaN;0.662;NaN;5.45;NaN;0;6.07;0.74
79;LL_01;45.82333;-59.8525;281699;25-oct-04;02:25:00;60.42;31.944;3.749;6;0.06482;NaN;NaN;NaN;NaN;NaN;7.99;NaN;0.905;NaN;7.53;NaN;0;8.83;1.06
79;LL_01;45.82333;-59.8525;281698;25-oct-04;02:23:00;84.42;32.515;1.827;6;0.06132;NaN;32.531;NaN;6.442;NaN;8.13;NaN;0.93;NaN;7.8;NaN;0;8.74;1.04
81;CSL_01;46.95717;-60.21667;281713;26-oct-04;04:34:00;3.78;28.825;12.444;5.6;0.71109;NaN;NaN;NaN;5.757;NaN;0;NaN;0.176;NaN;1;NaN;0;0.00;0.00
81;CSL_01;46.95717;-60.21667;281712;26-oct-04;04:32:00;9.88;28.825;12.445;5.6;0.68954;NaN;NaN;NaN;NaN;NaN;0;NaN;0.186;NaN;1.03;NaN;0;0.00;0.00
81;CSL_01;46.95717;-60.21667;281711;26-oct-04;04:31:00;18.88;28.896;12.155;5.6;0.32322;NaN;NaN;NaN;NaN;NaN;0.21;NaN;0.234;NaN;1.41;NaN;0;0.90;0.15
81;CSL_01;46.95717;-60.21667;281710;26-oct-04;04:30:00;30.34;30.089;9.399;5.4;0.08059;NaN;NaN;NaN;NaN;NaN;2.09;NaN;0.516;NaN;4.14;NaN;0;4.05;0.50
81;CSL_01;46.95717;-60.21667;281709;26-oct-04;04:29:00;39.86;31.05;5.341;5.5;0.05431;NaN;NaN;NaN;NaN;NaN;5.11;NaN;0.856;NaN;8.12;NaN;0;5.97;0.63
81;CSL_01;46.95717;-60.21667;281708;26-oct-04;04:28:00;50.38;31.495;3.998;5.8;0.06482;NaN;NaN;NaN;NaN;NaN;6.38;NaN;0.867;NaN;7.73;NaN;0;7.36;0.83
81;CSL_01;46.95717;-60.21667;281707;26-oct-04;04:27:00;59.35;32.088;2.534;6;0.06307;NaN;NaN;NaN;NaN;NaN;6.82;NaN;0.838;NaN;6.95;NaN;0;8.14;0.98
81;CSL_01;46.95717;-60.21667;281706;26-oct-04;04:25:00;75.56;32.38;1.796;6.1;0.04099;NaN;32.458;NaN;6.4635;NaN;7;NaN;0.856;NaN;6.54;NaN;0;8.18;1.07
87;CSL_02;47.01733;-60.11917;281724;26-oct-04;07:09:00;3.5;28.887;12.072;5.7;0.30706;NaN;NaN;NaN;5.8585;NaN;0.04;NaN;0.197;NaN;0.95;NaN;0;0.20;0.04
87;CSL_02;47.01733;-60.11917;281723;26-oct-04;07:08:00;10.37;28.898;12.028;5.7;0.66799;NaN;NaN;NaN;NaN;NaN;0.19;NaN;0.226;NaN;1.24;NaN;0;0.84;0.15
87;CSL_02;47.01733;-60.11917;281722;26-oct-04;07:06:00;21.28;29.347;11.247;5.5;0.19621;NaN;NaN;NaN;NaN;NaN;0.99;NaN;0.378;NaN;2.94;NaN;0;2.62;0.34
87;CSL_02;47.01733;-60.11917;281721;26-oct-04;07:05:00;29.91;30.131;9.103;5.3;0.07007;NaN;NaN;NaN;NaN;NaN;2.66;NaN;0.617;NaN;5.05;NaN;0;4.31;0.53
87;CSL_02;47.01733;-60.11917;281720;26-oct-04;07:04:00;41.28;31.445;3.489;5.6;0.06307;NaN;NaN;NaN;NaN;NaN;6.68;NaN;0.937;NaN;9.3;NaN;0;7.13;0.72
87;CSL_02;47.01733;-60.11917;281719;26-oct-04;07:03:00;52.4;31.86;2.345;5.7;0.06307;NaN;NaN;NaN;NaN;NaN;7.28;NaN;0.91;NaN;8.96;NaN;0;8.00;0.81
87;CSL_02;47.01733;-60.11917;281718;26-oct-04;07:01:00;59.87;32.246;2.197;5.9;0.05781;NaN;NaN;NaN;NaN;NaN;7.95;NaN;0.922;NaN;7.97;NaN;0;8.62;1.00
87;CSL_02;47.01733;-60.11917;281717;26-oct-04;07:00:00;80.38;32.573;1.344;6;0.02961;NaN;NaN;NaN;NaN;NaN;8.58;NaN;0.96;NaN;7.27;NaN;0;8.94;1.18
87;CSL_02;47.01733;-60.11917;281716;26-oct-04;06:59:00;100.75;32.936;1.598;5.4;0.01936;NaN;NaN;NaN;NaN;NaN;11.96;NaN;1.107;NaN;11.4;NaN;0;10.80;1.05
87;CSL_02;47.01733;-60.11917;281715;26-oct-04;06:57:00;150.09;33.925;3.996;3.2;NaN;NaN;NaN;NaN;NaN;NaN;19.25;NaN;1.629;NaN;25.3;NaN;0;11.82;0.76
87;CSL_02;47.01733;-60.11917;281714;26-oct-04;06:55:00;170.47;33.944;4.048;3.1;NaN;NaN;33.97;NaN;3.345;NaN;18.63;NaN;1.598;NaN;24.9;NaN;0;11.66;0.75
90;CSL_03;47.09733;-59.99333;281736;26-oct-04;09:00:00;3.69;28.773;11.696;5.8;0.83499;NaN;NaN;NaN;6.123;NaN;0.05;NaN;0.215;NaN;1.1;NaN;0;0.23;0.05
90;CSL_03;47.09733;-59.99333;281735;26-oct-04;08:59:00;9.72;29.338;11.312;5.8;0.60335;NaN;NaN;NaN;NaN;NaN;0.12;NaN;0.259;NaN;1.27;NaN;0;0.46;0.09
90;CSL_03;47.09733;-59.99333;281734;26-oct-04;08:58:00;20.54;30.227;9.775;5.7;0.28013;NaN;NaN;NaN;NaN;NaN;1.36;NaN;0.5;NaN;3;NaN;0;2.72;0.45
90;CSL_03;47.09733;-59.99333;281733;26-oct-04;08:57:00;29.57;31.431;4.168;5.8;0.06657;NaN;NaN;NaN;NaN;NaN;5.29;NaN;0.855;NaN;7.4;NaN;0;6.19;0.71
90;CSL_03;47.09733;-59.99333;281732;26-oct-04;08:57:00;40.2;31.831;3.059;6.2;0.10161;NaN;NaN;NaN;NaN;NaN;5.65;NaN;0.786;NaN;5.47;NaN;0;7.19;1.03
90;CSL_03;47.09733;-59.99333;281731;26-oct-04;08:56:00;50.06;32.063;2.47;6.3;0.0981;NaN;NaN;NaN;NaN;NaN;5;NaN;0.736;NaN;4.19;NaN;0;6.79;1.19
90;CSL_03;47.09733;-59.99333;281730;26-oct-04;08:55:00;60.04;32.217;2.036;6.5;0.26979;NaN;NaN;NaN;NaN;NaN;4.92;NaN;0.772;NaN;3.43;NaN;0;6.37;1.43
90;CSL_03;47.09733;-59.99333;281729;26-oct-04;08:54:00;79.69;32.439;1.089;6.3;0.0148;NaN;NaN;NaN;NaN;NaN;6.6;NaN;0.85;NaN;4.25;NaN;0;7.76;1.55
90;CSL_03;47.09733;-59.99333;281728;26-oct-04;08:52:00;100.42;32.594;0.69;6.2;0.02847;NaN;NaN;NaN;NaN;NaN;7.91;NaN;0.92;NaN;5.78;NaN;0;8.60;1.37
90;CSL_03;47.09733;-59.99333;281727;26-oct-04;08:50:00;150.62;33.283;2.259;4.9;NaN;NaN;NaN;NaN;NaN;NaN;13.05;NaN;1.157;NaN;13.11;NaN;0;11.28;1.00
90;CSL_03;47.09733;-59.99333;281726;26-oct-04;08:49:00;200.37;33.902;3.946;3.4;NaN;NaN;NaN;NaN;NaN;NaN;19.78;NaN;1.676;NaN;24.34;NaN;0;11.80;0.81
90;CSL_03;47.09733;-59.99333;281725;26-oct-04;08:45:00;324.69;34.746;5.739;2.9;NaN;NaN;34.772;NaN;3.1365;NaN;23.17;NaN;1.932;NaN;28.74;NaN;0;11.99;0.81
95;CSL_04;47.27233;-59.79017;281749;26-oct-04;12:59:00;3.62;30.709;9.673;6;0.54948;NaN;NaN;NaN;6.4075;NaN;0.02;NaN;0.268;NaN;1.21;NaN;0;0.07;0.02
95;CSL_04;47.27233;-59.79017;281748;26-oct-04;12:58:00;10.1;30.765;9.655;6.1;0.59796;NaN;NaN;NaN;NaN;NaN;0.03;NaN;0.317;NaN;1.06;NaN;0;0.09;0.03
95;CSL_04;47.27233;-59.79017;281747;26-oct-04;12:57:00;19.7;31.806;9.109;6.1;0.73264;NaN;NaN;NaN;NaN;NaN;0.03;NaN;0.322;NaN;1.1;NaN;0;0.09;0.03
95;CSL_04;47.27233;-59.79017;281746;26-oct-04;12:56:00;30.11;31.807;8.975;6;0.60335;NaN;NaN;NaN;NaN;NaN;0.14;NaN;0.358;NaN;1.57;NaN;0;0.39;0.09
95;CSL_04;47.27233;-59.79017;281745;26-oct-04;12:55:00;40.61;32.123;5.146;6.3;0.25577;NaN;NaN;NaN;NaN;NaN;2.62;NaN;0.586;NaN;2.37;NaN;0;4.47;1.11
95;CSL_04;47.27233;-59.79017;281744;26-oct-04;12:54:00;49.33;32.303;2.265;6.4;0.14716;NaN;NaN;NaN;NaN;NaN;4.25;NaN;0.72;NaN;2.94;NaN;0;5.90;1.45
95;CSL_04;47.27233;-59.79017;281743;26-oct-04;12:53:00;59.84;32.356;1.669;6.4;0.06605;NaN;NaN;NaN;NaN;NaN;5.16;NaN;0.77;NaN;3.11;NaN;0;6.70;1.66
95;CSL_04;47.27233;-59.79017;281742;26-oct-04;12:52:00;79.44;32.54;1.411;6.3;0.03758;NaN;NaN;NaN;NaN;NaN;5.71;NaN;0.802;NaN;3.86;NaN;0;7.12;1.48
95;CSL_04;47.27233;-59.79017;281741;26-oct-04;12:51:00;102.34;32.66;0.927;6.2;0.02277;NaN;NaN;NaN;NaN;NaN;8.07;NaN;0.952;NaN;5.4;NaN;0;8.48;1.49
95;CSL_04;47.27233;-59.79017;281740;26-oct-04;12:49:00;149.53;33.249;2.271;5.1;NaN;NaN;NaN;NaN;NaN;NaN;12.88;NaN;1.185;NaN;11.78;NaN;0;10.87;1.09
95;CSL_04;47.27233;-59.79017;281739;26-oct-04;12:47:00;200.27;34.207;5.096;3.7;NaN;NaN;NaN;NaN;NaN;NaN;17.7;NaN;1.473;NaN;17.47;NaN;0;12.02;1.01
95;CSL_04;47.27233;-59.79017;281738;26-oct-04;12:45:00;298.99;34.767;5.914;3.2;NaN;NaN;NaN;NaN;NaN;NaN;21.65;NaN;1.647;NaN;22.75;NaN;0;13.15;0.95
95;CSL_04;47.27233;-59.79017;281737;26-oct-04;12:41:00;461.1;34.875;5.043;3.8;NaN;NaN;34.884;NaN;4.125;NaN;19.66;NaN;1.619;NaN;25.85;NaN;0;12.14;0.76
99;CSL_05;47.43683;-59.574;281762;26-oct-04;16:37:00;3.19;30.59;9.829;6.1;0.84576;NaN;NaN;NaN;6.4905;NaN;0.02;NaN;0.298;NaN;1.34;NaN;0;0.07;0.01
99;CSL_05;47.43683;-59.574;281761;26-oct-04;16:37:00;10.81;31.783;9.171;6.1;0.80267;NaN;NaN;NaN;NaN;NaN;0.03;NaN;0.334;NaN;1.25;NaN;0;0.09;0.02
99;CSL_05;47.43683;-59.574;281760;26-oct-04;16:36:00;20.14;31.784;8.897;6.1;0.85654;NaN;NaN;NaN;NaN;NaN;0.04;NaN;0.354;NaN;1.16;NaN;0;0.11;0.03
99;CSL_05;47.43683;-59.574;281759;26-oct-04;16:35:00;31.06;31.821;8.819;6.1;0.69493;NaN;NaN;NaN;NaN;NaN;0.07;NaN;0.345;NaN;1.29;NaN;0;0.20;0.05
99;CSL_05;47.43683;-59.574;281758;26-oct-04;16:34:00;38.99;31.917;7.708;6;0.38248;NaN;NaN;NaN;NaN;NaN;0.93;NaN;0.481;NaN;1.61;NaN;0;1.93;0.58
99;CSL_05;47.43683;-59.574;281757;26-oct-04;16:33:00;49.91;32.367;2.725;6.3;0.21023;NaN;NaN;NaN;NaN;NaN;3.98;NaN;0.714;NaN;2.85;NaN;0;5.57;1.40
99;CSL_05;47.43683;-59.574;281756;26-oct-04;16:33:00;59.94;32.437;2.024;6.4;0.09635;NaN;NaN;NaN;NaN;NaN;5.05;NaN;0.805;NaN;3.8;NaN;0;6.27;1.33
99;CSL_05;47.43683;-59.574;281755;26-oct-04;16:32:00;79.92;32.566;1.114;6.4;0.0353;NaN;NaN;NaN;NaN;NaN;5.39;NaN;0.822;NaN;4.09;NaN;0;6.56;1.32
99;CSL_05;47.43683;-59.574;281754;26-oct-04;16:31:00;100.73;32.624;0.946;6.2;0.03302;NaN;NaN;NaN;NaN;NaN;6.56;NaN;0.867;NaN;4.87;NaN;0;7.57;1.35
99;CSL_05;47.43683;-59.574;281753;26-oct-04;16:29:00;149.78;33.345;2.516;5;NaN;NaN;NaN;NaN;NaN;NaN;12.37;NaN;1.165;NaN;11.8;NaN;0;10.62;1.05
99;CSL_05;47.43683;-59.574;281752;26-oct-04;16:27:00;201.68;34.36;5.472;3.6;NaN;NaN;NaN;NaN;NaN;NaN;19.64;NaN;1.483;NaN;19.25;NaN;0;13.24;1.02
99;CSL_05;47.43683;-59.574;281751;26-oct-04;16:25:00;301.37;34.811;5.774;3.3;NaN;NaN;NaN;NaN;NaN;NaN;20.08;NaN;1.494;NaN;20.95;NaN;0;13.44;0.96
99;CSL_05;47.43683;-59.574;281750;26-oct-04;16:21:00;474.42;34.876;5.033;3.9;NaN;NaN;34.882;NaN;4.2365;NaN;20.89;NaN;1.556;NaN;27.54;NaN;0;13.43;0.76
103;CSL_06;47.57983;-59.3425;281774;26-oct-04;19:47:00;3.19;31.414;9.398;6;0.79728;NaN;NaN;NaN;6.476;NaN;0.11;NaN;0.328;NaN;1.24;NaN;0;0.34;0.09
103;CSL_06;47.57983;-59.3425;281773;26-oct-04;19:46:00;10.36;31.416;9.399;6;0.85654;NaN;NaN;NaN;NaN;NaN;0.09;NaN;0.324;NaN;1.29;NaN;0;0.28;0.07
103;CSL_06;47.57983;-59.3425;281772;26-oct-04;19:45:00;21.04;31.437;9.392;6;0.93196;NaN;NaN;NaN;NaN;NaN;0.09;NaN;0.316;NaN;1.24;NaN;0;0.28;0.07
103;CSL_06;47.57983;-59.3425;281771;26-oct-04;19:45:00;30.51;31.447;9.383;5.9;0.49022;NaN;NaN;NaN;NaN;NaN;0.19;NaN;0.348;NaN;1.3;NaN;0;0.55;0.15
103;CSL_06;47.57983;-59.3425;281770;26-oct-04;19:44:00;40.3;31.531;9.316;5.9;0.32861;NaN;NaN;NaN;NaN;NaN;0.27;NaN;0.366;NaN;1.18;NaN;0;0.74;0.23
103;CSL_06;47.57983;-59.3425;281769;26-oct-04;19:43:00;49.96;31.653;9.104;5.9;0.26629;NaN;NaN;NaN;NaN;NaN;0.33;NaN;0.374;NaN;1.1;NaN;0;0.88;0.30
103;CSL_06;47.57983;-59.3425;281768;26-oct-04;19:42:00;60.73;31.822;8.459;5.9;0.23475;NaN;NaN;NaN;NaN;NaN;0.62;NaN;0.416;NaN;1.35;NaN;0;1.49;0.46
103;CSL_06;47.57983;-59.3425;281767;26-oct-04;19:41:00;79.83;32.115;5.556;6.3;0.15767;NaN;NaN;NaN;NaN;NaN;2.74;NaN;0.62;NaN;2.64;NaN;0;4.42;1.04
103;CSL_06;47.57983;-59.3425;281766;26-oct-04;19:40:00;100.32;32.387;2.909;6.3;0.06491;NaN;NaN;NaN;NaN;NaN;5;NaN;0.746;NaN;3.76;NaN;0;6.70;1.33
103;CSL_06;47.57983;-59.3425;281765;26-oct-04;19:39:00;151.29;32.785;1.187;5.9;NaN;NaN;NaN;NaN;NaN;NaN;9.32;NaN;1.005;NaN;7.19;NaN;0;9.27;1.30
103;CSL_06;47.57983;-59.3425;281764;26-oct-04;19:37:00;199.76;34.066;4.476;3.7;NaN;NaN;NaN;NaN;NaN;NaN;18.04;NaN;1.417;NaN;18.4;NaN;0;12.73;0.98
103;CSL_06;47.57983;-59.3425;281763;26-oct-04;19:35:00;266.53;34.695;5.478;3.7;NaN;NaN;34.703;NaN;4.044;NaN;21.17;NaN;1.468;NaN;21.27;NaN;0;14.42;1.00
106;GULD_03;44.01433;-59.048;281785;27-oct-04;13:44:00;3.71;32.129;10.729;5.8;0.73802;NaN;NaN;NaN;6.235;NaN;0.07;NaN;0.252;NaN;1.25;NaN;0;0.28;0.06
106;GULD_03;44.01433;-59.048;281784;27-oct-04;13:43:00;8.97;32.128;10.728;5.8;0.84038;NaN;NaN;NaN;NaN;NaN;0.08;NaN;0.266;NaN;1.29;NaN;0;0.30;0.06
106;GULD_03;44.01433;-59.048;281783;27-oct-04;13:42:00;19.49;32.119;10.55;5.8;0.80267;NaN;NaN;NaN;NaN;NaN;0.11;NaN;0.279;NaN;1.28;NaN;0;0.39;0.09
106;GULD_03;44.01433;-59.048;281782;27-oct-04;13:41:00;29.78;32.125;6.241;5.8;0.2909;NaN;NaN;NaN;NaN;NaN;3.24;NaN;0.59;NaN;3.46;NaN;0;5.49;0.94
106;GULD_03;44.01433;-59.048;281781;27-oct-04;13:41:00;40.63;32.325;3.389;5.6;0.14541;NaN;NaN;NaN;NaN;NaN;7.98;NaN;0.944;NaN;7.25;NaN;0;8.45;1.10
106;GULD_03;44.01433;-59.048;281780;27-oct-04;13:40:00;50.73;32.467;3.058;5.7;0.14891;NaN;NaN;NaN;NaN;NaN;7.35;NaN;0.891;NaN;6.46;NaN;0;8.25;1.14
106;GULD_03;44.01433;-59.048;281779;27-oct-04;13:39:00;59.48;32.714;3.357;5.7;0.13314;NaN;NaN;NaN;NaN;NaN;7.41;NaN;0.876;NaN;6.33;NaN;0;8.46;1.17
106;GULD_03;44.01433;-59.048;281778;27-oct-04;13:38:00;80.5;32.982;3.181;5.7;0.05694;NaN;NaN;NaN;NaN;NaN;9.07;NaN;0.946;NaN;7.42;NaN;0;9.59;1.22
106;GULD_03;44.01433;-59.048;281777;27-oct-04;13:37:00;100.85;33.301;3.39;5.5;0.04555;NaN;NaN;NaN;NaN;NaN;10.41;NaN;0.998;NaN;8.5;NaN;0;10.43;1.22
106;GULD_03;44.01433;-59.048;281776;27-oct-04;13:33:00;249.42;34.829;7.285;4;NaN;NaN;NaN;NaN;NaN;NaN;19.82;NaN;1.281;NaN;12.6;NaN;0;15.47;1.57
106;GULD_03;44.01433;-59.048;281775;27-oct-04;13:30:00;364.04;34.71;5.007;5;NaN;NaN;34.73;NaN;5.4765;NaN;15.91;NaN;1.115;NaN;10.95;NaN;0;14.27;1.45
110;HL_07;42.52967;-61.40117;281799;28-oct-04;06:04:00;3.84;33.942;16.326;5.1;0.56025;NaN;NaN;NaN;5.461;NaN;0.12;NaN;0.17;NaN;1.28;NaN;0;0.71;0.09
110;HL_07;42.52967;-61.40117;281798;28-oct-04;06:03:00;9.29;33.946;16.331;5.1;0.57103;NaN;NaN;NaN;NaN;NaN;0.11;NaN;0.144;NaN;1.18;NaN;0;0.76;0.09
110;HL_07;42.52967;-61.40117;281797;28-oct-04;06:02:00;21;33.992;16.384;5;0.56564;NaN;NaN;NaN;NaN;NaN;0.15;NaN;0.164;NaN;1.28;NaN;0;0.91;0.12
110;HL_07;42.52967;-61.40117;281796;28-oct-04;06:01:00;30.42;33.611;11.695;5.6;0.4148;NaN;NaN;NaN;NaN;NaN;0.95;NaN;0.331;NaN;1.58;NaN;0;2.87;0.60
110;HL_07;42.52967;-61.40117;281795;28-oct-04;05:59:00;39.9;32.99;6.263;6.1;NaN;NaN;NaN;NaN;NaN;NaN;NaN;NaN;NaN;NaN;NaN;NaN;0;NaN;NaN
110;HL_07;42.52967;-61.40117;281794;28-oct-04;05:58:00;50.31;33.078;3.731;6;0.10862;NaN;NaN;NaN;NaN;NaN;6.55;NaN;0.822;NaN;4.53;NaN;0;7.97;1.45
110;HL_07;42.52967;-61.40117;281793;28-oct-04;05:57:00;60.41;33.404;5.036;5.7;0.06035;NaN;NaN;NaN;NaN;NaN;7.47;NaN;0.835;NaN;4.84;NaN;0;8.95;1.54
110;HL_07;42.52967;-61.40117;281792;28-oct-04;05:56:00;80.77;34.125;7.582;4.9;0.04213;NaN;NaN;NaN;NaN;NaN;11.06;NaN;0.906;NaN;6.7;NaN;0;12.21;1.65
110;HL_07;42.52967;-61.40117;281791;28-oct-04;05:54:00;100.33;34.872;9.927;4.2;0.01822;NaN;NaN;NaN;NaN;NaN;13.89;NaN;0.972;NaN;7.3;NaN;0;14.29;1.90
110;HL_07;42.52967;-61.40117;281790;28-oct-04;05:51:00;249.78;35.106;8.77;3.2;NaN;NaN;NaN;NaN;3.4915;NaN;23.54;NaN;1.469;NaN;14.22;NaN;0;16.02;1.66
110;HL_07;42.52967;-61.40117;281789;28-oct-04;05:45:00;501.39;34.963;5.469;4.6;NaN;NaN;NaN;NaN;NaN;NaN;20.56;NaN;1.298;NaN;13.15;NaN;0;15.84;1.56
110;HL_07;42.52967;-61.40117;281788;28-oct-04;05:36:00;1000.55;34.957;4.172;5.3;NaN;NaN;NaN;NaN;NaN;NaN;18.55;NaN;1.174;NaN;12.09;NaN;0;15.80;1.53
110;HL_07;42.52967;-61.40117;281787;28-oct-04;05:26:00;1500.15;34.936;3.713;5.5;NaN;NaN;NaN;NaN;NaN;NaN;18.01;NaN;1.135;NaN;12.83;NaN;0;15.87;1.40
110;HL_07;42.52967;-61.40117;281786;28-oct-04;05:01:00;2875.27;34.916;2.867;5.6;NaN;NaN;34.926;NaN;6.259;NaN;17.63;NaN;1.13;NaN;17.64;NaN;0;15.60;1.00
114;HL_06;42.84883;-61.73783;281812;28-oct-04;11:52:00;4.38;34.483;16.558;5;0.58719;NaN;NaN;NaN;5.383;NaN;0.44;NaN;0.16;NaN;1.3;NaN;0;2.75;0.34
114;HL_06;42.84883;-61.73783;281811;28-oct-04;11:52:00;10.72;34.483;16.56;5;0.59796;NaN;NaN;NaN;NaN;NaN;0.44;NaN;0.167;NaN;1.46;NaN;0;2.63;0.30
114;HL_06;42.84883;-61.73783;281810;28-oct-04;11:51:00;20.65;34.481;16.554;5;0.64106;NaN;NaN;NaN;NaN;NaN;0.44;NaN;0.169;NaN;1.39;NaN;0;2.60;0.32
114;HL_06;42.84883;-61.73783;281809;28-oct-04;11:50:00;30.45;34.482;16.568;5;0.60873;NaN;NaN;NaN;NaN;NaN;0.44;NaN;0.183;NaN;1.29;NaN;0;2.40;0.34
114;HL_06;42.84883;-61.73783;281808;28-oct-04;11:49:00;39.24;34.444;16.493;5;0.61412;NaN;NaN;NaN;NaN;NaN;0.45;NaN;0.198;NaN;1.2;NaN;0;2.27;0.38
114;HL_06;42.84883;-61.73783;281807;28-oct-04;11:48:00;50.34;32.645;4.935;5.9;0.36632;NaN;NaN;NaN;NaN;NaN;4.87;NaN;0.733;NaN;4.01;NaN;0;6.64;1.21
114;HL_06;42.84883;-61.73783;281806;28-oct-04;11:47:00;59.99;32.937;3.445;5.9;0.22774;NaN;NaN;NaN;NaN;NaN;7.3;NaN;0.886;NaN;5.7;NaN;0;8.24;1.28
114;HL_06;42.84883;-61.73783;281805;28-oct-04;11:46:00;79.88;33.371;4.376;5.6;0.17869;NaN;NaN;NaN;NaN;NaN;9.03;NaN;0.935;NaN;6.57;NaN;0;9.66;1.37
114;HL_06;42.84883;-61.73783;281804;28-oct-04;11:44:00;99.57;34.103;6.806;5;0.06491;NaN;NaN;NaN;NaN;NaN;10.65;NaN;0.921;NaN;6.78;NaN;0;11.56;1.57
114;HL_06;42.84883;-61.73783;281803;28-oct-04;11:41:00;251.14;35.023;8.333;3.4;NaN;NaN;NaN;NaN;3.6765;NaN;20.33;NaN;1.344;NaN;12.25;NaN;0;15.13;1.66
114;HL_06;42.84883;-61.73783;281802;28-oct-04;11:35:00;501.05;34.893;4.774;5.1;NaN;NaN;NaN;NaN;NaN;NaN;18.99;NaN;1.226;NaN;12.02;NaN;0;15.49;1.58
114;HL_06;42.84883;-61.73783;281801;28-oct-04;11:29:00;751.32;34.915;4.307;5.4;NaN;NaN;NaN;NaN;NaN;NaN;17.98;NaN;1.155;NaN;11.23;NaN;0;15.57;1.60
114;HL_06;42.84883;-61.73783;281800;28-oct-04;11:22:00;1026.96;34.915;3.983;5.5;NaN;NaN;34.924;NaN;6.045;NaN;17.29;NaN;1.105;NaN;11.05;NaN;0;15.65;1.56
117;HL_05;43.18467;-62.11383;281821;28-oct-04;18:04:00;4.14;32.76;12.697;5.5;0.88347;NaN;NaN;NaN;5.971;NaN;0.27;NaN;0.26;NaN;1.54;NaN;0;1.04;0.18
117;HL_05;43.18467;-62.11383;281820;28-oct-04;18:03:00;10.28;32.771;12.733;5.5;0.8727;NaN;NaN;NaN;NaN;NaN;0.27;NaN;0.269;NaN;1.61;NaN;0;1.00;0.17
117;HL_05;43.18467;-62.11383;281819;28-oct-04;18:02:00;19.9;32.789;12.837;5.5;0.86731;NaN;NaN;NaN;NaN;NaN;0.24;NaN;0.252;NaN;1.5;NaN;0;0.95;0.16
117;HL_05;43.18467;-62.11383;281818;28-oct-04;18:01:00;30.31;32.498;9.11;5.6;0.42557;NaN;NaN;NaN;NaN;NaN;3.69;NaN;0.566;NaN;3.71;NaN;0;6.52;0.99
117;HL_05;43.18467;-62.11383;281817;28-oct-04;18:01:00;39.09;32.382;6.313;5.8;0.39864;NaN;NaN;NaN;NaN;NaN;4.24;NaN;0.65;NaN;4;NaN;0;6.52;1.06
117;HL_05;43.18467;-62.11383;281816;28-oct-04;18:00:00;49.41;32.571;3.881;5.8;0.26081;NaN;NaN;NaN;NaN;NaN;6.47;NaN;0.859;NaN;5.67;NaN;0;7.53;1.14
117;HL_05;43.18467;-62.11383;281815;28-oct-04;17:59:00;61.88;32.691;3.327;5.8;0.23475;NaN;NaN;NaN;NaN;NaN;7.21;NaN;0.924;NaN;6.38;NaN;0;7.80;1.13
117;HL_05;43.18467;-62.11383;281814;28-oct-04;17:58:00;80.32;32.841;2.894;5.7;0.36093;NaN;NaN;NaN;NaN;NaN;8.45;NaN;0.972;NaN;7.49;NaN;0;8.69;1.13
117;HL_05;43.18467;-62.11383;281813;28-oct-04;17:57:00;97.02;32.955;2.915;5.7;0.31783;NaN;32.961;NaN;6.3415;NaN;8.78;NaN;0.96;NaN;7.73;NaN;0;9.15;1.14
120;HL_04;43.476;-62.4555;281829;28-oct-04;21:43:00;4.17;32.044;11.096;5.8;0.89963;NaN;NaN;NaN;6.2165;NaN;0.58;NaN;0.314;NaN;1.76;NaN;0;1.85;0.33
120;HL_04;43.476;-62.4555;281828;28-oct-04;21:42:00;10.58;32.049;11.102;5.7;0.9158;NaN;NaN;NaN;NaN;NaN;0.58;NaN;0.332;NaN;1.77;NaN;0;1.75;0.33
120;HL_04;43.476;-62.4555;281827;28-oct-04;21:41:00;20.71;32.057;11.093;5.7;0.91041;NaN;NaN;NaN;NaN;NaN;0.65;NaN;0.346;NaN;1.93;NaN;0;1.88;0.34
120;HL_04;43.476;-62.4555;281826;28-oct-04;21:40:00;29.27;32.06;11.095;5.7;0.90502;NaN;NaN;NaN;NaN;NaN;0.59;NaN;0.33;NaN;2.07;NaN;0;1.79;0.29
120;HL_04;43.476;-62.4555;281825;28-oct-04;21:39:00;40.45;32.072;10.797;5.7;0.73264;NaN;NaN;NaN;NaN;NaN;0.79;NaN;0.368;NaN;2.07;NaN;0;2.15;0.38
120;HL_04;43.476;-62.4555;281824;28-oct-04;21:38:00;48.59;32.493;7.433;5.9;0.26935;NaN;NaN;NaN;NaN;NaN;3.24;NaN;0.599;NaN;3.39;NaN;0;5.41;0.96
120;HL_04;43.476;-62.4555;281823;28-oct-04;21:37:00;61.37;32.765;4.151;6;0.16468;NaN;NaN;NaN;NaN;NaN;5.08;NaN;0.752;NaN;4.34;NaN;0;6.76;1.17
120;HL_04;43.476;-62.4555;281822;28-oct-04;21:35:00;81.19;33.021;3.357;5.7;0.03986;NaN;33.042;NaN;6.2905;NaN;8.76;NaN;0.95;NaN;7.59;NaN;0;9.22;1.15
121;HL_03;43.88033;-62.88183;281840;29-oct-04;01:14:00;3.15;31.638;11.478;5.7;0.46867;NaN;NaN;NaN;6.1665;NaN;0.38;NaN;0.302;NaN;1.46;NaN;0;1.26;0.26
121;HL_03;43.88033;-62.88183;281839;29-oct-04;01:13:00;9.6;31.641;11.475;5.7;0.47406;NaN;NaN;NaN;NaN;NaN;0.4;NaN;0.305;NaN;1.48;NaN;0;1.31;0.27
121;HL_03;43.88033;-62.88183;281838;29-oct-04;01:12:00;19.55;31.642;11.477;5.7;0.47406;NaN;NaN;NaN;NaN;NaN;0.39;NaN;0.274;NaN;1.61;NaN;0;1.42;0.24
121;HL_03;43.88033;-62.88183;281837;29-oct-04;01:11:00;29.65;31.642;11.469;5.7;0.47945;NaN;NaN;NaN;NaN;NaN;0.4;NaN;0.316;NaN;1.73;NaN;0;1.27;0.23
121;HL_03;43.88033;-62.88183;281836;29-oct-04;01:10:00;41.03;31.632;11.365;5.6;0.39864;NaN;NaN;NaN;NaN;NaN;0.82;NaN;0.375;NaN;1.79;NaN;0;2.19;0.46
121;HL_03;43.88033;-62.88183;281835;29-oct-04;01:08:00;49.52;32.467;5.455;6;0.19271;NaN;NaN;NaN;NaN;NaN;4.48;NaN;0.736;NaN;4.04;NaN;0;6.09;1.11
121;HL_03;43.88033;-62.88183;281834;29-oct-04;01:07:00;59.7;32.595;3.482;6;0.16468;NaN;NaN;NaN;NaN;NaN;5.62;NaN;0.81;NaN;5.16;NaN;0;6.94;1.09
121;HL_03;43.88033;-62.88183;281833;29-oct-04;01:06:00;80.26;33.202;4.66;5.8;0.05694;NaN;NaN;NaN;NaN;NaN;6.65;NaN;0.828;NaN;4.86;NaN;0;8.03;1.37
121;HL_03;43.88033;-62.88183;281832;29-oct-04;01:05:00;100.41;33.414;4.661;5.6;0.03075;NaN;NaN;NaN;NaN;NaN;8.83;NaN;0.929;NaN;6.01;NaN;0;9.50;1.47
121;HL_03;43.88033;-62.88183;281831;29-oct-04;01:02:00;200.52;34.872;9.155;2.5;NaN;NaN;NaN;NaN;NaN;NaN;21.25;NaN;1.732;NaN;21.09;NaN;0;12.27;1.01
121;HL_03;43.88033;-62.88183;281830;29-oct-04;01:00:00;262.6;34.908;8.4;3.5;NaN;NaN;34.913;NaN;3.8375;NaN;20.36;NaN;1.515;NaN;14.61;NaN;0;13.44;1.39
124;HL_02;44.267;-63.316;281852;29-oct-04;05:01:00;3.17;30.597;11.864;5.7;0.7057;NaN;NaN;NaN;6.0655;NaN;0;NaN;0.273;NaN;1.07;NaN;0;0.00;0.00
124;HL_02;44.267;-63.316;281851;29-oct-04;05:00:00;5.14;30.597;11.858;5.7;0.72186;NaN;NaN;NaN;NaN;NaN;0;NaN;0.272;NaN;1.12;NaN;0;0.00;0.00
124;HL_02;44.267;-63.316;281850;29-oct-04;04:59:00;11.09;30.597;11.868;5.7;0.69493;NaN;NaN;NaN;NaN;NaN;0;NaN;0.284;NaN;1.11;NaN;0;0.00;0.00
124;HL_02;44.267;-63.316;281849;29-oct-04;04:58:00;20.59;30.598;11.87;5.7;0.70031;NaN;NaN;NaN;NaN;NaN;0;NaN;0.273;NaN;1.51;NaN;0;0.00;0.00
124;HL_02;44.267;-63.316;281848;29-oct-04;04:56:00;31.01;30.605;11.86;5.7;0.67338;NaN;NaN;NaN;NaN;NaN;0;NaN;0.266;NaN;1.21;NaN;0;0.00;0.00
124;HL_02;44.267;-63.316;281847;29-oct-04;04:55:00;40.28;30.71;11.813;5.6;0.32861;NaN;NaN;NaN;NaN;NaN;0.26;NaN;0.319;NaN;1.5;NaN;0;0.82;0.17
124;HL_02;44.267;-63.316;281846;29-oct-04;04:54:00;50.28;31.081;8.454;5.6;0.06149;NaN;NaN;NaN;NaN;NaN;2.74;NaN;0.671;NaN;4.11;NaN;0;4.08;0.67
124;HL_02;44.267;-63.316;281845;29-oct-04;04:52:00;60.73;31.782;5.727;5.8;0.06092;NaN;NaN;NaN;NaN;NaN;4.79;NaN;0.762;NaN;4.5;NaN;0;6.29;1.06
124;HL_02;44.267;-63.316;281844;29-oct-04;04:51:00;74.33;32.247;3.075;5.9;0.03758;NaN;NaN;NaN;NaN;NaN;7.16;NaN;0.927;NaN;6.92;NaN;0;7.72;1.03
124;HL_02;44.267;-63.316;281843;29-oct-04;04:50:00;79.95;32.292;2.978;5.9;0.04327;NaN;NaN;NaN;NaN;NaN;6.9;NaN;0.909;NaN;6.48;NaN;0;7.59;1.06
124;HL_02;44.267;-63.316;281842;29-oct-04;04:49:00;100.99;32.7;2.49;5.6;0.02676;NaN;NaN;NaN;NaN;NaN;9.33;NaN;1.055;NaN;8.86;NaN;0;8.84;1.05
124;HL_02;44.267;-63.316;281841;29-oct-04;04:47:00;147.37;33.399;4.392;4.7;0.01253;NaN;33.423;NaN;5.194;NaN;12.94;NaN;1.227;NaN;12.91;NaN;0;10.55;1.00
127;HL_01;44.39967;-63.447;281860;29-oct-04;07:29:00;3.74;30.528;12.064;5.6;0.5818;NaN;NaN;NaN;5.979;NaN;0.06;NaN;0.26;NaN;1.19;NaN;0;0.23;0.05
127;HL_01;44.39967;-63.447;281859;29-oct-04;07:28:00;10.46;30.529;12.042;5.6;0.59796;NaN;NaN;NaN;NaN;NaN;0.07;NaN;0.274;NaN;1.18;NaN;0;0.26;0.06
127;HL_01;44.39967;-63.447;281858;29-oct-04;07:27:00;20.49;30.528;12.047;5.6;0.57641;NaN;NaN;NaN;NaN;NaN;0.06;NaN;0.24;NaN;1.22;NaN;0;0.25;0.05
127;HL_01;44.39967;-63.447;281857;29-oct-04;07:25:00;30.67;30.528;12.049;5.6;0.56564;NaN;NaN;NaN;NaN;NaN;0.07;NaN;0.307;NaN;1.19;NaN;0;0.23;0.06
127;HL_01;44.39967;-63.447;281856;29-oct-04;07:24:00;40.22;30.546;12.018;5.6;0.50099;NaN;NaN;NaN;NaN;NaN;0.08;NaN;0.304;NaN;1.22;NaN;0;0.26;0.07
127;HL_01;44.39967;-63.447;281855;29-oct-04;07:23:00;50.41;30.601;11.83;5.6;0.25319;NaN;NaN;NaN;NaN;NaN;0.36;NaN;0.34;NaN;1.61;NaN;0;1.06;0.22
127;HL_01;44.39967;-63.447;281854;29-oct-04;07:22:00;60.68;30.84;10.56;5.5;0.11037;NaN;NaN;NaN;NaN;NaN;1.68;NaN;0.598;NaN;2.96;NaN;0;2.81;0.57
127;HL_01;44.39967;-63.447;281853;29-oct-04;07:20:00;78.12;31.847;5.671;5.7;0.04783;NaN;NaN;NaN;6.187;NaN;5.09;NaN;0.83;NaN;5.79;NaN;0;6.13;0.88
