CTD;CTD;CTD;CTD;CTD;CTD;CTD;CTD;CTD;labo;labo;labo;labo;labo
Fichier;Station;Latitude;Longitude;Echantillon;zbouteille;Date;Heure;PRES;PSAL_BS;OXYM_01;Si_01;PO4_01;NOx_01
(nom);(nom/no);(degres);(degres);(no_unique);(dbar);(jj-mmm-yyyy);(GMT);(dbar);(PSU);(mmol/m**3);(mmol/m**3);(mmol/m**3);(mmol/m**3)
181079022_001;0;44.2017;-63.4667;4100;129;06-aug-79;16:39:00;130;34.528;NaN;15.81;1.755;18.145
181079022_001;0;44.2017;-63.4667;4101;129;06-aug-79;16:39:00;130;34.527;NaN;14.64;1.59;16.31
181079022_001;0;44.2017;-63.4667;4102;99;06-aug-79;16:39:00;100;NaN;4.19;2.62;1.035;3.4
181079022_001;0;44.2017;-63.4667;4103;74;06-aug-79;16:39:00;75;NaN;5.16;13.22;1.61;15.325
181079022_001;0;44.2017;-63.4667;4104;50;06-aug-79;16:39:00;50;NaN;7.23;2.485;1.005;3.12
181079022_001;0;44.2017;-63.4667;4105;50;06-aug-79;16:39:00;50;NaN;7.35;8.135;1.385;11.345
181079022_001;0;44.2017;-63.4667;4106;30;06-aug-79;16:39:00;30;NaN;8.32;0.635;0.575;0.22
181079022_001;0;44.2017;-63.4667;4107;20;06-aug-79;16:39:00;20;NaN;7.69;0.65;0.63;0.17
181079022_001;0;44.2017;-63.4667;4108;10;06-aug-79;16:39:00;10;NaN;6.07;0.755;0.565;0.195
181079022_002;1;42.6833;-64;4109;495;07-aug-79;01:55:00;500;34.937;7.35;13.045;1.68;20.925
181079022_002;1;42.6833;-64;4110;495;07-aug-79;01:55:00;500;34.935;5.1;12.04;1.58;19.165
181079022_002;1;42.6833;-64;4111;495;07-aug-79;01:55:00;500;NaN;NaN;NaN;NaN;NaN
181079022_002;1;42.6833;-64;4112;198;07-aug-79;01:55:00;200;NaN;3.38;9.955;1.52;19.08
181079022_002;1;42.6833;-64;4113;149;07-aug-79;01:55:00;150;NaN;4.21;6.5;1.245;13.56
181079022_002;1;42.6833;-64;4114;99;07-aug-79;01:55:00;100;NaN;4.5;5.66;1.2;12.83
181079022_002;1;42.6833;-64;4115;50;07-aug-79;01:55:00;50;NaN;5.96;3.245;1.03;4.17
181079022_002;1;42.6833;-64;4116;30;07-aug-79;01:55:00;30;NaN;7.13;1.445;0.885;0.355
181079022_002;1;42.6833;-64;4117;10;07-aug-79;01:55:00;10;NaN;5.66;0.55;0.51;0.27
181079022_003;10;43.24667;-65.46667;4190;63;07-aug-79;18:25:00;64;32.8735;5.67;5.775;1.06;6.995
181079022_003;10;43.24667;-65.46667;4191;63;07-aug-79;18:25:00;64;32.8685;5.5;6.065;1.095;7.13
181079022_003;10;43.24667;-65.46667;4192;50;07-aug-79;18:25:00;50;NaN;6.06;5.97;1.12;7.42
181079022_003;10;43.24667;-65.46667;4193;50;07-aug-79;18:25:00;50;NaN;6;5.735;1.115;7.025
181079022_003;10;43.24667;-65.46667;4194;40;07-aug-79;18:25:00;40;NaN;6.16;5.745;1.12;6.885
181079022_003;10;43.24667;-65.46667;4195;40;07-aug-79;18:25:00;40;NaN;5.91;5.405;1.1;6.32
181079022_003;10;43.24667;-65.46667;4196;30;07-aug-79;18:25:00;30;NaN;4.67;4.9;1.06;5.725
181079022_003;10;43.24667;-65.46667;4197;20;07-aug-79;18:25:00;20;NaN;6.08;4.45;1.045;5.12
181079022_003;10;43.24667;-65.46667;4198;10;07-aug-79;18:25:00;10;NaN;6.43;4.445;1.26;5.25
181079022_014;11;43.09833;-65.39;4199;99;07-aug-79;19:39:00;100;33.105;4.37;8.885;1.395;11.28
181079022_014;11;43.09833;-65.39;4200;99;07-aug-79;19:39:00;100;33.101;4.68;8.775;1.46;11.19
181079022_014;11;43.09833;-65.39;4201;74;07-aug-79;19:39:00;75;NaN;4.58;8.82;1.44;11.43
181079022_014;11;43.09833;-65.39;4202;50;07-aug-79;19:39:00;50;NaN;5.21;8.575;1.385;11.09
181079022_014;11;43.09833;-65.39;4203;50;07-aug-79;19:39:00;50;NaN;5.69;6.575;1.31;8.535
181079022_014;11;43.09833;-65.39;4204;30;07-aug-79;19:39:00;30;NaN;5.8;6.53;1.365;8.55
181079022_014;11;43.09833;-65.39;4205;20;07-aug-79;19:39:00;20;NaN;5.85;3.805;0.845;3.455
181079022_014;11;43.09833;-65.39;4206;20;07-aug-79;19:39:00;20;NaN;6.87;2.035;0.725;0.72
181079022_014;11;43.09833;-65.39;4207;10;07-aug-79;19:39:00;10;NaN;6.89;1.76;0.655;0.55
181079022_025;12;42.945;-65.31333;4208;149;07-aug-79;20:54:00;150;33.5165;4.46;11.79;1.35;13.715
181079022_025;12;42.945;-65.31333;4209;149;07-aug-79;20:54:00;150;33.518;4.56;12.215;1.475;14.31
181079022_025;12;42.945;-65.31333;4210;124;07-aug-79;20:54:00;125;NaN;4.46;12.26;1.445;14.405
181079022_025;12;42.945;-65.31333;4211;99;07-aug-79;20:54:00;100;NaN;4.16;11.35;1.44;13.34
181079022_025;12;42.945;-65.31333;4212;74;07-aug-79;20:54:00;75;NaN;4.2;10.12;1.415;12.605
181079022_025;12;42.945;-65.31333;4213;50;07-aug-79;20:54:00;50;NaN;5.06;9.24;1.39;11.83
181079022_025;12;42.945;-65.31333;4214;50;07-aug-79;20:54:00;50;NaN;4.7;6.115;1.32;9.26
181079022_025;12;42.945;-65.31333;4215;30;07-aug-79;20:54:00;30;NaN;5.91;6.025;1.265;8.74
181079022_025;12;42.945;-65.31333;4216;10;07-aug-79;20:54:00;10;NaN;7.08;2.195;1.02;3.1
181079022_036;13;42.79167;-64.23333;4217;99;07-aug-79;22:12:00;100;NaN;5.93;6.89;1.215;8.95
181079022_036;13;42.79167;-64.23333;4218;99;07-aug-79;22:12:00;100;NaN;5.9;6.855;1.25;8.635
181079022_036;13;42.79167;-64.23333;4219;74;07-aug-79;22:12:00;75;NaN;5.96;6.91;1.205;8.87
181079022_036;13;42.79167;-64.23333;4220;50;07-aug-79;22:12:00;50;NaN;6.24;6.11;1.11;7.825
181079022_036;13;42.79167;-64.23333;4221;50;07-aug-79;22:12:00;50;NaN;6.1;6.53;1.195;8.6
181079022_036;13;42.79167;-64.23333;4222;30;07-aug-79;22:12:00;30;NaN;7.87;1.075;0.725;0.195
181079022_036;13;42.79167;-64.23333;4223;20;07-aug-79;22:12:00;20;NaN;7.53;0.865;0.625;0.24
181079022_036;13;42.79167;-64.23333;4224;20;07-aug-79;22:12:00;20;NaN;7.6;0.755;0.565;0.155
181079022_036;13;42.79167;-64.23333;4225;10;07-aug-79;22:12:00;10;NaN;6.38;0.64;0.495;0.155
181079022_047;14;42.63667;-65.15333;4226;97;07-aug-79;23:55:00;98;33.1495;4.9;8.145;1.245;10.505
181079022_047;14;42.63667;-65.15333;4227;97;07-aug-79;23:55:00;98;33.146;4.46;6.88;1.08;8.91
181079022_047;14;42.63667;-65.15333;4228;74;07-aug-79;23:55:00;75;NaN;5.75;8;1.33;10.295
181079022_047;14;42.63667;-65.15333;4229;50;07-aug-79;23:55:00;50;NaN;6.18;6.56;1.155;8.205
181079022_047;14;42.63667;-65.15333;4230;50;07-aug-79;23:55:00;50;NaN;6.17;6.28;1.205;8.14
181079022_047;14;42.63667;-65.15333;4231;40;07-aug-79;23:55:00;40;NaN;6.36;10.31;1.055;6.615
181079022_047;14;42.63667;-65.15333;4232;30;07-aug-79;23:55:00;30;NaN;7.15;2.36;0.845;1.52
181079022_047;14;42.63667;-65.15333;4233;20;07-aug-79;23:55:00;20;NaN;7.17;0.915;0.645;0.175
181079022_047;14;42.63667;-65.15333;4234;10;07-aug-79;23:55:00;10;NaN;6.08;0.52;0.48;0.3
181079022_058;15;42.48833;-65.07833;4235;111;08-aug-79;01:29:00;112;34.361;3.87;7.235;1.12;11.15
181079022_058;15;42.48833;-65.07833;4236;111;08-aug-79;01:29:00;112;34.355;2.9;7.47;1.18;11.84
181079022_058;15;42.48833;-65.07833;4237;99;08-aug-79;01:29:00;100;NaN;1.92;7.625;1.19;11.85
181079022_058;15;42.48833;-65.07833;4238;74;08-aug-79;01:29:00;75;NaN;4.02;8.305;1.245;11.645
181079022_058;15;42.48833;-65.07833;4239;50;08-aug-79;01:29:00;50;NaN;3.48;4.875;1.2;6.69
181079022_058;15;42.48833;-65.07833;4240;50;08-aug-79;01:29:00;50;NaN;3.57;5.08;1.22;6.945
181079022_058;15;42.48833;-65.07833;4241;30;08-aug-79;01:29:00;30;NaN;6.62;0.825;0.6;0.245
181079022_058;15;42.48833;-65.07833;4242;20;08-aug-79;01:29:00;20;NaN;7.62;0.63;0.545;0.135
181079022_058;15;42.48833;-65.07833;4243;10;08-aug-79;01:29:00;10;NaN;5.92;0.59;0.98;0.325
181079022_069;16;42.33333;-65;4244;350;08-aug-79;02:55:00;353;35.0305;3.6;13.375;1.675;21.73
181079022_069;16;42.33333;-65;4245;350;08-aug-79;02:55:00;353;35.0255;3.12;10.425;1.4;16.48
181079022_069;16;42.33333;-65;4246;248;08-aug-79;02:55:00;250;NaN;3.56;11.445;1.64;20.77
181079022_069;16;42.33333;-65;4247;198;08-aug-79;02:55:00;200;NaN;3.63;9.445;1.355;16.945
181079022_069;16;42.33333;-65;4248;149;08-aug-79;02:55:00;150;NaN;4.26;9.22;1.35;16.69
181079022_069;16;42.33333;-65;4249;99;08-aug-79;02:55:00;100;NaN;4.82;7.915;1.175;13.075
181079022_069;16;42.33333;-65;4250;50;08-aug-79;02:55:00;50;NaN;6.87;5.025;0.545;0.385
181079022_069;16;42.33333;-65;4251;30;08-aug-79;02:55:00;30;NaN;7.88;1.17;0.62;0.285
181079022_069;16;42.33333;-65;4252;10;08-aug-79;02:55:00;10;NaN;6.01;0.88;0.46;0.205
181079022_080;17;42.33333;-65.21667;4253;125;08-aug-79;04:45:00;126;35.0295;3.85;8.485;1.195;15.66
181079022_080;17;42.33333;-65.21667;4254;125;08-aug-79;04:45:00;126;35.06;3.4;7.99;1.195;14.775
181079022_080;17;42.33333;-65.21667;4255;99;08-aug-79;04:45:00;100;NaN;4.28;8.165;1.205;14.835
181079022_080;17;42.33333;-65.21667;4256;74;08-aug-79;04:45:00;75;NaN;4.02;8.135;1.255;14.455
181079022_080;17;42.33333;-65.21667;4257;50;08-aug-79;04:45:00;50;NaN;5.08;6.445;1.09;9.74
181079022_080;17;42.33333;-65.21667;4258;50;08-aug-79;04:45:00;50;NaN;7.7;1.78;0.77;1.635
181079022_080;17;42.33333;-65.21667;4259;30;08-aug-79;04:45:00;30;NaN;7.74;1.405;0.675;1.25
181079022_080;17;42.33333;-65.21667;4260;20;08-aug-79;04:45:00;20;NaN;7.31;1.025;0.565;0.355
181079022_080;17;42.33333;-65.21667;4261;10;08-aug-79;04:45:00;10;NaN;6.15;0.85;0.44;0.215
181079022_091;18;42.325;-65.425;4262;107;08-aug-79;05:59:00;108;34.332;5.09;7.285;0.98;12.36
181079022_091;18;42.325;-65.425;4263;107;08-aug-79;05:59:00;108;34.3305;5.13;7.205;0.97;11.99
181079022_091;18;42.325;-65.425;4264;99;08-aug-79;05:59:00;100;NaN;5.16;7.23;1.035;12.475
181079022_091;18;42.325;-65.425;4265;74;08-aug-79;05:59:00;75;NaN;5.18;8.375;1.03;12.44
181079022_091;18;42.325;-65.425;4266;50;08-aug-79;05:59:00;50;NaN;6.83;3.24;0.685;3.825
181079022_091;18;42.325;-65.425;4267;50;08-aug-79;05:59:00;50;NaN;6.85;3.075;0.705;3.82
181079022_091;18;42.325;-65.425;4268;30;08-aug-79;05:59:00;30;NaN;6.82;1.36;0.395;0.635
181079022_091;18;42.325;-65.425;4269;20;08-aug-79;05:59:00;20;NaN;6.36;1.09;0.295;0.06
181079022_091;18;42.325;-65.425;4270;10;08-aug-79;05:59:00;10;NaN;6.4;0.71;0.26;0.045
181079022_102;19;42.565;-65.915;4271;99;08-aug-79;09:07:00;100;33.456;5.74;6.945;1.02;10.195
181079022_102;19;42.565;-65.915;4272;99;08-aug-79;09:07:00;100;33.5345;5.74;6.81;1;9.765
181079022_102;19;42.565;-65.915;4273;74;08-aug-79;09:07:00;75;NaN;5.67;5.56;0.96;7.38
181079022_102;19;42.565;-65.915;4274;50;08-aug-79;09:07:00;50;NaN;6.34;5.9;0.985;7.475
181079022_102;19;42.565;-65.915;4275;50;08-aug-79;09:07:00;50;NaN;5.85;5.7;1.205;7.405
181079022_102;19;42.565;-65.915;4276;30;08-aug-79;09:07:00;30;NaN;6.93;1.28;0.55;0.135
181079022_102;19;42.565;-65.915;4277;20;08-aug-79;09:07:00;20;NaN;6.92;1.065;0.43;0.585
181079022_102;19;42.565;-65.915;4278;20;08-aug-79;09:07:00;20;NaN;6.98;0.97;0.51;0.155
181079022_102;19;42.565;-65.915;4279;10;08-aug-79;09:07:00;10;NaN;6.57;0.82;0.375;0.065
181079022_113;2;42.785;-64.13;4118;137;07-aug-79;04:15:00;138;35.2765;4.93;8.47;1.305;16.76
181079022_113;2;42.785;-64.13;4119;137;07-aug-79;04:15:00;138;35.274;4.02;8.295;1.33;16.195
181079022_113;2;42.785;-64.13;4120;99;07-aug-79;04:15:00;100;NaN;4.87;5.565;1.12;10.525
181079022_113;2;42.785;-64.13;4121;74;07-aug-79;04:15:00;75;NaN;5.53;4.21;0.94;7.285
181079022_113;2;42.785;-64.13;4122;50;07-aug-79;04:15:00;50;NaN;7.09;2.085;0.59;0.435
181079022_113;2;42.785;-64.13;4123;50;07-aug-79;04:15:00;50;NaN;7.3;2.035;0.58;0.505
181079022_113;2;42.785;-64.13;4124;30;07-aug-79;04:15:00;30;NaN;7.09;1.565;0.5;0.345
181079022_113;2;42.785;-64.13;4125;20;07-aug-79;04:15:00;20;NaN;6.6;0.95;0.525;0.27
181079022_113;2;42.785;-64.13;4126;10;07-aug-79;04:15:00;10;NaN;5.81;0.61;0.49;0.285
181079022_114;20;42.85167;-65.83667;4280;100;08-aug-79;15:10:00;101;33.559;5.68;6.665;0.975;9.365
181079022_114;20;42.85167;-65.83667;4281;74;08-aug-79;15:10:00;75;NaN;5.6;5.885;0.905;7.94
181079022_114;20;42.85167;-65.83667;4282;50;08-aug-79;15:10:00;50;NaN;5.76;6.09;0.885;8.21
181079022_114;20;42.85167;-65.83667;4283;50;08-aug-79;15:10:00;50;NaN;5.76;6.76;0.885;8.04
181079022_114;20;42.85167;-65.83667;4284;40;08-aug-79;15:10:00;40;NaN;6.02;4.635;0.735;5.825
181079022_114;20;42.85167;-65.83667;4285;30;08-aug-79;15:10:00;30;NaN;6.42;3.055;0.58;3.045
181079022_114;20;42.85167;-65.83667;4286;20;08-aug-79;15:10:00;20;NaN;6.92;2.46;0.515;0.505
181079022_114;20;42.85167;-65.83667;4287;10;08-aug-79;15:10:00;10;NaN;6.98;1.465;0.445;0.295
181079022_127;21;43.19167;-65.74167;4288;42;08-aug-79;21:00:00;42;32.7115;NaN;NaN;NaN;NaN
181079022_127;21;43.19167;-65.74167;4289;42;08-aug-79;21:00:00;42;NaN;NaN;4.635;0.905;4.58
181079022_127;21;43.19167;-65.74167;4290;35;08-aug-79;21:00:00;35;NaN;6.27;5.155;0.875;4.61
181079022_127;21;43.19167;-65.74167;4291;35;08-aug-79;21:00:00;35;NaN;3.67;4.78;0.835;4.65
181079022_127;21;43.19167;-65.74167;4292;30;08-aug-79;21:00:00;30;NaN;2.95;5.27;1.015;4.74
181079022_127;21;43.19167;-65.74167;4293;30;08-aug-79;21:00:00;30;NaN;5.12;4.845;0.98;4.7
181079022_127;21;43.19167;-65.74167;4294;20;08-aug-79;21:00:00;20;NaN;3.59;4.81;0.87;4.625
181079022_127;21;43.19167;-65.74167;4295;10;08-aug-79;21:00:00;10;NaN;4.02;4.755;0.95;4.68
181079022_127;21;43.19167;-65.74167;4296;10;08-aug-79;21:00:00;10;NaN;3.69;4.32;0.835;4.165
181079022_149;23;43.10833;-65.775;4297;81;08-aug-79;22:12:00;82;33.3595;4.7;5.34;0.99;7.23
181079022_149;23;43.10833;-65.775;4298;81;08-aug-79;22:12:00;82;33.3645;5.76;5.575;0.985;7.375
181079022_149;23;43.10833;-65.775;4299;74;08-aug-79;22:12:00;75;NaN;5.83;5.69;1.01;7.475
181079022_149;23;43.10833;-65.775;4300;50;08-aug-79;22:12:00;50;NaN;5.44;5.635;0.935;7.47
181079022_149;23;43.10833;-65.775;4301;50;08-aug-79;22:12:00;50;NaN;4.23;5.76;0.93;7.51
181079022_149;23;43.10833;-65.775;4302;40;08-aug-79;22:12:00;40;NaN;2.94;5.22;0.885;7
181079022_149;23;43.10833;-65.775;4303;30;08-aug-79;22:12:00;30;NaN;5.68;5.725;0.98;6.815
181079022_149;23;43.10833;-65.775;4304;20;08-aug-79;22:12:00;20;NaN;5.69;5.15;0.91;6.555
181079022_149;23;43.10833;-65.775;4305;10;08-aug-79;22:12:00;10;NaN;5.65;4.83;0.855;6.28
181079022_160;24;43.03333;-65.78333;4306;99;08-aug-79;22:52:00;100;33.424;3.04;6.765;1.01;8.605
181079022_160;24;43.03333;-65.78333;4307;99;08-aug-79;22:52:00;100;33.4215;5.69;7.175;1.06;8.63
181079022_160;24;43.03333;-65.78333;4308;74;08-aug-79;22:52:00;75;NaN;5.72;6.725;0.995;8.755
181079022_160;24;43.03333;-65.78333;4309;50;08-aug-79;22:52:00;50;NaN;5.66;6.915;1.085;8.79
181079022_160;24;43.03333;-65.78333;4310;50;08-aug-79;22:52:00;50;NaN;5.77;5.71;0.93;7.395
181079022_160;24;43.03333;-65.78333;4311;40;08-aug-79;22:52:00;40;NaN;6.17;4.48;0.81;4.565
181079022_160;24;43.03333;-65.78333;4312;30;08-aug-79;22:52:00;30;NaN;6.33;3.79;0.845;4.665
181079022_160;24;43.03333;-65.78333;4313;20;08-aug-79;22:52:00;20;NaN;6.55;2.54;1.415;2.84
181079022_160;24;43.03333;-65.78333;4314;10;08-aug-79;22:52:00;10;NaN;6.67;2.33;0.75;2.105
181079022_171;25;42.95;-65.81667;4315;134;09-aug-79;00:34:00;135;33.724;5.47;6.825;1.06;9.545
181079022_171;25;42.95;-65.81667;4316;134;09-aug-79;00:34:00;135;33.722;5.53;7.15;1.15;10.72
181079022_171;25;42.95;-65.81667;4317;99;09-aug-79;00:34:00;100;NaN;5.48;7.23;1.215;10.955
181079022_171;25;42.95;-65.81667;4318;74;09-aug-79;00:34:00;75;NaN;5.47;7.12;1.165;10.655
181079022_171;25;42.95;-65.81667;4319;50;09-aug-79;00:34:00;50;NaN;5.55;6.56;1.145;9.81
181079022_171;25;42.95;-65.81667;4320;50;09-aug-79;00:34:00;50;NaN;5.74;6.385;1.17;9.395
181079022_171;25;42.95;-65.81667;4321;30;09-aug-79;00:34:00;30;NaN;5.95;5.365;1.085;7.83
181079022_171;25;42.95;-65.81667;4322;20;09-aug-79;00:34:00;20;NaN;5.95;5.39;1.09;7.9
181079022_171;25;42.95;-65.81667;4323;10;09-aug-79;00:34:00;10;NaN;6.45;3;0.75;3.13
181079022_182;26;42.87167;-65.84333;4324;94;09-aug-79;03:06:00;95;33.5505;5.22;6.41;1.03;9.265
181079022_182;26;42.87167;-65.84333;4325;94;09-aug-79;03:06:00;95;33.544;5.57;6.37;1.05;9.235
181079022_182;26;42.87167;-65.84333;4326;74;09-aug-79;03:06:00;75;NaN;5.58;6.41;1.05;9.155
181079022_182;26;42.87167;-65.84333;4327;50;09-aug-79;03:06:00;50;NaN;5.75;6.265;1.045;9.06
181079022_182;26;42.87167;-65.84333;4328;50;09-aug-79;03:06:00;50;NaN;5.81;6.335;1.03;8.73
181079022_182;26;42.87167;-65.84333;4329;40;09-aug-79;03:06:00;40;NaN;5.61;14.2;0.92;7.1
181079022_182;26;42.87167;-65.84333;4330;30;09-aug-79;03:06:00;30;NaN;6.36;3.955;0.825;4.515
181079022_182;26;42.87167;-65.84333;4331;20;09-aug-79;03:06:00;20;NaN;6.55;2.635;0.725;2.165
181079022_182;26;42.87167;-65.84333;4332;10;09-aug-79;03:06:00;10;NaN;6.54;1.55;0.58;0.485
181079022_193;27;42.79;-65.875;4333;92;09-aug-79;04:02:00;93;33.3695;5.83;5.47;0.91;7.165
181079022_193;27;42.79;-65.875;4334;92;09-aug-79;04:02:00;93;33.369;5.75;6.285;1.005;8.135
181079022_193;27;42.79;-65.875;4335;74;09-aug-79;04:02:00;75;NaN;5.72;6.28;1.02;8.255
181079022_193;27;42.79;-65.875;4336;50;09-aug-79;04:02:00;50;NaN;5.77;6.44;1.015;8.28
181079022_193;27;42.79;-65.875;4337;50;09-aug-79;04:02:00;50;NaN;5.83;6.25;1.02;8.305
181079022_193;27;42.79;-65.875;4338;40;09-aug-79;04:02:00;40;NaN;5.84;6.035;1.13;8.25
181079022_193;27;42.79;-65.875;4339;30;09-aug-79;04:02:00;30;NaN;6.15;5.605;1.04;6.27
181079022_193;27;42.79;-65.875;4340;20;09-aug-79;04:02:00;20;NaN;6.74;2.155;0.76;0.54
181079022_193;27;42.79;-65.875;4341;10;09-aug-79;04:02:00;10;NaN;6.87;1.935;0.665;0.345
181079022_204;28;42.70833;-65.905;4342;82;09-aug-79;05:06:00;83;33.1295;5.78;6.2;1.05;7.895
181079022_204;28;42.70833;-65.905;4343;82;09-aug-79;05:06:00;83;33.1285;5.8;6.545;1.19;8.18
181079022_204;28;42.70833;-65.905;4344;74;09-aug-79;05:06:00;75;NaN;5.55;6.545;1.095;8.44
181079022_204;28;42.70833;-65.905;4345;50;09-aug-79;05:06:00;50;NaN;5.21;6.5;1.07;8.315
181079022_204;28;42.70833;-65.905;4346;50;09-aug-79;05:06:00;50;NaN;5.81;6.635;1.12;8.305
181079022_204;28;42.70833;-65.905;4347;40;09-aug-79;05:06:00;40;NaN;5.81;6.555;1.07;8.255
181079022_204;28;42.70833;-65.905;4348;30;09-aug-79;05:06:00;30;NaN;5.84;6.525;1.08;8.035
181079022_204;28;42.70833;-65.905;4349;20;09-aug-79;05:06:00;20;NaN;6.86;3.37;0.88;3.365
181079022_204;28;42.70833;-65.905;4350;10;09-aug-79;05:06:00;10;NaN;6.8;1.02;0.6;0.48
181079022_215;29;42.63167;-65.93333;4351;79;09-aug-79;06:03:00;80;33.2535;5.65;6.49;1.035;8.77
181079022_215;29;42.63167;-65.93333;4352;79;09-aug-79;06:03:00;80;33.2535;5.69;8.535;1.13;9.535
181079022_215;29;42.63167;-65.93333;4353;74;09-aug-79;06:03:00;75;NaN;5.54;6.89;1.105;9.47
181079022_215;29;42.63167;-65.93333;4354;50;09-aug-79;06:03:00;50;NaN;5.51;7.13;1.145;9.57
181079022_215;29;42.63167;-65.93333;4355;50;09-aug-79;06:03:00;50;NaN;5.75;7.015;1.175;9.59
181079022_215;29;42.63167;-65.93333;4356;40;09-aug-79;06:03:00;40;NaN;5.67;10.3;1.135;9.54
181079022_215;29;42.63167;-65.93333;4357;30;09-aug-79;06:03:00;30;NaN;5.81;6.675;1.1;9.075
181079022_215;29;42.63167;-65.93333;4358;20;09-aug-79;06:03:00;20;NaN;6.49;3.55;0.875;4.175
181079022_215;29;42.63167;-65.93333;4359;10;09-aug-79;06:03:00;10;NaN;7.05;2.355;0.67;0.57
181079022_225;3;42.9;-64.27667;4127;110;07-aug-79;05:42:00;111;34.2915;4.21;12.045;1.45;16.585
181079022_225;3;42.9;-64.27667;4128;110;07-aug-79;05:42:00;111;34.2875;4.04;10.565;1.385;14.35
181079022_225;3;42.9;-64.27667;4129;99;07-aug-79;05:42:00;100;NaN;4.23;12.015;1.515;16.5
181079022_225;3;42.9;-64.27667;4130;74;07-aug-79;05:42:00;75;NaN;5.85;7.72;1.365;10.605
181079022_225;3;42.9;-64.27667;4131;50;07-aug-79;05:42:00;50;NaN;6.08;2.49;1.045;4.71
181079022_225;3;42.9;-64.27667;4132;50;07-aug-79;05:42:00;50;NaN;6.73;2.465;1.09;4.96
181079022_225;3;42.9;-64.27667;4133;30;07-aug-79;05:42:00;30;NaN;7.67;0.58;0.665;0.23
181079022_225;3;42.9;-64.27667;4134;20;07-aug-79;05:42:00;20;NaN;7.3;0.705;0.655;0.345
181079022_225;3;42.9;-64.27667;4135;10;07-aug-79;05:42:00;10;NaN;5.82;0.565;0.51;0.225
181079022_226;30;42.55333;-65.93333;4360;115;09-aug-79;06:56:00;116;34.6295;2.92;8.48;1.58;14.89
181079022_226;30;42.55333;-65.93333;4361;115;09-aug-79;06:56:00;116;34.6285;3.38;8.355;1.275;14.83
181079022_226;30;42.55333;-65.93333;4362;99;09-aug-79;06:56:00;100;NaN;4.15;8.09;1.405;13.605
181079022_226;30;42.55333;-65.93333;4363;74;09-aug-79;06:56:00;75;NaN;2.47;6.565;1.25;10.94
181079022_226;30;42.55333;-65.93333;4364;50;09-aug-79;06:56:00;50;NaN;3.38;3.455;0.91;4.27
181079022_226;30;42.55333;-65.93333;4365;50;09-aug-79;06:56:00;50;NaN;4.19;3.59;0.975;4.39
181079022_226;30;42.55333;-65.93333;4366;30;09-aug-79;06:56:00;30;NaN;5.12;1.195;0.685;0.12
181079022_226;30;42.55333;-65.93333;4367;20;09-aug-79;06:56:00;20;NaN;3.7;1.04;0.815;0.155
181079022_226;30;42.55333;-65.93333;4368;10;09-aug-79;06:56:00;10;NaN;4.76;0.98;0.6;0.165
181079022_237;31;42.475;-66.01;4369;203;09-aug-79;07:43:00;205;35.2215;3.31;13.88;1.41;18.71
181079022_237;31;42.475;-66.01;4370;203;09-aug-79;07:43:00;205;35.221;3.88;9.565;1.375;17.7
181079022_237;31;42.475;-66.01;4371;174;09-aug-79;07:43:00;175;NaN;3.39;9.97;1.38;18.595
181079022_237;31;42.475;-66.01;4372;149;09-aug-79;07:43:00;150;NaN;3.75;9.8;1.44;18.58
181079022_237;31;42.475;-66.01;4373;124;09-aug-79;07:43:00;125;NaN;2.91;7.495;1.265;14.885
181079022_237;31;42.475;-66.01;4374;99;09-aug-79;07:43:00;100;NaN;5.46;7.315;1.125;12.32
181079022_237;31;42.475;-66.01;4375;74;09-aug-79;07:43:00;75;NaN;6.07;3.73;0.8;3.025
181079022_237;31;42.475;-66.01;4376;50;09-aug-79;07:43:00;50;NaN;4.85;0.965;0.525;0.51
181079022_237;31;42.475;-66.01;4377;10;09-aug-79;07:43:00;10;NaN;6.09;0.74;0.51;0.575
181079022_239;32;42.32333;-66.05833;4378;248;09-aug-79;08:35:00;250;35.044;3.55;13.32;1.66;21.91
181079022_239;32;42.32333;-66.05833;4379;248;09-aug-79;08:35:00;250;35.028;3.28;12.49;1.685;20.79
181079022_239;32;42.32333;-66.05833;4380;198;09-aug-79;08:35:00;200;NaN;2.91;8.795;1.29;14.77
181079022_239;32;42.32333;-66.05833;4381;174;09-aug-79;08:35:00;175;NaN;2.54;11.715;1.605;19.73
181079022_239;32;42.32333;-66.05833;4382;149;09-aug-79;08:35:00;150;NaN;2.23;11.86;1.475;19.385
181079022_239;32;42.32333;-66.05833;4383;99;09-aug-79;08:35:00;100;NaN;2.59;8.355;1.37;14.42
181079022_239;32;42.32333;-66.05833;4384;74;09-aug-79;08:35:00;75;NaN;2.85;5.52;1.025;8.88
181079022_239;32;42.32333;-66.05833;4385;50;09-aug-79;08:35:00;50;NaN;3.89;3.67;0.885;5.015
181079022_239;32;42.32333;-66.05833;4386;10;09-aug-79;08:35:00;10;NaN;4.35;0.685;0.525;0.54
181079022_243;33;42.32333;-66.10333;4387;262;09-aug-79;09:29:00;264;34.994;2.92;12.62;1.555;20.97
181079022_243;33;42.32333;-66.10333;4388;262;09-aug-79;09:29:00;264;34.9985;4.25;13.215;1.475;22.14
181079022_243;33;42.32333;-66.10333;4389;198;09-aug-79;09:29:00;200;NaN;4.17;11.94;1.515;20.685
181079022_243;33;42.32333;-66.10333;4390;149;09-aug-79;09:29:00;150;NaN;3.16;12.26;1.52;20.815
181079022_243;33;42.32333;-66.10333;4391;99;09-aug-79;09:29:00;100;NaN;4.29;8.52;1.405;14.975
181079022_243;33;42.32333;-66.10333;4392;74;09-aug-79;09:29:00;75;NaN;5.24;7.605;1.15;12.65
181079022_243;33;42.32333;-66.10333;4393;50;09-aug-79;09:29:00;50;NaN;4.34;2.32;0.64;3.94
181079022_243;33;42.32333;-66.10333;4394;30;09-aug-79;09:29:00;30;NaN;6.44;2.3;0.74;2.095
181079022_243;33;42.32333;-66.10333;4395;10;09-aug-79;09:29:00;10;NaN;5.65;0.515;0.5;0.595
181079022_244;34;42.24667;-66.2;4396;238;09-aug-79;10:21:00;240;34.9985;2.74;11.98;1.4;20.03
181079022_244;34;42.24667;-66.2;4397;238;09-aug-79;10:21:00;240;34.998;3.87;13.15;1.565;21.91
181079022_244;34;42.24667;-66.2;4398;198;09-aug-79;10:21:00;200;NaN;3.5;12.99;1.51;21.72
181079022_244;34;42.24667;-66.2;4399;149;09-aug-79;10:21:00;150;NaN;3.51;13.05;1.485;21.915
181079022_244;34;42.24667;-66.2;4400;99;09-aug-79;10:21:00;100;NaN;4.34;9.405;1.34;16.475
181079022_244;34;42.24667;-66.2;4401;74;09-aug-79;10:21:00;75;NaN;3.47;8.98;1.29;14.785
181079022_244;34;42.24667;-66.2;4402;50;09-aug-79;10:21:00;50;NaN;5.47;6.95;1.175;11.49
181079022_244;34;42.24667;-66.2;4403;30;09-aug-79;10:21:00;30;NaN;4.4;5.48;1.05;9.19
181079022_244;34;42.24667;-66.2;4404;10;09-aug-79;10:21:00;10;NaN;6.08;3.415;0.845;4.69
181079022_247;35;42.17333;-66.20333;4405;193;09-aug-79;11:15:00;195;35.0185;4.47;12.945;1.765;21.965
181079022_247;35;42.17333;-66.20333;4406;193;09-aug-79;11:15:00;195;34.9985;4.28;11.745;1.63;19.695
181079022_247;35;42.17333;-66.20333;4407;149;09-aug-79;11:15:00;150;NaN;4.24;11.345;1.495;18.89
181079022_247;35;42.17333;-66.20333;4408;99;09-aug-79;11:15:00;100;NaN;4.39;10.49;1.4;17.975
181079022_247;35;42.17333;-66.20333;4409;74;09-aug-79;11:15:00;75;NaN;4.94;9.865;1.355;15.95
181079022_247;35;42.17333;-66.20333;4410;50;09-aug-79;11:15:00;50;NaN;5.55;7.045;1.225;11.235
181079022_247;35;42.17333;-66.20333;4411;30;09-aug-79;11:15:00;30;NaN;6.13;4.615;1;7.515
181079022_247;35;42.17333;-66.20333;4412;20;09-aug-79;11:15:00;20;NaN;6.74;1.725;0.74;1.8
181079022_247;35;42.17333;-66.20333;4413;10;09-aug-79;11:15:00;10;NaN;6.75;0.59;0.545;0.475
181079022_253;36;42.1;-66.25;4414;95;09-aug-79;12:18:00;96;34.029;5.3;8.91;1.54;14.245
181079022_253;36;42.1;-66.25;4415;95;09-aug-79;12:18:00;96;34.026;5.41;5.055;0.88;7.74
181079022_253;36;42.1;-66.25;4416;74;09-aug-79;12:18:00;75;NaN;5.34;4.75;0.83;7.225
181079022_253;36;42.1;-66.25;4417;50;09-aug-79;12:18:00;50;NaN;NaN;8.97;1.23;14.06
181079022_253;36;42.1;-66.25;4418;50;09-aug-79;12:18:00;50;NaN;5.55;7.355;1.085;11.335
181079022_253;36;42.1;-66.25;4419;40;09-aug-79;12:18:00;40;NaN;5.79;6.745;1.04;10.275
181079022_253;36;42.1;-66.25;4420;30;09-aug-79;12:18:00;30;NaN;5.89;6.875;1.1;10.41
181079022_253;36;42.1;-66.25;4421;20;09-aug-79;12:18:00;20;NaN;6.48;5.1;1.015;7.47
181079022_253;36;42.1;-66.25;4422;10;09-aug-79;12:18:00;10;NaN;6.71;0.78;0.605;0.66
181079022_257;37;42.025;-66.29167;4423;74;09-aug-79;13:30:00;75;32.9705;6.45;5.54;1.135;7.65
181079022_257;37;42.025;-66.29167;4424;74;09-aug-79;13:30:00;75;32.9875;6.47;4.405;0.975;6.205
181079022_257;37;42.025;-66.29167;4425;50;09-aug-79;13:30:00;50;NaN;6.5;5.22;1.085;7.275
181079022_257;37;42.025;-66.29167;4426;50;09-aug-79;13:30:00;50;NaN;6.64;5.575;1.02;7.44
181079022_257;37;42.025;-66.29167;4427;40;09-aug-79;13:30:00;40;NaN;6.54;4.52;0.97;5.76
181079022_257;37;42.025;-66.29167;4428;30;09-aug-79;13:30:00;30;NaN;6.6;1.74;0.765;0.965
181079022_257;37;42.025;-66.29167;4429;20;09-aug-79;13:30:00;20;NaN;NaN;NaN;NaN;NaN
181079022_257;37;42.025;-66.29167;4430;20;09-aug-79;13:30:00;20;NaN;6.86;8.065;1.215;12.905
181079022_257;37;42.025;-66.29167;4431;10;09-aug-79;13:30:00;10;NaN;7.13;6.555;1.085;10.41
181079022_261;38;41.96667;-66.33333;4432;74;09-aug-79;14:30:00;75;32.7365;6.13;7.71;1.23;12.105
181079022_261;38;41.96667;-66.33333;4433;74;09-aug-79;14:30:00;75;32.7375;5.79;7.85;1.215;11.86
181079022_261;38;41.96667;-66.33333;4434;50;09-aug-79;14:30:00;50;NaN;4.85;5.99;1.05;8.33
181079022_261;38;41.96667;-66.33333;4435;50;09-aug-79;14:30:00;50;NaN;4.77;5.62;1.13;7.82
181079022_261;38;41.96667;-66.33333;4436;40;09-aug-79;14:30:00;40;NaN;6.67;4.855;0.99;6.185
181079022_261;38;41.96667;-66.33333;4437;30;09-aug-79;14:30:00;30;NaN;6.63;3.115;0.84;3.525
181079022_261;38;41.96667;-66.33333;4438;20;09-aug-79;14:30:00;20;NaN;6.15;2.965;0.805;3.425
181079022_261;38;41.96667;-66.33333;4439;20;09-aug-79;14:30:00;20;NaN;6.5;3.155;1.02;3.59
181079022_261;38;41.96667;-66.33333;4440;10;09-aug-79;14:30:00;10;NaN;6.98;2.485;0.865;2.345
181079022_263;39;41.78333;-66.03667;4441;89;09-aug-79;16:30:00;90;33.158;6.15;6.475;1.085;9.25
181079022_263;39;41.78333;-66.03667;4442;89;09-aug-79;16:30:00;90;33.1595;6.18;6.765;1.16;9.825
181079022_263;39;41.78333;-66.03667;4443;74;09-aug-79;16:30:00;75;NaN;6.18;6.735;1.14;9.69
181079022_263;39;41.78333;-66.03667;4444;50;09-aug-79;16:30:00;50;NaN;6.22;6.59;1.105;9.615
181079022_263;39;41.78333;-66.03667;4445;50;09-aug-79;16:30:00;50;NaN;6.22;6.65;1.135;9.685
181079022_263;39;41.78333;-66.03667;4446;40;09-aug-79;16:30:00;40;NaN;6.38;6.1;1.12;8.675
181079022_263;39;41.78333;-66.03667;4447;30;09-aug-79;16:30:00;30;NaN;6.54;5.49;1.155;7.56
181079022_263;39;41.78333;-66.03667;4448;20;09-aug-79;16:30:00;20;NaN;6.66;4.88;1.06;6.74
181079022_263;39;41.78333;-66.03667;4449;10;09-aug-79;16:30:00;10;NaN;6.84;5.185;1.06;6.85
181079022_264;4;43.01667;-64.425;4136;129;07-aug-79;07:05:00;130;34.168;3.73;12.21;1.475;16.695
181079022_264;4;43.01667;-64.425;4137;129;07-aug-79;07:05:00;130;34.166;3.06;12.53;1.53;16.975
181079022_264;4;43.01667;-64.425;4138;99;07-aug-79;07:05:00;100;NaN;5.3;8.86;1.32;11.395
181079022_264;4;43.01667;-64.425;4139;74;07-aug-79;07:05:00;75;NaN;5.51;8.65;1.36;11.28
181079022_264;4;43.01667;-64.425;4140;50;07-aug-79;07:05:00;50;NaN;7.01;3.26;1.195;5.565
181079022_264;4;43.01667;-64.425;4141;50;07-aug-79;07:05:00;50;NaN;7.21;2.76;1.155;4.98
181079022_264;4;43.01667;-64.425;4142;30;07-aug-79;07:05:00;30;NaN;6.45;0.795;0.915;0.265
181079022_264;4;43.01667;-64.425;4143;20;07-aug-79;07:05:00;20;NaN;7.74;0.585;0.75;0.36
181079022_264;4;43.01667;-64.425;4144;10;07-aug-79;07:05:00;10;NaN;6.03;0.765;0.87;0.585
181079022_265;40;41.91667;-65.90833;4450;112;09-aug-79;17:45:00;113;33.7355;5.63;3.005;0.84;3.05
181079022_265;40;41.91667;-65.90833;4451;112;09-aug-79;17:45:00;113;33.7365;5.61;2.695;0.72;2.86
181079022_265;40;41.91667;-65.90833;4452;99;09-aug-79;17:45:00;100;NaN;5.47;4.35;1.005;5.47
181079022_265;40;41.91667;-65.90833;4453;74;09-aug-79;17:45:00;75;NaN;5.75;4.245;1.03;5.365
181079022_265;40;41.91667;-65.90833;4454;50;09-aug-79;17:45:00;50;NaN;6.43;3.75;0.88;4.555
181079022_265;40;41.91667;-65.90833;4455;50;09-aug-79;17:45:00;50;NaN;6.41;3.44;0.905;4.125
181079022_265;40;41.91667;-65.90833;4456;30;09-aug-79;17:45:00;30;NaN;6.71;3.19;0.83;3.795
181079022_265;40;41.91667;-65.90833;4457;20;09-aug-79;17:45:00;20;NaN;6.62;3.08;0.8;2.905
181079022_265;40;41.91667;-65.90833;4458;10;09-aug-79;17:45:00;10;NaN;6.89;1.97;0.675;0.975
181079022_275;41;42.00333;-65.825;4459;243;09-aug-79;18:55:00;245;34.998;3.39;13.64;1.62;21.905
181079022_275;41;42.00333;-65.825;4460;243;09-aug-79;18:55:00;245;34.9975;1.36;13.59;1.76;22.165
181079022_275;41;42.00333;-65.825;4461;198;09-aug-79;18:55:00;200;NaN;3.38;13.405;1.72;22.21
181079022_275;41;42.00333;-65.825;4462;149;09-aug-79;18:55:00;150;NaN;3.62;11.705;1.555;19.025
181079022_275;41;42.00333;-65.825;4463;99;09-aug-79;18:55:00;100;NaN;5.03;7.565;1.375;11.585
181079022_275;41;42.00333;-65.825;4464;74;09-aug-79;18:55:00;75;NaN;3.11;6.67;1.235;9.995
181079022_275;41;42.00333;-65.825;4465;50;09-aug-79;18:55:00;50;NaN;3.56;5.235;1.01;7.34
181079022_275;41;42.00333;-65.825;4466;30;09-aug-79;18:55:00;30;NaN;4.66;3.88;0.945;4.97
181079022_275;41;42.00333;-65.825;4467;10;09-aug-79;18:55:00;10;NaN;3.61;1.93;0.765;1.575
181079022_276;42;42.09167;-65.74;4468;254;09-aug-79;19:55:00;256;34.999;3.96;12.15;1.55;19.865
181079022_276;42;42.09167;-65.74;4469;254;09-aug-79;19:55:00;256;34.9985;4.79;13.005;1.62;21.17
181079022_276;42;42.09167;-65.74;4470;198;09-aug-79;19:55:00;200;NaN;4.67;12.815;1.64;21.105
181079022_276;42;42.09167;-65.74;4471;149;09-aug-79;19:55:00;150;NaN;5.05;7.655;1.47;11.64
181079022_276;42;42.09167;-65.74;4472;99;09-aug-79;19:55:00;100;NaN;6;7.47;1.265;11.49
181079022_276;42;42.09167;-65.74;4473;74;09-aug-79;19:55:00;75;NaN;6.24;6.615;1.255;9.98
181079022_276;42;42.09167;-65.74;4474;50;09-aug-79;19:55:00;50;NaN;6.38;5.31;1.06;7.715
181079022_276;42;42.09167;-65.74;4475;30;09-aug-79;19:55:00;30;NaN;5.8;2.755;0.93;2.695
181079022_277;43;42.18333;-65.64667;4476;10;09-aug-79;21:07:00;10;NaN;5.79;0.965;0.64;0.63
181079022_277;43;42.18333;-65.64667;4477;248;09-aug-79;21:07:00;250;35.02;4.63;12.88;1.785;20.71
181079022_277;43;42.18333;-65.64667;4478;248;09-aug-79;21:07:00;250;35.024;4.34;12.825;1.765;21.025
181079022_277;43;42.18333;-65.64667;4479;198;09-aug-79;21:07:00;200;NaN;2.18;7.83;1.44;13.405
181079022_277;43;42.18333;-65.64667;4480;149;09-aug-79;21:07:00;150;NaN;3.34;8.61;1.48;14.695
181079022_277;43;42.18333;-65.64667;4481;99;09-aug-79;21:07:00;100;NaN;4.72;6.7;1.365;10.74
181079022_277;43;42.18333;-65.64667;4482;74;09-aug-79;21:07:00;75;NaN;4.97;5.725;1.325;8.285
181079022_277;43;42.18333;-65.64667;4483;50;09-aug-79;21:07:00;50;NaN;4.42;2.49;0.925;2.11
181079022_277;43;42.18333;-65.64667;4484;30;09-aug-79;21:07:00;30;NaN;4.03;1.695;1.075;1.1
181079022_277;43;42.18333;-65.64667;4485;10;09-aug-79;21:07:00;10;NaN;4.46;1.515;0.93;0.85
181079022_278;44;42.33333;-65.5;4486;99;09-aug-79;22:46:00;100;34.348;5.61;6.895;1.405;12.075
181079022_278;44;42.33333;-65.5;4487;99;09-aug-79;22:46:00;100;34.3485;5.02;7.01;1.44;12.235
181079022_278;44;42.33333;-65.5;4488;74;09-aug-79;22:46:00;75;NaN;3.97;6.1;1.285;10.54
181079022_278;44;42.33333;-65.5;4489;74;09-aug-79;22:46:00;75;NaN;5.13;6.555;1.4;11.51
181079022_278;44;42.33333;-65.5;4490;50;09-aug-79;22:46:00;50;NaN;7.82;6.39;1.4;10.845
181079022_278;44;42.33333;-65.5;4491;50;09-aug-79;22:46:00;50;NaN;5.32;4.99;1.17;8.3
181079022_278;44;42.33333;-65.5;4492;30;09-aug-79;22:46:00;30;NaN;5.4;3.93;1.07;6.22
181079022_278;44;42.33333;-65.5;4493;20;09-aug-79;22:46:00;20;NaN;6.16;4.105;1.14;5.955
181079022_278;44;42.33333;-65.5;4494;10;09-aug-79;22:46:00;10;NaN;6.87;1.465;0.905;1.095
181079022_279;45;42.38333;-65.71667;4495;135;09-aug-79;23:54:00;136;35.115;5.28;9.81;2.185;17.995
181079022_279;45;42.38333;-65.71667;4496;135;09-aug-79;23:54:00;136;35.1125;4.44;9.83;2.31;18.095
181079022_279;45;42.38333;-65.71667;4497;99;09-aug-79;23:54:00;100;NaN;5.32;6.065;1.545;10.255
181079022_279;45;42.38333;-65.71667;4498;74;09-aug-79;23:54:00;75;NaN;5.92;4.865;1.345;7.215
181079022_279;45;42.38333;-65.71667;4499;50;09-aug-79;23:54:00;50;NaN;6.49;3.135;1.675;3.91
181079022_279;45;42.38333;-65.71667;4500;50;09-aug-79;23:54:00;50;NaN;6.46;3.165;1.405;4.025
181079022_279;45;42.38333;-65.71667;4501;30;09-aug-79;23:54:00;30;NaN;6.52;3.14;1.195;4.055
181079022_279;45;42.38333;-65.71667;4502;20;09-aug-79;23:54:00;20;NaN;6.96;1.445;0.965;0.74
181079022_279;45;42.38333;-65.71667;4503;10;09-aug-79;23:54:00;10;NaN;6.36;1.095;1.07;0.68
181079022_280;46;42.46667;-65.81667;4504;104;10-aug-79;01:02:00;105;34.6985;5.32;7.135;1.36;12.84
181079022_280;46;42.46667;-65.81667;4505;104;10-aug-79;01:02:00;105;34.6605;4.93;7.43;1.445;13.29
181079022_280;46;42.46667;-65.81667;4506;74;10-aug-79;01:02:00;75;NaN;2.9;7.135;1.38;12.81
181079022_280;46;42.46667;-65.81667;4507;50;10-aug-79;01:02:00;50;NaN;4.12;6.255;1.295;8.65
181079022_280;46;42.46667;-65.81667;4508;50;10-aug-79;01:02:00;50;NaN;6.78;2.04;1.015;1.86
181079022_280;46;42.46667;-65.81667;4509;30;10-aug-79;01:02:00;30;NaN;6.4;2.77;1.01;3.48
181079022_280;46;42.46667;-65.81667;4510;20;10-aug-79;01:02:00;20;NaN;NaN;1.16;0.815;0.485
181079022_280;46;42.46667;-65.81667;4511;20;10-aug-79;01:02:00;20;NaN;5.69;1.195;0.9;0.705
181079022_280;46;42.46667;-65.81667;4512;10;10-aug-79;01:02:00;10;NaN;6.84;1.175;0.885;0.755
181079022_281;47;47.55;-65.93333;4513;102;10-aug-80;01:56:00;103;34.262;NaN;7.875;1.82;13.82
181079022_281;47;47.55;-65.93333;4514;102;10-aug-80;01:56:00;103;34.2555;NaN;8.035;1.68;13.505
181079022_281;47;47.55;-65.93333;4515;74;10-aug-80;01:56:00;75;NaN;NaN;7.745;1.53;13.12
181079022_281;47;47.55;-65.93333;4516;50;10-aug-80;01:56:00;50;NaN;NaN;6.11;1.645;8.695
181079022_281;47;47.55;-65.93333;4517;50;10-aug-80;01:56:00;50;NaN;NaN;4.395;1.205;5.52
181079022_281;47;47.55;-65.93333;4518;40;10-aug-80;01:56:00;40;NaN;NaN;4.94;1.625;6.44
181079022_281;47;47.55;-65.93333;4519;30;10-aug-80;01:56:00;30;NaN;NaN;3.34;1.32;2.52
181079022_281;47;47.55;-65.93333;4520;20;10-aug-80;01:56:00;20;NaN;NaN;2;1.04;0.565
181079022_281;47;47.55;-65.93333;4521;10;10-aug-80;01:56:00;10;NaN;NaN;1.84;0.985;0.71
181079022_282;48;42.57167;-66.12667;4522;71;10-aug-81;02:54:00;72;33.902;NaN;7.575;1.43;12.195
181079022_282;48;42.57167;-66.12667;4523;71;10-aug-81;02:54:00;72;33.8995;NaN;7.58;1.535;12.16
181079022_282;48;42.57167;-66.12667;4524;60;10-aug-81;02:54:00;60;NaN;NaN;6.605;1.35;10.48
181079022_282;48;42.57167;-66.12667;4525;50;10-aug-81;02:54:00;50;NaN;NaN;7.435;1.45;11.845
181079022_282;48;42.57167;-66.12667;4526;50;10-aug-81;02:54:00;50;NaN;NaN;7.495;1.52;11.765
181079022_282;48;42.57167;-66.12667;4527;40;10-aug-81;02:54:00;40;NaN;NaN;6.855;1.38;10.77
181079022_282;48;42.57167;-66.12667;4528;30;10-aug-81;02:54:00;30;NaN;NaN;6.595;1.32;8.89
181079022_282;48;42.57167;-66.12667;4529;20;10-aug-81;02:54:00;20;NaN;NaN;3.64;1.11;3.52
181079022_282;48;42.57167;-66.12667;4530;10;10-aug-81;02:54:00;10;NaN;NaN;1.93;0.995;0.88
181079022_283;49;42.60167;-66.32333;4531;139;10-aug-82;04:10:00;140;35.0605;NaN;0.91;0.6;0.35
181079022_283;49;42.60167;-66.32333;4532;139;10-aug-82;04:10:00;140;35.0595;NaN;1.075;0.56;0.335
181079022_283;49;42.60167;-66.32333;4533;99;10-aug-82;04:10:00;100;NaN;NaN;1.22;0.62;0.625
181079022_283;49;42.60167;-66.32333;4534;74;10-aug-82;04:10:00;75;NaN;NaN;3.9;0.905;4.73
181079022_283;49;42.60167;-66.32333;4535;50;10-aug-82;04:10:00;50;NaN;NaN;4.075;0.905;4.77
181079022_283;49;42.60167;-66.32333;4536;50;10-aug-82;04:10:00;50;NaN;NaN;7.965;1.295;14.025
181079022_283;49;42.60167;-66.32333;4537;30;10-aug-82;04:10:00;30;NaN;NaN;8.05;1.26;15.295
181079022_283;49;42.60167;-66.32333;4538;20;10-aug-82;04:10:00;20;NaN;NaN;8.565;1.305;16.21
181079022_283;49;42.60167;-66.32333;4539;10;10-aug-82;04:10:00;10;NaN;NaN;8.595;1.275;15.615
181079022_284;5;43.13333;-64.63333;4145;123;07-aug-79;08:30:00;124;34.0505;3.29;14.44;1.685;17.225
181079022_284;5;43.13333;-64.63333;4146;123;07-aug-79;08:30:00;124;34.048;1.57;14.47;2.09;17.42
181079022_284;5;43.13333;-64.63333;4147;99;07-aug-79;08:30:00;100;NaN;2.5;9.735;1.545;12.675
181079022_284;5;43.13333;-64.63333;4148;74;07-aug-79;08:30:00;75;NaN;1.84;7.525;1.385;10.775
181079022_284;5;43.13333;-64.63333;4149;50;07-aug-79;08:30:00;50;NaN;4.53;5.06;1.315;7.68
181079022_284;5;43.13333;-64.63333;4150;50;07-aug-79;08:30:00;50;NaN;4.6;4.93;1.2;7.14
181079022_284;5;43.13333;-64.63333;4151;30;07-aug-79;08:30:00;30;NaN;4.97;0.97;0.775;0.38
181079022_284;5;43.13333;-64.63333;4152;20;07-aug-79;08:30:00;20;NaN;5.26;0.785;0.98;0.62
181079022_284;5;43.13333;-64.63333;4153;10;07-aug-79;08:30:00;10;NaN;4.1;0.65;1.175;0.345
181079022_285;50;42.66667;-66.5;4540;158;10-aug-79;05:29:00;159;34.9975;NaN;9.215;1.365;16.635
181079022_285;50;42.66667;-66.5;4541;158;10-aug-79;05:29:00;159;34.9975;NaN;7.71;1.19;13.88
181079022_285;50;42.66667;-66.5;4542;149;10-aug-79;05:29:00;150;NaN;NaN;9.17;1.355;16.435
181079022_285;50;42.66667;-66.5;4543;99;10-aug-79;05:29:00;100;NaN;NaN;8.725;1.275;15.685
181079022_285;50;42.66667;-66.5;4544;74;10-aug-79;05:29:00;75;NaN;NaN;8.145;1.285;14.235
181079022_285;50;42.66667;-66.5;4545;50;10-aug-79;05:29:00;50;NaN;NaN;5.245;1;8.07
181079022_285;50;42.66667;-66.5;4546;30;10-aug-79;05:29:00;30;NaN;NaN;2.845;0.865;3.76
181079022_285;50;42.66667;-66.5;4547;20;10-aug-79;05:29:00;20;NaN;NaN;1.25;0.59;0.575
181079022_285;50;42.66667;-66.5;4548;10;10-aug-79;05:29:00;10;NaN;NaN;1.175;0.6;0.44
181079022_295;51;42.83333;-66.5;4549;107;10-aug-79;06:53:00;108;34.3565;NaN;7.13;1.22;11.905
181079022_295;51;42.83333;-66.5;4550;107;10-aug-79;06:53:00;108;34.3565;NaN;7.995;1.225;13.1
181079022_295;51;42.83333;-66.5;4551;99;10-aug-79;06:53:00;100;NaN;NaN;8.165;1.27;13.62
181079022_295;51;42.83333;-66.5;4552;74;10-aug-79;06:53:00;75;NaN;NaN;7.795;1.235;12.285
181079022_295;51;42.83333;-66.5;4553;50;10-aug-79;06:53:00;50;NaN;NaN;7.455;1.22;12.035
181079022_295;51;42.83333;-66.5;4554;50;10-aug-79;06:53:00;50;NaN;NaN;7.565;1.205;12.105
181079022_295;51;42.83333;-66.5;4555;30;10-aug-79;06:53:00;30;NaN;NaN;6.48;1.12;9.92
181079022_295;51;42.83333;-66.5;4556;20;10-aug-79;06:53:00;20;NaN;NaN;5.475;1.015;7.67
181079022_295;51;42.83333;-66.5;4557;10;10-aug-79;06:53:00;10;NaN;NaN;3.395;0.855;3.145
181079022_296;52;42.95833;-66.5;4558;147;10-aug-79;08:09:00;148;34.5075;NaN;9.16;1.34;15.23
181079022_296;52;42.95833;-66.5;4559;147;10-aug-79;08:09:00;148;34.513;NaN;8.74;1.345;14.76
181079022_296;52;42.95833;-66.5;4560;99;10-aug-79;08:09:00;100;NaN;NaN;8.055;1.265;13.315
181079022_296;52;42.95833;-66.5;4561;74;10-aug-79;08:09:00;75;NaN;NaN;7.82;1.21;12.955
181079022_296;52;42.95833;-66.5;4562;50;10-aug-79;08:09:00;50;NaN;NaN;6.43;1.115;10.79
181079022_296;52;42.95833;-66.5;4563;50;10-aug-79;08:09:00;50;NaN;NaN;6.71;1.14;11.245
181079022_296;52;42.95833;-66.5;4564;30;10-aug-79;08:09:00;30;NaN;NaN;5.32;0.975;7.8
181079022_296;52;42.95833;-66.5;4565;20;10-aug-79;08:09:00;20;NaN;NaN;3.9;0.955;6.135
181079022_296;52;42.95833;-66.5;4566;10;10-aug-79;08:09:00;10;NaN;NaN;1.79;0.975;1.95
181079022_297;53;43.05833;-66.5;4567;92;10-aug-79;09:27:00;93;33.804;NaN;4.17;0.825;2.38
181079022_297;53;43.05833;-66.5;4568;92;10-aug-79;09:27:00;93;33.812;NaN;4.48;0.875;3
181079022_297;53;43.05833;-66.5;4569;92;10-aug-79;09:27:00;93;NaN;NaN;5.21;0.955;5.73
181079022_297;53;43.05833;-66.5;4570;74;10-aug-79;09:27:00;75;NaN;NaN;6.47;1.06;8.735
181079022_297;53;43.05833;-66.5;4571;50;10-aug-79;09:27:00;50;NaN;NaN;6.28;1.045;8.375
181079022_297;53;43.05833;-66.5;4572;50;10-aug-79;09:27:00;50;NaN;NaN;7.145;1.185;9.775
181079022_297;53;43.05833;-66.5;4573;30;10-aug-79;09:27:00;30;NaN;NaN;7.4;1.14;10.29
181079022_297;53;43.05833;-66.5;4574;20;10-aug-79;09:27:00;20;NaN;NaN;7.335;1.11;10.685
181079022_297;53;43.05833;-66.5;4575;10;10-aug-79;09:27:00;10;NaN;NaN;7.06;0.96;10.65
181079022_298;54;43.26667;-66.5;4576;89;10-aug-79;10:46:00;90;33.463;NaN;6.37;1.25;7.86
181079022_298;54;43.26667;-66.5;4577;89;10-aug-79;10:46:00;90;NaN;NaN;6.31;1.14;7.76
181079022_298;54;43.26667;-66.5;4578;89;10-aug-79;10:46:00;90;33.4645;NaN;5.195;0.965;6.42
181079022_298;54;43.26667;-66.5;4579;74;10-aug-79;10:46:00;75;NaN;NaN;6.13;1.01;7.37
181079022_298;54;43.26667;-66.5;4580;74;10-aug-79;10:46:00;75;NaN;NaN;5.995;1.185;7.375
181079022_298;54;43.26667;-66.5;4581;50;10-aug-79;10:46:00;50;NaN;NaN;6.115;1.04;7.26
181079022_298;54;43.26667;-66.5;4582;50;10-aug-79;10:46:00;50;NaN;NaN;5.75;1.045;6.77
181079022_298;54;43.26667;-66.5;4583;30;10-aug-79;10:46:00;30;NaN;NaN;6.05;1.5;6.965
181079022_298;54;43.26667;-66.5;4584;20;10-aug-79;10:46:00;20;NaN;NaN;5.595;1.365;6.58
181079022_298;54;43.26667;-66.5;4585;10;10-aug-79;10:46:00;10;NaN;NaN;5.685;1.185;6.27
181079022_299;55;43.5;-66.5;4586;99;10-aug-79;12:30:00;100;33.666;NaN;7.825;1.465;10.56
181079022_299;55;43.5;-66.5;4587;99;10-aug-79;12:30:00;100;33.68;NaN;7.91;1.53;10.535
181079022_299;55;43.5;-66.5;4588;74;10-aug-79;12:30:00;75;NaN;NaN;7.82;1.19;10.39
181079022_299;55;43.5;-66.5;4589;50;10-aug-79;12:30:00;50;NaN;NaN;6.075;1.125;7.835
181079022_299;55;43.5;-66.5;4590;50;10-aug-79;12:30:00;50;NaN;NaN;5.125;1.01;6.12
181079022_299;55;43.5;-66.5;4591;40;10-aug-79;12:30:00;40;NaN;NaN;3.655;0.865;3.065
181079022_299;55;43.5;-66.5;4592;30;10-aug-79;12:30:00;30;NaN;NaN;2.785;0.72;0.785
181079022_299;55;43.5;-66.5;4593;12;10-aug-79;12:30:00;12;NaN;NaN;2.595;0.72;0.465
181079022_299;55;43.5;-66.5;4594;10;10-aug-79;12:30:00;10;NaN;NaN;2.605;0.84;0.475
181079022_304;6;43.25;-64.8;4154;114;07-aug-79;09:47:00;115;33.8705;4.52;13.385;1.765;15.605
181079022_304;6;43.25;-64.8;4155;114;07-aug-79;09:47:00;115;33.87;4.3;13.655;1.56;15.95
181079022_304;6;43.25;-64.8;4156;99;07-aug-79;09:47:00;100;NaN;4.92;10.97;1.82;13.545
181079022_304;6;43.25;-64.8;4157;74;07-aug-79;09:47:00;75;NaN;5.82;6.925;1.235;9.82
181079022_304;6;43.25;-64.8;4158;50;07-aug-79;09:47:00;50;NaN;6.73;5.44;1.14;7.995
181079022_304;6;43.25;-64.8;4159;50;07-aug-79;09:47:00;50;NaN;6.62;5.645;1.22;8.37
181079022_304;6;43.25;-64.8;4160;30;07-aug-79;09:47:00;30;NaN;7.67;1.065;0.72;0.28
181079022_304;6;43.25;-64.8;4161;20;07-aug-79;09:47:00;20;NaN;7.38;0.895;0.675;0.33
181079022_304;6;43.25;-64.8;4162;10;07-aug-79;09:47:00;10;NaN;7.02;0.88;1.125;0.16
181079022_315;7;43.38333;-64.9;4163;139;07-aug-79;11:33:00;140;33.516;5.95;11.175;1.42;12.74
181079022_315;7;43.38333;-64.9;4164;139;07-aug-79;11:33:00;140;33.5145;3.19;9.17;1.24;10.11
181079022_315;7;43.38333;-64.9;4165;99;07-aug-79;11:33:00;100;NaN;4.14;9.895;1.835;12.98
181079022_315;7;43.38333;-64.9;4166;74;07-aug-79;11:33:00;75;NaN;3.35;7.205;1.31;10.84
181079022_315;7;43.38333;-64.9;4167;50;07-aug-79;11:33:00;50;NaN;2.42;3.3;1.035;5.915
181079022_315;7;43.38333;-64.9;4168;50;07-aug-79;11:33:00;50;NaN;3.92;4.46;1.23;7.98
181079022_315;7;43.38333;-64.9;4169;30;07-aug-79;11:33:00;30;NaN;4.77;1.205;0.87;1.98
181079022_315;7;43.38333;-64.9;4170;20;07-aug-79;11:33:00;20;NaN;4.85;1.06;0.76;0.205
181079022_315;7;43.38333;-64.9;4171;10;07-aug-79;11:33:00;10;NaN;6.61;0.53;0.58;0.17
181079022_326;8;43.46667;-65.06667;4172;107;07-aug-79;12:38:00;108;33.411;5.02;11.42;1.37;12.195
181079022_326;8;43.46667;-65.06667;4173;107;07-aug-79;12:38:00;108;33.4105;4.61;12.81;1.63;13.88
181079022_326;8;43.46667;-65.06667;4174;99;07-aug-79;12:38:00;100;NaN;4.63;12.47;1.475;13.505
181079022_326;8;43.46667;-65.06667;4175;74;07-aug-79;12:38:00;75;NaN;5.06;10.48;1.37;11.885
181079022_326;8;43.46667;-65.06667;4176;50;07-aug-79;12:38:00;50;NaN;6.68;5.215;1.39;6.31
181079022_326;8;43.46667;-65.06667;4177;50;07-aug-79;12:38:00;50;NaN;6.62;4.565;1.215;5.57
181079022_326;8;43.46667;-65.06667;4178;30;07-aug-79;12:38:00;30;NaN;NaN;0.945;0.895;0.755
181079022_326;8;43.46667;-65.06667;4179;20;07-aug-79;12:38:00;20;NaN;7.97;0.36;0.655;0.215
181079022_326;8;43.46667;-65.06667;4180;10;07-aug-79;12:38:00;10;NaN;7.51;0.405;0.62;0.235
181079022_339;9;43.56;-65.1;4181;55;07-aug-79;14:22:00;55;32.553;7.37;6.775;1.27;7.405
181079022_339;9;43.56;-65.1;4182;55;07-aug-79;14:22:00;55;32.577;6.22;7.21;1.37;7.96
181079022_339;9;43.56;-65.1;4183;50;07-aug-79;14:22:00;50;NaN;6.19;7.205;1.285;7.965
181079022_339;9;43.56;-65.1;4184;50;07-aug-79;14:22:00;50;NaN;NaN;5.82;1.275;6.55
181079022_339;9;43.56;-65.1;4185;40;07-aug-79;14:22:00;40;NaN;6.68;5.78;1.225;6.53
181079022_339;9;43.56;-65.1;4186;30;07-aug-79;14:22:00;30;NaN;6.83;4.485;1.165;5.355
181079022_339;9;43.56;-65.1;4187;20;07-aug-79;14:22:00;20;NaN;7.39;2.645;1.005;2.78
181079022_339;9;43.56;-65.1;4188;10;07-aug-79;14:22:00;10;NaN;7.91;0.935;0.805;0.71
181079022_339;9;43.56;-65.1;4189;10;07-aug-79;14:22:00;10;NaN;7.62;0.73;0.78;0.395
