CTD;CTD;CTD;CTD;CTD;CTD;CTD;CTD;CTD;CTD;CTD;labo;labo;labo;labo;labo;labo;CTD
Fichier;Station;Latitude;Longitude;Echantillon;zbouteille;Date;Heure;PSAL;TE90;DOXY;OXYM_01;NO2_01;PO4_01;NOx_01;Si_01;CHL_03;FLOR
(nom);(nom/no);(degres);(degres);(no_unique);(dbar);(jj-mmm-yyyy);(GMT);(psu);(celsius);(ml/l);(mmol/m**3);(mmol/m**3);(mmol/m**3);(mmol/m**3);(mmol/m**3);(mg/m**3);(mg/m**3)
18HU06060_876;551;47.83;-64.24817;290679;33.71;06-nov-06;05:25:00;30.12;6.54;297.83754;6.53;0.17;0.685;4.525;6.595;0.32;0.856
18HU06060_876;551;47.83;-64.24817;290680;25.38;06-nov-06;05:25:00;29.68;6.29;304.31324;6.85;0.185;0.73;5.59;7.29;0.39;1.119
18HU06060_876;551;47.83;-64.24817;290681;14.48;06-nov-06;05:25:00;29.41;6.85;305.38508;6.823;0.16;0.62;4.05;6.53;0.805;1.822
18HU06060_876;551;47.83;-64.24817;290682;5.16;06-nov-06;05:25:00;29.35;6.92;306.05498;6.827;0.145;0.565;3.295;5.96;0.915;1.947
18HU06060_876;551;47.83;-64.24817;290683;2.38;06-nov-06;05:25:00;29.34;6.92;305.87634;6.839;0.145;0.57;3.31;5.67;1.02;1.982
18HU06060_877;561;47.74017;-64.00117;290684;72.67;06-nov-06;06:47:00;31.99;1.53;234.6883;5.057;0.12;1.465;14;26.59;0.19;0.448
18HU06060_877;561;47.74017;-64.00117;290685;49.77;06-nov-06;06:47:00;30.45;4.81;304.26858;6.372;0.19;0.965;8.425;11.14;0.225;0.769
18HU06060_877;561;47.74017;-64.00117;290686;25.19;06-nov-06;06:47:00;29.6;6.55;305.42974;6.83;0.15;0.61;3.91;5.73;0.59;1.483
18HU06060_877;561;47.74017;-64.00117;290687;15.17;06-nov-06;06:47:00;29.54;6.68;305.38508;6.834;0.145;0.58;3.575;5.84;0.695;1.714
18HU06060_877;561;47.74017;-64.00117;290688;5.16;06-nov-06;06:47:00;29.54;6.68;305.60838;6.831;0.14;0.575;3.54;5.595;0.67;1.718
18HU06060_877;561;47.74017;-64.00117;290689;1.88;06-nov-06;06:47:00;29.54;6.68;305.34042;6.845;0.14;0.56;3.455;6.46;0.65;1.712
18HU06060_878;571;47.6595;-63.75117;290690;57.01;06-nov-06;08:10:00;31.5;2.98;281.98324;6.275;0.17;1.01;9.935;10.285;0.14;0.434
18HU06060_878;571;47.6595;-63.75117;290691;49.77;06-nov-06;08:10:00;31.09;3.54;291.27252;6.447;0.185;0.955;9.365;10.01;0.155;0.53
18HU06060_878;571;47.6595;-63.75117;290692;25.09;06-nov-06;08:10:00;29.91;4.56;319.36366;7.171;0.17;0.785;7.5;8.75;0.705;1.957
18HU06060_878;571;47.6595;-63.75117;290693;15.07;06-nov-06;08:10:00;29.77;5.25;313.87048;7.099;0.17;0.695;6.3;8.185;0.96;1.983
18HU06060_878;571;47.6595;-63.75117;290694;5.16;06-nov-06;08:10:00;29.67;5.72;310.52098;6.97;0.19;0.63;5.54;7.715;0.735;1.765
18HU06060_878;571;47.6595;-63.75117;290695;2.28;06-nov-06;08:10:00;29.67;5.72;310.69962;6.962;0.155;0.71;5.595;7.135;0.72;1.769
18HU06060_879;581;47.499;-63.25033;290696;66.83;06-nov-06;10:20:00;32.15;0.86;230.75822;5.239;0.045;1.48;14.75;25.61;0.085;0.339
18HU06060_879;581;47.499;-63.25033;290697;50.17;06-nov-06;10:20:00;32.11;0.89;262.95808;5.414;0.03;1.435;14.125;23.655;0.08;0.319
18HU06060_879;581;47.499;-63.25033;290698;24.99;06-nov-06;10:20:00;30.1;6.43;308.51128;6.921;0.14;0.59;3.595;4.185;0.975;2.289
18HU06060_879;581;47.499;-63.25033;290699;15.57;06-nov-06;10:20:00;30.03;6.3;309.31516;6.934;0.145;0.6;3.76;4.245;1.115;2.561
18HU06060_879;581;47.499;-63.25033;290700;5.45;06-nov-06;10:20:00;30.03;6.28;309.31516;6.933;0.145;0.6;3.69;4.25;1.165;2.555
18HU06060_879;581;47.499;-63.25033;290701;1.59;06-nov-06;10:20:00;30.03;6.27;309.4938;6.9345;0.145;0.6;3.685;4.245;1.085;2.567
18HU06060_880;591;47.32967;-62.75017;290702;45.12;06-nov-06;12:46:00;32.07;0.76;225.17572;4.9775;0.045;1.54;15.34;28.635;0.09;0.343
18HU06060_880;591;47.32967;-62.75017;290703;25.29;06-nov-06;12:46:00;30.76;6.33;307.08216;6.864;0.105;0.515;2.375;3.66;0.745;1.607
18HU06060_880;591;47.32967;-62.75017;290704;14.48;06-nov-06;12:46:00;30.67;6.33;308.86856;6.924;0.11;0.495;2.29;3.375;1.04;2.483
18HU06060_880;591;47.32967;-62.75017;290705;5.16;06-nov-06;12:46:00;30.67;6.31;309.2705;6.946;0.115;0.49;2.275;3.32;1.06;2.509
18HU06060_880;591;47.32967;-62.75017;290706;2.97;06-nov-06;12:46:00;30.67;6.31;309.18118;6.939;0.12;0.49;2.245;3.205;1.135;2.25
18HU06060_881;601;47.17;-62.25017;290707;33.42;06-nov-06;15:28:00;31.66;2.27;278.0085;6.045;0.135;1.11;10.21;16.59;0.335;0.799
18HU06060_881;601;47.17;-62.25017;290708;25.19;06-nov-06;15:28:00;31.05;4.84;301.6783;6.544;0.115;0.72;5.245;9.26;0.585;1.634
18HU06060_881;601;47.17;-62.25017;290709;15.07;06-nov-06;15:28:00;30.73;6.12;304.93848;6.803;0.095;0.525;2.77;5.945;0.89;2.708
18HU06060_881;601;47.17;-62.25017;290710;5.65;06-nov-06;15:28:00;30.64;6.45;304.93848;6.84;0.105;0.49;2.39;5.47;1.355;3.285
18HU06060_881;601;47.17;-62.25017;290711;2.18;06-nov-06;15:28:00;30.64;6.46;304.89382;6.824;0.095;0.47;2.24;5.395;1.36;2.998
18HU06060_882;611;46.99983;-61.75067;290712;33.32;06-nov-06;17:49:00;31.18;4.35;285.28808;6.3545;0.135;0.86;6.95;11.155;0.44;1.103
18HU06060_882;611;46.99983;-61.75067;290713;25.19;06-nov-06;17:49:00;31.13;4.87;299.40064;6.493;0.135;0.805;6.195;10.04;0.405;1.321
18HU06060_882;611;46.99983;-61.75067;290714;15.07;06-nov-06;17:49:00;30.88;5.66;311.01224;6.955;0.11;0.65;4.26;6.75;1.07;2.318
18HU06060_882;611;46.99983;-61.75067;290715;5.16;06-nov-06;17:49:00;30.72;5.89;311.45884;6.979;0.065;0.465;2.255;4.4;1.135;2.509
18HU06060_882;611;46.99983;-61.75067;290716;2.28;06-nov-06;17:49:00;30.67;6.01;311.36952;6.9765;0.1;0.57;3.32;6.075;1.18;2.244
18HU06060_883;621;46.90233;-61.5005;290717;50.27;06-nov-06;19:50:00;31.9;1.2;265.10176;5.8565;0.11;1.245;12.105;19.25;0.205;0.516
18HU06060_883;621;46.90233;-61.5005;290718;24.89;06-nov-06;19:50:00;31.11;5.65;302.88412;6.819;0.105;0.655;4.475;6.76;0.51;1.774
18HU06060_883;621;46.90233;-61.5005;290719;15.07;06-nov-06;19:50:00;31.08;5.7;309.58312;6.919;0.095;0.595;3.785;5.81;0.855;2.35
18HU06060_883;621;46.90233;-61.5005;290720;5.55;06-nov-06;19:50:00;31.05;5.59;309.9404;6.95;0.1;0.605;3.83;5.965;0.875;2.321
18HU06060_883;621;46.90233;-61.5005;290721;1.88;06-nov-06;19:50:00;31.03;5.56;309.9404;6.953;0.1;0.62;3.83;6.275;0.875;2.182
18HU06060_884;631;46.83067;-61.24967;290722;49.78;06-nov-06;21:16:00;31.83;0.78;268.04932;6.0025;0.045;1.245;11.72;18.475;0.11;0.41
18HU06060_884;631;46.83067;-61.24967;290723;25.39;06-nov-06;21:16:00;30.27;6.75;299.75792;6.015;0.05;1.275;12.05;19.07;0.095;1.663
18HU06060_884;631;46.83067;-61.24967;290724;14.97;06-nov-06;21:16:00;30.18;7.05;299.75792;6.716;0.105;0.53;2.825;5.4;0.7;2.109
18HU06060_884;631;46.83067;-61.24967;290725;5.95;06-nov-06;21:16:00;30.12;7.04;301.85694;6.733;0.1;0.525;2.7;4.51;0.73;2.119
18HU06060_884;631;46.83067;-61.24967;290726;1.88;06-nov-06;21:16:00;30.08;7.08;302.25888;6.734;0.1;0.55;2.85;4.605;0.795;2.429
18HU06060_885;641;46.746;-60.999;290727;50.08;06-nov-06;22:53:00;30.14;7.56;292.7463;6.517;0.105;0.505;2.485;5.19;0.695;1.645
18HU06060_885;641;46.746;-60.999;290728;25.29;06-nov-06;22:53:00;29.78;8.21;292.61232;6.511;0.1;0.455;2.07;4.675;0.68;1.871
18HU06060_885;641;46.746;-60.999;290729;15.17;06-nov-06;22:53:00;29.66;8.22;293.8628;6.561;0.095;0.45;2.01;4.585;0.86;2.294
18HU06060_885;641;46.746;-60.999;290730;5.16;06-nov-06;22:53:00;29.15;8.96;293.50552;6.446;0.12;0.445;1.575;4.775;1.155;2.27
18HU06060_885;641;46.746;-60.999;290731;2.38;06-nov-06;22:53:00;29.35;8.73;293.46086;6.495;0.11;0.44;1.695;5.475;1.165;2.149
18HU06060_886;651;46.95833;-60.21533;290732;71.19;07-nov-06;03:05:00;31.52;1.5;262.8241;5.8075;0.075;1.24;12.095;18.925;0.175;0.486
18HU06060_886;651;46.95833;-60.21533;290733;50.27;07-nov-06;03:05:00;30.26;6.62;283.09974;6.252;0.105;0.69;5.02;8.425;0.41;1.041
18HU06060_886;651;46.95833;-60.21533;290734;25.29;07-nov-06;03:05:00;29.91;7.86;289.3968;6.457;0.105;0.535;2.965;5.805;0.67;1.463
18HU06060_886;651;46.95833;-60.21533;290735;15.07;07-nov-06;03:05:00;29.82;8.01;288.63758;6.453;0.105;0.525;2.84;5.63;0.735;1.581
18HU06060_886;651;46.95833;-60.21533;290736;5.75;07-nov-06;03:05:00;29.8;7.99;288.5036;6.445;0.1;0.51;2.8;5.48;0.665;1.562
18HU06060_886;651;46.95833;-60.21533;290737;1.98;07-nov-06;03:05:00;29.8;7.99;288.01234;6.446;0.105;0.52;2.84;5.72;0.625;1.514
18HU06060_887;661;47.02117;-60.1165;290738;172.48;07-nov-06;04:26:00;33.37;2.93;194.85158;4.414;0.075;1.47;17.355;21.97;NaN;0.304
18HU06060_887;661;47.02117;-60.1165;290739;98.65;07-nov-06;04:26:00;32.24;1.57;258.17946;5.838;0.045;1.23;12.47;16.355;0.11;0.394
18HU06060_887;661;47.02117;-60.1165;290740;47.99;07-nov-06;04:26:00;30.5;6.77;303.28606;6.793;0.105;0.52;2.575;5.13;1.04;2.541
18HU06060_887;661;47.02117;-60.1165;290741;25.88;07-nov-06;04:26:00;30.29;7.12;301.63364;6.762;0.105;0.49;2.255;4.98;1.095;2.77
18HU06060_887;661;47.02117;-60.1165;290742;15.07;07-nov-06;04:26:00;29.98;7.82;295.02396;6.639;0.105;0.48;2.135;4.51;1.02;2.331
18HU06060_887;661;47.02117;-60.1165;290743;5.36;07-nov-06;04:26:00;29.83;8.08;291.27252;6.523;0.1;0.465;1.985;4.595;0.895;2.125
18HU06060_887;661;47.02117;-60.1165;290744;2.28;07-nov-06;04:26:00;29.45;8.23;291.76378;6.5315;0.1;0.445;1.685;4.315;0.77;1.769
18HU06060_888;671;47.09983;-59.99183;290745;322.64;07-nov-06;05:55:00;34.62;5.34;119.42084;2.7245;0.06;1.795;23.595;35.73;NaN;0.257
18HU06060_888;671;47.09983;-59.99183;290746;297.79;07-nov-06;05:55:00;34.56;5.35;118.70628;2.663;0.05;1.79;23.26;34.29;NaN;0.253
18HU06060_888;671;47.09983;-59.99183;290747;198.74;07-nov-06;05:55:00;33.89;4.04;152.69254;3.37;0.045;1.675;20.68;20.51;NaN;0.261
18HU06060_888;671;47.09983;-59.99183;290748;100.33;07-nov-06;05:55:00;32.79;1.98;254.47268;5.686;0.045;1.205;12.555;15.27;0.065;0.303
18HU06060_888;671;47.09983;-59.99183;290749;50.27;07-nov-06;05:55:00;31.35;6.37;294.0861;6.485;0.115;0.57;3.44;4.88;0.45;1.116
18HU06060_888;671;47.09983;-59.99183;290750;24.99;07-nov-06;05:55:00;30.85;6.51;302.88412;6.794;0.105;0.53;3.11;5.205;0.965;2.184
18HU06060_888;671;47.09983;-59.99183;290751;15.07;07-nov-06;05:55:00;30.71;6.34;302.25888;6.773;0.11;0.59;3.705;6.32;0.89;2.123
18HU06060_888;671;47.09983;-59.99183;290752;5.26;07-nov-06;05:55:00;30.67;6.33;303.19674;6.793;0.11;0.6;3.65;6.145;0.83;2.1
18HU06060_888;671;47.09983;-59.99183;290753;2.18;07-nov-06;05:55:00;30.65;6.32;303.59868;6.803;0.09;0.57;3.49;6.24;0.775;2.09
18HU06060_889;681;47.2715;-59.78283;290754;451.61;07-nov-06;07:54:00;34.86;5.1;170.06528;3.887;0.045;1.585;21.8;30.79;NaN;0.224
18HU06060_889;681;47.2715;-59.78283;290755;396.68;07-nov-06;07:54:00;34.85;5.18;167.0284;3.806;0.035;1.605;22.355;30.61;NaN;0.215
18HU06060_889;681;47.2715;-59.78283;290756;297.19;07-nov-06;07:54:00;34.77;5.89;151.57604;3.491;0.03;1.6;23.03;24.715;NaN;0.21
18HU06060_889;681;47.2715;-59.78283;290757;198.04;07-nov-06;07:54:00;34.2;5.52;204.14086;4.443;0.035;1.305;17.56;15.45;NaN;0.212
18HU06060_889;681;47.2715;-59.78283;290758;99.34;07-nov-06;07:54:00;32.74;1.59;301.99092;6.852;0.035;0.92;8.26;6.935;0.035;0.253
18HU06060_889;681;47.2715;-59.78283;290759;49.97;07-nov-06;07:54:00;32.05;5.39;297.16764;6.641;0.175;0.63;4.255;3.365;0.14;0.447
18HU06060_889;681;47.2715;-59.78283;290760;24.89;07-nov-06;07:54:00;31.33;8.06;296.989;6.651;0.095;0.375;0.97;2.085;0.95;2.434
18HU06060_889;681;47.2715;-59.78283;290761;15.57;07-nov-06;07:54:00;31.33;8.06;296.89968;6.646;0.1;0.36;0.915;1.455;1.06;2.423
18HU06060_889;681;47.2715;-59.78283;290762;5.75;07-nov-06;07:54:00;31.33;8.06;296.81036;6.647;0.095;0.365;0.895;1.82;1.03;2.411
18HU06060_889;681;47.2715;-59.78283;290763;1.59;07-nov-06;07:54:00;31.33;8.06;297.12298;6.649;0.1;0.36;0.9;2.045;1.09;2.432
18HU06060_890;691;47.43333;-59.55733;290764;468.52;07-nov-06;10:15:00;34.86;5.03;175.42448;4.012;0.04;1.52;20.32;30.97;NaN;0.226
18HU06060_890;691;47.43333;-59.55733;290765;395.19;07-nov-06;10:15:00;34.86;5.08;170.06528;3.888;0.015;1.52;19.305;30.73;NaN;0.22
18HU06060_890;691;47.43333;-59.55733;290766;298.87;07-nov-06;10:15:00;34.78;5.66;155.10418;3.559;0.04;1.585;22.755;25.32;NaN;0.209
18HU06060_890;691;47.43333;-59.55733;290767;198.73;07-nov-06;10:15:00;34.64;6.53;159.16824;3.659;0.04;1.45;21.035;18.64;NaN;0.204
18HU06060_890;691;47.43333;-59.55733;290768;99.44;07-nov-06;10:15:00;33.19;1.48;277.69588;6.368;0.18;1.045;10.805;9.845;0.035;0.243
18HU06060_890;691;47.43333;-59.55733;290769;49.78;07-nov-06;10:15:00;32.72;4.75;297.6589;6.656;0.255;0.675;5.315;4.205;0.11;0.44
18HU06060_890;691;47.43333;-59.55733;290770;24.99;07-nov-06;10:15:00;31.47;7.72;301.9016;6.715;0.095;0.39;1.365;2.46;1.3;2.726
18HU06060_890;691;47.43333;-59.55733;290771;15.57;07-nov-06;10:15:00;31.4;7.6;301.85694;6.751;0.11;0.39;1.45;2.57;1.365;3.088
18HU06060_890;691;47.43333;-59.55733;290772;5.35;07-nov-06;10:15:00;31.38;7.54;301.85694;6.754;0.11;0.39;1.475;2.53;1.36;3.134
18HU06060_890;691;47.43333;-59.55733;290773;1.69;07-nov-06;10:15:00;31.38;7.51;302.03558;6.738;0.105;0.395;1.485;2.815;1.325;3.086
18HU06060_891;701;47.58383;-59.34217;290774;249.84;07-nov-06;12:22:00;34.72;6.14;172.1643;3.9055;0.065;1.455;21.35;19.295;NaN;0.219
18HU06060_891;701;47.58383;-59.34217;290775;198.63;07-nov-06;12:22:00;33.85;4.06;225.0864;5.085;0.085;1.22;15.305;14.105;NaN;0.234
18HU06060_891;701;47.58383;-59.34217;290776;99.44;07-nov-06;12:22:00;32.95;1.78;293.77348;6.61;0.135;0.96;9.295;7.235;0.055;0.275
18HU06060_891;701;47.58383;-59.34217;290777;49.97;07-nov-06;12:22:00;32.36;3.98;299.222;6.787;0.14;0.69;5.38;4.21;0.145;0.549
18HU06060_891;701;47.58383;-59.34217;290778;25.38;07-nov-06;12:22:00;31.82;7.58;294.44338;6.597;0.14;0.42;1.845;2.355;0.455;1.33
18HU06060_891;701;47.58383;-59.34217;290779;15.57;07-nov-06;12:22:00;31.78;8.18;293.81814;6.558;0.12;0.38;1.22;1.775;0.65;1.749
18HU06060_891;701;47.58383;-59.34217;290780;5.65;07-nov-06;12:22:00;31.68;8.16;294.57736;6.612;0.11;0.35;0.86;1.505;0.855;1.918
18HU06060_891;701;47.58383;-59.34217;290781;2.08;07-nov-06;12:22:00;31.68;8.15;295.02396;6.606;0.115;0.365;0.865;1.485;0.88;1.694
18HU06060_892;711;47.67083;-59.86867;290782;507.49;07-nov-06;21:43:00;34.87;5.02;177.25554;4.023;0.055;1.54;21.05;29.905;NaN;0.227
18HU06060_892;711;47.67083;-59.86867;290783;396.57;07-nov-06;21:43:00;34.84;5.37;173.59342;3.956;0.06;1.525;22.075;24.53;NaN;0.205
18HU06060_892;711;47.67083;-59.86867;290784;297.37;07-nov-06;21:43:00;34.73;6.11;154.38962;3.519;0.05;1.565;22.925;22.36;NaN;0.215
18HU06060_892;711;47.67083;-59.86867;290785;199.12;07-nov-06;21:43:00;34.08;5.13;207.31172;3.514;0.05;1.375;17.78;18.18;NaN;0.225
18HU06060_892;711;47.67083;-59.86867;290786;99.93;07-nov-06;21:43:00;32.76;1.59;304.49188;6.912;0.07;0.895;8.08;6.19;0.04;0.276
18HU06060_892;711;47.67083;-59.86867;290787;49.38;07-nov-06;21:43:00;32.26;4.77;299.222;6.717;0.185;0.675;5.04;3.75;0.155;0.61
18HU06060_892;711;47.67083;-59.86867;290788;25.29;07-nov-06;21:43:00;31.39;8.31;296.0958;6.608;0.12;0.36;0.955;1.905;0.93;2.427
18HU06060_892;711;47.67083;-59.86867;290789;15.17;07-nov-06;21:43:00;31.38;8.31;296.05114;6.614;0.12;0.36;0.93;1.355;0.94;2.453
18HU06060_892;711;47.67083;-59.86867;290790;6.15;07-nov-06;21:43:00;31.38;8.32;296.3191;6.614;0.115;0.35;0.92;1.4;0.935;2.42
18HU06060_892;711;47.67083;-59.86867;290791;2.48;07-nov-06;21:43:00;31.38;8.31;296.5424;6.615;0.115;0.345;0.915;1.515;0.94;2.409
