CTD;CTD;CTD;CTD;CTD;CTD;CTD;CTD;CTD;labo;labo;terrain;labo;labo;labo;labo
Fichier;Station;Latitude;Longitude;Echantillon;zbouteille;Date;Heure;PRES;PSAL_BS;OXYM_01;TEMP_XX;Si_01;PO4_01;NOx_01;CHL_03
(nom);(nom/no);(degres);(degres);(no_unique);(dbar);(jj-mmm-yyyy);(GMT);(dbar);(PSU);(mmol/m**3);(celsius);(mmol/m**3);(mmol/m**3);(mmol/m**3);(mg/m**3)
18HU05656_002;STN27;47.5457;-52.5858;260498;169;28-nov-05;21:38:00;169.91;33.36;6.39050604567846;-0.38;17.56;0.94;13.14;0.07
18HU05656_002;STN27;47.5457;-52.5858;260499;152;28-nov-05;21:38:00;153.06;32.99;6.95029108822212;-0.74;9.95;0.68;9.49;0.04
18HU05656_002;STN27;47.5457;-52.5858;260500;99;28-nov-05;21:38:00;99.94;32.58;7.33990147783251;0.3;6.47;0.55;6.24;0.09
18HU05656_002;STN27;47.5457;-52.5858;260501;75;28-nov-05;21:38:00;75.64;32.52;7.31079265562024;2.81;4.1;0.45;2.44;0.23
18HU05656_002;STN27;47.5457;-52.5858;260502;50;28-nov-05;21:38:00;50.46;32.17;7.2794446932378;3.24;3.51;0.29;2.59;0.28
18HU05656_002;STN27;47.5457;-52.5858;260503;40;28-nov-05;21:38:00;40.02;31.83;7.2704881325571;4.13;3.51;0.32;1.89;1.04
18HU05656_002;STN27;47.5457;-52.5858;260504;30;28-nov-05;21:38:00;30.16;31.64;7.10031347962383;5.07;3.33;0.33;1.35;0.89
18HU05656_002;STN27;47.5457;-52.5858;260505;20;28-nov-05;21:38:00;20.09;31.61;7.08911777877295;5.23;3.44;0.32;1.55;0.95
18HU05656_002;STN27;47.5457;-52.5858;260506;10;28-nov-05;21:38:00;10.15;31.59;7.06000895656068;5.47;3.04;0.28;1.65;0.86
18HU05656_002;STN27;47.5457;-52.5858;260507;6;28-nov-05;21:38:00;5.59;31.59;7.05105239587998;5.46;3.14;0.3;1.01;0.86
18HU05656_003;SEGB-09;44.725;-51.395;260542;69;29-nov-05;18:30:00;69.53;32.74;6.20017913121361;2.69;9.47;0.52;5.18;0.19
18HU05656_003;SEGB-09;44.725;-51.395;260543;50;29-nov-05;18:30:00;49.97;32.61;5.9807433945365;5.47;5.64;0.3;1.82;0.25
18HU05656_003;SEGB-09;44.725;-51.395;260544;40;29-nov-05;18:30:00;39.88;32.22;6.33004926108374;9.48;2.04;0.19;0.11;0.52
18HU05656_003;SEGB-09;44.725;-51.395;260545;29;29-nov-05;18:30:00;29.57;32.21;6.35020152261532;9.48;2.39;0.29;0.72;0.57
18HU05656_003;SEGB-09;44.725;-51.395;260546;20;29-nov-05;18:30:00;19.99;32.21;6.33900582176444;9.48;2.1;0.24;0.16;0.55
18HU05656_003;SEGB-09;44.725;-51.395;260547;10;29-nov-05;18:30:00;9.85;32.21;6.33900582176444;9.48;2.43;0.26;0.5;0.58
18HU05656_003;SEGB-09;44.725;-51.395;260548;5;29-nov-05;18:30:00;4.9;32.21;6.35020152261532;9.48;2.38;0.27;0.61;0.56
18HU05656_014;SEGB-10;44.3633;-51.1033;260549;68;29-nov-05;21:14:00;68.23;32.73;6.11061352440663;3.17;NaN;NaN;NaN;NaN
18HU05656_025;SEGB-11;44;-50.8083;260550;68;29-nov-05;23:46:00;68.3;32.81;5.96954769368563;3.03;11.73;0.98;7.4;0.3
18HU05656_025;SEGB-11;44;-50.8083;260551;51;29-nov-05;23:46:00;51.18;32.79;5.94939543215405;3.25;10.67;0.77;4.86;0.17
18HU05656_025;SEGB-11;44;-50.8083;260552;40;29-nov-05;23:46:00;40.37;32.79;5.81952530228392;3.74;10.51;0.75;4.16;0.16
18HU05656_025;SEGB-11;44;-50.8083;260553;30;29-nov-05;23:46:00;29.91;32.24;6.69950738916256;7.59;1.38;0.25;0.39;0.56
18HU05656_025;SEGB-11;44;-50.8083;260554;19;29-nov-05;23:46:00;19.59;32.24;6.69950738916256;7.61;1.98;0.29;0.37;0.57
18HU05656_025;SEGB-11;44;-50.8083;260555;10;29-nov-05;23:46:00;10.47;32.24;6.69950738916256;7.61;1.46;0.23;0.24;0.6
18HU05656_025;SEGB-11;44;-50.8083;260556;6;29-nov-05;23:46:00;5.62;32.24;6.71070309001344;7.61;1.91;0.27;0.24;0.6
18HU05656_036;SEGB-12;43.6333;-50.5167;260557;60;30-nov-05;02:49:00;60.62;33.02;6.48902821316614;1.24;11.93;0.84;6.81;0.63
18HU05656_036;SEGB-12;43.6333;-50.5167;260558;50;30-nov-05;02:49:00;50.89;33.01;6.50022391401702;1.28;10.98;0.7;7.14;0.35
18HU05656_036;SEGB-12;43.6333;-50.5167;260559;39;30-nov-05;02:49:00;39.13;32.62;6.75100761307658;5.47;1.56;0.35;0.24;0.21
18HU05656_036;SEGB-12;43.6333;-50.5167;260560;30;30-nov-05;02:49:00;29.74;32.49;6.90998656515898;6.34;1.34;0.27;0.24;0.64
18HU05656_036;SEGB-12;43.6333;-50.5167;260561;19;30-nov-05;02:49:00;19.25;32.48;6.90103000447828;6.35;1.38;0.29;0.24;0.61
18HU05656_036;SEGB-12;43.6333;-50.5167;260562;10;30-nov-05;02:49:00;10.51;32.48;6.90103000447828;6.35;2.57;0.48;0.44;0.57
18HU05656_036;SEGB-12;43.6333;-50.5167;260563;6;30-nov-05;02:49:00;5.76;32.48;6.90103000447828;6.35;1.72;0.35;0.24;0.6
18HU05656_047;SEGB-13;43.2;-50.1667;260564;59;30-nov-05;05:40:00;59.5;33.04;6.50022391401702;2.11;8.56;0.74;7.48;2.04
18HU05656_047;SEGB-13;43.2;-50.1667;260565;49;30-nov-05;05:40:00;49.69;33.04;6.50918047469772;2.14;7.58;0.59;5.46;1.12
18HU05656_047;SEGB-13;43.2;-50.1667;260566;39;30-nov-05;05:40:00;39.15;32.9;6.86072548141514;3.43;1.21;0.43;2.65;1.73
18HU05656_047;SEGB-13;43.2;-50.1667;260567;30;30-nov-05;05:40:00;29.74;32.76;7.2704881325571;4.56;1.52;0.4;0.41;1.2
18HU05656_047;SEGB-13;43.2;-50.1667;260568;19;30-nov-05;05:40:00;19.42;32.74;7.31079265562024;4.73;0.93;0.27;0.24;1.16
18HU05656_047;SEGB-13;43.2;-50.1667;260569;9;30-nov-05;05:40:00;8.93;32.74;7.31079265562024;4.73;0.91;0.32;0.16;1.09
18HU05656_047;SEGB-13;43.2;-50.1667;260570;4;30-nov-05;05:40:00;4.35;32.74;7.31079265562024;4.72;1.27;0.38;0.16;1.16
18HU05656_058;SEGB-14;42.92;-49.9417;260571;165;30-nov-05;08:15:00;166.11;34.01;6.48007165248545;1.72;NaN;NaN;NaN;NaN
18HU05656_069;SEGB-15;42.85;-49.8867;260572;397;30-nov-05;09:04:00;399.79;34.79;6.35020152261532;3.81;9.66;0.94;15.74;NaN
18HU05656_069;SEGB-15;42.85;-49.8867;260573;150;30-nov-05;09:04:00;150.65;33.85;6.67935512763099;1.46;8.44;0.68;10.89;NaN
18HU05656_069;SEGB-15;42.85;-49.8867;260574;100;30-nov-05;09:04:00;100.51;33.87;6.82042095835199;4.24;4.03;0.45;5.61;0.29
18HU05656_069;SEGB-15;42.85;-49.8867;260575;75;30-nov-05;09:04:00;75.88;33.63;7.06000895656068;3.6;3.14;0.35;3.83;0.54
18HU05656_069;SEGB-15;42.85;-49.8867;260576;51;30-nov-05;09:04:00;50.93;33.27;7.21003134796238;2.3;5.03;0.52;5.21;0.54
18HU05656_069;SEGB-15;42.85;-49.8867;260577;40;30-nov-05;09:04:00;40.6;33.17;7.18987908643081;2.58;5.06;0.54;5.03;0.59
18HU05656_069;SEGB-15;42.85;-49.8867;260578;30;30-nov-05;09:04:00;30.37;33.26;6.86072548141514;6.17;2.61;0.33;2.15;1.13
18HU05656_069;SEGB-15;42.85;-49.8867;260579;20;30-nov-05;09:04:00;20.54;33.24;6.54052843708016;8.27;1.97;0.32;0.97;1.3
18HU05656_069;SEGB-15;42.85;-49.8867;260580;10;30-nov-05;09:04:00;10.38;33.25;6.2897447380206;9.97;1.79;0.26;1.26;1.26
18HU05656_069;SEGB-15;42.85;-49.8867;260581;5;30-nov-05;09:04:00;5.42;33.25;6.26959247648903;10.02;1.38;0.2;0.32;1.27
18HU05656_080;SEGB-17;42.5883;-49.6833;260582;1487;30-nov-05;14:16:00;1494.13;34.87;6.41961486789073;3.62;NaN;NaN;NaN;NaN
18HU05656_080;SEGB-17;42.5883;-49.6833;260583;2609;30-nov-05;14:16:00;2614.18;34.91;6.20913569189431;2.88;12.07;0.93;15.82;NaN
18HU05656_080;SEGB-17;42.5883;-49.6833;260584;149;30-nov-05;14:16:00;150.33;34.94;4.63949843260188;6.04;12.13;1.34;19.63;NaN
18HU05656_080;SEGB-17;42.5883;-49.6833;260585;99;30-nov-05;14:16:00;100.14;34.51;5.66950291088222;4.24;9.64;1.1;14.91;0.03
18HU05656_080;SEGB-17;42.5883;-49.6833;260586;74;30-nov-05;14:16:00;74.97;34.31;6.1307657859382;3.79;7.99;0.83;13.41;0.05
18HU05656_080;SEGB-17;42.5883;-49.6833;260587;49;30-nov-05;14:16:00;49.65;33.97;6.54948499776086;4.14;5.27;0.72;9.91;0.11
18HU05656_080;SEGB-17;42.5883;-49.6833;260588;41;30-nov-05;14:16:00;40.84;33.82;6.60994178235558;5.31;3.33;0.46;6.16;0.28
18HU05656_080;SEGB-17;42.5883;-49.6833;260589;30;30-nov-05;14:16:00;30.33;33.52;6.73981191222571;6.51;2.74;0.54;3.78;1.03
18HU05656_080;SEGB-17;42.5883;-49.6833;260590;20;30-nov-05;14:16:00;20.1;33.41;6.80026869682042;7.1;1.55;0.26;1.43;2.23
18HU05656_080;SEGB-17;42.5883;-49.6833;260591;11;30-nov-05;14:16:00;10.82;33.43;6.84057321988357;7.13;2.26;0.41;3.11;2.12
18HU05656_080;SEGB-17;42.5883;-49.6833;260592;5;30-nov-05;14:16:00;5;NaN;NaN;NaN;1.76;0.38;1.72;2.2
18HU05656_091;SEGB-19;42.0817;-49.27;260594;3244;01-dec-05;00:04:00;3245.48;34.89;6.24944021495746;2.1;NaN;NaN;NaN;NaN
18HU05656_113;SEGB-01;46.5833;-52.9333;260508;48;29-nov-05;03:44:00;48.7;32.13;7.03090013434841;3.54;4.39;0.37;4.68;0.16
18HU05656_113;SEGB-01;46.5833;-52.9333;260509;31;29-nov-05;03:44:00;31.23;31.68;7.03985669502911;5.61;2.76;0.27;1.69;0.77
18HU05656_113;SEGB-01;46.5833;-52.9333;260510;20;29-nov-05;03:44:00;19.78;31.66;7.03985669502911;5.61;2.38;0.22;0.64;0.84
18HU05656_113;SEGB-01;46.5833;-52.9333;260511;10;29-nov-05;03:44:00;10.19;31.64;7.03090013434841;5.61;2.29;0.2;0.73;0.84
18HU05656_113;SEGB-01;46.5833;-52.9333;260512;5;29-nov-05;03:44:00;5.1;31.64;7.05105239587998;5.6;2.34;0.2;0.7;0.85
18HU05656_225;SEGB-02;46.5;-52.85;260513;173;29-nov-05;04:44:00;174.54;33.31;6.41065830721003;-0.46;NaN;NaN;NaN;NaN
18HU05656_264;SEGB-03;46.35;-52.7333;260514;167;29-nov-05;05:56:00;168.3;33.37;6.2807881773399;-0.34;17.3;0.75;13.32;NaN
18HU05656_264;SEGB-03;46.35;-52.7333;260515;150;29-nov-05;05:56:00;150.98;33.37;6.30094043887147;-0.36;17.39;0.92;13.51;NaN
18HU05656_264;SEGB-03;46.35;-52.7333;260516;99;29-nov-05;05:56:00;100.19;33.1;6.90103000447828;-0.82;11.93;0.97;11.27;0.05
18HU05656_264;SEGB-03;46.35;-52.7333;260517;75;29-nov-05;05:56:00;75.34;32.75;7.46081504702194;-1.24;8.08;0.64;9.4;0.05
18HU05656_264;SEGB-03;46.35;-52.7333;260518;50;29-nov-05;05:56:00;50.25;32.4;7.34885803851321;1.38;NaN;NaN;NaN;0.06
18HU05656_264;SEGB-03;46.35;-52.7333;260519;40;29-nov-05;05:56:00;40.23;32.24;7.18092252575011;3.17;3.56;0.31;2.62;0.14
18HU05656_264;SEGB-03;46.35;-52.7333;260520;30;29-nov-05;05:56:00;30.1;31.99;7.01074787281684;4.98;2.75;0.25;1.13;0.2
18HU05656_264;SEGB-03;46.35;-52.7333;260521;20;29-nov-05;05:56:00;19.87;31.8;6.99955217196597;5.75;2.62;0.29;0.59;0.46
18HU05656_264;SEGB-03;46.35;-52.7333;260522;10;29-nov-05;05:56:00;9.81;31.66;7.03985669502911;5.63;2.34;0.21;0.83;0.64
18HU05656_264;SEGB-03;46.35;-52.7333;260523;5;29-nov-05;05:56:00;4.86;31.66;7.03985669502911;5.63;2.83;0.27;1.22;0.74
18HU05656_279;FC-12;47;-48.1167;260720;129;05-dec-05;03:09:00;130.18;33.3;6.84057321988357;-0.55;12.88;0.89;11.39;NaN
18HU05656_279;FC-12;47;-48.1167;260721;100;05-dec-05;03:09:00;101.31;33.22;6.9704433497537;-0.69;12.37;1.05;12.22;0.08
18HU05656_279;FC-12;47;-48.1167;260722;76;05-dec-05;03:09:00;76.13;32.94;7.55038065382893;-0.76;7.38;0.9;8.31;0.07
18HU05656_279;FC-12;47;-48.1167;260723;50;05-dec-05;03:09:00;50.69;32.6;7.08016121809225;3.13;3.16;0.44;2.82;0.38
18HU05656_279;FC-12;47;-48.1167;260724;40;05-dec-05;03:09:00;40.43;32.38;7.03090013434841;4.33;2.53;0.41;1.01;0.47
18HU05656_279;FC-12;47;-48.1167;260725;30;05-dec-05;03:09:00;30.53;32.31;6.97939991043439;4.94;2.35;0.36;1.28;0.75
18HU05656_279;FC-12;47;-48.1167;260726;21;05-dec-05;03:09:00;20.75;32.31;6.99059561128527;4.95;3.47;0.57;2.02;0.77
18HU05656_279;FC-12;47;-48.1167;260727;10;05-dec-05;03:09:00;10.28;32.31;6.99955217196597;4.94;2.45;0.38;0.9;0.79
18HU05656_279;FC-12;47;-48.1167;260728;5;05-dec-05;03:09:00;5.2;32.31;7.01074787281684;4.95;3.09;0.47;1.89;0.78
18HU05656_280;FC-11;47;-48.6167;260729;98;05-dec-05;05:58:00;98.51;33.2;6.99059561128527;-0.68;NaN;NaN;NaN;NaN
18HU05656_281;FC-10;47;-49.1167;260730;76;05-dec-05;09:01:00;76.39;33.03;6.48007165248545;-0.32;12.04;1.16;9.53;0.66
18HU05656_281;FC-10;47;-49.1167;260731;51;05-dec-05;09:01:00;51.12;32.94;6.30989699955217;0.24;9.9;1.03;7.43;0.83
18HU05656_281;FC-10;47;-49.1167;260732;41;05-dec-05;09:01:00;41.26;32.45;6.56963725929243;4.1;2.06;0.51;1.48;1.24
18HU05656_281;FC-10;47;-49.1167;260733;31;05-dec-05;09:01:00;31.27;32.23;6.90103000447828;5.49;2.2;0.43;2.53;1.17
18HU05656_281;FC-10;47;-49.1167;260734;20;05-dec-05;09:01:00;20.59;32.23;6.90998656515898;5.49;1.87;0.41;0.27;1.2
18HU05656_281;FC-10;47;-49.1167;260735;11;05-dec-05;09:01:00;11.08;32.23;6.91894312583968;5.5;1.22;0.26;0.01;1.23
18HU05656_281;FC-10;47;-49.1167;260736;6;05-dec-05;09:01:00;6.15;32.23;6.91894312583968;5.49;1.04;0.25;0.08;1.25
18HU05656_282;FC-09;47;-50;260737;76;05-dec-05;13:22:00;76.98;33.02;6.56963725929243;-0.35;11.7;0.97;9.7;0.09
18HU05656_282;FC-09;47;-50;260738;50;05-dec-05;13:22:00;50.77;32.92;6.9704433497537;-0.13;8.56;0.89;7.88;0.09
18HU05656_282;FC-09;47;-50;260739;41;05-dec-05;13:22:00;41.67;32.29;6.82937751903269;5.02;2.11;0.34;1.33;0.37
18HU05656_282;FC-09;47;-50;260740;31;05-dec-05;13:22:00;31.71;32.11;6.75996417375728;6.03;2.02;0.31;0.6;0.79
18HU05656_282;FC-09;47;-50;260741;21;05-dec-05;13:22:00;21.01;32.07;6.73981191222571;6.2;1.77;0.26;0.18;0.84
18HU05656_282;FC-09;47;-50;260742;11;05-dec-05;13:22:00;10.73;32.06;6.76892073443798;6.24;1.57;0.23;0.07;0.85
18HU05656_282;FC-09;47;-50;260743;6;05-dec-05;13:22:00;6.27;32.05;6.82937751903269;6.23;2.38;0.37;2.1;0.8
18HU05656_283;FC-08;47;-50.6667;260744;172;05-dec-05;18:04:00;173.28;33.32;6.4308105687416;-0.39;NaN;NaN;NaN;NaN
18HU05656_284;SEGB-04;46.2083;-52.6083;260524;124;29-nov-05;07:52:00;124.98;33.35;6.30989699955217;-0.4;NaN;NaN;NaN;NaN
18HU05656_285;FC-06;47;-51.485;260745;96;06-dec-05;12:45:00;96.42;33.16;7.14957456336767;-0.76;NaN;NaN;NaN;NaN
18HU05656_295;FC-07;47;-51;260746;101;06-dec-05;14:54:00;101.72;33.17;6.65920286609942;-0.53;14.23;1.07;11.35;0.07
18HU05656_295;FC-07;47;-51;260747;76;06-dec-05;14:54:00;76.89;33.05;6.90103000447828;-0.58;10.51;0.89;9.87;0.06
18HU05656_295;FC-07;47;-51;260748;50;06-dec-05;14:54:00;50.78;32.75;7.2704881325571;0.53;5.64;0.6;5.61;0.09
18HU05656_295;FC-07;47;-51;260749;41;06-dec-05;14:54:00;41.33;32.12;6.93013882669055;4.6;2.39;0.36;0.81;0.54
18HU05656_295;FC-07;47;-51;260750;31;06-dec-05;14:54:00;30.91;32.11;6.93013882669055;4.65;2.75;0.43;1.56;0.58
18HU05656_295;FC-07;47;-51;260751;20;06-dec-05;14:54:00;19.71;32.11;6.93909538737125;4.65;2.4;0.3;0.46;0.57
18HU05656_295;FC-07;47;-51;260752;11;06-dec-05;14:54:00;11.09;32.11;6.97939991043439;4.65;2.4;0.35;0.28;0.61
18HU05656_295;FC-07;47;-51;260753;6;06-dec-05;14:54:00;5.69;32.11;6.99955217196597;4.65;2.17;0.3;0.54;0.58
18HU05656_296;FC-05;47;-50.0333;260754;132;06-dec-05;20:46:00;133.11;33.35;6.73981191222571;-0.48;14.95;0.95;12.72;NaN
18HU05656_296;FC-05;47;-50.0333;260755;98;06-dec-05;20:46:00;99.14;32.95;7.48096730855352;-0.95;8.87;0.89;10.2;0.04
18HU05656_296;FC-05;47;-50.0333;260756;76;06-dec-05;20:46:00;76.52;32.51;7.40931482310793;1.03;4.69;0.63;4.44;0.06
18HU05656_296;FC-05;47;-50.0333;260757;50;06-dec-05;20:46:00;50.27;31.77;6.86072548141514;5.19;2.6;0.36;0.52;0.57
18HU05656_296;FC-05;47;-50.0333;260758;42;06-dec-05;20:46:00;41.89;31.77;6.86072548141514;5.2;2.58;0.37;1.12;0.59
18HU05656_296;FC-05;47;-50.0333;260759;31;06-dec-05;20:46:00;31.36;31.77;6.86968204209584;5.2;2.76;0.43;0.6;0.6
18HU05656_296;FC-05;47;-50.0333;260760;21;06-dec-05;20:46:00;21.48;31.77;6.88087774294671;5.2;2.5;0.33;0.6;0.63
18HU05656_296;FC-05;47;-50.0333;260761;11;06-dec-05;20:46:00;11.14;31.77;6.88983430362741;5.2;2.8;0.37;1.35;0.59
18HU05656_296;FC-05;47;-50.0333;260762;6;06-dec-05;20:46:00;5.61;31.77;6.90103000447828;5.2;2.92;0.37;1.04;0.64
18HU05656_297;FC-04;47;-52.3217;260763;120;07-dec-05;01:29:00;121.03;33.14;6.99955217196597;-0.8;12.67;0.92;11;NaN
18HU05656_297;FC-04;47;-52.3217;260764;100;07-dec-05;01:29:00;100.52;33;7.31079265562024;-0.96;9.19;0.85;9.31;0.04
18HU05656_297;FC-04;47;-52.3217;260765;76;07-dec-05;01:29:00;76.15;32.77;7.5705329153605;-0.99;8.11;0.85;9.16;0.04
18HU05656_297;FC-04;47;-52.3217;260766;49;07-dec-05;01:29:00;49.88;32.41;7.16972682489924;2.06;4;0.52;3.31;0.11
18HU05656_297;FC-04;47;-52.3217;260767;40;07-dec-05;01:29:00;40.07;31.88;6.90103000447828;4.91;2.68;0.36;0.54;0.59
18HU05656_297;FC-04;47;-52.3217;260768;30;07-dec-05;01:29:00;30.09;31.88;6.90103000447828;4.91;2.14;0.3;0.59;0.61
18HU05656_297;FC-04;47;-52.3217;260769;20;07-dec-05;01:29:00;20.3;31.88;6.90103000447828;4.91;2.11;0.3;0.57;0.6
18HU05656_297;FC-04;47;-52.3217;260770;10;07-dec-05;01:29:00;10.18;31.88;6.90998656515898;4.9;2.31;0.31;0.56;0.62
18HU05656_297;FC-04;47;-52.3217;260771;5;07-dec-05;01:29:00;5.05;31.88;6.91894312583968;4.9;1.75;0.28;0.68;0.63
18HU05656_298;FC-03;47;-52.58;260772;152;07-dec-05;03:28:00;153.51;33.33;6.58083296014331;-0.5;16.53;1.08;12.64;NaN
18HU05656_298;FC-03;47;-52.58;260773;99;07-dec-05;03:28:00;99.99;32.78;7.55933721450963;-0.99;7.84;0.87;9.67;0.07
18HU05656_298;FC-03;47;-52.58;260774;76;07-dec-05;03:28:00;76.64;32.6;7.5794894760412;-0.21;5.93;0.79;6.35;0.06
18HU05656_298;FC-03;47;-52.58;260775;50;07-dec-05;03:28:00;49.91;32.44;7.08911777877295;2.69;3.55;0.5;2.79;0.12
18HU05656_298;FC-03;47;-52.58;260776;40;07-dec-05;03:28:00;39.89;32.09;7.06000895656068;3.7;2.63;0.37;1.25;0.57
18HU05656_298;FC-03;47;-52.58;260777;30;07-dec-05;03:28:00;29.98;31.95;7.05105239587998;3.97;2.75;0.37;1;0.86
18HU05656_298;FC-03;47;-52.58;260778;19;07-dec-05;03:28:00;19.59;31.95;7.06000895656068;3.97;2.84;0.38;1.01;0.88
18HU05656_298;FC-03;47;-52.58;260779;10;07-dec-05;03:28:00;10.04;31.94;7.06896551724138;3.96;2.96;0.4;0.94;0.85
18HU05656_298;FC-03;47;-52.58;260780;5;07-dec-05;03:28:00;5.37;31.94;7.08016121809225;3.96;2.74;0.37;1.02;0.86
18HU05656_299;FC-02;47;-52.705;260781;182;07-dec-05;04:37:00;183.03;33.36;6.56963725929243;-0.43;NaN;NaN;NaN;NaN
18HU05656_300;FC-01;47;-52.8317;260782;97;07-dec-05;05:28:00;97.69;32.7;7.36005373936408;0.19;5.59;0.67;5.36;0.07
18HU05656_300;FC-01;47;-52.8317;260783;76;07-dec-05;05:28:00;76.49;32.59;7.21898790864308;1.44;5.61;0.71;5.27;0.08
18HU05656_300;FC-01;47;-52.8317;260784;51;07-dec-05;05:28:00;51.74;32.44;7.12942230183609;2.52;4.15;0.56;2.97;0.11
18HU05656_300;FC-01;47;-52.8317;260785;41;07-dec-05;05:28:00;41.77;32.26;7.08016121809225;3.14;3.77;0.48;2.41;0.14
18HU05656_300;FC-01;47;-52.8317;260786;31;07-dec-05;05:28:00;31.45;32.16;7.05105239587998;3.37;3.61;0.45;2.11;0.16
18HU05656_300;FC-01;47;-52.8317;260787;21;07-dec-05;05:28:00;21.22;32.03;7.01970443349754;3.64;3.83;0.48;2.52;0.19
18HU05656_300;FC-01;47;-52.8317;260788;11;07-dec-05;05:28:00;11.42;32;7.01970443349754;3.65;3.38;0.38;1.72;0.19
18HU05656_300;FC-01;47;-52.8317;260789;7;07-dec-05;05:28:00;6.7;32;7.03090013434841;3.64;3.46;0.42;1.79;0.19
18HU05656_301;STN27;47.5467;-52.5867;260790;171;07-dec-05;09:55:00;172.28;33.36;6.4397671294223;-0.34;16.77;1.06;12.45;NaN
18HU05656_301;STN27;47.5467;-52.5867;260791;148;07-dec-05;09:55:00;149.7;33.11;6.93013882669055;-0.61;11.78;1.03;11.15;0.04
18HU05656_301;STN27;47.5467;-52.5867;260792;99;07-dec-05;09:55:00;100.27;32.64;7.23018360949395;0.96;5.34;0.66;5.31;0.09
18HU05656_301;STN27;47.5467;-52.5867;260793;75;07-dec-05;09:55:00;75.47;32.43;7.08016121809225;2.8;4.04;0.48;2.9;0.11
18HU05656_301;STN27;47.5467;-52.5867;260794;50;07-dec-05;09:55:00;50.07;31.96;6.9704433497537;4.1;3.7;0.44;2.5;0.26
18HU05656_301;STN27;47.5467;-52.5867;260795;40;07-dec-05;09:55:00;40.61;31.69;6.88983430362741;4.78;3.48;0.48;1.15;0.6
18HU05656_301;STN27;47.5467;-52.5867;260796;30;07-dec-05;09:55:00;29.98;31.64;6.84057321988357;4.95;3.22;0.39;0.94;0.77
18HU05656_301;STN27;47.5467;-52.5867;260797;20;07-dec-05;09:55:00;19.84;31.64;6.84952978056426;4.95;2.96;0.35;1.02;0.74
18HU05656_301;STN27;47.5467;-52.5867;260798;9;07-dec-05;09:55:00;9.29;31.64;6.84952978056426;4.95;2.66;0.31;0.78;0.78
18HU05656_301;STN27;47.5467;-52.5867;260799;5;07-dec-05;09:55:00;4.74;31.64;6.84952978056426;4.94;3.36;0.45;1.14;0.74
18HU05656_304;SEGB-05;46.07;-52.5;260525;85;29-nov-05;08:55:00;85.57;33.17;6.67935512763099;-0.66;12.68;0.86;11.57;0.06
18HU05656_304;SEGB-05;46.07;-52.5;260526;75;29-nov-05;08:55:00;75.34;32.99;6.00089565606807;0.18;12.85;0.9;9.92;0.08
18HU05656_304;SEGB-05;46.07;-52.5;260527;50;29-nov-05;08:55:00;50.41;32.85;6.52933273622929;0.4;9.82;0.76;7.66;0.15
18HU05656_304;SEGB-05;46.07;-52.5;260528;40;29-nov-05;08:55:00;40.55;32.29;6.82937751903269;4.15;3.95;0.3;2.39;0.2
18HU05656_304;SEGB-05;46.07;-52.5;260529;30;29-nov-05;08:55:00;30.32;31.94;6.84952978056426;6.69;2.53;0.24;0.62;0.69
18HU05656_304;SEGB-05;46.07;-52.5;260530;20;29-nov-05;08:55:00;19.95;31.95;6.84057321988357;6.74;2.15;0.19;0.06;0.79
18HU05656_304;SEGB-05;46.07;-52.5;260531;10;29-nov-05;08:55:00;9.92;31.95;6.82937751903269;6.76;2.24;0.23;0.32;0.77
18HU05656_304;SEGB-05;46.07;-52.5;260532;5;29-nov-05;08:55:00;5.08;31.95;6.82937751903269;6.76;1.86;0.23;0.32;0.77
18HU05656_315;SEGB-06;45.7883;-52.2667;260533;79;29-nov-05;11:23:00;79.52;32.91;6.39050604567846;0.19;NaN;NaN;NaN;NaN
18HU05656_326;SEGB-07;45.4583;-52;260534;74;29-nov-05;13:35:00;74.3;32.79;6.93013882669055;0.32;9.78;0.76;7.15;0.1
18HU05656_326;SEGB-07;45.4583;-52;260535;49;29-nov-05;13:35:00;49.88;32.78;7.01074787281684;0.46;9.56;0.82;7.48;0.13
18HU05656_326;SEGB-07;45.4583;-52;260536;40;29-nov-05;13:35:00;40.02;32.12;6.50022391401702;8.44;1.96;0.26;0.59;0.68
18HU05656_326;SEGB-07;45.4583;-52;260537;30;29-nov-05;13:35:00;29.92;32.13;6.50918047469772;8.45;2.36;0.29;0.03;0.8
18HU05656_326;SEGB-07;45.4583;-52;260538;20;29-nov-05;13:35:00;20.3;32.13;6.50918047469772;8.45;2.16;0.2;0.01;0.8
18HU05656_326;SEGB-07;45.4583;-52;260539;10;29-nov-05;13:35:00;9.91;32.13;6.50918047469772;8.45;2.11;0.18;0.01;0.82
18HU05656_326;SEGB-07;45.4583;-52;260540;5;29-nov-05;13:35:00;5.17;32.13;6.52933273622929;8.45;2.09;0.17;0;0.84
18HU05656_329;TB-07;48;-53.3918;260949;559;10-dec-05;19:41:00;562.99;34.28;4.48051948051948;2.45;36.49;1.92;18.73;NaN
18HU05656_329;TB-07;48;-53.3918;260950;149;10-dec-05;19:41:00;150.15;32.88;7.19883564711151;-0.77;9.17;1.03;10.32;NaN
18HU05656_329;TB-07;48;-53.3918;260951;101;10-dec-05;19:41:00;102.18;32.59;7.36005373936408;-0.01;6.11;0.74;7.1;0.06
18HU05656_329;TB-07;48;-53.3918;260952;74;10-dec-05;19:41:00;74.4;32.48;7.23018360949395;1.27;5.06;0.67;5.44;0.05
18HU05656_329;TB-07;48;-53.3918;260953;50;10-dec-05;19:41:00;50.66;32.28;7.06000895656068;2.56;4.07;0.57;3.38;0.1
18HU05656_329;TB-07;48;-53.3918;260954;41;10-dec-05;19:41:00;41.12;32.16;7.08016121809225;3.09;3.71;0.53;3.37;0.22
18HU05656_329;TB-07;48;-53.3918;260955;30;10-dec-05;19:41:00;30.07;31.99;7.08016121809225;3.21;3.23;0.5;2.06;0.52
18HU05656_329;TB-07;48;-53.3918;260956;20;10-dec-05;19:41:00;20.13;31.96;7.10927004030452;3.15;3.34;0.5;2.05;0.57
18HU05656_329;TB-07;48;-53.3918;260957;10;10-dec-05;19:41:00;10.14;31.82;6.97939991043439;3.68;2.87;0.38;1.28;0.42
18HU05656_329;TB-07;48;-53.3918;260958;6;10-dec-05;19:41:00;5.61;31.62;6.88087774294671;4.26;2.81;0.4;1.74;0.41
18HU05656_330;TB-08;47.9175;-53.4645;260959;532;10-dec-05;22:11:00;535.9;34.28;4.50067174205105;2.45;NaN;NaN;NaN;NaN
18HU05656_333;TB-09;47.8347;-53.5607;260960;461;10-dec-05;23:36:00;464.11;34.27;4.67980295566502;2.4;NaN;NaN;NaN;NaN
18HU05656_334;TB-10;47.7573;-53.612;260961;265;11-dec-05;00:28:00;267.12;33.8;5.62919838781908;1.02;17.35;1.12;15.12;NaN
18HU05656_334;TB-10;47.7573;-53.612;260962;149;11-dec-05;00:28:00;149.78;32.76;7.2704881325571;-0.9;7.91;0.92;8.77;NaN
18HU05656_334;TB-10;47.7573;-53.612;260963;98;11-dec-05;00:28:00;99.21;32.54;7.44066278549037;-0.43;5.81;0.78;8.17;0.04
18HU05656_334;TB-10;47.7573;-53.612;260964;74;11-dec-05;00:28:00;74.99;32.43;7.4205105239588;0.28;4.27;0.62;5.66;0.04
18HU05656_334;TB-10;47.7573;-53.612;260965;50;11-dec-05;00:28:00;50.43;32.19;7.01074787281684;2.75;3.6;0.47;3.66;0.07
18HU05656_334;TB-10;47.7573;-53.612;260966;40;11-dec-05;00:28:00;40.01;31.92;6.97939991043439;3.32;2.59;0.33;2.42;0.21
18HU05656_334;TB-10;47.7573;-53.612;260967;30;11-dec-05;00:28:00;30.65;31.7;6.84057321988357;4.3;2.34;0.31;1.92;0.28
18HU05656_334;TB-10;47.7573;-53.612;260968;19;11-dec-05;00:28:00;19.5;31.61;6.84057321988357;4.45;2.34;0.31;1.96;0.34
18HU05656_334;TB-10;47.7573;-53.612;260969;10;11-dec-05;00:28:00;10.15;31.59;6.84952978056426;4.47;2.03;0.28;1.63;0.36
18HU05656_334;TB-10;47.7573;-53.612;260970;5;11-dec-05;00:28:00;5.02;31.59;6.84952978056426;4.47;2.46;0.31;1.76;0.39
18HU05656_335;TB-11;47.6338;-53.6205;260971;165;11-dec-05;02:13:00;166.7;33.04;6.84057321988357;-0.45;NaN;NaN;NaN;NaN
18HU05656_339;SEGB-08;45.095;-51.7;260541;68;29-nov-05;16:09:00;68.81;32.83;6.48007165248545;1.07;NaN;NaN;NaN;NaN
18HU05656_354;CBAY-01;47.8333;-52.9167;261013;195;12-dec-05;04:57:00;196.73;33.43;6.41065830721003;-0.17;14.87;0.94;12.59;NaN
18HU05656_354;CBAY-01;47.8333;-52.9167;261014;150;12-dec-05;04:57:00;150.97;33.03;6.88983430362741;-0.53;10.91;0.77;10.45;NaN
18HU05656_354;CBAY-01;47.8333;-52.9167;261015;100;12-dec-05;04:57:00;100.93;32.58;7.25033587102553;0.22;6.79;0.63;7.19;0.06
18HU05656_354;CBAY-01;47.8333;-52.9167;261016;75;12-dec-05;04:57:00;75.63;32.4;7.05105239587998;2.4;4.33;0.45;3.68;0.11
18HU05656_354;CBAY-01;47.8333;-52.9167;261017;50;12-dec-05;04:57:00;50.3;31.85;6.99955217196597;3.83;2.65;0.33;1.92;0.42
18HU05656_354;CBAY-01;47.8333;-52.9167;261018;40;12-dec-05;04:57:00;40.57;31.77;6.99059561128527;3.94;2.5;0.31;1.7;0.59
18HU05656_354;CBAY-01;47.8333;-52.9167;261019;30;12-dec-05;04:57:00;29.85;31.77;6.99059561128527;3.93;2.98;0.32;1.23;0.59
18HU05656_354;CBAY-01;47.8333;-52.9167;261020;20;12-dec-05;04:57:00;20.17;31.74;6.99955217196597;3.97;3.33;0.36;2.08;0.62
18HU05656_354;CBAY-01;47.8333;-52.9167;261021;10;12-dec-05;04:57:00;10.18;31.72;6.99955217196597;4.03;2.98;0.31;1.65;0.65
18HU05656_354;CBAY-01;47.8333;-52.9167;261022;5;12-dec-05;04:57:00;5.05;31.72;7.01074787281684;4.03;3.3;0.38;2.19;0.61
18HU05656_369;STN27;47.5467;-52.5867;261023;166;12-dec-05;08:37:00;166.93;33.36;6.45991939095387;-0.27;15.05;0.97;13.39;NaN
18HU05656_369;STN27;47.5467;-52.5867;261024;152;12-dec-05;08:37:00;153.13;33.32;6.50022391401702;-0.29;13.96;0.91;12.08;0.07
18HU05656_369;STN27;47.5467;-52.5867;261025;99;12-dec-05;08:37:00;99.79;32.89;7.06896551724138;-0.3;8.21;0.76;8.75;0.06
18HU05656_369;STN27;47.5467;-52.5867;261026;75;12-dec-05;08:37:00;75.23;32.66;7.03985669502911;0.9;6.64;0.58;6.17;0.12
18HU05656_369;STN27;47.5467;-52.5867;261027;49;12-dec-05;08:37:00;49.7;32.18;7.12942230183609;2.96;3.15;0.33;1.77;0.59
18HU05656_369;STN27;47.5467;-52.5867;261028;38;12-dec-05;08:37:00;38.79;32.14;7.14061800268697;3.02;3.4;0.35;1.89;0.66
18HU05656_369;STN27;47.5467;-52.5867;261029;29;12-dec-05;08:37:00;29.4;32.09;7.10927004030452;3.25;NaN;NaN;NaN;0.69
18HU05656_369;STN27;47.5467;-52.5867;261030;19;12-dec-05;08:37:00;18.87;31.92;7.08016121809225;3.46;3.48;0.34;2.17;0.61
18HU05656_369;STN27;47.5467;-52.5867;261031;10;12-dec-05;08:37:00;10;NaN;NaN;NaN;3.09;0.32;1.81;0.62
