CTD;CTD;CTD;CTD;CTD;CTD;CTD;CTD;CTD;CTD;CTD;CTD;labo;labo;labo;labo;labo;labo;CTD
Fichier;Station;Latitude;Longitude;Echantillon;zbouteille;Date;Heure;PSAL;TE90;DOXY;PHPH;OXYM_01;Si_01;NO2_01;NOx_01;PO4_01;CHL_03;FLOR
(nom);(nom/no);(degres);(degres);(no_unique);(dbar);(jj-mmm-yyyy);(GMT);(psu);(celsius);(ml/l);((none));(mmol/m**3);(mmol/m**3);(mmol/m**3);(mmol/m**3);(mmol/m**3);(mg/m**3);(mg/m**3)
18HU15041_1474;101;46.91783;-61.497;417299;49.18;20-oct-15;09:47:00;31.19;0.61;276.98132;7.891;6.264;12.2;0.455;7.665;1.24;0.115;0.045
18HU15041_1474;101;46.91783;-61.497;417300;25.39;20-oct-15;09:47:00;29.96;10.11;285.95798;8.207;NaN;2.025;0.04;0.385;0.305;1.86;0.197
18HU15041_1474;101;46.91783;-61.497;417301;16.26;20-oct-15;09:47:00;29.95;10.19;286.76186;8.216;NaN;1.875;0.03;0.26;0.285;2.54;0.214
18HU15041_1474;101;46.91783;-61.497;417302;5.85;20-oct-15;09:47:00;29.95;10.18;287.20846;8.216;6.5415;1.895;0.03;0.255;0.29;2.75;0.21
18HU15041_1474;101;46.91783;-61.497;417303;3.57;20-oct-15;09:47:00;29.95;10.16;287.47642;8.216;NaN;1.88;0.03;0.23;0.28;2.84;0.222
18HU15041_1475;11;47.93267;-65.249;417251;66.53;19-oct-15;06:41:00;31.6;1.99;218.96798;7.844;NaN;25.965;0.145;13.16;1.475;0.155;0.043
18HU15041_1475;11;47.93267;-65.249;417252;49.57;19-oct-15;06:41:00;30.42;5.7;233.75044;7.923;5.33;13.26;0.135;7.52;1.035;0.195;0.042
18HU15041_1475;11;47.93267;-65.249;417253;25.68;19-oct-15;06:41:00;29.81;9.2;283.54634;8.174;NaN;1.92;0.09;1.195;0.53;0.405;0.063
18HU15041_1475;11;47.93267;-65.249;417254;15.67;19-oct-15;06:41:00;28.93;10.58;277.1153;8.182;NaN;3.695;0.08;1.08;0.4;1.075;0.135
18HU15041_1475;11;47.93267;-65.249;417255;5.75;19-oct-15;06:41:00;28.91;10.6;277.02598;8.182;6.323;3.68;0.08;1.09;0.39;1.58;0.139
18HU15041_1475;11;47.93267;-65.249;417256;3.27;19-oct-15;06:41:00;28.89;10.63;277.20462;8.186;NaN;3.64;0.08;1.035;0.38;1.21;0.149
18HU15041_1476;111;46.83233;-61.24917;417304;51.66;20-oct-15;11:22:00;31.21;0.99;275.9988;7.909;6.2445;11.72;0.53;6.695;1.16;0.115;0.044
18HU15041_1476;111;46.83233;-61.24917;417305;25.29;20-oct-15;11:22:00;29.37;11.44;276.53472;8.214;NaN;2.42;0.05;0.345;0.3;2.17;0.173
18HU15041_1476;111;46.83233;-61.24917;417306;15.37;20-oct-15;11:22:00;29.32;11.53;277.96384;8.22;NaN;2.265;0.05;0.245;0.285;2.42;0.182
18HU15041_1476;111;46.83233;-61.24917;417307;4.96;20-oct-15;11:22:00;29.32;11.54;278.09782;8.22;6.34;2.28;0.045;0.245;0.28;2.79;0.188
18HU15041_1476;111;46.83233;-61.24917;417308;2.98;20-oct-15;11:22:00;29.32;11.54;277.96384;8.22;NaN;2.28;0.045;0.255;0.29;2.475;0.187
18HU15041_1477;121;46.742;-60.99967;417309;51.27;20-oct-15;13:36:00;30.46;5.93;253.49016;7.99;5.746;9.16;0.3;4.24;0.89;0.26;0.058
18HU15041_1477;121;46.742;-60.99967;417310;25.19;20-oct-15;13:36:00;29.4;11.61;268.22796;8.182;NaN;2.875;0.09;0.575;0.365;0.81;0.103
18HU15041_1477;121;46.742;-60.99967;417311;16.07;20-oct-15;13:36:00;29.18;12.14;268.58524;8.199;NaN;2.585;0.07;0.43;0.34;0.985;0.099
18HU15041_1477;121;46.742;-60.99967;417312;5.36;20-oct-15;13:36:00;29.17;12.17;269.47844;8.199;6.1645;2.495;0.07;0.405;0.335;1.725;0.097
18HU15041_1477;121;46.742;-60.99967;417313;2.08;20-oct-15;13:36:00;29.19;12.13;268.80854;8.199;NaN;2.59;0.075;0.43;0.335;1.265;0.105
18HU15041_1478;131;47.10767;-60.00833;417314;316.8;20-oct-15;17:59:00;34.83;5.84;134.38194;7.912;3.034;33.905;0.02;23.64;1.865;NaN;0.021
18HU15041_1478;131;47.10767;-60.00833;417315;298.68;20-oct-15;17:59:00;34.8;5.95;132.28292;7.913;NaN;32.365;0.015;23.765;1.84;NaN;0.024
18HU15041_1478;131;47.10767;-60.00833;417316;199.23;20-oct-15;17:59:00;34.42;6;151.30808;7.943;NaN;24.095;0.015;20.925;1.64;NaN;0.027
18HU15041_1478;131;47.10767;-60.00833;417317;99.64;20-oct-15;17:59:00;32.97;2.47;268.04932;8.044;NaN;10.21;0.02;11.375;1.11;0.03;0.025
18HU15041_1478;131;47.10767;-60.00833;417318;50.17;20-oct-15;17:59:00;32.11;1.39;310.65496;8.078;7.038;6.09;0.115;6.84;0.915;0.145;0.037
18HU15041_1478;131;47.10767;-60.00833;417319;24.89;20-oct-15;17:59:00;30.74;8.77;295.60454;8.227;NaN;1.705;0.03;0.355;0.355;1.015;0.119
18HU15041_1478;131;47.10767;-60.00833;417320;14.58;20-oct-15;17:59:00;30.02;10.11;287.6104;8.228;NaN;2.105;0.055;0.415;0.32;2.115;0.174
18HU15041_1478;131;47.10767;-60.00833;417321;5.45;20-oct-15;17:59:00;29.96;10.23;286.98516;8.227;6.5415;2.145;0.055;0.43;0.32;2.27;0.173
18HU15041_1478;131;47.10767;-60.00833;417322;2.08;20-oct-15;17:59:00;29.95;10.24;287.20846;8.225;NaN;2.135;0.055;0.425;0.325;2.115;0.176
18HU15041_1479;141;47.01733;-60.12633;417323;164.26;20-oct-15;20:03:00;34.39;5.85;156.62262;7.936;3.543;24.04;0.035;20.51;1.615;NaN;0.025
18HU15041_1479;141;47.01733;-60.12633;417324;99.34;20-oct-15;20:03:00;32.5;1.5;286.62788;8.028;NaN;9.25;0.035;9.885;1.055;0.05;0.029
18HU15041_1479;141;47.01733;-60.12633;417325;51.17;20-oct-15;20:03:00;30.74;4.22;267.46874;8.004;6.0315;8.655;0.405;3.955;0.91;0.205;0.051
18HU15041_1479;141;47.01733;-60.12633;417326;24.89;20-oct-15;20:03:00;29.24;11.95;269.43378;8.211;NaN;2.615;0.08;0.485;0.34;1.655;0.11
18HU15041_1479;141;47.01733;-60.12633;417327;14.87;20-oct-15;20:03:00;29.12;12.18;272.2027;8.221;NaN;2.54;0.075;0.415;0.335;2.02;0.116
18HU15041_1479;141;47.01733;-60.12633;417328;5.06;20-oct-15;20:03:00;29.11;12.2;272.47066;8.217;6.2275;2.545;0.08;0.395;0.33;2.425;0.119
18HU15041_1479;141;47.01733;-60.12633;417329;2.18;20-oct-15;20:03:00;29.11;12.2;272.82794;8.217;NaN;2.6;0.07667;0.455;0.32667;2.025;0.118
18HU15041_1480;151;46.95817;-60.21767;417330;70.2;20-oct-15;22:38:00;31.88;1.94;278.9017;7.974;6.3015;10.25;0.2;8.155;1.095;0.145;0.04
18HU15041_1480;151;46.95817;-60.21767;417331;50.47;20-oct-15;22:38:00;30.72;6.62;267.78136;8.07;6.0315;6.055;0.245;3.525;0.715;0.295;0.055
18HU15041_1480;151;46.95817;-60.21767;417332;25.19;20-oct-15;22:38:00;29.34;12.24;271.04154;8.212;NaN;2.055;0.07;0.34;0.295;2.625;0.141
18HU15041_1480;151;46.95817;-60.21767;417333;15.37;20-oct-15;22:38:00;29.24;12.26;271.48814;8.212;NaN;2.205;0.06;0.305;0.3;2.035;0.129
18HU15041_1480;151;46.95817;-60.21767;417334;4.96;20-oct-15;22:38:00;29.23;12.26;271.39882;8.209;6.204;2.215;0.065;0.305;0.3;1.96;0.121
18HU15041_1480;151;46.95817;-60.21767;417335;2.38;20-oct-15;22:38:00;29.23;12.26;271.39882;8.208;NaN;2.23;0.06;0.325;0.3;1.92;0.121
18HU15041_1481;161;47.2665;-59.78283;417336;451.71;22-oct-15;05:50:00;34.91;5.61;160.41872;7.922;3.568;32.7;0.01667;23.15;1.81333;NaN;0.022
18HU15041_1481;161;47.2665;-59.78283;417337;400.64;22-oct-15;05:50:00;34.89;5.63;153.31778;7.913;NaN;32.815;0.01667;23.585;1.82333;NaN;0.023
18HU15041_1481;161;47.2665;-59.78283;417338;300.95;22-oct-15;05:50:00;34.8;6.02;134.15864;7.888;NaN;30.085;0.01667;24.48;1.82667;NaN;0.024
18HU15041_1481;161;47.2665;-59.78283;417339;200.52;22-oct-15;05:50:00;34.62;6.98;161.40124;7.97;NaN;18.28;0.01667;20.945;1.5;NaN;0.021
18HU15041_1481;161;47.2665;-59.78283;417340;100.93;22-oct-15;05:50:00;33.02;2.76;273.22988;8.028;NaN;8.35;0.01667;10.78;1.04667;0.04;0.028
18HU15041_1481;161;47.2665;-59.78283;417341;51.16;22-oct-15;05:50:00;32.19;1.13;323.91898;8.063;7.312;3.1;0.01333;5.965;0.80333;1.615;0.036
18HU15041_1481;161;47.2665;-59.78283;417342;26.18;22-oct-15;05:50:00;31.2;8.7;298.86472;8.197;NaN;1.295;0.01;0.055;0.26;1.605;0.164
18HU15041_1481;161;47.2665;-59.78283;417343;16.26;22-oct-15;05:50:00;31.12;8.79;299.6686;8.201;NaN;1.22;0.01;0.04;0.25333;0.165;0.157
18HU15041_1481;161;47.2665;-59.78283;417344;6.25;22-oct-15;05:50:00;31.12;8.79;299.62394;8.203;6.711;1.22;0.01;0.03;0.24667;1.64;0.159
18HU15041_1481;161;47.2665;-59.78283;417345;2.98;22-oct-15;05:50:00;31.12;8.8;299.53462;8.202;NaN;1.23;0.01333;0.035;0.25;1.62;0.165
18HU15041_1482;171;47.43267;-59.5515;417346;461.3;22-oct-15;08:27:00;34.92;5.59;170.28858;7.93;3.824;30.31;0.015;22.3;1.75;NaN;0.024
18HU15041_1482;171;47.43267;-59.5515;417347;399.74;22-oct-15;08:27:00;34.9;5.63;156.13136;7.903;NaN;31.425;0.01;22.97;1.795;NaN;0.024
18HU15041_1482;171;47.43267;-59.5515;417348;300.75;22-oct-15;08:27:00;34.81;6.31;143.17996;7.903;NaN;25.33;0.01;23.69;1.73;NaN;0.021
18HU15041_1482;171;47.43267;-59.5515;417349;200.61;22-oct-15;08:27:00;34.59;7.1;170.3779;7.974;NaN;16.175;0.015;19.47;1.425;NaN;0.021
18HU15041_1482;171;47.43267;-59.5515;417350;99.34;22-oct-15;08:27:00;32.95;2.45;275.06094;8.002;NaN;9.095;0.015;10.9;1.075;0.04;0.026
18HU15041_1482;171;47.43267;-59.5515;417351;48.68;22-oct-15;08:27:00;32.02;1.49;331.68982;8.066;7.4775;2.66;0.25;4.055;0.745;0.28;0.052
18HU15041_1482;171;47.43267;-59.5515;417352;26.87;22-oct-15;08:27:00;31.55;8.02;302.88412;8.164;NaN;1.735;0.045;0.355;0.33;1.505;0.151
18HU15041_1482;171;47.43267;-59.5515;417353;13.49;22-oct-15;08:27:00;31.55;8.02;303.10742;8.164;NaN;1.735;0.045;0.345;0.325;1.495;0.152
18HU15041_1482;171;47.43267;-59.5515;417354;6.74;22-oct-15;08:27:00;31.55;8.01;303.37538;8.164;6.8;1.74;0.045;0.345;0.32;1.475;0.158
18HU15041_1482;171;47.43267;-59.5515;417355;1.98;22-oct-15;08:27:00;31.54;8.02;303.33072;8.164;NaN;1.75;0.045;0.36;0.31;1.515;0.156
18HU15041_1483;181;47.583;-59.34217;417356;251.43;22-oct-15;12:10:00;34.77;6.56;151.12944;7.919;3.366;23.405;0.025;22.74;1.68;NaN;0.022
18HU15041_1483;181;47.583;-59.34217;417357;201.21;22-oct-15;12:10:00;34.53;6.57;165.50996;7.94;NaN;19.195;0.02;20.24;1.515;NaN;0.023
18HU15041_1483;181;47.583;-59.34217;417358;101.72;22-oct-15;12:10:00;33.08;2.91;271.48814;8.002;NaN;8.91;0.015;10.865;1.065;0.02;0.025
18HU15041_1483;181;47.583;-59.34217;417359;51.76;22-oct-15;12:10:00;32.36;2.06;312.48602;8.036;7.0225;4.255;0.03;6.02;0.815;0.1;0.035
18HU15041_1483;181;47.583;-59.34217;417360;26.28;22-oct-15;12:10:00;32.13;3.22;316.05882;8.062;NaN;3.46;0.045;4.76;0.71;0.245;0.053
18HU15041_1483;181;47.583;-59.34217;417361;16.66;22-oct-15;12:10:00;31.81;4.55;315.56756;8.101;NaN;2.465;0.09;3.14;0.57;0.815;0.1
18HU15041_1483;181;47.583;-59.34217;417362;7.14;22-oct-15;12:10:00;31.74;4.67;317.086;8.107;7.0975;2.41;0.085;3.01;0.555;0.785;0.094
18HU15041_1483;181;47.583;-59.34217;417363;2.18;22-oct-15;12:10:00;31.69;4.68;318.38114;8.107;NaN;2.42;0.085;2.945;0.54;0.725;0.07
18HU15041_1484;191;47.666;-59.86433;417364;516.29;22-oct-15;15:18:00;34.92;5.59;171.44974;7.922;3.837;29.96;0.015;22.395;1.765;NaN;0.023
18HU15041_1484;191;47.666;-59.86433;417365;399.93;22-oct-15;15:18:00;34.9;5.73;159.83814;7.913;NaN;28.915;0.015;23.185;1.75;NaN;0.021
18HU15041_1484;191;47.666;-59.86433;417366;299.85;22-oct-15;15:18:00;34.8;6.53;144.78772;7.91;NaN;23.955;0.015;23.475;1.705;NaN;0.02
18HU15041_1484;191;47.666;-59.86433;417367;200.21;22-oct-15;15:18:00;34.19;5.69;177.92544;7.927;NaN;18.46;0.015;18.73;1.465;NaN;0.023
18HU15041_1484;191;47.666;-59.86433;417368;100.63;22-oct-15;15:18:00;32.58;1.58;302.3482;8.018;NaN;5.725;0.02;7.815;0.92;0.03;0.025
18HU15041_1484;191;47.666;-59.86433;417369;50.07;22-oct-15;15:18:00;32.15;3.19;314.36174;8.06;7.045;3.155;0.13;4.405;0.705;0.165;0.043
18HU15041_1484;191;47.666;-59.86433;417370;25.29;22-oct-15;15:18:00;30.95;8.23;301.6783;8.182;NaN;1.26;0.03;0.235;0.315;1.59;0.141
18HU15041_1484;191;47.666;-59.86433;417371;14.58;22-oct-15;15:18:00;30.94;8.25;303.4647;8.187;NaN;1.29;0.02;0.195;0.31;1.775;0.167
18HU15041_1484;191;47.666;-59.86433;417372;5.06;22-oct-15;15:18:00;30.94;8.25;303.64334;8.188;6.8075;1.245;0.025;0.19;0.305;1.865;0.172
18HU15041_1484;191;47.666;-59.86433;417373;1.88;22-oct-15;15:18:00;30.94;8.25;304.08994;8.189;NaN;1.245;0.025;0.2;0.305;1.8;0.152
18HU15041_1485;201;47.99933;-60.52033;417374;448.41;22-oct-15;22:00:00;34.91;5.61;163.72356;7.922;3.665;31.445;0.015;22.69;1.78;NaN;0.024
18HU15041_1485;201;47.99933;-60.52033;417375;400.02;22-oct-15;22:00:00;34.89;5.63;151.12944;7.899;NaN;33.67;0.01;23.235;1.84;NaN;0.023
18HU15041_1485;201;47.99933;-60.52033;417376;303.01;22-oct-15;22:00:00;34.8;6.19;138.446;7.896;NaN;27.01;0.01;23.85;1.76;NaN;0.023
18HU15041_1485;201;47.99933;-60.52033;417377;199.51;22-oct-15;22:00:00;34.43;6.42;168.41286;7.942;NaN;18.8;0.015;19.66;1.49;NaN;0.024
18HU15041_1485;201;47.99933;-60.52033;417378;99.83;22-oct-15;22:00:00;32.77;1.9;283.45702;8.002;NaN;8.63;0.02;10.46;1.05;0.03;0.025
18HU15041_1485;201;47.99933;-60.52033;417379;50.86;22-oct-15;22:00:00;31.96;0.68;299.17734;7.949;6.6645;9.7;0.09;8.515;1.14;0.13;0.039
18HU15041_1485;201;47.99933;-60.52033;417380;27.37;22-oct-15;22:00:00;30.87;8.65;297.2123;8.181;NaN;1.305;0.025;0.22;0.315;0.86;0.086
18HU15041_1485;201;47.99933;-60.52033;417381;15.96;22-oct-15;22:00:00;30.8;8.63;300.65112;8.186;NaN;1.29;0.025;0.17;0.32;1.565;0.133
18HU15041_1485;201;47.99933;-60.52033;417382;5.35;22-oct-15;22:00:00;30.8;8.63;300.7851;8.185;6.756;1.28;0.025;0.15;0.315;1.56;0.149
18HU15041_1485;201;47.99933;-60.52033;417383;2.48;22-oct-15;22:00:00;30.8;8.62;300.91908;8.185;NaN;1.285;0.02;0.15;0.315;1.635;0.154
18HU15041_1486;31;47.832;-64.25033;417262;38.57;19-oct-15;14:12:00;29.71;9.49;283.72498;8.191;6.504;1.685;0.105;1.07;0.48;0.505;0.072
18HU15041_1486;31;47.832;-64.25033;417263;25.78;19-oct-15;14:12:00;29.61;9.4;287.20846;8.196;NaN;1.535;0.095;0.895;0.46;0.585;0.076
18HU15041_1486;31;47.832;-64.25033;417264;15.77;19-oct-15;14:12:00;29.59;9.37;287.92302;8.199;NaN;1.485;0.095;0.88;0.465;0.625;0.082
18HU15041_1486;31;47.832;-64.25033;417265;4.26;19-oct-15;14:12:00;29.59;9.36;288.19098;8.198;6.5625;1.48;0.095;0.875;0.455;0.715;0.076
18HU15041_1486;31;47.832;-64.25033;417266;2.18;19-oct-15;14:12:00;29.59;9.35;288.19098;8.2;NaN;1.46;0.095;0.865;0.46;0.62;0.074
18HU15041_1487;41;47.77817;-64.02233;417267;79.41;19-oct-15;18:13:00;32.16;1.04;264.34254;7.92;5.974;17.68;0.095;11.62;1.355;0.12;0.037
18HU15041_1487;41;47.77817;-64.02233;417268;50.37;19-oct-15;18:13:00;31.39;3.68;275.5522;8.001;6.2435;9.96;0.13;8.065;1.07;0.105;0.037
18HU15041_1487;41;47.77817;-64.02233;417269;24.99;19-oct-15;18:13:00;30.25;9.35;282.11722;8.187;NaN;2.43;0.085;1.305;0.455;0.475;0.086
18HU15041_1487;41;47.77817;-64.02233;417270;15.17;19-oct-15;18:13:00;29.85;9.84;288.63758;8.212;NaN;1.895;0.055;0.695;0.365;1.49;0.149
18HU15041_1487;41;47.77817;-64.02233;417271;5.35;19-oct-15;18:13:00;29.85;9.85;288.77156;8.212;6.6035;1.875;0.055;0.685;0.36;1.605;0.146
18HU15041_1487;41;47.77817;-64.02233;417272;2.28;19-oct-15;18:13:00;29.85;9.84;288.81622;8.213;NaN;1.895;0.05;0.68;0.365;1.55;0.148
18HU15041_1488;51;47.66667;-63.7495;417273;61.47;19-oct-15;20:24:00;32.12;1.13;262.6008;7.919;5.9405;17.045;0.095;11.85;1.345;0.08;0.032
18HU15041_1488;51;47.66667;-63.7495;417274;25.29;19-oct-15;20:24:00;29.89;9.95;286.44924;8.208;NaN;1.835;0.04;0.49;0.35;1.045;0.107
18HU15041_1488;51;47.66667;-63.7495;417275;15.17;19-oct-15;20:24:00;29.83;9.98;288.32496;8.217;NaN;1.825;0.035;0.47;0.34;1.47;0.136
18HU15041_1488;51;47.66667;-63.7495;417276;4.96;19-oct-15;20:24:00;29.75;9.99;289.03952;8.217;6.5885;1.96;0.045;0.6;0.345;1.67;0.146
18HU15041_1488;51;47.66667;-63.7495;417277;2.28;19-oct-15;20:24:00;29.71;9.99;289.57544;8.217;NaN;1.995;0.05;0.635;0.35;1.775;0.155
18HU15041_1489;61;47.49983;-63.25183;417278;70.59;19-oct-15;23:04:00;32.14;0.6;241.11934;7.852;5.4345;22.385;0.09;14.13;1.555;0.08;0.033
18HU15041_1489;61;47.49983;-63.25183;417279;49.68;19-oct-15;23:04:00;32.04;0.92;254.7853;7.889;NaN;17.91;0.1;12.585;1.42;0.08;0.031
18HU15041_1489;61;47.49983;-63.25183;417280;25.19;19-oct-15;23:04:00;30.16;9.6;289.12884;8.218;NaN;1.88;0.045;0.59;0.36;1.225;0.115
18HU15041_1489;61;47.49983;-63.25183;417281;15.37;19-oct-15;23:04:00;30.09;9.64;291.54048;8.22;NaN;1.785;0.05;0.56;0.355;1.645;0.131
18HU15041_1489;61;47.49983;-63.25183;417282;5.06;19-oct-15;23:04:00;30.03;9.78;290.69194;8.223;6.6195;1.73;0.04;0.495;0.35;1.635;0.136
18HU15041_1489;61;47.49983;-63.25183;417283;2.18;19-oct-15;23:04:00;30.04;9.76;290.82592;8.223;NaN;1.73;0.04;0.495;0.345;1.595;0.136
18HU15041_1490;71;47.334;-62.751;417284;46.4;20-oct-15;01:51:00;31.75;0.86;267.24544;7.909;6.0385;15.705;0.08;10.855;1.35;0.105;0.038
18HU15041_1490;71;47.334;-62.751;417285;25.19;20-oct-15;01:51:00;30.5;8.43;282.83178;8.16;NaN;3.075;0.08;1.86;0.515;0.435;0.075
18HU15041_1490;71;47.334;-62.751;417286;15.17;20-oct-15;01:51:00;30.23;9.66;290.9599;8.223;NaN;1.59;0.02;0.24;0.305;1.51;0.152
18HU15041_1490;71;47.334;-62.751;417287;4.96;20-oct-15;01:51:00;30.22;9.67;291.00456;8.225;6.6165;1.56;0.025;0.19;0.305;1.66;0.153
18HU15041_1490;71;47.334;-62.751;417288;2.48;20-oct-15;01:51:00;30.22;9.67;291.13854;8.225;NaN;1.57;0.025;0.205;0.31;1.56;0.153
18HU15041_1491;81;47.1675;-62.249;417289;31.53;20-oct-15;04:44:00;31.18;1.89;268.94252;7.925;6.0495;12.3;0.155;7.98;1.225;0.22;0.051
18HU15041_1491;81;47.1675;-62.249;417290;25.19;20-oct-15;04:44:00;30.4;7.73;280.33082;8.11;NaN;7.35;0.155;4.61;0.84;0.5;0.091
18HU15041_1491;81;47.1675;-62.249;417291;15.67;20-oct-15;04:44:00;30.19;9.41;286.67254;8.191;NaN;2.735;0.08;1.165;0.405;1.41;0.127
18HU15041_1491;81;47.1675;-62.249;417292;5.26;20-oct-15;04:44:00;30.11;9.57;288.90554;8.206;6.588;2.25;0.055;0.67;0.335;2.14;0.181
18HU15041_1491;81;47.1675;-62.249;417293;2.48;20-oct-15;04:44:00;30.11;9.58;289.35214;8.205;NaN;2.275;0.055;0.67;0.335;1.97;0.187
18HU15041_1492;91;47;-61.75117;417294;29.55;20-oct-15;07:13:00;30.75;5.89;263.2707;8.021;5.965;8.38;0.28;4.47;0.88;0.47;0.075
18HU15041_1492;91;47;-61.75117;417295;25.88;20-oct-15;07:13:00;30.31;8.56;282.87644;8.147;NaN;3.995;0.135;1.895;0.5;1.085;0.122
18HU15041_1492;91;47;-61.75117;417296;15.47;20-oct-15;07:13:00;30.16;9.48;289.21816;8.191;NaN;2.55;0.1;1.01;0.365;2.685;0.2
18HU15041_1492;91;47;-61.75117;417297;5.06;20-oct-15;07:13:00;30.14;9.57;289.8434;8.2;6.608;2.42;0.1;0.92;0.35;2.91;0.214
18HU15041_1492;91;47;-61.75117;417298;2.68;20-oct-15;07:13:00;30.14;9.57;289.93272;8.2;NaN;2.43;0.095;0.92;0.35;2.89;0.207
