CTD;CTD;CTD;CTD;CTD;CTD;CTD;CTD;labo;labo;labo;labo;labo
Fichier;Station;Latitude;Longitude;Echantillon;zbouteille;Date;Heure;PSAL_BS;OXYM_01;Si_01;PO4_01;NOx_01
(nom);(nom/no);(degres);(degres);(no_unique);(dbar);(jj-mmm-yyyy);(GMT);(PSU);(mmol/m**3);(mmol/m**3);(mmol/m**3);(mmol/m**3)
18HU76020_003;10;42.9167;-64;-10;75;01-jul-76;04:09:00;32.18;6.3;6;0.8;7.07
18HU76020_003;10;42.9167;-64;-6;10;01-jul-76;04:09:00;31.46;6.1;0.09;0.22;2.3
18HU76020_003;10;42.9167;-64;-7;20;01-jul-76;04:09:00;31.47;6.1;0.17;0.3;1.66
18HU76020_003;10;42.9167;-64;-8;30;01-jul-76;04:09:00;31.79;6.2;0.18;0.38;1.59
18HU76020_003;10;42.9167;-64;-9;50;01-jul-76;04:09:00;32.15;6.8;7.36;0.82;6.4
18HU76020_014;11;43;-64;-1;10;01-jul-76;04:56:00;31.66;5.9;0.1;0.37;1.58
18HU76020_014;11;43;-64;-2;20;01-jul-76;04:56:00;32.27;6.3;2.14;0.62;2.66
18HU76020_014;11;43;-64;-3;30;01-jul-76;04:56:00;31.8;6.8;7.09;0.9;5.55
18HU76020_014;11;43;-64;-4;50;01-jul-76;04:56:00;32;6.6;9.51;1.18;9.31
18HU76020_014;11;43;-64;-5;75;01-jul-76;04:56:00;32.52;5.7;9.53;0.95;9.46
18HU76020_036;13;43;-63.8333;-34;10;01-jul-76;06:22:00;31.5;6;0.45;0.18;2.01
18HU76020_036;13;43;-63.8333;-35;20;01-jul-76;06:22:00;31.58;6;0.22;0.28;1.57
18HU76020_036;13;43;-63.8333;-36;30;01-jul-76;06:22:00;31.75;6.6;1.15;0.59;3.06
18HU76020_036;13;43;-63.8333;-37;50;01-jul-76;06:22:00;32.16;6.3;9.93;1.07;9.72
18HU76020_036;13;43;-63.8333;-38;75;01-jul-76;06:22:00;32.68;5.1;10.39;1.01;11.33
18HU76020_036;13;43;-63.8333;-39;100;01-jul-76;06:22:00;33.3;4.7;9.65;NaN;13.22
18HU76020_058;15;43;-63.6667;-40;10;01-jul-76;08:37:00;31.41;6;0.14;0.27;2.2
18HU76020_058;15;43;-63.6667;-41;20;01-jul-76;08:37:00;31.64;6.4;0.07;0.57;1.68
18HU76020_058;15;43;-63.6667;-42;30;01-jul-76;08:37:00;31.9;6.7;3.57;0.66;4.05
18HU76020_058;15;43;-63.6667;-43;50;01-jul-76;08:37:00;31.98;6.3;4.7;0.84;3.7
18HU76020_058;15;43;-63.6667;-44;75;01-jul-76;08:37:00;32.67;5.8;9.48;1.29;9.94
18HU76020_058;15;43;-63.6667;-45;100;01-jul-76;08:37:00;33.69;4.8;14.34;1.37;18.22
18HU76020_058;15;43;-63.6667;-46;125;01-jul-76;08:37:00;34.47;3.6;15.42;1.43;18.27
18HU76020_058;15;43;-63.6667;-47;150;01-jul-76;08:37:00;34.77;3;19.94;1.41;19.26
18HU76020_080;17;42.9967;-63.505;-48;10;01-jul-76;11:03:00;31.4;5.8;0.28;0.4;1.48
18HU76020_080;17;42.9967;-63.505;-49;20;01-jul-76;11:03:00;31.5;5.9;0.3;0.31;1.57
18HU76020_080;17;42.9967;-63.505;-50;30;01-jul-76;11:03:00;31.67;6.2;0.12;0.38;1.74
18HU76020_080;17;42.9967;-63.505;-51;50;01-jul-76;11:03:00;32.05;6.7;0.54;0.53;1.76
18HU76020_080;17;42.9967;-63.505;-52;75;01-jul-76;11:03:00;33;5.9;1.82;0.55;3.16
18HU76020_080;17;42.9967;-63.505;-53;100;01-jul-76;11:03:00;34.39;4.5;9.63;1.13;9.11
18HU76020_080;17;42.9967;-63.505;-54;125;01-jul-76;11:03:00;34.99;3.8;12.67;1.19;11.36
18HU76020_080;17;42.9967;-63.505;-55;150;01-jul-76;11:03:00;35.05;3.6;16.79;1.3;15.32
18HU76020_102;19;43.0083;-63.5083;-56;10;01-jul-76;23:41:00;NaN;NaN;0.12;0.32;1.61
18HU76020_102;19;43.0083;-63.5083;-57;20;01-jul-76;23:41:00;31.66;6.9;0.09;0.25;1.66
18HU76020_102;19;43.0083;-63.5083;-58;30;01-jul-76;23:41:00;31.89;7.2;0.29;0.36;2.32
18HU76020_102;19;43.0083;-63.5083;-59;50;01-jul-76;23:41:00;31.98;6.8;3.74;0.64;2.98
18HU76020_102;19;43.0083;-63.5083;-60;75;01-jul-76;23:41:00;32.8;5.9;8.84;0.84;6.58
18HU76020_102;19;43.0083;-63.5083;-61;100;01-jul-76;23:41:00;34.19;4.9;13.18;1.02;11.26
18HU76020_102;19;43.0083;-63.5083;-62;125;01-jul-76;23:41:00;34.8;3.9;18.31;1.46;15.16
18HU76020_102;19;43.0083;-63.5083;-63;150;01-jul-76;23:41:00;35.01;4;18.24;1.2;14.55
18HU76020_127;21;43.005;-63.3333;-64;10;02-jul-76;01:30:00;31.28;5.8;0.13;0.25;1.62
18HU76020_127;21;43.005;-63.3333;-65;20;02-jul-76;01:30:00;31.34;5.9;0.06;0.25;1.82
18HU76020_127;21;43.005;-63.3333;-66;30;02-jul-76;01:30:00;31.23;6.6;0.25;0.31;2.18
18HU76020_127;21;43.005;-63.3333;-67;50;02-jul-76;01:30:00;32.04;6.6;3.04;0.55;3.77
18HU76020_127;21;43.005;-63.3333;-68;75;02-jul-76;01:30:00;33;6.3;10.89;0.89;10.26
18HU76020_127;21;43.005;-63.3333;-69;100;02-jul-76;01:30:00;34;4.4;16.86;1.27;15.11
18HU76020_149;23;43;-63.1667;-70;10;02-jul-76;03:13:00;31;6;0.09;0.27;1.41
18HU76020_149;23;43;-63.1667;-71;20;02-jul-76;03:13:00;31.92;6;0.14;0.31;1.89
18HU76020_149;23;43;-63.1667;-72;30;02-jul-76;03:13:00;32.07;6.4;0.09;0.31;2.01
18HU76020_149;23;43;-63.1667;-73;50;02-jul-76;03:13:00;32.69;6.3;5.42;0.69;5.19
18HU76020_149;23;43;-63.1667;-74;75;02-jul-76;03:13:00;34.27;5.1;10.27;0.76;8.38
18HU76020_171;25;42.9975;-63;-75;10;02-jul-76;05:24:00;NaN;6;0.09;0.27;2.04
18HU76020_171;25;42.9975;-63;-76;20;02-jul-76;05:24:00;NaN;6.2;0.48;0.34;1.83
18HU76020_171;25;42.9975;-63;-77;30;02-jul-76;05:24:00;NaN;6.6;0.77;0.47;2.72
18HU76020_171;25;42.9975;-63;-78;50;02-jul-76;05:24:00;NaN;6.2;7.62;0.85;6.65
18HU76020_239;32;42.6675;-63.5;-119;10;04-jul-76;01:55:00;32.02;5.7;0.26;0.31;1.22
18HU76020_239;32;42.6675;-63.5;-120;30;04-jul-76;01:55:00;32.94;6.1;0.17;0.33;2.19
18HU76020_239;32;42.6675;-63.5;-121;40;04-jul-76;01:55:00;33.42;5.9;0.17;0.34;2.36
18HU76020_239;32;42.6675;-63.5;-122;50;04-jul-76;01:55:00;33.69;5.6;2.7;0.4;4.07
18HU76020_239;32;42.6675;-63.5;-123;75;04-jul-76;01:55:00;34.17;5.1;9.03;0.78;7.2
18HU76020_239;32;42.6675;-63.5;-124;100;04-jul-76;01:55:00;34.89;4.4;9.51;1.01;7.96
18HU76020_239;32;42.6675;-63.5;-125;125;04-jul-76;01:55:00;35.17;4.1;9.86;1.07;9.33
18HU76020_239;32;42.6675;-63.5;-126;150;04-jul-76;01:55:00;35.2;3.7;14.85;1.2;10.62
18HU76020_243;33;42.75;-63.5058;-127;10;04-jul-76;04:26:00;31.54;NaN;0.19;0.32;1.19
18HU76020_243;33;42.75;-63.5058;-128;30;04-jul-76;04:26:00;32.85;NaN;0.15;0.26;3.89
18HU76020_243;33;42.75;-63.5058;-129;40;04-jul-76;04:26:00;32.76;NaN;1.91;0.5;3.95
18HU76020_243;33;42.75;-63.5058;-130;50;04-jul-76;04:26:00;33.56;NaN;3.67;0.6;5.5
18HU76020_243;33;42.75;-63.5058;-131;75;04-jul-76;04:26:00;34.23;NaN;9.58;0.78;6.64
18HU76020_243;33;42.75;-63.5058;-132;100;04-jul-76;04:26:00;34.9;NaN;10.45;1.01;9.22
18HU76020_243;33;42.75;-63.5058;-133;125;04-jul-76;04:26:00;35.06;NaN;15.3;1.18;10.9
18HU76020_243;33;42.75;-63.5058;-134;150;04-jul-76;04:26:00;35.07;NaN;17.09;1.36;12.2
18HU76020_247;35;42.835;-63.505;-135;10;04-jul-76;06:28:00;31.41;5.8;0.17;0.22;1.56
18HU76020_247;35;42.835;-63.505;-136;30;04-jul-76;06:28:00;31.76;6.2;0.06;0.3;1.83
18HU76020_247;35;42.835;-63.505;-137;40;04-jul-76;06:28:00;32.16;6.6;1.11;0.5;2.42
18HU76020_247;35;42.835;-63.505;-138;50;04-jul-76;06:28:00;32.61;6.4;5.64;0.82;6.24
18HU76020_247;35;42.835;-63.505;-139;75;04-jul-76;06:28:00;34.02;5.1;9.43;0.84;7.44
18HU76020_247;35;42.835;-63.505;-140;100;04-jul-76;06:28:00;34.79;4.7;12.09;0.92;7.93
18HU76020_247;35;42.835;-63.505;-141;125;04-jul-76;06:28:00;35;4.3;9.55;1.14;10.99
18HU76020_247;35;42.835;-63.505;-142;150;04-jul-76;06:28:00;35.08;3.8;17.08;1.21;12.3
18HU76020_253;36;42.9217;-63.5017;-143;10;04-jul-76;07:40:00;31.61;5.8;0.01;0.23;1.45
18HU76020_253;36;42.9217;-63.5017;-144;30;04-jul-76;07:40:00;32.17;6.2;0.21;0.38;1.72
18HU76020_253;36;42.9217;-63.5017;-145;40;04-jul-76;07:40:00;31.94;6.5;0.81;0.59;2.06
18HU76020_253;36;42.9217;-63.5017;-146;50;04-jul-76;07:40:00;32.19;6.4;2.55;0.58;3.35
18HU76020_253;36;42.9217;-63.5017;-147;75;04-jul-76;07:40:00;NaN;4.8;7.67;1.11;11.75
18HU76020_253;36;42.9217;-63.5017;-148;100;04-jul-76;07:40:00;NaN;4.4;8.65;0.94;8.97
18HU76020_253;36;42.9217;-63.5017;-149;125;04-jul-76;07:40:00;NaN;4.1;13.68;1.04;9.88
18HU76020_253;36;42.9217;-63.5017;-150;150;04-jul-76;07:40:00;35.1;4;16.91;1.28;12.98
18HU76020_257;37;43;-63.5;-151;10;04-jul-76;08:37:00;31.49;6;0.23;0.24;1.89
18HU76020_257;37;43;-63.5;-152;30;04-jul-76;08:37:00;31.97;6.4;1.04;0.64;2.41
18HU76020_257;37;43;-63.5;-153;40;04-jul-76;08:37:00;32.1;6.1;4.86;0.73;4
18HU76020_257;37;43;-63.5;-154;50;04-jul-76;08:37:00;32.71;5.5;8.41;0.96;8.66
18HU76020_257;37;43;-63.5;-155;75;04-jul-76;08:37:00;33.13;4.9;11.19;1.17;12.62
18HU76020_257;37;43;-63.5;-156;100;04-jul-76;08:37:00;34.07;4.1;11.19;1.17;13.22
18HU76020_257;37;43;-63.5;-157;125;04-jul-76;08:37:00;34.66;3.7;16.74;1.28;16.42
18HU76020_257;37;43;-63.5;-158;150;04-jul-76;08:37:00;34.97;3.5;9.78;1.36;15.98
18HU76020_265;40;41.9925;-63.4933;-79;10;05-jul-76;00:34:00;31.56;5.5;0.25;0.45;2.8
18HU76020_265;40;41.9925;-63.4933;-80;30;05-jul-76;00:34:00;33.25;6.3;0.12;0.3;2.75
18HU76020_265;40;41.9925;-63.4933;-81;40;05-jul-76;00:34:00;32.73;6.3;0.12;0.29;1.5
18HU76020_265;40;41.9925;-63.4933;-82;50;05-jul-76;00:34:00;33.06;6.1;4.19;0.6;3.94
18HU76020_265;40;41.9925;-63.4933;-83;75;05-jul-76;00:34:00;33.99;5;8.51;0.69;7.46
18HU76020_265;40;41.9925;-63.4933;-84;100;05-jul-76;00:34:00;34.73;4.5;11.03;0.77;7.06
18HU76020_265;40;41.9925;-63.4933;-85;125;05-jul-76;00:34:00;35;4.2;12.5;0.87;6.25
18HU76020_265;40;41.9925;-63.4933;-86;150;05-jul-76;00:34:00;35.13;4.3;16.06;0.97;10.21
18HU76020_275;41;42.1717;-63.4983;-87;10;05-jul-76;02:47:00;31.66;5.5;0.1;NaN;NaN
18HU76020_275;41;42.1717;-63.4983;-88;30;05-jul-76;02:47:00;33.1;5.8;0.06;NaN;NaN
18HU76020_275;41;42.1717;-63.4983;-89;40;05-jul-76;02:47:00;33.39;5.8;3.95;0.37;4.92
18HU76020_275;41;42.1717;-63.4983;-90;50;05-jul-76;02:47:00;33.96;5.4;7.2;0.58;5.83
18HU76020_275;41;42.1717;-63.4983;-91;75;05-jul-76;02:47:00;34.08;4.8;10.74;0.95;8.42
18HU76020_275;41;42.1717;-63.4983;-92;100;05-jul-76;02:47:00;34.81;4.2;13.87;0.9;7.62
18HU76020_275;41;42.1717;-63.4983;-93;125;05-jul-76;02:47:00;35;3.8;16.94;1.09;10.12
18HU76020_275;41;42.1717;-63.4983;-94;150;05-jul-76;02:47:00;35.21;3.4;19.32;1.33;NaN
18HU76020_276;42;42.3367;-63.5017;-100;100;05-jul-76;05:02:00;34.29;4.7;10.36;0.82;6.96
18HU76020_276;42;42.3367;-63.5017;-101;125;05-jul-76;05:02:00;34.05;4.3;13.73;0.84;9.62
18HU76020_276;42;42.3367;-63.5017;-102;150;05-jul-76;05:02:00;35.2;3.8;13.28;0.88;8.63
18HU76020_276;42;42.3367;-63.5017;-95;10;05-jul-76;05:02:00;31.76;5.6;0.49;0.25;0.8
18HU76020_276;42;42.3367;-63.5017;-96;30;05-jul-76;05:02:00;32.71;5.8;0.25;0.26;2.23
18HU76020_276;42;42.3367;-63.5017;-97;40;05-jul-76;05:02:00;32.78;6;0.24;0.19;2.33
18HU76020_276;42;42.3367;-63.5017;-98;50;05-jul-76;05:02:00;33.77;5.8;1.3;0.42;1.67
18HU76020_276;42;42.3367;-63.5017;-99;75;05-jul-76;05:02:00;33.69;5.2;7.72;0.74;NaN
18HU76020_277;43;42.5;-63.4967;-103;10;05-jul-76;06:45:00;31.98;5.4;0.02;0.26;1.67
18HU76020_277;43;42.5;-63.4967;-104;30;05-jul-76;06:45:00;32.91;5.9;0.11;0.24;2.83
18HU76020_277;43;42.5;-63.4967;-105;40;05-jul-76;06:45:00;33.42;5.9;1.09;0.34;5
18HU76020_277;43;42.5;-63.4967;-106;50;05-jul-76;06:45:00;33.32;5.9;3.14;0.56;4.91
18HU76020_277;43;42.5;-63.4967;-107;75;05-jul-76;06:45:00;34.05;4.9;6.9;0.82;8.73
18HU76020_277;43;42.5;-63.4967;-108;100;05-jul-76;06:45:00;34.57;4.4;8.76;0.96;9.43
18HU76020_277;43;42.5;-63.4967;-109;125;05-jul-76;06:45:00;35;4;10.82;0.92;NaN
18HU76020_277;43;42.5;-63.4967;-110;150;05-jul-76;06:45:00;35.09;3.6;15.95;1.11;11.53
18HU76020_278;44;42.6667;-63.4858;-111;10;05-jul-76;11:28:00;31.7;5.6;0.04;0.3;2.31
18HU76020_278;44;42.6667;-63.4858;-112;30;05-jul-76;11:28:00;32.7;5.8;0.04;0.2;2.12
18HU76020_278;44;42.6667;-63.4858;-113;40;05-jul-76;11:28:00;33.26;5.8;0.1;0.22;2.62
18HU76020_278;44;42.6667;-63.4858;-114;50;05-jul-76;11:28:00;33.59;5.7;2.63;0.47;4.54
18HU76020_278;44;42.6667;-63.4858;-115;75;05-jul-76;11:28:00;34.23;5;8.99;0.72;7.24
18HU76020_278;44;42.6667;-63.4858;-116;100;05-jul-76;11:28:00;35.07;4.3;11.08;0.85;7.57
18HU76020_278;44;42.6667;-63.4858;-117;125;05-jul-76;11:28:00;35.21;4.3;13.08;1.03;9.03
18HU76020_278;44;42.6667;-63.4858;-118;150;05-jul-76;11:28:00;35.2;3.7;14.52;1.23;11.85
18HU76020_280;46;42;-63.4917;-159;10;07-jul-76;05:05:00;31.93;5.7;0.16;0.27;1.48
18HU76020_280;46;42;-63.4917;-160;30;07-jul-76;05:05:00;32.61;5.9;0.26;0.54;3.38
18HU76020_280;46;42;-63.4917;-161;40;07-jul-76;05:05:00;32.51;6.2;1.38;0.52;2.31
18HU76020_280;46;42;-63.4917;-162;50;07-jul-76;05:05:00;32.45;6.5;6.17;0.62;7.39
18HU76020_280;46;42;-63.4917;-163;75;07-jul-76;05:05:00;NaN;NaN;6.23;0.86;7.22
18HU76020_280;46;42;-63.4917;-164;100;07-jul-76;05:05:00;NaN;NaN;9.66;1;9.61
18HU76020_280;46;42;-63.4917;-165;125;07-jul-76;05:05:00;34.72;4.2;11.27;1.08;12.1
18HU76020_280;46;42;-63.4917;-166;150;07-jul-76;05:05:00;34.86;3.8;15.62;1.14;9.1
18HU76020_281;47;41.8333;-63.4967;-167;10;07-jul-76;06:44:00;33.81;5.2;0;0.1;2.51
18HU76020_281;47;41.8333;-63.4967;-168;30;07-jul-76;06:44:00;34.64;5.5;0;0.04;1.95
18HU76020_281;47;41.8333;-63.4967;-169;40;07-jul-76;06:44:00;35.81;4.9;2.27;NaN;NaN
18HU76020_281;47;41.8333;-63.4967;-170;50;07-jul-76;06:44:00;35.87;4.3;4.72;0.5;4.94
18HU76020_281;47;41.8333;-63.4967;-171;75;07-jul-76;06:44:00;35.63;4.2;7.36;NaN;NaN
18HU76020_281;47;41.8333;-63.4967;-172;100;07-jul-76;06:44:00;35.64;4.2;NaN;NaN;NaN
18HU76020_281;47;41.8333;-63.4967;-173;125;07-jul-76;06:44:00;35.62;4.3;7.89;0.76;6.15
18HU76020_281;47;41.8333;-63.4967;-174;150;07-jul-76;06:44:00;35.55;3.8;13;0.9;8.19
18HU76020_282;48;41.6667;-63.5;-175;10;07-jul-76;08:30:00;NaN;NaN;0.03;0.03;2.06
18HU76020_282;48;41.6667;-63.5;-176;30;07-jul-76;08:30:00;35.88;4.6;0.04;0.07;2.37
18HU76020_282;48;41.6667;-63.5;-177;40;07-jul-76;08:30:00;36.21;4.4;1.62;NaN;NaN
18HU76020_282;48;41.6667;-63.5;-178;50;07-jul-76;08:30:00;36.4;4;4.22;0.31;3.86
18HU76020_282;48;41.6667;-63.5;-179;75;07-jul-76;08:30:00;36.53;3.3;8.11;0.45;4.59
18HU76020_282;48;41.6667;-63.5;-180;100;07-jul-76;08:30:00;36.25;3.6;7.5;0.54;5.29
18HU76020_282;48;41.6667;-63.5;-181;125;07-jul-76;08:30:00;36.22;3.7;9;0.6;5.15
18HU76020_282;48;41.6667;-63.5;-182;150;07-jul-76;08:30:00;NaN;NaN;10.54;0.67;6.34
18HU76020_283;49;41.5;-63.5;-183;10;07-jul-76;10:21:00;35.82;4.6;0.01;0.03;1.91
18HU76020_283;49;41.5;-63.5;-184;30;07-jul-76;10:21:00;35.91;4.5;0.12;NaN;1.89
18HU76020_283;49;41.5;-63.5;-185;40;07-jul-76;10:21:00;35.87;4.5;0.23;NaN;1.58
18HU76020_283;49;41.5;-63.5;-186;50;07-jul-76;10:21:00;36.06;4.6;1.2;0.16;2.75
18HU76020_283;49;41.5;-63.5;-187;75;07-jul-76;10:21:00;36.32;3.5;6.99;0.52;7.19
18HU76020_283;49;41.5;-63.5;-188;100;07-jul-76;10:21:00;36.07;3.6;7.45;0.52;5.54
18HU76020_283;49;41.5;-63.5;-189;125;07-jul-76;10:21:00;36.08;3.4;11.16;0.7;6.41
18HU76020_283;49;41.5;-63.5;-190;150;07-jul-76;10:21:00;36.01;3.6;13.67;0.71;6.75
18HU76020_284;5;42.6667;-64;-26;10;30-jun-76;22:33:00;31.46;6.3;0.21;0.27;2.15
18HU76020_284;5;42.6667;-64;-27;20;30-jun-76;22:33:00;31.71;6.4;0.6;0.34;1.81
18HU76020_284;5;42.6667;-64;-28;30;30-jun-76;22:33:00;32.24;6.8;0.15;0.34;1.45
18HU76020_284;5;42.6667;-64;-29;50;30-jun-76;22:33:00;32.47;6.8;6.53;0.84;6.18
18HU76020_284;5;42.6667;-64;-30;75;30-jun-76;22:33:00;32.69;6.1;8.53;0.94;9.12
18HU76020_284;5;42.6667;-64;-31;100;30-jun-76;22:33:00;33.17;5.5;14.26;1.19;13.35
18HU76020_284;5;42.6667;-64;-32;125;30-jun-76;22:33:00;33.91;4.5;18.12;1.37;13.2
18HU76020_284;5;42.6667;-64;-33;150;30-jun-76;22:33:00;34.62;3.9;17.05;1.23;13.45
18HU76020_285;50;41.505;-63.3067;-191;10;07-jul-76;11:53:00;35.91;4.2;0.06;0.02;2.71
18HU76020_285;50;41.505;-63.3067;-192;30;07-jul-76;11:53:00;35.96;4.3;0.03;0.02;2.06
18HU76020_285;50;41.505;-63.3067;-193;40;07-jul-76;11:53:00;36;4.1;0.04;0.04;2.4
18HU76020_285;50;41.505;-63.3067;-194;50;07-jul-76;11:53:00;36.47;4.4;0.04;0.03;1.67
18HU76020_285;50;41.505;-63.3067;-195;75;07-jul-76;11:53:00;35.72;4;4.7;0.27;3.44
18HU76020_285;50;41.505;-63.3067;-196;100;07-jul-76;11:53:00;36.26;3.3;8;0.61;6.41
18HU76020_285;50;41.505;-63.3067;-197;125;07-jul-76;11:53:00;36.09;3.5;8.88;0.66;6.7
18HU76020_285;50;41.505;-63.3067;-198;150;07-jul-76;11:53:00;36.13;3.3;9.28;0.72;7.77
18HU76020_295;51;43.005;-63;-199;10;07-jul-76;21:14:00;31.64;5.4;0.07;0.43;1.36
18HU76020_295;51;43.005;-63;-200;30;07-jul-76;21:14:00;33.34;5.9;0.05;0.42;1.85
18HU76020_295;51;43.005;-63;-201;40;07-jul-76;21:14:00;32.46;6.4;0.45;0.44;2.35
18HU76020_295;51;43.005;-63;-202;50;07-jul-76;21:14:00;32.66;5.9;6.45;1;6.56
18HU76020_295;51;43.005;-63;-203;75;07-jul-76;21:14:00;32.2;4.8;8.75;0.84;7.09
18HU76020_295;51;43.005;-63;-204;100;07-jul-76;21:14:00;34.65;4.3;8.21;0.99;9.6
18HU76020_295;51;43.005;-63;-205;125;07-jul-76;21:14:00;NaN;NaN;11.71;1.14;11.09
18HU76020_296;52;42.9167;-63;-206;10;07-jul-76;22:11:00;31.42;5.6;0.1;0.38;1.95
18HU76020_296;52;42.9167;-63;-207;30;07-jul-76;22:11:00;32.59;6.2;0.13;0.4;2.59
18HU76020_296;52;42.9167;-63;-208;40;07-jul-76;22:11:00;33.29;6.1;3.4;0.65;5.11
18HU76020_296;52;42.9167;-63;-209;50;07-jul-76;22:11:00;34.05;5.1;6.24;0.65;5.83
18HU76020_296;52;42.9167;-63;-210;75;07-jul-76;22:11:00;34.46;4.6;9.54;0.86;7.88
18HU76020_296;52;42.9167;-63;-211;100;07-jul-76;22:11:00;34.95;4.2;10.95;1.04;9.74
18HU76020_296;52;42.9167;-63;-212;125;07-jul-76;22:11:00;35.03;3.8;9.74;1.15;11.39
18HU76020_297;53;42.8367;-63.0033;-213;10;07-jul-76;23:07:00;31.72;5.2;0.16;0.42;2.05
18HU76020_297;53;42.8367;-63.0033;-214;30;07-jul-76;23:07:00;32.72;6;0.1;0.35;2.44
18HU76020_297;53;42.8367;-63.0033;-215;40;07-jul-76;23:07:00;33.45;5.8;0.72;0.33;3.15
18HU76020_297;53;42.8367;-63.0033;-216;50;07-jul-76;23:07:00;33.62;5.5;4.87;0.64;3.99
18HU76020_297;53;42.8367;-63.0033;-217;75;07-jul-76;23:07:00;34.16;4.9;7.68;0.73;6.96
18HU76020_297;53;42.8367;-63.0033;-218;100;07-jul-76;23:07:00;34.91;4;9.93;1.07;9.98
18HU76020_297;53;42.8367;-63.0033;-219;125;07-jul-76;23:07:00;35.23;3.5;14.1;1.26;12.95
18HU76020_298;54;42.7467;-62.985;-220;10;08-jul-76;00:32:00;31.72;5.2;0.19;0.25;1.83
18HU76020_298;54;42.7467;-62.985;-221;30;08-jul-76;00:32:00;32.76;5.5;0.45;0.31;2.29
18HU76020_298;54;42.7467;-62.985;-222;40;08-jul-76;00:32:00;33.43;5.6;0.21;0.24;2.62
18HU76020_298;54;42.7467;-62.985;-223;50;08-jul-76;00:32:00;33.38;5.7;0.32;0.36;3.32
18HU76020_298;54;42.7467;-62.985;-224;75;08-jul-76;00:32:00;34.04;4.6;4.71;0.6;5.33
18HU76020_298;54;42.7467;-62.985;-225;100;08-jul-76;00:32:00;34.69;4.2;6.93;0.9;8.96
18HU76020_298;54;42.7467;-62.985;-226;125;08-jul-76;00:32:00;35.08;3.7;10.35;NaN;9.33
18HU76020_298;54;42.7467;-62.985;-227;150;08-jul-76;00:32:00;35.13;3.5;10.21;1.13;10.81
18HU76020_299;55;42.6717;-63.0033;-228;10;08-jul-76;01:34:00;32.23;5.1;0.28;0.19;2.19
18HU76020_299;55;42.6717;-63.0033;-229;30;08-jul-76;01:34:00;33.07;5.5;0.12;0.16;2.64
18HU76020_299;55;42.6717;-63.0033;-230;40;08-jul-76;01:34:00;33.51;5.7;1.68;0.55;4.21
18HU76020_299;55;42.6717;-63.0033;-231;50;08-jul-76;01:34:00;33.43;5.7;6.54;0.73;6.18
18HU76020_299;55;42.6717;-63.0033;-232;75;08-jul-76;01:34:00;33.85;5.1;10.76;0.9;8.29
18HU76020_299;55;42.6717;-63.0033;-233;100;08-jul-76;01:34:00;34.34;4.6;10.3;0.98;10.87
18HU76020_299;55;42.6717;-63.0033;-234;125;08-jul-76;01:34:00;34.73;4.2;17.42;1.35;12.57
18HU76020_299;55;42.6717;-63.0033;-235;150;08-jul-76;01:34:00;35.07;3.5;19.56;1.47;14.95
18HU76020_300;56;42.5833;-63.005;-236;10;08-jul-76;02:47:00;32.28;5.2;NaN;NaN;NaN
18HU76020_300;56;42.5833;-63.005;-237;30;08-jul-76;02:47:00;32.86;5.8;0.31;0.29;2.8
18HU76020_300;56;42.5833;-63.005;-238;40;08-jul-76;02:47:00;33.19;5.7;2.6;0.44;4.44
18HU76020_300;56;42.5833;-63.005;-239;50;08-jul-76;02:47:00;33.55;5.7;5.04;0.6;4.9
18HU76020_300;56;42.5833;-63.005;-240;75;08-jul-76;02:47:00;34.17;4.9;6.21;1.03;8.47
18HU76020_300;56;42.5833;-63.005;-241;100;08-jul-76;02:47:00;34.58;4.3;12.1;1.08;10.3
18HU76020_300;56;42.5833;-63.005;-242;125;08-jul-76;02:47:00;35.05;3.8;12.35;1.14;11.72
18HU76020_300;56;42.5833;-63.005;-243;150;08-jul-76;02:47:00;35.15;3.5;12.61;1.32;12.93
18HU76020_301;57;42.5;-63.0017;-244;10;08-jul-76;04:07:00;32.53;5.4;0.19;0.2;1.82
18HU76020_301;57;42.5;-63.0017;-245;30;08-jul-76;04:07:00;33.08;5.6;0.35;0.23;2.3
18HU76020_301;57;42.5;-63.0017;-246;40;08-jul-76;04:07:00;33.41;5.7;0.26;0.32;3.11
18HU76020_301;57;42.5;-63.0017;-247;50;08-jul-76;04:07:00;33.95;5.4;1.6;0.4;3.81
18HU76020_301;57;42.5;-63.0017;-248;75;08-jul-76;04:07:00;34.16;5;6.08;0.7;5.35
18HU76020_301;57;42.5;-63.0017;-249;100;08-jul-76;04:07:00;34.65;4.1;11.33;1.01;9.39
18HU76020_301;57;42.5;-63.0017;-250;125;08-jul-76;04:07:00;34.97;3.7;16.45;1.17;12.13
18HU76020_301;57;42.5;-63.0017;-251;150;08-jul-76;04:07:00;35.05;3.3;17.64;1.38;12.71
18HU76020_302;58;42.5;-63.1667;-252;10;08-jul-76;05:13:00;32.46;5.3;0.02;0.21;1.98
18HU76020_302;58;42.5;-63.1667;-253;30;08-jul-76;05:13:00;32.79;5.5;0.11;0.24;1.83
18HU76020_302;58;42.5;-63.1667;-254;40;08-jul-76;05:13:00;33.33;5.6;0.02;0.29;2.18
18HU76020_302;58;42.5;-63.1667;-255;50;08-jul-76;05:13:00;33.64;5.7;2.91;0.55;3.49
18HU76020_302;58;42.5;-63.1667;-256;75;08-jul-76;05:13:00;34.19;5;5.08;0.8;6.5
18HU76020_302;58;42.5;-63.1667;-257;100;08-jul-76;05:13:00;34.46;4.5;10.49;0.93;7.53
18HU76020_302;58;42.5;-63.1667;-258;125;08-jul-76;05:13:00;35;4.1;12.09;1.07;10.26
18HU76020_302;58;42.5;-63.1667;-259;150;08-jul-76;05:13:00;35.15;3.7;11.49;1.27;12.05
18HU76020_303;59;42.5;-63.3367;-260;10;08-jul-76;06:26:00;31.67;5.1;0.18;0.28;1.64
18HU76020_303;59;42.5;-63.3367;-261;30;08-jul-76;06:26:00;32.62;5.5;0.12;0.22;1.78
18HU76020_303;59;42.5;-63.3367;-262;40;08-jul-76;06:26:00;32.68;5.6;0.22;0.33;2.93
18HU76020_303;59;42.5;-63.3367;-263;50;08-jul-76;06:26:00;33.13;5.6;3.13;0.52;3.94
18HU76020_303;59;42.5;-63.3367;-264;75;08-jul-76;06:26:00;33.51;5.3;5.33;0.73;5.52
18HU76020_303;59;42.5;-63.3367;-265;100;08-jul-76;06:26:00;34.17;4.8;12.09;0.91;8.28
18HU76020_303;59;42.5;-63.3367;-266;125;08-jul-76;06:26:00;34.69;4.2;12.22;1.03;9.91
18HU76020_303;59;42.5;-63.3367;-267;150;08-jul-76;06:26:00;34.95;3.8;17.68;1.26;11.84
18HU76020_304;6;42.71;-64.0083;-18;10;01-jul-76;00:27:00;31.37;6.4;0.28;0.32;1.9
18HU76020_304;6;42.71;-64.0083;-19;20;01-jul-76;00:27:00;31.52;6.5;0.09;0.3;1.98
18HU76020_304;6;42.71;-64.0083;-20;30;01-jul-76;00:27:00;32;6.5;0.18;0.32;1.34
18HU76020_304;6;42.71;-64.0083;-21;50;01-jul-76;00:27:00;32.42;6.7;3.86;0.63;3.55
18HU76020_304;6;42.71;-64.0083;-22;75;01-jul-76;00:27:00;33.09;5.7;11.77;1.12;12.44
18HU76020_304;6;42.71;-64.0083;-23;100;01-jul-76;00:27:00;33.57;5;13.42;1.21;13.6
18HU76020_304;6;42.71;-64.0083;-24;125;01-jul-76;00:27:00;34.18;4.3;16.69;1.33;14.41
18HU76020_304;6;42.71;-64.0083;-25;150;01-jul-76;00:27:00;34.71;3.8;18.73;1.41;14.5
18HU76020_305;60;42.5;-63.5;-268;10;08-jul-76;07:55:00;31.39;5.3;0.05;0.36;1.39
18HU76020_305;60;42.5;-63.5;-269;30;08-jul-76;07:55:00;32.52;5.7;0.15;0.37;3.17
18HU76020_305;60;42.5;-63.5;-270;40;08-jul-76;07:55:00;33.03;5.8;0.01;0.29;1.91
18HU76020_305;60;42.5;-63.5;-271;50;08-jul-76;07:55:00;33.49;5.7;0.16;0.56;4.78
18HU76020_305;60;42.5;-63.5;-272;75;08-jul-76;07:55:00;34.17;4.8;8.26;0.89;7.77
18HU76020_305;60;42.5;-63.5;-273;100;08-jul-76;07:55:00;34.44;4.4;10.62;0.88;8.49
18HU76020_305;60;42.5;-63.5;-274;125;08-jul-76;07:55:00;34.74;4.1;14.44;1.09;9.9
18HU76020_305;60;42.5;-63.5;-275;150;08-jul-76;07:55:00;35.07;3.7;15.45;1.16;11.43
18HU76020_306;61;42.5;-63.6667;-276;10;08-jul-76;09:20:00;31.64;5.3;0.03;0.29;1.52
18HU76020_306;61;42.5;-63.6667;-277;30;08-jul-76;09:20:00;32.6;5.7;0;0.19;2.48
18HU76020_306;61;42.5;-63.6667;-278;40;08-jul-76;09:20:00;33.11;5.7;1.56;0.49;4.1
18HU76020_306;61;42.5;-63.6667;-279;50;08-jul-76;09:20:00;33.6;5.5;3.34;0.57;4.78
18HU76020_306;61;42.5;-63.6667;-280;75;08-jul-76;09:20:00;34.55;4.6;11.23;0.75;7.34
18HU76020_306;61;42.5;-63.6667;-281;100;08-jul-76;09:20:00;35.15;4.1;12.48;0.93;7.97
18HU76020_306;61;42.5;-63.6667;-282;125;08-jul-76;09:20:00;35.19;3.8;15.85;1.05;10.24
18HU76020_306;61;42.5;-63.6667;-283;150;08-jul-76;09:20:00;35.21;3.4;18.07;1.28;12.56
18HU76020_307;62;42.5;-63.8333;-284;10;08-jul-76;10:28:00;31.35;5.5;0.06;0.28;1.83
18HU76020_307;62;42.5;-63.8333;-285;30;08-jul-76;10:28:00;32.79;6;0.31;0.24;1.51
18HU76020_307;62;42.5;-63.8333;-286;40;08-jul-76;10:28:00;33.6;5.8;0.26;0.33;2.72
18HU76020_307;62;42.5;-63.8333;-287;50;08-jul-76;10:28:00;33.48;5.3;4.1;0.51;4.09
18HU76020_307;62;42.5;-63.8333;-288;75;08-jul-76;10:28:00;34.47;4.5;11.06;0.88;7.92
18HU76020_307;62;42.5;-63.8333;-289;100;08-jul-76;10:28:00;35.08;4;11.83;0.96;8.29
18HU76020_307;62;42.5;-63.8333;-290;125;08-jul-76;10:28:00;35.07;3.7;17.18;1.11;11.38
18HU76020_307;62;42.5;-63.8333;-291;150;08-jul-76;10:28:00;35.13;3.4;12.57;1.24;12.92
18HU76020_308;63;42.5017;-64.0083;-292;10;08-jul-76;12:01:00;31.59;6;0.17;0.28;1.37
18HU76020_308;63;42.5017;-64.0083;-293;30;08-jul-76;12:01:00;31.98;6.4;1.28;0.48;2.12
18HU76020_308;63;42.5017;-64.0083;-294;40;08-jul-76;12:01:00;32.13;6;4.9;0.73;3.86
18HU76020_308;63;42.5017;-64.0083;-295;50;08-jul-76;12:01:00;32.34;5.7;8.88;0.93;8.14
18HU76020_308;63;42.5017;-64.0083;-296;75;08-jul-76;12:01:00;34.51;4.4;9.59;0.71;7.62
18HU76020_308;63;42.5017;-64.0083;-297;100;08-jul-76;12:01:00;NaN;NaN;12;0.72;7.75
18HU76020_308;63;42.5017;-64.0083;-298;125;08-jul-76;12:01:00;NaN;NaN;14.27;0.89;9.09
18HU76020_308;63;42.5017;-64.0083;-299;150;08-jul-76;12:01:00;35.54;3.6;15.37;1.03;10.72
18HU76020_317;71;43.5;-63.3333;-300;10;10-jul-76;05:30:00;31.3;5.7;0.02;0.29;1.76
18HU76020_317;71;43.5;-63.3333;-301;30;10-jul-76;05:30:00;31.99;7.3;0.33;0.46;1.22
18HU76020_317;71;43.5;-63.3333;-302;40;10-jul-76;05:30:00;31.92;6.9;2.02;0.71;2.99
18HU76020_317;71;43.5;-63.3333;-303;50;10-jul-76;05:30:00;NaN;NaN;3.42;0.83;4.1
18HU76020_317;71;43.5;-63.3333;-304;75;10-jul-76;05:30:00;NaN;NaN;8.59;1.05;10.9
18HU76020_317;71;43.5;-63.3333;-305;100;10-jul-76;05:30:00;33.04;4.2;13.7;1.33;16.92
18HU76020_317;71;43.5;-63.3333;-306;125;10-jul-76;05:30:00;34.69;3.6;15.18;1.37;16.1
18HU76020_317;71;43.5;-63.3333;-307;150;10-jul-76;05:30:00;34.89;3.4;14.69;1.44;16.75
18HU76020_318;72;43.3333;-63.33;-308;10;10-jul-76;07:27:00;31.34;6.1;0.05;0.28;1.49
18HU76020_318;72;43.3333;-63.33;-309;30;10-jul-76;07:27:00;32.06;7.1;0.3;0.44;1.05
18HU76020_318;72;43.3333;-63.33;-310;40;10-jul-76;07:27:00;31.96;7;0.96;0.83;2.2
18HU76020_318;72;43.3333;-63.33;-311;50;10-jul-76;07:27:00;32.13;6.7;NaN;NaN;NaN
18HU76020_318;72;43.3333;-63.33;-312;75;10-jul-76;07:27:00;32.77;5.9;10.39;1.14;9.76
18HU76020_318;72;43.3333;-63.33;-313;100;10-jul-76;07:27:00;33.65;4.8;11.74;1.23;13.36
18HU76020_318;72;43.3333;-63.33;-314;125;10-jul-76;07:27:00;34.46;4;13.85;1.43;14.51
18HU76020_318;72;43.3333;-63.33;-315;150;10-jul-76;07:27:00;34.81;3.4;14.54;1.48;17.62
18HU76020_319;73;43.1667;-63.33;-316;10;10-jul-76;09:00:00;31.6;6.1;0.03;0.31;1.76
18HU76020_319;73;43.1667;-63.33;-317;30;10-jul-76;09:00:00;31.84;6.9;0.36;0.52;2.32
18HU76020_319;73;43.1667;-63.33;-318;40;10-jul-76;09:00:00;32.08;6.8;3.08;0.8;3.27
18HU76020_319;73;43.1667;-63.33;-319;50;10-jul-76;09:00:00;32.13;6.5;4.17;0.99;6.52
18HU76020_319;73;43.1667;-63.33;-320;75;10-jul-76;09:00:00;32.89;5.9;8.12;1.08;10.93
18HU76020_319;73;43.1667;-63.33;-321;100;10-jul-76;09:00:00;34.05;4.7;12.59;0.81;12.24
18HU76020_319;73;43.1667;-63.33;-322;125;10-jul-76;09:00:00;34.96;3.7;16.22;1.42;14.47
18HU76020_319;73;43.1667;-63.33;-323;150;10-jul-76;09:00:00;35.08;3.9;16.8;1.29;13.18
18HU76020_320;74;43.0133;-63.3317;-324;10;10-jul-76;10:40:00;31.5;6.3;0.06;0.26;1.56
18HU76020_320;74;43.0133;-63.3317;-325;30;10-jul-76;10:40:00;31.96;6.8;0.15;0.25;1.53
18HU76020_320;74;43.0133;-63.3317;-326;40;10-jul-76;10:40:00;32.13;7;1;0.63;4.09
18HU76020_320;74;43.0133;-63.3317;-327;50;10-jul-76;10:40:00;32.2;6.9;4.27;0.85;4.8
18HU76020_320;74;43.0133;-63.3317;-328;75;10-jul-76;10:40:00;33.34;5;11.01;1.25;14.3
18HU76020_320;74;43.0133;-63.3317;-329;100;10-jul-76;10:40:00;34.31;4.6;11.39;1.13;10.38
18HU76020_320;74;43.0133;-63.3317;-330;125;10-jul-76;10:40:00;34.72;4;13.41;1.37;12.97
18HU76020_320;74;43.0133;-63.3317;-331;150;10-jul-76;10:40:00;35.01;3.8;13.46;1.37;14.11
18HU76020_321;75;42.8383;-63.335;-332;10;10-jul-76;11:13:00;31.4;5.8;0.06;0.3;1.48
18HU76020_321;75;42.8383;-63.335;-333;30;10-jul-76;11:13:00;31.91;6.3;0.13;0.36;2.77
18HU76020_321;75;42.8383;-63.335;-334;40;10-jul-76;11:13:00;32.45;6.6;0.39;0.44;2.62
18HU76020_321;75;42.8383;-63.335;-335;50;10-jul-76;11:13:00;32.59;6.8;NaN;NaN;NaN
18HU76020_321;75;42.8383;-63.335;-336;75;10-jul-76;11:13:00;33.57;5.7;10.06;0.88;7.71
18HU76020_321;75;42.8383;-63.335;-337;100;10-jul-76;11:13:00;34.45;4.9;9.06;0.96;8.67
18HU76020_321;75;42.8383;-63.335;-338;125;10-jul-76;11:13:00;35;4.2;14.8;1.08;10.9
18HU76020_321;75;42.8383;-63.335;-339;150;10-jul-76;11:13:00;35.11;4.1;13.5;1.27;12.25
18HU76020_322;76;42.6667;-63.3317;-340;10;10-jul-76;13:21:00;31.55;5.5;0;0.33;1.29
18HU76020_322;76;42.6667;-63.3317;-341;30;10-jul-76;13:21:00;32.36;6.4;0.3;0.31;1.91
18HU76020_322;76;42.6667;-63.3317;-342;40;10-jul-76;13:21:00;32.68;6.8;0.11;0.42;1.91
18HU76020_322;76;42.6667;-63.3317;-343;50;10-jul-76;13:21:00;33.21;6.6;0.19;0.41;2.14
18HU76020_322;76;42.6667;-63.3317;-344;75;10-jul-76;13:21:00;33.92;5.4;8.52;0.95;8.67
18HU76020_322;76;42.6667;-63.3317;-345;100;10-jul-76;13:21:00;34.45;5;10.41;0.76;6.25
18HU76020_322;76;42.6667;-63.3317;-346;125;10-jul-76;13:21:00;34.84;4.4;13.36;1.07;10.15
18HU76020_322;76;42.6667;-63.3317;-347;150;10-jul-76;13:21:00;35.11;3.8;16.15;1.16;11.44
18HU76020_326;8;42.795;-64;-11;10;01-jul-76;02:35:00;31.44;6;0.1;0.22;2.07
18HU76020_326;8;42.795;-64;-12;20;01-jul-76;02:35:00;31.64;6;0.14;0.34;1.55
18HU76020_326;8;42.795;-64;-13;30;01-jul-76;02:35:00;32.1;6.8;1.22;0.62;2.82
18HU76020_326;8;42.795;-64;-14;50;01-jul-76;02:35:00;31.99;6.3;6.58;0.79;7.85
18HU76020_326;8;42.795;-64;-15;75;01-jul-76;02:35:00;32.32;5.7;10.42;1.04;11.65
18HU76020_326;8;42.795;-64;-16;100;01-jul-76;02:35:00;33.81;4.6;13.93;1.15;13.9
18HU76020_326;8;42.795;-64;-17;125;01-jul-76;02:35:00;34.34;4.2;16.86;1.37;13.46
