CTD;CTD;CTD;CTD;CTD;CTD;CTD;CTD;CTD;CTD;CTD;CTD;CTD;labo;labo;labo;labo;labo;labo;labo
Fichier;Station;Latitude;Longitude;Echantillon;zbouteille;Date;Heure;PRES;PSAL;TEMP_XX;DOXY;PHPH;CHL_01;Si_01;PO4_01;NOx_01;PSAL_BS;NO2_01;OXY_02
(nom);(nom/no);(degres);(degres);(no_unique);(dbar);(jj-mmm-yyyy);(GMT);(dbar);(psu);(celsius);(ml/l);((none));(mg/m**3);(mmol/m**3);(mmol/m**3);(mmol/m**3);(PSU);(mmol/m**3);(ml/l)
18HU16003_003;HL_02;44.26486;-63.31688;431018;147.56;10-apr-16;05:47:00;147.565;34.5935;9.7236;3.5943;7.99;0.1385;13.50333;1.223;14.79333;34.558;0.04667;3.723
18HU16003_003;HL_02;44.26484;-63.31621;431019;101.35;10-apr-16;05:50:00;101.358;32.5476;3.8996;5.9773;7.975;0.23469;11.535;1.11633;12.04667;NaN;0.08167;NaN
18HU16003_003;HL_02;44.26504;-63.31618;431020;80.18;10-apr-16;05:52:00;80.188;32.1482;2.9952;6.6421;7.999;0.32317;6.92;0.95267;7.14667;NaN;0.14;NaN
18HU16003_003;HL_02;44.26512;-63.31626;431021;80.38;10-apr-16;05:52:00;80.384;32.1548;3.008;6.6314;7.996;NaN;NaN;NaN;NaN;NaN;NaN;NaN
18HU16003_003;HL_02;44.26518;-63.31632;431022;79.93;10-apr-16;05:53:00;79.93;32.1531;3.0108;6.6248;7.996;NaN;NaN;NaN;NaN;NaN;NaN;NaN
18HU16003_003;HL_02;44.26483;-63.31616;431023;60.35;10-apr-16;05:54:00;60.351;31.7872;2.7408;7.357;8.069;0.39628;2.61333;0.67167;2.97;NaN;0.10333;NaN
18HU16003_003;HL_02;44.26434;-63.31596;431024;52.33;10-apr-16;05:56:00;52.338;31.1456;1.3983;8.1285;8.112;2.27279;0.88;0.49933;0.77667;NaN;0.05667;NaN
18HU16003_003;HL_02;44.26414;-63.31577;431025;39.18;10-apr-16;05:57:00;39.182;31.0494;1.2558;8.2333;8.117;2.4171;0.80333;0.47733;0.69;31.054;0.05333;8.148
18HU16003_003;HL_02;44.26418;-63.31576;431026;40.9;10-apr-16;05:58:00;40.902;31.0588;1.2551;8.2438;8.114;NaN;NaN;NaN;NaN;NaN;NaN;NaN
18HU16003_003;HL_02;44.26424;-63.31576;431027;39.73;10-apr-16;05:58:00;39.73;31.0584;1.2588;8.2454;8.114;NaN;NaN;NaN;NaN;NaN;NaN;NaN
18HU16003_003;HL_02;44.26436;-63.31548;431028;30.63;10-apr-16;05:59:00;30.638;31.0347;1.2394;8.2732;8.114;2.77786;0.78;0.482;0.72333;NaN;0.06;NaN
18HU16003_003;HL_02;44.26404;-63.31488;431029;20.5;10-apr-16;06:01:00;20.506;30.9781;1.4133;8.3076;8.118;2.38102;1.04;0.46867;0.61333;NaN;0.05667;NaN
18HU16003_003;HL_02;44.26398;-63.3147;431030;20.69;10-apr-16;06:02:00;20.692;30.9981;1.3686;8.3076;8.118;NaN;NaN;NaN;NaN;NaN;NaN;NaN
18HU16003_003;HL_02;44.26398;-63.31464;431031;20.19;10-apr-16;06:02:00;20.198;30.9893;1.3852;8.3113;8.118;NaN;NaN;NaN;NaN;NaN;NaN;NaN
18HU16003_003;HL_02;44.26416;-63.31464;431032;9.91;10-apr-16;06:04:00;9.912;30.9343;1.6624;8.3057;8.127;2.63356;0.72;0.45567;0.39667;NaN;0.05667;NaN
18HU16003_003;HL_02;44.26409;-63.31448;431033;1.89;10-apr-16;06:05:00;1.895;30.9256;1.6677;8.3141;8.127;2.52532;0.77667;0.46933;0.40333;30.932;0.03667;8.199
18HU16003_003;HL_02;44.26396;-63.31442;431034;2.74;10-apr-16;06:06:00;2.745;30.9286;1.6659;8.2975;8.127;NaN;NaN;NaN;NaN;NaN;NaN;NaN
18HU16003_003;HL_02;44.26376;-63.31434;431035;1.47;10-apr-16;06:06:00;1.479;30.9258;1.6635;8.3122;8.127;NaN;NaN;NaN;NaN;NaN;NaN;NaN
18HU16003_003;HL_02;44.26363;-63.31434;431036;2.58;10-apr-16;06:06:00;2.583;30.9253;1.6612;8.3073;8.127;NaN;NaN;NaN;NaN;NaN;NaN;NaN
18HU16003_004;LL_03;45.48897;-59.51398;431546;151.28;22-apr-16;13:46:00;151.281;33.2059;2.9964;5.4249;7.909;NaN;13.165;2.4115;10.09;33.162;0.265;5.445
18HU16003_004;LL_03;45.48882;-59.51328;431547;99.87;22-apr-16;13:49:00;99.871;32.7573;2.2603;6.0697;7.941;0.11927;11.995;1.114;7.85;NaN;0.21;NaN
18HU16003_004;LL_03;45.48868;-59.51269;431548;80.59;22-apr-16;13:51:00;80.592;32.393;1.8188;6.6871;7.983;0.11542;8.125;0.938;5.01;NaN;0.215;NaN
18HU16003_004;LL_03;45.48852;-59.51214;431549;60.7;22-apr-16;13:53:00;60.707;31.9162;1.0909;7.6595;8.061;0.7284;2.1;0.6055;2.055;NaN;0.15;NaN
18HU16003_004;LL_03;45.48848;-59.51202;431550;60.4;22-apr-16;13:54:00;60.407;31.9151;1.0847;7.5383;8.056;NaN;NaN;NaN;NaN;NaN;NaN;NaN
18HU16003_004;LL_03;45.48844;-59.51172;431551;50.32;22-apr-16;13:55:00;50.321;31.7351;0.7734;8.039;8.096;0.26931;1.68;0.6315;1.725;NaN;0.185;NaN
18HU16003_004;LL_03;45.48835;-59.51122;431552;40.08;22-apr-16;13:56:00;40.082;31.4633;1.2008;8.2387;8.134;1.47912;0.59;0.5195;1.375;NaN;0.115;NaN
18HU16003_004;LL_03;45.4883;-59.51106;431553;40.34;22-apr-16;13:57:00;40.34;31.4597;1.2183;8.2417;8.134;NaN;NaN;NaN;NaN;NaN;NaN;NaN
18HU16003_004;LL_03;45.48822;-59.51078;431554;30.37;22-apr-16;13:58:00;30.375;31.4554;1.2492;8.2413;8.138;1.73165;0.5;0.5195;1.365;NaN;0.105;NaN
18HU16003_004;LL_03;45.4881;-59.51036;431555;20.16;22-apr-16;13:59:00;20.164;31.4548;1.2444;8.2577;8.138;1.33482;0.46;0.504;1.25;NaN;0.07;NaN
18HU16003_004;LL_03;45.48804;-59.51016;431556;20.04;22-apr-16;14:00:00;20.049;31.4549;1.2563;8.2628;8.138;NaN;NaN;NaN;NaN;NaN;NaN;NaN
18HU16003_004;LL_03;45.4879;-59.50965;431557;9.72;22-apr-16;14:01:00;9.725;31.4549;1.2449;8.2434;8.138;1.69558;0.565;0.488;1.295;NaN;0.105;NaN
18HU16003_004;LL_03;45.48778;-59.5093;431558;3.39;22-apr-16;14:03:00;3.397;31.4547;1.2551;8.2555;8.138;1.6595;0.735;0.484;1.295;31.443;0.08;8.1605
18HU16003_004;LL_03;45.48772;-59.50919;431559;3.64;22-apr-16;14:03:00;3.649;31.4549;1.2567;8.2614;8.142;NaN;NaN;NaN;NaN;NaN;NaN;NaN
18HU16003_006;LL_04;45.15734;-59.17384;431560;97.89;22-apr-16;16:47:00;97.89;32.3625;2.3824;6.169;7.947;0.09871;10.575;1.03;7.275;32.34;0.235;6.137
18HU16003_006;LL_04;45.15724;-59.17356;431561;80.75;22-apr-16;16:48:00;80.755;32.2998;2.3608;6.2871;7.955;0.10507;9.97;1.0235;6.135;NaN;0.245;NaN
18HU16003_006;LL_04;45.15724;-59.17348;431562;80.46;22-apr-16;16:49:00;80.467;32.2997;2.3619;6.288;7.955;NaN;NaN;NaN;NaN;NaN;NaN;NaN
18HU16003_006;LL_04;45.15722;-59.1734;431563;80.43;22-apr-16;16:50:00;80.439;32.2977;2.3641;6.3044;7.955;NaN;NaN;NaN;NaN;NaN;NaN;NaN
18HU16003_006;LL_04;45.1572;-59.17368;431564;60.89;22-apr-16;16:52:00;60.893;31.9081;1.4612;7.2895;8.04;0.35395;2.335;0.6255;2.21;NaN;0.16;NaN
18HU16003_006;LL_04;45.1573;-59.17382;431565;50.47;22-apr-16;16:53:00;50.471;31.6639;1.3092;7.7585;8.085;0.37704;2.29;0.6535;1.9;NaN;0.135;NaN
18HU16003_006;LL_04;45.15734;-59.17357;431566;40.37;22-apr-16;16:55:00;40.374;31.5127;1.4316;7.961;8.107;0.18467;2.36;0.679;1.875;NaN;0.195;NaN
18HU16003_006;LL_04;45.15735;-59.1735;431567;40.62;22-apr-16;16:55:00;40.626;31.5142;1.4306;7.9811;8.105;NaN;NaN;NaN;NaN;NaN;NaN;NaN
18HU16003_006;LL_04;45.15736;-59.1735;431568;40.14;22-apr-16;16:56:00;40.147;31.5142;1.431;7.9695;8.104;NaN;NaN;NaN;NaN;NaN;NaN;NaN
18HU16003_006;LL_04;45.15736;-59.1735;431569;29.63;22-apr-16;16:57:00;29.637;31.4788;1.5085;8.002;8.108;0.1608;0.955;0.544;1.71;NaN;0.115;NaN
18HU16003_006;LL_04;45.15738;-59.17342;431570;20.7;22-apr-16;16:58:00;20.708;31.4751;1.5363;7.9896;8.108;0.16876;0.95;0.5295;1.55;NaN;0.15;NaN
18HU16003_006;LL_04;45.1574;-59.17334;431571;20.35;22-apr-16;16:59:00;20.359;31.4775;1.53;7.9906;8.108;NaN;NaN;NaN;NaN;NaN;NaN;NaN
18HU16003_006;LL_04;45.15746;-59.17331;431572;20.28;22-apr-16;17:00:00;20.282;31.4767;1.5342;7.9803;8.108;NaN;NaN;NaN;NaN;NaN;NaN;NaN
18HU16003_006;LL_04;45.15741;-59.17322;431573;10.22;22-apr-16;17:01:00;10.22;31.477;1.5657;7.9923;8.108;0.17672;1.295;0.5325;1.7;NaN;0.11;NaN
18HU16003_006;LL_04;45.15744;-59.17316;431574;1.78;22-apr-16;17:02:00;1.783;31.4747;1.5641;8.0466;8.113;0.21811;2.575;0.728;1.625;31.465;0.13;7.94
18HU16003_006;LL_04;45.15742;-59.17325;431575;2.08;22-apr-16;17:03:00;2.085;31.4757;1.5667;8.0127;8.113;NaN;NaN;NaN;NaN;NaN;NaN;NaN
18HU16003_006;LL_04;45.15737;-59.1733;431576;2.42;22-apr-16;17:03:00;2.429;31.4758;1.5655;8.019;8.113;NaN;NaN;NaN;NaN;NaN;NaN;NaN
18HU16003_006;LL_04;45.15734;-59.17334;431577;2.64;22-apr-16;17:04:00;2.649;31.4759;1.5665;8.0256;8.113;NaN;NaN;NaN;NaN;NaN;NaN;NaN
18HU16003_008;LL_05;44.81632;-58.85026;431578;237.8;22-apr-16;20:12:00;237.8;32.9309;3.1106;6.0107;7.957;NaN;9.925;0.986;6.02;32.914;0.23;5.998
18HU16003_008;LL_05;44.81616;-58.85019;431579;100.52;22-apr-16;20:18:00;100.52;32.4113;2.4588;6.3057;7.959;0.09075;10.12;1.0975;5.2;NaN;0.305;NaN
18HU16003_008;LL_05;44.81616;-58.85026;431580;80.91;22-apr-16;20:20:00;80.915;32.2505;2.2343;6.5016;7.975;0.11304;7.7;0.9475;4.5;NaN;0.265;NaN
18HU16003_008;LL_05;44.81616;-58.85032;431581;80.36;22-apr-16;20:21:00;80.363;32.2384;2.2165;6.5414;7.98;NaN;NaN;NaN;NaN;NaN;NaN;NaN
18HU16003_008;LL_05;44.81616;-58.85034;431582;61.39;22-apr-16;20:22:00;61.399;32.0797;2.0852;6.7866;7.999;NaN;NaN;NaN;NaN;NaN;NaN;NaN
18HU16003_008;LL_05;44.81624;-58.85047;431583;50.53;22-apr-16;20:24:00;50.531;31.9462;2.0333;7.0991;8.024;0.48092;5.425;0.846;3.305;NaN;0.18;NaN
18HU16003_008;LL_05;44.81626;-58.85066;431584;41.08;22-apr-16;20:25:00;41.084;31.7016;1.7682;7.7957;8.097;1.64248;1.875;0.6015;2.095;NaN;0.095;NaN
18HU16003_008;LL_05;44.81624;-58.85063;431585;40.36;22-apr-16;20:26:00;40.361;31.7026;1.7731;7.8195;8.097;NaN;NaN;NaN;NaN;NaN;NaN;NaN
18HU16003_008;LL_05;44.81614;-58.85034;431586;31.35;22-apr-16;20:27:00;31.35;31.6754;1.701;7.9048;8.108;1.95669;1.21;0.536;1.55;NaN;0.075;NaN
18HU16003_008;LL_05;44.81614;-58.85025;431587;19.88;22-apr-16;20:28:00;19.886;31.6621;1.6831;8.0191;8.119;1.91384;0.93;0.509;1.655;NaN;0.11;NaN
18HU16003_008;LL_05;44.81618;-58.85024;431588;19.72;22-apr-16;20:29:00;19.726;31.6588;1.6871;8.0517;8.127;NaN;NaN;NaN;NaN;NaN;NaN;NaN
18HU16003_008;LL_05;44.8162;-58.85022;431589;10.44;22-apr-16;20:30:00;10.44;31.6573;1.704;8.0989;8.127;1.07118;0.76;0.4805;1.56;NaN;0.09;NaN
18HU16003_008;LL_05;44.81618;-58.85008;431590;2.67;22-apr-16;20:32:00;2.673;31.6581;1.694;8.0996;8.132;1.7853;0.935;0.4895;1.485;31.646;0.09;7.984
18HU16003_008;LL_05;44.8162;-58.84998;431591;2.33;22-apr-16;20:32:00;2.339;31.6554;1.6953;8.1129;8.132;NaN;NaN;NaN;NaN;NaN;NaN;NaN
18HU16003_011;LL_06;44.47504;-58.50722;431598;60.62;22-apr-16;23:55:00;60.62;32.0523;2.4972;7.5939;8.093;1.17116;1.6;0.559;1.13333;32.036;0.07333;7.6335
18HU16003_011;LL_06;44.47502;-58.50664;431599;50.66;22-apr-16;23:57:00;50.665;32.0229;2.4275;7.6529;8.095;1.32826;1.32;0.559;1.13333;NaN;0.06333;NaN
18HU16003_011;LL_06;44.47522;-58.50638;431600;40.84;23-apr-16;00:00:00;40.843;32.0007;2.4647;7.7693;8.104;1.74245;0.92667;0.53467;0.94333;NaN;0.05333;NaN
18HU16003_011;LL_06;44.47518;-58.50686;431601;30.57;23-apr-16;00:02:00;30.574;31.9993;2.466;7.7648;8.109;1.62819;0.94333;0.52967;1.02333;NaN;0.05;NaN
18HU16003_011;LL_06;44.47516;-58.50672;431602;20.4;23-apr-16;00:05:00;20.404;31.9978;2.4695;7.8034;8.114;NaN;NaN;NaN;NaN;NaN;NaN;NaN
18HU16003_011;LL_06;44.475;-58.50601;431603;10.53;23-apr-16;00:07:00;10.537;31.9996;2.4768;7.8265;8.113;1.87099;0.92667;0.54167;0.95667;NaN;0.03333;NaN
18HU16003_011;LL_06;44.47515;-58.5052;431604;2.86;23-apr-16;00:10:00;2.869;31.9988;2.4766;7.7964;8.114;1.87099;0.88;0.555;0.96;31.985;0.03333;7.716
18HU16003_013;LL_07;44.13038;-58.17071;431605;865.39;23-apr-16;04:22:00;865.397;34.9651;4.3694;5.8417;8.02;NaN;11.30333;1.20067;18.02;34.95;0;5.902
18HU16003_013;LL_07;44.12994;-58.1712;431606;499.33;23-apr-16;04:31:00;499.333;35.0294;6.4828;4.3909;7.984;NaN;13.85;1.42167;21.61;NaN;0;NaN
18HU16003_013;LL_07;44.1295;-58.17165;431607;250.27;23-apr-16;04:38:00;250.271;35.143;8.5994;3.3992;7.976;NaN;14.08333;1.46033;24.48333;35.127;0.03667;3.423
18HU16003_013;LL_07;44.1295;-58.17178;431608;250.14;23-apr-16;04:39:00;250.144;35.143;8.5993;3.3982;7.976;NaN;NaN;NaN;NaN;NaN;NaN;NaN
18HU16003_013;LL_07;44.12954;-58.17165;431609;250.56;23-apr-16;04:40:00;250.568;35.143;8.599;3.4067;7.977;NaN;NaN;NaN;NaN;NaN;NaN;NaN
18HU16003_013;LL_07;44.12966;-58.1723;431610;98.05;23-apr-16;04:46:00;98.058;34.8682;10.2878;4.5884;8.076;0.14807;6.42667;0.89767;12.77;NaN;0.12;NaN
18HU16003_013;LL_07;44.1296;-58.17264;431611;79.08;23-apr-16;04:49:00;79.085;34.3084;8.5923;5.2715;8.082;0.19742;5.35667;0.81533;10.06667;NaN;0.20667;NaN
18HU16003_013;LL_07;44.12956;-58.17297;431612;80.02;23-apr-16;04:51:00;80.026;34.0852;7.9569;5.5598;8.087;NaN;NaN;NaN;NaN;NaN;NaN;NaN
18HU16003_013;LL_07;44.1295;-58.17296;431613;78.69;23-apr-16;04:52:00;78.692;34.0733;7.9258;5.5773;8.086;NaN;NaN;NaN;NaN;NaN;NaN;NaN
18HU16003_013;LL_07;44.12908;-58.17268;431614;59.65;23-apr-16;04:55:00;59.659;33.2489;5.5664;6.6351;8.106;0.33472;2.38333;0.62933;4.01333;NaN;0.10667;NaN
18HU16003_013;LL_07;44.12882;-58.1729;431615;50.67;23-apr-16;04:57:00;50.672;32.7826;4.3657;7.4417;8.149;1.55678;0.76;0.46467;1.08667;NaN;0.03667;NaN
18HU16003_013;LL_07;44.12864;-58.17294;431616;41.01;23-apr-16;05:01:00;41.013;32.7002;4.1978;7.584;8.155;1.67104;0.42333;0.41533;0.41;NaN;0.04667;NaN
18HU16003_013;LL_07;44.12858;-58.17306;431617;30.17;23-apr-16;05:03:00;30.171;32.6834;4.2854;7.6048;8.159;1.47109;0.41667;0.40433;0.92;NaN;0.05;NaN
18HU16003_013;LL_07;44.1285;-58.1733;431618;20.47;23-apr-16;05:06:00;20.475;32.6813;4.2712;7.5956;8.16;1.55678;0.45;0.3855;1.205;NaN;0.075;NaN
18HU16003_013;LL_07;44.1285;-58.17342;431619;20.4;23-apr-16;05:06:00;20.409;32.6817;4.2726;7.6068;8.16;NaN;NaN;NaN;NaN;NaN;NaN;NaN
18HU16003_013;LL_07;44.1285;-58.17344;431620;20.23;23-apr-16;05:07:00;20.231;32.6798;4.2605;7.6099;8.16;NaN;NaN;NaN;NaN;NaN;NaN;NaN
18HU16003_013;LL_07;44.12848;-58.17318;431621;10.04;23-apr-16;05:09:00;10.044;32.6815;4.2724;7.5968;8.162;1.65676;0.46;0.377;1.21;NaN;0.08;NaN
18HU16003_013;LL_07;44.12846;-58.17334;431622;3.58;23-apr-16;05:10:00;3.582;32.6815;4.2729;7.6165;8.162;1.58535;0.565;0.3685;1.255;32.667;0.095;7.536
18HU16003_013;LL_07;44.12842;-58.17338;431623;2.97;23-apr-16;05:11:00;2.976;32.6817;4.2736;7.6049;8.162;NaN;NaN;NaN;NaN;NaN;NaN;NaN
18HU16003_013;LL_07;44.12838;-58.17337;431624;2.66;23-apr-16;05:12:00;2.66;32.6817;4.2728;7.5909;8.162;NaN;NaN;NaN;NaN;NaN;NaN;NaN
18HU16003_013;LL_07;44.12826;-58.17322;431625;3.13;23-apr-16;05:12:00;3.13;32.6813;4.2716;7.6036;8.16;NaN;NaN;NaN;NaN;NaN;NaN;NaN
18HU16003_016;LL_08;43.77878;-57.83796;431626;1003.35;23-apr-16;10:21:00;1003.359;34.9598;4.2567;5.9253;NaN;NaN;NaN;NaN;NaN;NaN;NaN;NaN
18HU16003_016;LL_08;43.77884;-57.83812;431627;1001.71;23-apr-16;10:22:00;1001.713;34.96;4.2576;5.9286;NaN;NaN;NaN;NaN;NaN;NaN;NaN;NaN
18HU16003_016;LL_08;43.77888;-57.83826;431628;1002;23-apr-16;10:23:00;1002.005;34.9601;4.2585;5.9266;NaN;NaN;NaN;NaN;NaN;NaN;NaN;NaN
18HU16003_016;LL_08;43.77889;-57.83834;431629;1002.8;23-apr-16;10:23:00;1002.807;34.9601;4.2589;5.9174;NaN;NaN;NaN;NaN;NaN;NaN;NaN;NaN
18HU16003_016;LL_08;43.7788;-57.83828;431630;1003.06;23-apr-16;10:24:00;1003.069;34.96;4.2543;5.9258;NaN;NaN;NaN;NaN;NaN;NaN;NaN;NaN
18HU16003_016;LL_08;43.77876;-57.83824;431631;1002.52;23-apr-16;10:25:00;1002.52;34.9598;4.2529;5.9268;NaN;NaN;NaN;NaN;NaN;NaN;NaN;NaN
18HU16003_016;LL_08;43.77878;-57.83825;431632;1002.02;23-apr-16;10:26:00;1002.028;34.96;4.2541;5.9422;NaN;NaN;NaN;NaN;NaN;NaN;NaN;NaN
18HU16003_016;LL_08;43.77884;-57.8383;431633;1002.35;23-apr-16;10:26:00;1002.359;34.9598;4.2534;5.9307;NaN;NaN;10.81;1.15633;17.70667;34.944;0;6.0415
18HU16003_016;LL_08;43.77953;-57.83839;431634;498.54;23-apr-16;10:38:00;498.541;35.0131;5.6345;4.8871;NaN;NaN;12.44333;1.30167;19.43333;NaN;0;NaN
18HU16003_016;LL_08;43.77952;-57.83878;431635;248.42;23-apr-16;10:43:00;248.428;35.1702;9.0519;3.3714;NaN;NaN;13.27333;1.464;23.49;35.164;0.05667;3.501
18HU16003_016;LL_08;43.78002;-57.83874;431636;100.71;23-apr-16;10:47:00;100.719;35.3379;12.3485;4.973;NaN;0.0605;4.10667;0.64767;9.59667;NaN;0.07;NaN
18HU16003_016;LL_08;43.78016;-57.83882;431637;80.85;23-apr-16;10:49:00;80.853;35.354;12.5821;5.3064;NaN;0.06209;2.87667;0.557;7.68667;NaN;0.22;NaN
18HU16003_016;LL_08;43.78024;-57.83882;431638;60.45;23-apr-16;10:51:00;60.459;34.1749;8.6502;5.846;NaN;0.13851;3.22333;0.61867;6.36667;NaN;0.23;NaN
18HU16003_016;LL_08;43.78028;-57.83898;431639;50.76;23-apr-16;10:53:00;50.762;34.1051;8.5383;6.0172;NaN;0.1608;2.28667;0.54967;5;NaN;0.20667;NaN
18HU16003_016;LL_08;43.78032;-57.83938;431640;40.69;23-apr-16;10:55:00;40.698;33.6014;7.0925;6.5996;NaN;0.22289;1.27;0.485;2.69;NaN;0.16;NaN
18HU16003_016;LL_08;43.78018;-57.83966;431641;30.27;23-apr-16;10:56:00;30.272;33.247;6.2261;7.0052;NaN;0.44629;0.96667;0.51633;1.93;NaN;0.13667;NaN
18HU16003_016;LL_08;43.78;-57.83976;431642;20.94;23-apr-16;10:58:00;20.948;33.0561;5.74;7.1397;NaN;0.92835;0.59;0.41433;0.84333;NaN;0.07;NaN
18HU16003_016;LL_08;43.78006;-57.84011;431643;10.11;23-apr-16;11:00:00;10.112;33.049;5.7306;7.1386;NaN;0.94264;0.45;0.39967;0.70667;NaN;0.06;NaN
18HU16003_016;LL_08;43.7801;-57.84032;431644;2.13;23-apr-16;11:01:00;2.137;33.0474;5.718;7.1609;NaN;1.0569;0.50667;0.47667;0.91667;33.033;0.06333;7.132
18HU16003_023;GULD_03;43.99964;-59.02058;431645;407.56;23-apr-16;22:22:00;407.568;35.0526;7.5137;4.1324;7.975;NaN;11.77;1.29133;19.18667;35.037;0.04333;4.379
18HU16003_023;GULD_03;44.00002;-59.02038;431646;251.49;23-apr-16;22:30:00;251.495;35.0439;8.6937;4.1144;7.987;NaN;11.78333;1.276;19.60667;35.028;0.02333;4.1535
18HU16003_023;GULD_03;43.9999;-59.02068;431647;100.83;23-apr-16;22:34:00;100.839;34.0191;8.2296;5.9972;8.099;0.18852;2.99333;0.608;5.88667;NaN;0.22333;NaN
18HU16003_023;GULD_03;43.99982;-59.02056;431648;81.67;23-apr-16;22:37:00;81.679;33.8248;8.2624;6.5545;8.14;0.39628;1.67667;0.472;3.01333;NaN;0.17333;NaN
18HU16003_023;GULD_03;43.99986;-59.02056;431649;81.7;23-apr-16;22:37:00;81.707;33.8336;8.2776;6.5158;8.139;NaN;NaN;NaN;NaN;NaN;NaN;NaN
18HU16003_023;GULD_03;43.9999;-59.02054;431650;81.72;23-apr-16;22:38:00;81.721;33.8342;8.2789;6.5546;8.139;NaN;NaN;NaN;NaN;NaN;NaN;NaN
18HU16003_023;GULD_03;44.00021;-59.02048;431651;60.57;23-apr-16;22:40:00;60.579;32.8125;4.5149;7.4291;8.12;0.94264;0.78;0.4745;1.3;NaN;0.075;NaN
18HU16003_023;GULD_03;44.00056;-59.02032;431652;49.85;23-apr-16;22:42:00;49.853;32.6875;4.0636;7.5617;8.122;1.45681;0.48333;0.45033;0.75;NaN;0.05667;NaN
18HU16003_023;GULD_03;44.00076;-59.0203;431653;39.7;23-apr-16;22:45:00;39.703;32.6772;4.0337;7.6026;8.121;1.68532;0.55667;0.44633;0.72333;NaN;0.03;NaN
18HU16003_023;GULD_03;44.00076;-59.0203;431654;40.39;23-apr-16;22:45:00;40.393;32.6767;4.0315;7.5832;8.12;NaN;NaN;NaN;NaN;NaN;NaN;NaN
18HU16003_023;GULD_03;44.00074;-59.02034;431655;40.08;23-apr-16;22:46:00;40.089;32.6765;4.0318;7.5831;8.12;NaN;NaN;NaN;NaN;NaN;NaN;NaN
18HU16003_023;GULD_03;44.00062;-59.02036;431656;30.91;23-apr-16;22:48:00;30.918;32.6685;4.003;7.62;8.122;1.68533;0.45667;0.499;0.55;NaN;0.04667;NaN
18HU16003_023;GULD_03;44.00045;-59.02046;431657;19.92;23-apr-16;22:50:00;19.927;32.6626;3.9775;7.6066;8.122;0.89979;0.35;0.53167;0.5;NaN;0.05;NaN
18HU16003_023;GULD_03;44.00037;-59.0205;431658;20.72;23-apr-16;22:50:00;20.72;32.6626;3.9775;7.6234;8.122;NaN;NaN;NaN;NaN;NaN;NaN;NaN
18HU16003_023;GULD_03;44.0003;-59.02054;431659;19.81;23-apr-16;22:51:00;19.811;32.662;3.9758;7.6235;8.122;NaN;NaN;NaN;NaN;NaN;NaN;NaN
18HU16003_023;GULD_03;44.00005;-59.0206;431660;10.84;23-apr-16;22:53:00;10.849;32.6576;3.9635;7.6654;8.127;1.82815;0.41333;0.44533;0.53333;NaN;0.04667;NaN
18HU16003_023;GULD_03;43.99992;-59.02054;431661;3.17;23-apr-16;22:54:00;3.171;32.6536;3.9651;7.7024;8.132;2.14236;0.36;0.447;0.44667;32.807;0.05333;7.602
18HU16003_023;GULD_03;43.99987;-59.02053;431662;3.15;23-apr-16;22:55:00;3.159;32.6527;3.9615;7.7109;8.134;NaN;NaN;NaN;NaN;NaN;NaN;NaN
18HU16003_023;GULD_03;43.99986;-59.02054;431663;3.58;23-apr-16;22:55:00;3.588;32.652;3.9772;7.726;8.137;NaN;NaN;NaN;NaN;NaN;NaN;NaN
18HU16003_023;GULD_03;43.99984;-59.02056;431664;3;23-apr-16;22:56:00;3.003;32.6523;3.9771;7.7255;8.137;NaN;NaN;NaN;NaN;NaN;NaN;NaN
18HU16003_027;HL_03.3;43.75953;-62.75362;431672;202.62;24-apr-16;16:23:00;202.623;35.238;10.8544;2.9642;7.945;NaN;12.89;1.25733;16.16667;35.215;0.04333;3.086
18HU16003_027;HL_03.3;43.75882;-62.75392;431673;100.74;24-apr-16;16:28:00;100.747;34.2678;9.5485;4.4482;8.011;0.04457;7.41;0.91667;11.33;NaN;0.04;NaN
18HU16003_027;HL_03.3;43.75884;-62.75291;431674;81.57;24-apr-16;16:31:00;81.572;33.5828;7.767;5.288;8.031;0.10189;4.91333;0.78733;8.66333;NaN;0.05333;NaN
18HU16003_027;HL_03.3;43.75906;-62.75254;431675;60.76;24-apr-16;16:33:00;60.763;32.3354;4.4815;6.8178;8.063;0.14488;2.23;0.718;2.91;NaN;0.14;NaN
18HU16003_027;HL_03.3;43.75938;-62.7524;431676;51.29;24-apr-16;16:35:00;51.297;31.9003;4.2601;7.3521;8.083;0.2924;0.82667;0.473;0.83667;NaN;0.06667;NaN
18HU16003_027;HL_03.3;43.75966;-62.75223;431677;40.19;24-apr-16;16:37:00;40.196;31.7656;3.638;7.4237;8.085;0.18082;0.73333;0.49367;0.93;NaN;0.06333;NaN
18HU16003_027;HL_03.3;43.7599;-62.75204;431678;31.07;24-apr-16;16:38:00;31.076;31.6737;3.7833;7.538;8.085;0.28085;0.63667;0.471;0.84667;NaN;0.06333;NaN
18HU16003_027;HL_03.3;43.76023;-62.7518;431679;20.99;24-apr-16;16:40:00;20.99;31.6596;3.9963;7.54;8.084;0.34626;0.54;0.48733;0.71;NaN;0.06;NaN
18HU16003_027;HL_03.3;43.76038;-62.75181;431680;10.58;24-apr-16;16:41:00;10.585;31.6504;4.0008;7.534;8.084;0.31933;0.59667;0.497;0.71667;NaN;0.06333;NaN
18HU16003_027;HL_03.3;43.7605;-62.7518;431681;2.61;24-apr-16;16:42:00;2.613;31.651;4.0039;7.5391;8.084;0.31933;0.56333;0.50133;0.76667;31.631;0.08;7.486
18HU16003_027;HL_03.3;43.76058;-62.75176;431682;3.8;24-apr-16;16:43:00;3.804;31.651;3.9999;7.5577;8.084;NaN;NaN;NaN;NaN;NaN;NaN;NaN
18HU16003_032;HL_03;43.88268;-62.88312;431689;262.36;24-apr-16;21:01:00;262.369;35.199;10.6386;2.7417;7.922;NaN;19;1.51133;17.79333;35.177;0.06333;2.854
18HU16003_032;HL_03;43.8825;-62.8833;431690;199.66;24-apr-16;21:05:00;199.663;35.1772;10.8761;3.0032;7.95;NaN;14.73;1.377;16.85333;NaN;0.07667;NaN
18HU16003_032;HL_03;43.8825;-62.8835;431691;150.21;24-apr-16;21:09:00;150.219;35.0954;10.9989;3.2755;7.973;NaN;11.84333;1.256;14.92667;NaN;0.07;NaN
18HU16003_032;HL_03;43.88264;-62.8837;431692;100.77;24-apr-16;21:12:00;100.774;34.2237;9.4004;4.4987;8.023;0.05691;6.96;0.9645;10.075;NaN;0.075;NaN
18HU16003_032;HL_03;43.8829;-62.88386;431693;80.53;24-apr-16;21:15:00;80.533;33.1211;6.4463;5.6992;8.036;0.10667;NaN;NaN;NaN;NaN;NaN;NaN
18HU16003_032;HL_03;43.88308;-62.88398;431694;60.52;24-apr-16;21:18:00;60.527;32.2346;4.383;7.028;8.082;NaN;NaN;NaN;NaN;NaN;NaN;NaN
18HU16003_032;HL_03;43.8832;-62.88412;431695;50.5;24-apr-16;21:19:00;50.506;32.0812;4.5403;7.2939;8.11;NaN;NaN;NaN;NaN;NaN;NaN;NaN
18HU16003_032;HL_03;43.88328;-62.88426;431696;40.78;24-apr-16;21:22:00;40.781;31.9919;4.3606;7.3635;8.112;0.33856;NaN;NaN;NaN;NaN;NaN;NaN
18HU16003_032;HL_03;43.88333;-62.88426;431697;30.62;24-apr-16;21:24:00;30.628;31.9061;4.2568;7.3765;8.089;0.38474;NaN;NaN;NaN;NaN;NaN;NaN
18HU16003_032;HL_03;43.88352;-62.88438;431698;20.23;24-apr-16;21:26:00;20.232;31.7527;4.0816;7.5343;8.103;0.44629;NaN;NaN;NaN;NaN;NaN;NaN
18HU16003_032;HL_03;43.88352;-62.88452;431699;10.35;24-apr-16;21:28:00;10.351;31.6823;4.3586;7.5583;8.102;0.50015;NaN;NaN;NaN;NaN;NaN;NaN
18HU16003_032;HL_03;43.8838;-62.88462;431700;3.6;24-apr-16;21:30:00;3.606;31.6826;4.357;7.5534;8.103;0.46937;NaN;NaN;NaN;31.665;NaN;7.542
18HU16003_032;HL_03;43.88392;-62.88462;431701;3.47;24-apr-16;21:31:00;3.477;31.683;4.3302;7.5513;8.102;NaN;NaN;NaN;NaN;NaN;NaN;NaN
18HU16003_032;HL_03;43.884;-62.8846;431702;3.67;24-apr-16;21:32:00;3.673;31.684;4.3312;7.5621;8.103;NaN;NaN;NaN;NaN;NaN;NaN;NaN
18HU16003_036;HL_03;43.88296;-62.88376;431037;262;10-apr-16;10:43:00;262.001;35.1791;10.6337;2.8194;7.969;NaN;18.03667;1.513;20.04;35.182;0.02;2.904
18HU16003_036;HL_03;43.88255;-62.88432;431038;202.34;10-apr-16;10:47:00;202.348;35.1635;10.7015;2.911;7.978;NaN;15.1;1.43;19.73;NaN;0;NaN
18HU16003_036;HL_03;43.88263;-62.8833;431039;152.31;10-apr-16;10:50:00;152.317;35.0943;10.8821;3.1112;7.998;NaN;12.88333;1.325;18.76667;NaN;0.05667;NaN
18HU16003_036;HL_03;43.88275;-62.88323;431040;99.56;10-apr-16;10:53:00;99.562;34.5686;10.2496;3.8362;8.032;0.12577;8.41333;1.03067;12.58333;NaN;0.06667;NaN
18HU16003_036;HL_03;43.88274;-62.883;431041;80.86;10-apr-16;10:55:00;80.867;34.115;9.2503;4.9442;8.106;0.10826;4.76;0.79267;9.12;NaN;0.12333;NaN
18HU16003_036;HL_03;43.88291;-62.8837;431042;62.66;10-apr-16;10:57:00;62.661;33.0564;6.0812;5.8202;8.085;0.31548;5.18667;0.821;6.72667;NaN;0.19667;NaN
18HU16003_036;HL_03;43.88302;-62.88334;431043;50.13;10-apr-16;10:58:00;50.133;32.6874;5.08;6.2404;8.072;0.47707;3.97667;0.73167;5.01333;NaN;0.13667;NaN
18HU16003_036;HL_03;43.8832;-62.8831;431044;40.71;10-apr-16;10:59:00;40.714;32.0688;3.8029;7.2196;8.134;1.2997;0.87;0.51867;1.43667;NaN;0.10667;NaN
18HU16003_036;HL_03;43.8833;-62.8834;431045;31.08;10-apr-16;11:01:00;31.083;31.6045;2.9461;7.8559;8.162;1.89956;0.09667;0.41367;0.28667;NaN;0.05333;NaN
18HU16003_036;HL_03;43.88336;-62.88344;431046;20.21;10-apr-16;11:02:00;20.214;31.5866;2.939;7.8679;8.153;2.07095;0.09333;0.407;0.32667;NaN;0.06;NaN
18HU16003_036;HL_03;43.88328;-62.88286;431047;11.35;10-apr-16;11:04:00;11.35;31.5833;2.9172;7.877;8.151;1.92812;0.10667;0.41633;0.33333;NaN;0.07;NaN
18HU16003_036;HL_03;43.8833;-62.88245;431048;2.57;10-apr-16;11:05:00;2.571;31.5746;2.9118;7.9384;8.153;1.88528;0.07333;0.43333;0.80667;31.585;0.07;7.8315
18HU16003_036;HL_03;43.88328;-62.88241;431049;2.95;10-apr-16;11:06:00;2.951;31.5731;2.9057;7.9589;8.153;NaN;NaN;NaN;NaN;NaN;NaN;NaN
18HU16003_036;HL_03;43.8832;-62.88231;431050;2.53;10-apr-16;11:07:00;2.539;31.5739;2.9088;7.9707;8.152;NaN;NaN;NaN;NaN;NaN;NaN;NaN
18HU16003_038;HL_02;44.267;-63.31656;431710;143.56;25-apr-16;01:51:00;143.565;34.6775;10.0433;3.406;7.943;0.03503;NaN;NaN;NaN;34.644;NaN;3.485
18HU16003_038;HL_02;44.2669;-63.31658;431711;100.45;25-apr-16;01:54:00;100.452;32.8327;4.7838;5.384;7.942;0.06687;NaN;NaN;NaN;NaN;NaN;NaN
18HU16003_038;HL_02;44.26688;-63.31658;431712;80.55;25-apr-16;01:56:00;80.559;31.9317;2.3356;6.8225;7.979;0.07005;NaN;NaN;NaN;NaN;NaN;NaN
18HU16003_038;HL_02;44.2669;-63.31658;431713;80.7;25-apr-16;01:57:00;80.7;31.9119;2.3173;6.8214;7.974;NaN;NaN;NaN;NaN;NaN;NaN;NaN
18HU16003_038;HL_02;44.26688;-63.31658;431714;80.51;25-apr-16;01:57:00;80.513;31.9003;2.3067;6.8409;7.971;NaN;NaN;NaN;NaN;NaN;NaN;NaN
18HU16003_038;HL_02;44.26686;-63.31654;431715;60.47;25-apr-16;02:00:00;60.477;31.4652;2.0349;7.1626;7.991;0.13466;2.85667;0.755;3.68333;NaN;0.14667;NaN
18HU16003_038;HL_02;44.26686;-63.31656;431716;50.29;25-apr-16;02:02:00;50.299;31.0683;1.467;8.065;8.079;0.10003;0.79333;0.49633;1.07667;NaN;0.11333;NaN
18HU16003_038;HL_02;44.26686;-63.31661;431717;40.06;25-apr-16;02:04:00;40.062;30.9978;1.4873;8.0885;8.079;0.1462;0.63;0.46133;0.85333;30.976;0.07667;8.205
18HU16003_038;HL_02;44.26685;-63.3166;431718;39.89;25-apr-16;02:04:00;39.897;30.9947;1.4836;8.0836;8.078;NaN;NaN;NaN;NaN;NaN;NaN;NaN
18HU16003_038;HL_02;44.26684;-63.31656;431719;39.28;25-apr-16;02:05:00;39.28;30.9897;1.4786;8.0876;8.074;NaN;NaN;NaN;NaN;NaN;NaN;NaN
18HU16003_038;HL_02;44.26688;-63.31652;431720;31.11;25-apr-16;02:07:00;31.119;30.9571;1.4957;8.0812;8.074;0.15004;1.04333;0.511;1.16667;NaN;0.06667;NaN
18HU16003_038;HL_02;44.26682;-63.31662;431721;20.65;25-apr-16;02:09:00;20.659;30.8689;1.9801;8.0303;8.067;0.23853;1.54667;0.53733;1.35;NaN;0.09;NaN
18HU16003_038;HL_02;44.26676;-63.31664;431722;20.47;25-apr-16;02:11:00;20.477;30.8455;2.066;8.0503;8.067;NaN;NaN;NaN;NaN;NaN;NaN;NaN
18HU16003_038;HL_02;44.2667;-63.31664;431723;20.63;25-apr-16;02:11:00;20.633;30.8441;2.0948;8.0625;8.067;NaN;NaN;NaN;NaN;NaN;NaN;NaN
18HU16003_038;HL_02;44.2666;-63.31668;431724;10.61;25-apr-16;02:13:00;10.616;30.8102;2.4059;8.0199;8.061;0.27701;1.69333;0.53233;1.37667;NaN;0.1;NaN
18HU16003_038;HL_02;44.26657;-63.3167;431725;3.12;25-apr-16;02:15:00;3.121;30.8007;2.574;7.9864;8.06;0.37706;1.79667;0.55267;1.5;30.782;0.08667;7.901
18HU16003_038;HL_02;44.26656;-63.31668;431726;3;25-apr-16;02:15:00;3.005;30.801;2.5702;8.0008;8.061;NaN;NaN;NaN;NaN;NaN;NaN;NaN
18HU16003_038;HL_02;44.26656;-63.31665;431727;2.87;25-apr-16;02:16:00;2.874;30.8003;2.5833;7.9953;8.063;NaN;NaN;NaN;NaN;NaN;NaN;NaN
18HU16003_038;HL_02;44.26656;-63.3166;431728;3.01;25-apr-16;02:16:00;3.01;30.7996;2.5923;7.9814;8.064;NaN;NaN;NaN;NaN;NaN;NaN;NaN
18HU16003_058;HL_03.3;43.76336;-62.75026;431051;201.32;10-apr-16;13:43:00;201.325;35.284;11.0799;3.4215;8.046;NaN;12.43667;1.287;18.67667;35.287;0.06667;3.488
18HU16003_058;HL_03.3;43.76298;-62.75056;431052;98.5;10-apr-16;13:49:00;98.502;34.5743;10.3711;3.9891;8.047;0.11542;7.80333;1.055;12.31333;NaN;0.06;NaN
18HU16003_058;HL_03.3;43.76306;-62.7504;431053;82.01;10-apr-16;13:51:00;82.015;34.0903;9.1292;4.6253;8.069;0.16543;6.41333;0.905;10.69667;NaN;0.06;NaN
18HU16003_058;HL_03.3;43.76274;-62.75082;431054;60.78;10-apr-16;13:52:00;60.789;33.0194;6.2746;6.3355;8.142;0.46168;2.28667;0.59367;3.74667;NaN;0.21667;NaN
18HU16003_058;HL_03.3;43.7629;-62.75087;431055;51.17;10-apr-16;13:54:00;51.177;32.6827;5.5304;6.7655;8.15;2.34495;0.79;0.49067;1.41667;NaN;0.14667;NaN
18HU16003_058;HL_03.3;43.76306;-62.75071;431056;40.01;10-apr-16;13:55:00;40.019;32.1992;4.3889;7.302;8.165;2.66963;0.34;0.42933;0.77667;NaN;0.10333;NaN
18HU16003_058;HL_03.3;43.76302;-62.75094;431057;30.87;10-apr-16;13:57:00;30.87;31.9611;3.9396;7.5447;8.176;2.12849;0.04333;0.38433;0.29333;NaN;0.05667;NaN
18HU16003_058;HL_03.3;43.76318;-62.7509;431058;20.16;10-apr-16;13:58:00;20.163;31.8942;3.8456;7.6473;8.178;1.91203;0.00667;0.36733;0.12333;NaN;0.05;NaN
18HU16003_058;HL_03.3;43.76352;-62.75064;431059;11.2;10-apr-16;13:59:00;11.2;31.8714;3.8136;7.6912;8.177;1.76773;0;0.36433;0.08667;NaN;0.04667;NaN
18HU16003_058;HL_03.3;43.76341;-62.75058;431060;3.28;10-apr-16;14:01:00;3.282;31.8716;3.8139;7.718;8.178;2.16456;0;0.35533;0.09;31.878;0.03667;7.636
18HU16003_058;HL_03.3;43.76328;-62.75057;431061;2.81;10-apr-16;14:01:00;2.815;31.8716;3.8138;7.695;8.178;NaN;NaN;NaN;NaN;NaN;NaN;NaN
18HU16003_091;HL_04;43.47816;-62.45048;431062;81.36;10-apr-16;16:40:00;81.366;34.0078;8.8076;4.8163;8.072;0.08464;7.24;0.876;9.9;34.011;0.28667;4.826
18HU16003_091;HL_04;43.47802;-62.45076;431063;60.3;10-apr-16;16:42:00;60.306;32.756;5.7643;6.7276;8.162;0.18467;1.18333;0.54067;2.34667;NaN;0.17333;NaN
18HU16003_091;HL_04;43.47794;-62.45092;431064;60.57;10-apr-16;16:43:00;60.578;32.7475;5.7317;6.8019;8.157;NaN;NaN;NaN;NaN;NaN;NaN;NaN
18HU16003_091;HL_04;43.4779;-62.45103;431065;60.11;10-apr-16;16:43:00;60.118;32.6578;5.5292;6.8837;8.159;NaN;NaN;NaN;NaN;NaN;NaN;NaN
18HU16003_091;HL_04;43.478;-62.45114;431066;51.86;10-apr-16;16:45:00;51.864;32.5244;5.2333;7.0363;8.16;0.28086;0.73;0.44667;1.22667;NaN;0.11667;NaN
18HU16003_091;HL_04;43.47814;-62.45082;431067;39.51;10-apr-16;16:46:00;39.517;32.1811;4.5552;7.3251;8.153;0.5117;0.42;0.43967;0.91;NaN;0.08667;NaN
18HU16003_091;HL_04;43.47816;-62.45064;431068;38.1;10-apr-16;16:47:00;38.104;32.1775;4.5637;7.3416;8.152;NaN;NaN;NaN;NaN;NaN;NaN;NaN
18HU16003_091;HL_04;43.47814;-62.45038;431069;39.19;10-apr-16;16:47:00;39.197;32.1833;4.5566;7.3418;8.151;NaN;NaN;NaN;NaN;NaN;NaN;NaN
18HU16003_091;HL_04;43.47815;-62.44995;431070;29.73;10-apr-16;16:49:00;29.733;32.1751;4.5641;7.3479;8.15;0.51555;0.39;0.44333;0.84667;NaN;0.07667;NaN
18HU16003_091;HL_04;43.47828;-62.44976;431071;19.53;10-apr-16;16:50:00;19.532;32.1731;4.5704;7.3397;8.149;0.50016;0.5;0.43567;0.64667;NaN;0.09667;NaN
18HU16003_091;HL_04;43.47822;-62.44968;431072;19.13;10-apr-16;16:51:00;19.138;32.1727;4.5743;7.336;8.149;NaN;NaN;NaN;NaN;NaN;NaN;NaN
18HU16003_091;HL_04;43.4781;-62.44951;431073;20.39;10-apr-16;16:51:00;20.391;32.1729;4.5796;7.3494;8.149;NaN;NaN;NaN;NaN;NaN;NaN;NaN
18HU16003_091;HL_04;43.47776;-62.44954;431074;10.68;10-apr-16;16:53:00;10.685;32.1728;4.5837;7.3702;8.15;0.52324;0.49333;0.42933;0.64667;NaN;0.07333;NaN
18HU16003_091;HL_04;43.47776;-62.44974;431075;2.82;10-apr-16;16:54:00;2.821;32.1714;4.5833;7.3929;8.153;0.51555;0.52;0.43;0.70667;32.179;0.09667;7.3025
18HU16003_091;HL_04;43.47778;-62.44968;431076;3.47;10-apr-16;16:55:00;3.474;32.1722;4.5717;7.4167;8.153;NaN;NaN;NaN;NaN;NaN;NaN;NaN
18HU16003_091;HL_04;43.4778;-62.44956;431077;2.62;10-apr-16;16:55:00;2.628;32.1719;4.5771;7.3859;8.153;NaN;NaN;NaN;NaN;NaN;NaN;NaN
18HU16003_091;HL_04;43.47772;-62.44929;431078;3.04;10-apr-16;16:56:00;3.049;32.1723;4.5838;7.3775;8.153;NaN;NaN;NaN;NaN;NaN;NaN;NaN
18HU16003_127;HL_05;43.18206;-62.09812;431079;97.08;10-apr-16;19:56:00;97.082;34.3228;9.65;4.5693;8.066;0.04139;7.49333;0.904;11.13;34.332;0.16;4.634
18HU16003_127;HL_05;43.18206;-62.09819;431080;78.58;10-apr-16;19:57:00;78.588;33.7629;8.1404;5.5693;8.124;0.09712;4.37;0.74733;7.23;NaN;0.23667;NaN
18HU16003_127;HL_05;43.1822;-62.0983;431081;62.04;10-apr-16;19:59:00;62.047;32.7968;5.5998;7.0979;8.181;0.64271;0.6;0.46467;0.64333;NaN;0.11333;NaN
18HU16003_127;HL_05;43.1823;-62.09836;431082;51.7;10-apr-16;20:01:00;51.703;32.7731;5.5165;7.1209;8.169;0.61414;0.52333;0.44833;0.50333;NaN;0.10667;NaN
18HU16003_127;HL_05;43.18218;-62.09838;431083;41.26;10-apr-16;20:02:00;41.266;32.7589;5.494;7.1319;8.167;0.74268;0.44667;0.44067;0.54;NaN;0.11333;NaN
18HU16003_127;HL_05;43.1821;-62.09833;431084;31.98;10-apr-16;20:04:00;31.982;32.6927;5.4661;7.1348;8.168;0.85694;0.45;0.47433;0.94;NaN;0.11333;NaN
18HU16003_127;HL_05;43.1821;-62.0983;431085;22.26;10-apr-16;20:05:00;22.265;32.5943;5.4743;7.186;8.165;0.95692;0.53;0.415;0.72667;NaN;0.10667;NaN
18HU16003_127;HL_05;43.18186;-62.09828;431086;11.05;10-apr-16;20:06:00;11.057;32.5887;5.4794;7.2299;8.166;0.89979;0.66333;0.41133;0.52667;NaN;0.11;NaN
18HU16003_127;HL_05;43.18176;-62.09832;431087;3.49;10-apr-16;20:08:00;3.493;32.5863;5.4801;7.2436;8.169;0.89979;0.77667;0.41333;0.43667;32.592;0.09;7.205
18HU16003_127;HL_05;43.18172;-62.09823;431088;3.84;10-apr-16;20:08:00;3.842;32.5876;5.4799;7.2436;8.169;NaN;NaN;NaN;NaN;NaN;NaN;NaN
18HU16003_127;HL_05;43.18162;-62.09806;431089;4.62;10-apr-16;20:09:00;4.629;32.5878;5.4825;7.2349;8.169;NaN;NaN;NaN;NaN;NaN;NaN;NaN
18HU16003_204;BBL_01;43.2492;-65.48784;431093;55.71;16-apr-16;06:03:00;55.719;31.8538;4.2397;7.186;8.063;1.57107;1.50667;0.56767;2.23667;31.857;0.16667;7.1685
18HU16003_204;BBL_01;43.24918;-65.48848;431094;49.19;16-apr-16;06:04:00;49.199;31.8439;4.2314;7.1978;8.067;1.74245;1.53667;0.566;2.07;NaN;0.17333;NaN
18HU16003_204;BBL_01;43.24899;-65.4888;431095;39.61;16-apr-16;06:06:00;39.616;31.7641;4.1666;7.3002;8.074;1.77102;1.38333;0.52867;1.74;NaN;0.14333;NaN
18HU16003_204;BBL_01;43.24882;-65.48887;431096;39.84;16-apr-16;06:07:00;39.841;31.7152;4.1281;7.3417;8.076;NaN;NaN;NaN;NaN;NaN;NaN;NaN
18HU16003_204;BBL_01;43.24876;-65.48902;431097;39.84;16-apr-16;06:07:00;39.849;31.6532;4.0821;7.4342;8.079;NaN;NaN;NaN;NaN;NaN;NaN;NaN
18HU16003_204;BBL_01;43.24878;-65.49012;431098;29.83;16-apr-16;06:09:00;29.833;31.3236;3.8139;7.7726;8.089;2.74178;1.05667;0.598;0.72333;NaN;0.11333;NaN
18HU16003_204;BBL_01;43.24778;-65.49157;431099;21.34;16-apr-16;06:13:00;21.349;31.295;3.7988;7.7854;8.089;2.74178;1.13;0.48633;1.11;NaN;0.10333;NaN
18HU16003_204;BBL_01;43.24768;-65.49186;431100;21.47;16-apr-16;06:13:00;21.479;31.2943;3.7981;7.7861;8.089;NaN;NaN;NaN;NaN;NaN;NaN;NaN
18HU16003_204;BBL_01;43.24766;-65.49212;431101;21.62;16-apr-16;06:14:00;21.625;31.3002;3.8013;7.774;8.089;NaN;NaN;NaN;NaN;NaN;NaN;NaN
18HU16003_204;BBL_01;43.24758;-65.49318;431102;9.48;16-apr-16;06:16:00;9.485;31.2921;3.7966;7.8077;8.089;2.59748;1.11667;0.45633;1.18;NaN;0.11;NaN
18HU16003_204;BBL_01;43.24735;-65.49336;431103;9.41;16-apr-16;06:17:00;9.418;31.2882;3.7927;7.8012;8.089;NaN;NaN;NaN;NaN;NaN;NaN;NaN
18HU16003_204;BBL_01;43.24704;-65.49366;431104;9.84;16-apr-16;06:18:00;9.842;31.2893;3.7962;7.7825;8.089;NaN;NaN;NaN;NaN;NaN;NaN;NaN
18HU16003_204;BBL_01;43.24668;-65.49459;431105;1.87;16-apr-16;06:19:00;1.876;31.2805;3.7912;7.8206;8.092;2.52533;1.14333;0.458;1.14333;31.291;0.09667;7.965
18HU16003_204;BBL_01;43.2466;-65.49513;431106;3.61;16-apr-16;06:20:00;3.618;31.288;3.7941;7.8433;8.092;NaN;NaN;NaN;NaN;NaN;NaN;NaN
18HU16003_204;BBL_01;43.24648;-65.49592;431107;3.21;16-apr-16;06:21:00;3.212;31.285;3.791;7.809;8.092;NaN;NaN;NaN;NaN;NaN;NaN;NaN
18HU16003_204;BBL_01;43.24638;-65.49659;431108;2.98;16-apr-16;06:22:00;2.989;31.2871;3.7923;7.8114;8.094;NaN;NaN;NaN;NaN;NaN;NaN;NaN
18HU16003_215;BBL_02;43.00301;-65.48478;431110;111.11;16-apr-16;08:16:00;111.119;32.8011;5.9965;5.8696;8.002;0.17313;6.87333;0.85867;8.27;32.802;0.16667;5.879
18HU16003_215;BBL_02;43.0032;-65.48556;431111;80.47;16-apr-16;08:19:00;80.47;32.5232;5.5401;6.3687;8.028;0.43475;4.97333;0.75533;6.19667;NaN;0.15667;NaN
18HU16003_215;BBL_02;43.0031;-65.48586;431112;60.1;16-apr-16;08:21:00;60.102;32.1854;5.0775;7.0047;8.065;1.38539;2.55;0.65167;4.12333;NaN;0.14333;NaN
18HU16003_215;BBL_02;43.00318;-65.48655;431113;48.89;16-apr-16;08:23:00;48.894;31.8961;4.6903;7.3867;8.094;2.09241;1.12333;0.522;1.80333;NaN;0.11;NaN
18HU16003_215;BBL_02;43.00296;-65.48684;431114;39.88;16-apr-16;08:25:00;39.888;31.7129;4.3581;7.578;8.104;2.38102;0.67667;0.467;1.00667;NaN;0.1;NaN
18HU16003_215;BBL_02;43.00302;-65.48712;431115;30.59;16-apr-16;08:26:00;30.59;31.6922;4.3159;7.6114;8.106;2.70571;0.65;0.47567;0.83333;NaN;0.09333;NaN
18HU16003_215;BBL_02;43.00298;-65.48751;431116;19.73;16-apr-16;08:28:00;19.731;31.6927;4.3179;7.6118;8.106;2.59748;0.67;0.439;0.68;NaN;0.08667;NaN
18HU16003_215;BBL_02;43.00282;-65.48767;431117;8.5;16-apr-16;08:30:00;8.501;31.6913;4.3179;7.6037;8.106;2.66963;0.70333;0.45233;0.74333;NaN;0.1;NaN
18HU16003_215;BBL_02;43.00292;-65.48834;431118;3.04;16-apr-16;08:32:00;3.048;31.6876;4.3163;7.6891;8.107;2.70571;0.75667;0.45867;0.74667;31.696;0.09;7.6215
18HU16003_237;BBL_03;42.76338;-65.48506;431119;99.64;16-apr-16;10:58:00;99.649;33.0131;6.4248;5.5142;7.989;0.10667;7.87333;0.94667;8.99333;33.014;0.12;5.492
18HU16003_237;BBL_03;42.76318;-65.4847;431120;82.18;16-apr-16;10:59:00;82.187;32.8831;6.2099;5.8642;8.017;0.13519;6.51;0.89367;8.31;NaN;0.16;NaN
18HU16003_237;BBL_03;42.76316;-65.48462;431121;81.68;16-apr-16;11:00:00;81.684;32.8697;6.1941;5.8561;8.017;NaN;NaN;NaN;NaN;NaN;NaN;NaN
18HU16003_237;BBL_03;42.76318;-65.48462;431122;82.49;16-apr-16;11:00:00;82.492;32.8797;6.2056;5.8735;8.015;NaN;NaN;NaN;NaN;NaN;NaN;NaN
18HU16003_237;BBL_03;42.76302;-65.48456;431123;59.61;16-apr-16;11:02:00;59.616;31.8031;4.191;7.2689;8.096;1.51394;1.34333;0.55167;2.33333;NaN;0.11;NaN
18HU16003_237;BBL_03;42.76282;-65.4844;431124;49.51;16-apr-16;11:03:00;49.518;31.5027;3.3844;7.6977;8.12;2.01382;0.41333;0.465;1.22;NaN;0.1;NaN
18HU16003_237;BBL_03;42.76278;-65.4843;431125;39.81;16-apr-16;11:04:00;39.818;31.4446;3.2345;7.7474;8.12;2.05666;0.26333;0.45767;0.99;NaN;0.08;NaN
18HU16003_237;BBL_03;42.76274;-65.48424;431126;40.57;16-apr-16;11:04:00;40.578;31.4517;3.2468;7.7696;8.12;NaN;NaN;NaN;NaN;NaN;NaN;NaN
18HU16003_237;BBL_03;42.76268;-65.48416;431127;39.49;16-apr-16;11:05:00;39.494;31.4482;3.2386;7.7669;8.12;NaN;NaN;NaN;NaN;NaN;NaN;NaN
18HU16003_237;BBL_03;42.76248;-65.48414;431128;31.23;16-apr-16;11:06:00;31.23;31.4519;3.2437;7.7597;8.12;1.89956;0.26667;0.42533;0.96667;NaN;0.09333;NaN
18HU16003_237;BBL_03;42.76218;-65.48415;431129;20.87;16-apr-16;11:07:00;20.872;31.4392;3.2166;7.7853;8.12;1.88528;0.16;0.408;0.90667;NaN;0.10333;NaN
18HU16003_237;BBL_03;42.76214;-65.48412;431130;21.19;16-apr-16;11:07:00;21.197;31.441;3.2192;7.7825;8.12;NaN;NaN;NaN;NaN;NaN;NaN;NaN
18HU16003_237;BBL_03;42.76206;-65.48402;431131;20.21;16-apr-16;11:08:00;20.219;31.4423;3.2198;7.7882;8.12;NaN;NaN;NaN;NaN;NaN;NaN;NaN
18HU16003_237;BBL_03;42.76192;-65.48382;431132;8.9;16-apr-16;11:09:00;8.9;31.4422;3.2176;7.789;8.12;1.871;0.21667;0.44333;0.94333;NaN;0.08667;NaN
18HU16003_237;BBL_03;42.76182;-65.4838;431133;2.6;16-apr-16;11:10:00;2.607;31.4381;3.2208;7.8595;8.12;1.7853;0.22;0.44967;0.97667;31.448;0.09;7.762
18HU16003_237;BBL_03;42.76178;-65.48378;431134;2.04;16-apr-16;11:10:00;2.047;31.4384;3.221;7.8253;8.12;NaN;NaN;NaN;NaN;NaN;NaN;NaN
18HU16003_237;BBL_03;42.76172;-65.48378;431135;2.27;16-apr-16;11:11:00;2.27;31.4396;3.2212;7.8245;8.12;NaN;NaN;NaN;NaN;NaN;NaN;NaN
18HU16003_237;BBL_03;42.76165;-65.48376;431136;2.35;16-apr-16;11:11:00;2.356;31.4376;3.2214;7.8472;8.12;NaN;NaN;NaN;NaN;NaN;NaN;NaN
18HU16003_244;BBL_04;42.4378;-65.48738;431146;95.51;16-apr-16;14:05:00;95.518;32.741;5.9023;6.0603;8.034;0.23469;4.97333;0.77267;6.42667;32.744;0.15;5.906
18HU16003_244;BBL_04;42.43756;-65.48731;431147;80.47;16-apr-16;14:06:00;80.471;32.7391;5.8964;6.06;8.038;0.26162;5.31333;0.78633;6.79667;NaN;0.18333;NaN
18HU16003_244;BBL_04;42.4373;-65.48732;431148;60.78;16-apr-16;14:08:00;60.787;32.6676;5.7158;6.1594;8.044;0.3655;5.55667;0.813;7.15;NaN;0.16667;NaN
18HU16003_244;BBL_04;42.43655;-65.48692;431149;48.61;16-apr-16;14:09:00;48.618;32.4857;5.2335;6.5808;8.077;0.89979;3.21;0.656;4.45333;NaN;0.17333;NaN
18HU16003_244;BBL_04;42.43585;-65.4867;431150;42.15;16-apr-16;14:10:00;42.158;32.4394;5.115;6.8124;8.094;1.05689;2.51;0.61067;3.71;NaN;0.14667;NaN
18HU16003_244;BBL_04;42.43539;-65.48657;431151;29.18;16-apr-16;14:11:00;29.185;32.4328;5.098;6.8266;8.094;1.08546;2.35333;0.59767;3.26333;NaN;0.18;NaN
18HU16003_244;BBL_04;42.4349;-65.48622;431152;19.97;16-apr-16;14:12:00;19.975;32.4245;5.0769;6.8582;8.095;1.11402;2.35333;0.596;3.55667;NaN;0.15667;NaN
18HU16003_244;BBL_04;42.43422;-65.48588;431153;9.56;16-apr-16;14:14:00;9.568;32.4317;5.0957;6.8519;8.095;1.15687;2.12667;0.572;3.21667;NaN;0.14333;NaN
18HU16003_244;BBL_04;42.43374;-65.48572;431154;3.07;16-apr-16;14:14:00;3.07;32.4277;5.1028;6.966;8.097;1.12831;2.29;0.582;3.22667;32.439;0.14667;6.924
18HU16003_253;PS_01;42.41089;-65.74626;431155;94.39;16-apr-16;16:16:00;94.394;32.3972;5.3453;6.5714;8.059;0.36935;3.94;0.72967;5.57333;32.281;0.15333;6.531
18HU16003_253;PS_01;42.41005;-65.74662;431156;74.4;16-apr-16;16:17:00;74.401;32.2708;5.0881;6.7301;8.071;1.77102;3.03333;0.66233;4.31;NaN;0.14;NaN
18HU16003_253;PS_01;42.40918;-65.74674;431157;61.37;16-apr-16;16:19:00;61.379;32.2249;5.0267;6.8532;8.077;0.46168;2.87;0.642;4.43333;NaN;0.14333;NaN
18HU16003_253;PS_01;42.40839;-65.74692;431158;52.97;16-apr-16;16:20:00;52.976;32.0867;4.6463;7.0279;8.093;1.07118;2.28;0.60267;3.57;NaN;0.15;NaN
18HU16003_253;PS_01;42.40781;-65.74732;431159;41.35;16-apr-16;16:22:00;41.35;31.8309;3.9188;7.3971;8.118;1.82815;1.08667;0.51267;2.05667;NaN;0.10333;NaN
18HU16003_253;PS_01;42.40707;-65.74766;431160;29.01;16-apr-16;16:23:00;29.013;31.8226;3.8957;7.4075;8.118;1.81387;1.02333;0.509;2.04667;NaN;0.1;NaN
18HU16003_253;PS_01;42.40625;-65.74792;431161;20.24;16-apr-16;16:24:00;20.246;31.8195;3.8953;7.424;8.118;1.92812;1.04;0.515;1.96667;NaN;0.10667;NaN
18HU16003_253;PS_01;42.40557;-65.7482;431162;10.66;16-apr-16;16:25:00;10.667;31.8187;3.9006;7.4503;8.118;1.81387;1.16333;0.50433;1.88667;NaN;0.11333;NaN
18HU16003_253;PS_01;42.40489;-65.74858;431163;2.75;16-apr-16;16:26:00;2.75;31.813;3.8959;7.4583;8.118;1.97097;1.06333;0.50367;2.01667;31.817;0.09333;7.4155
18HU16003_261;PS_02;42.32342;-65.83772;431164;199.07;16-apr-16;18:10:00;199.072;35.2505;10.1847;4.1722;8.066;NaN;7.71333;1.01033;13.33;35.249;0.13667;4.301
18HU16003_261;PS_02;42.32316;-65.83861;431165;177.61;16-apr-16;18:11:00;177.617;34.0925;8.8078;5.2374;8.102;NaN;5.38333;0.799;9.34;NaN;0.14667;NaN
18HU16003_261;PS_02;42.32284;-65.84011;431166;142.15;16-apr-16;18:13:00;142.152;33.3719;7.3458;5.9216;8.113;NaN;3.98333;0.68267;6.22;NaN;0.13667;NaN
18HU16003_261;PS_02;42.32198;-65.84112;431167;126.62;16-apr-16;18:15:00;126.622;32.9102;6.3024;6.0096;8.07;NaN;5.50667;0.77233;7.16333;NaN;0.15;NaN
18HU16003_261;PS_02;42.3205;-65.84304;431168;101.5;16-apr-16;18:19:00;101.505;32.8237;6.1121;6.0665;8.06;NaN;5.61;0.79233;7.26;NaN;0.15;NaN
18HU16003_261;PS_02;42.31994;-65.84415;431169;78.78;16-apr-16;18:20:00;78.783;32.7381;5.9111;6.3865;8.084;NaN;3.59667;0.66567;5.00333;NaN;0.16667;NaN
18HU16003_261;PS_02;42.3193;-65.84494;431170;61.3;16-apr-16;18:22:00;61.308;32.3532;5.0793;7.1484;8.138;NaN;0.68333;0.459;1.52667;NaN;0.11333;NaN
18HU16003_261;PS_02;42.31861;-65.84572;431171;50.4;16-apr-16;18:23:00;50.403;32.2556;4.8724;7.2337;8.138;NaN;0.65333;0.46567;1.65667;NaN;0.13;NaN
18HU16003_261;PS_02;42.31799;-65.84645;431172;41.94;16-apr-16;18:24:00;41.948;32.2516;4.8645;7.2319;8.137;NaN;0.71333;0.44633;1.49667;NaN;0.11333;NaN
18HU16003_261;PS_02;42.31744;-65.84719;431173;30.6;16-apr-16;18:25:00;30.606;32.2282;4.8137;7.2621;8.137;NaN;0.73667;0.45167;1.51333;NaN;0.11667;NaN
18HU16003_261;PS_02;42.3169;-65.84815;431174;21.74;16-apr-16;18:26:00;21.743;32.2292;4.8182;7.2535;8.138;NaN;0.61667;0.463;1.60667;NaN;0.11333;NaN
18HU16003_261;PS_02;42.31633;-65.84923;431175;12.94;16-apr-16;18:27:00;12.946;32.2269;4.8141;7.2683;8.138;NaN;0.56;0.426;1.52333;NaN;0.11;NaN
18HU16003_261;PS_02;42.31566;-65.8506;431176;2.46;16-apr-16;18:29:00;2.469;32.2262;4.8148;7.2814;8.138;NaN;0.61;0.45233;1.66667;32.232;0.08;7.2585
18HU16003_263;PS_03;42.30372;-65.85483;431177;208.27;16-apr-16;20:05:00;208.274;35.2627;10.1706;4.1356;8.065;NaN;10.14667;1.18167;17.89333;35.263;0.10667;4.208
18HU16003_263;PS_03;42.30308;-65.85592;431178;174.05;16-apr-16;20:07:00;174.05;34.1707;8.849;5.1771;8.098;NaN;6.20333;0.861;10.42;NaN;0.14333;NaN
18HU16003_263;PS_03;42.30272;-65.85701;431179;154.27;16-apr-16;20:09:00;154.278;33.5011;7.6369;5.72;8.103;NaN;4.82333;0.76067;7.57667;NaN;0.14333;NaN
18HU16003_263;PS_03;42.30238;-65.85766;431180;125.18;16-apr-16;20:11:00;125.184;33.2315;7.0713;6.1231;8.115;NaN;3.06667;0.61033;4.89667;NaN;0.12667;NaN
18HU16003_263;PS_03;42.30204;-65.85852;431181;100.85;16-apr-16;20:12:00;100.851;32.8556;6.191;6.4343;8.109;NaN;2.64667;0.563;3.98333;NaN;0.13333;NaN
18HU16003_263;PS_03;42.3016;-65.85952;431182;76.02;16-apr-16;20:14:00;76.025;32.6302;5.6817;6.5804;8.11;NaN;2.75667;0.61033;3.97;NaN;0.15;NaN
18HU16003_263;PS_03;42.30134;-65.86049;431183;59.94;16-apr-16;20:16:00;59.943;32.4449;5.2782;6.9622;8.128;NaN;1.19;0.51533;2.22667;NaN;0.13333;NaN
18HU16003_263;PS_03;42.30105;-65.8613;431184;49.86;16-apr-16;20:17:00;49.865;32.3236;5.0044;7.0313;8.118;NaN;1.43667;0.527;2.38;NaN;0.11667;NaN
18HU16003_263;PS_03;42.3007;-65.86207;431185;40.87;16-apr-16;20:18:00;40.87;32.2668;4.8728;7.0638;8.114;NaN;1.42333;0.52467;2.31;NaN;0.10667;NaN
18HU16003_263;PS_03;42.30026;-65.86287;431186;30.62;16-apr-16;20:19:00;30.623;32.2346;4.7935;7.0815;8.113;NaN;2.05;0.57133;2.48333;NaN;0.12333;NaN
18HU16003_263;PS_03;42.29988;-65.86366;431187;21.47;16-apr-16;20:20:00;21.473;32.2362;4.7991;7.0835;8.11;NaN;1.43;0.51767;2.30333;NaN;0.08667;NaN
18HU16003_263;PS_03;42.29954;-65.86455;431188;10.38;16-apr-16;20:21:00;10.388;32.2388;4.806;7.0668;8.111;NaN;1.62333;0.541;2.58333;NaN;0.11333;NaN
18HU16003_263;PS_03;42.29921;-65.86525;431189;2.16;16-apr-16;20:22:00;2.162;32.2335;4.7966;7.1241;8.114;NaN;1.81333;0.65933;2.39333;32.223;0.11;7.055
18HU16003_275;PS_04;42.27071;-65.8758;431190;224.67;17-apr-16;11:04:00;224.673;35.2575;10.137;4.0665;8.037;NaN;9.87;1.183;16.96667;35.26;0.10667;4.135
18HU16003_275;PS_04;42.27064;-65.87596;431191;174.45;17-apr-16;11:06:00;174.453;33.5096;7.6564;5.7951;8.089;NaN;4.24667;0.70067;6.42;NaN;0.14333;NaN
18HU16003_275;PS_04;42.27106;-65.87623;431192;148.55;17-apr-16;11:08:00;148.552;33.051;6.6334;6.3628;8.097;NaN;3.34333;0.64033;4.92;NaN;0.15667;NaN
18HU16003_275;PS_04;42.27138;-65.87642;431193;126.05;17-apr-16;11:10:00;126.054;33.0102;6.5224;6.3455;8.088;NaN;3.11;0.59333;4.23;NaN;0.12333;NaN
18HU16003_275;PS_04;42.27134;-65.87644;431194;99.42;17-apr-16;11:11:00;99.421;32.9633;6.408;6.3543;8.084;0.87123;3.65667;0.655;5.07667;NaN;0.14667;NaN
18HU16003_275;PS_04;42.27162;-65.8766;431195;74.77;17-apr-16;11:13:00;74.77;32.932;6.3314;6.3959;8.084;0.82838;3.39667;0.62767;4.38667;NaN;0.13667;NaN
18HU16003_275;PS_04;42.2719;-65.87678;431196;60.49;17-apr-16;11:14:00;60.496;32.9276;6.3187;6.4072;8.084;0.79981;3.74667;0.69;4.8;NaN;0.13667;NaN
18HU16003_275;PS_04;42.27194;-65.877;431197;50.43;17-apr-16;11:15:00;50.436;32.9144;6.2851;6.4174;8.084;0.84266;3.63333;0.67667;4.96;NaN;0.13667;NaN
18HU16003_275;PS_04;42.27184;-65.87723;431198;40.11;17-apr-16;11:16:00;40.118;32.8914;6.2244;6.4262;8.082;0.92836;3.58333;0.65833;4.90333;NaN;0.15333;NaN
18HU16003_275;PS_04;42.27194;-65.8776;431199;29.15;17-apr-16;11:18:00;29.151;32.875;6.1787;6.439;8.082;0.78553;4.10667;0.708;4.24;NaN;0.12667;NaN
18HU16003_275;PS_04;42.27207;-65.87806;431200;20.54;17-apr-16;11:19:00;20.548;32.8742;6.1786;6.4646;8.083;0.79981;3.49;0.65267;4.70333;NaN;0.14;NaN
18HU16003_275;PS_04;42.272;-65.8783;431201;10.11;17-apr-16;11:20:00;10.117;32.8755;6.1838;6.5031;8.082;0.77125;3.72667;0.69467;4.90333;NaN;0.15;NaN
18HU16003_275;PS_04;42.27186;-65.87848;431202;2.62;17-apr-16;11:21:00;2.626;32.8712;6.1703;6.4719;8.083;0.79982;3.30667;0.633;4.46667;32.882;0.13333;6.525
18HU16003_276;PS_05;42.22766;-65.90276;431203;235.12;17-apr-16;12:20:00;235.128;35.2113;9.8995;4.1418;8.048;NaN;11.71;1.32233;16.99333;35.209;0.11;4.1535
18HU16003_276;PS_05;42.22697;-65.90262;431204;174.31;17-apr-16;12:23:00;174.315;35.2683;11.1876;4.4382;8.089;NaN;7.41667;0.996;10.76;NaN;0.09333;NaN
18HU16003_276;PS_05;42.22662;-65.90238;431205;149.65;17-apr-16;12:25:00;149.659;33.8946;8.368;5.4634;8.098;NaN;5.64667;0.83633;9.31667;NaN;0.15667;NaN
18HU16003_276;PS_05;42.22664;-65.90232;431206;124.45;17-apr-16;12:26:00;124.456;33.3524;7.401;6.2686;8.123;NaN;3.55333;0.65767;3.56667;NaN;0.1;NaN
18HU16003_276;PS_05;42.2264;-65.90212;431207;98.77;17-apr-16;12:28:00;98.772;33.2227;7.1034;6.4482;8.124;NaN;2.14667;0.51533;3.3;NaN;0.1;NaN
18HU16003_276;PS_05;42.22602;-65.90187;431208;78.76;17-apr-16;12:29:00;78.764;33.1837;7.0085;6.4852;8.12;NaN;3.51667;0.674;4.09333;NaN;0.14;NaN
18HU16003_276;PS_05;42.22594;-65.9019;431209;59.8;17-apr-16;12:31:00;59.805;33.1622;6.9623;6.4878;8.12;NaN;2.71;0.59833;4.01333;NaN;0.13333;NaN
18HU16003_276;PS_05;42.22572;-65.90184;431210;49.25;17-apr-16;12:32:00;49.256;33.1506;6.9436;6.5014;8.118;NaN;3.79333;0.655;3.43;NaN;0.12;NaN
18HU16003_276;PS_05;42.22537;-65.90186;431211;40.43;17-apr-16;12:33:00;40.436;33.1326;6.9027;6.5169;8.12;NaN;3.31667;0.63067;3.66667;NaN;0.13333;NaN
18HU16003_276;PS_05;42.22504;-65.90178;431212;30.48;17-apr-16;12:34:00;30.485;33.0804;6.7761;6.5453;8.12;NaN;2.47333;0.59833;3.79333;NaN;0.12;NaN
18HU16003_276;PS_05;42.22478;-65.9016;431213;19.18;17-apr-16;12:35:00;19.188;33.0186;6.6256;6.6495;8.121;NaN;2.21333;0.55767;3.50667;NaN;0.14;NaN
18HU16003_276;PS_05;42.22476;-65.90148;431214;9.25;17-apr-16;12:36:00;9.25;33.0189;6.6299;6.7248;8.121;NaN;2.18333;0.55867;3.60667;NaN;0.13333;NaN
18HU16003_276;PS_05;42.22466;-65.90132;431215;3.31;17-apr-16;12:37:00;3.311;33.0153;6.6244;6.6992;8.121;NaN;2.14667;0.56367;3.63333;33.02;0.13333;6.664
18HU16003_278;PS_06;42.18234;-65.93796;431216;221.06;17-apr-16;14:00:00;221.066;35.2002;9.8331;4.1285;8.051;NaN;10.54333;1.22867;17.82667;35.198;0.06;4.196
18HU16003_278;PS_06;42.18137;-65.93739;431217;173.13;17-apr-16;14:02:00;173.137;35.1951;10.128;4.1454;8.058;NaN;9.86333;1.165;16.87333;NaN;0.02667;NaN
18HU16003_278;PS_06;42.18066;-65.93713;431218;151.18;17-apr-16;14:04:00;151.185;35.0519;11.3777;4.9016;8.124;NaN;5.67333;0.80767;11.26333;NaN;0.04667;NaN
18HU16003_278;PS_06;42.1798;-65.93696;431219;123.78;17-apr-16;14:05:00;123.783;34.3464;9.6174;5.3988;8.123;NaN;4.97667;0.776;9.28;NaN;0.15667;NaN
18HU16003_278;PS_06;42.17903;-65.93694;431220;99.51;17-apr-16;14:07:00;99.51;33.5685;7.7596;5.7073;8.102;0.54273;4.29667;0.696;6.85;NaN;0.12667;NaN
18HU16003_278;PS_06;42.17824;-65.93698;431221;74.95;17-apr-16;14:08:00;74.953;33.1661;6.9178;6.2863;8.12;0.98548;2.85333;0.61967;4.54;NaN;0.11333;NaN
18HU16003_278;PS_06;42.17762;-65.93692;431222;62.65;17-apr-16;14:09:00;62.652;33.1233;6.8559;6.4422;8.125;1.15687;2.57;0.59267;4.21667;NaN;0.13667;NaN
18HU16003_278;PS_06;42.17702;-65.93668;431223;50.59;17-apr-16;14:10:00;50.592;33.0409;6.6239;6.542;8.122;1.14259;2.13;0.55333;3.44667;NaN;0.12333;NaN
18HU16003_278;PS_06;42.17657;-65.93632;431224;39.8;17-apr-16;14:12:00;39.806;32.9987;6.4922;6.5301;8.117;1.09974;2.47667;0.597;3.92333;NaN;0.11667;NaN
18HU16003_278;PS_06;42.17637;-65.93633;431225;29.92;17-apr-16;14:13:00;29.923;32.9477;6.3627;6.5466;8.113;1.0569;2.52667;0.603;3.87667;NaN;0.12;NaN
18HU16003_278;PS_06;42.17626;-65.93648;431226;20.69;17-apr-16;14:14:00;20.698;32.8463;6.1869;6.7504;8.128;1.52822;1.46667;0.48067;2.55333;NaN;0.08667;NaN
18HU16003_278;PS_06;42.17604;-65.93642;431227;9.01;17-apr-16;14:15:00;9.012;32.8359;6.1688;6.7696;8.129;1.58535;2.04333;0.561;2.73;NaN;0.15667;NaN
18HU16003_278;PS_06;42.17584;-65.9363;431228;4.02;17-apr-16;14:16:00;4.028;32.8382;6.1759;6.7904;8.129;1.5425;1.78;0.527;2.44333;32.837;0.13667;6.7975
18HU16003_279;PS_07;42.15658;-65.96251;431229;220.71;17-apr-16;15:40:00;220.714;35.1984;9.9945;4.1388;8.056;NaN;10.32667;1.21;17.39333;35.196;0.08;4.1405
18HU16003_279;PS_07;42.15569;-65.96171;431230;175.89;17-apr-16;15:42:00;175.899;35.245;11.2315;4.4411;8.094;NaN;6.53;0.95867;11.31667;NaN;0.06;NaN
18HU16003_279;PS_07;42.15482;-65.96125;431231;150.28;17-apr-16;15:43:00;150.285;35.0353;11.8807;5.2037;8.147;NaN;3.42667;0.61;6.08333;NaN;0.08333;NaN
18HU16003_279;PS_07;42.15393;-65.96062;431232;126.77;17-apr-16;15:45:00;126.779;34.2435;9.8527;5.7421;8.146;NaN;4.16;0.731;6.74667;NaN;0.26;NaN
18HU16003_279;PS_07;42.15306;-65.95993;431233;98.64;17-apr-16;15:47:00;98.642;33.7311;8.3709;5.874;8.124;NaN;4.84333;0.743;5.77;NaN;0.18;NaN
18HU16003_279;PS_07;42.15218;-65.95927;431234;75.89;17-apr-16;15:48:00;75.893;32.9418;6.3979;6.1927;8.092;NaN;4.44;0.745;6.03;NaN;0.17;NaN
18HU16003_279;PS_07;42.15153;-65.95872;431235;62;17-apr-16;15:49:00;62.008;32.6481;5.7436;6.8073;8.126;NaN;2.85333;0.607;2.69667;NaN;0.13333;NaN
18HU16003_279;PS_07;42.1509;-65.95824;431236;51.71;17-apr-16;15:50:00;51.715;32.6272;5.6964;6.8779;8.125;NaN;1.59667;0.51367;2.41667;NaN;0.13333;NaN
18HU16003_279;PS_07;42.14995;-65.95743;431237;40.06;17-apr-16;15:52:00;40.062;32.5567;5.541;6.9613;8.124;NaN;1.5;0.465;1.77;NaN;0.09333;NaN
18HU16003_279;PS_07;42.14926;-65.9569;431238;30.43;17-apr-16;15:54:00;30.434;32.4643;5.3662;6.973;8.122;NaN;2.70667;0.58967;2.26667;NaN;0.11333;NaN
18HU16003_279;PS_07;42.14873;-65.95646;431239;19.41;17-apr-16;15:55:00;19.414;32.4002;5.2431;7.0811;8.126;NaN;3.1;0.613;2.00333;NaN;0.11;NaN
18HU16003_279;PS_07;42.14822;-65.95604;431240;10.41;17-apr-16;15:56:00;10.411;32.3991;5.2408;7.0665;8.125;NaN;2.46;0.53833;1.67;NaN;0.09333;NaN
18HU16003_279;PS_07;42.14786;-65.95573;431241;3.48;17-apr-16;15:56:00;3.488;32.399;5.243;7.0749;8.126;NaN;1.24333;0.48133;1.91333;32.399;0.1;7.209
18HU16003_281;PS_08;42.11828;-66.03617;431242;202.65;17-apr-16;18:48:00;202.657;35.1654;10.394;4.2877;8.073;NaN;9.39;1.14333;15.62333;35.159;0.11;4.3345
18HU16003_281;PS_08;42.11789;-66.0366;431243;176.03;17-apr-16;18:49:00;176.038;35.1562;10.4502;4.3174;8.073;NaN;9.35333;1.135;15.17;NaN;0.11;NaN
18HU16003_281;PS_08;42.1175;-66.03696;431244;151.25;17-apr-16;18:51:00;151.25;35.1571;10.6738;4.416;8.084;NaN;6.93;0.88533;11.48;NaN;0.08667;NaN
18HU16003_281;PS_08;42.11708;-66.03714;431245;125.39;17-apr-16;18:52:00;125.392;35.1716;11.9221;4.9625;8.136;NaN;4.51;0.737;8.39667;NaN;0.10333;NaN
18HU16003_281;PS_08;42.11662;-66.03724;431246;98.47;17-apr-16;18:54:00;98.472;33.9863;8.4477;5.1685;8.059;0.13851;8.10333;0.98833;12.15333;NaN;0.06333;NaN
18HU16003_281;PS_08;42.11607;-66.03732;431247;76.79;17-apr-16;18:56:00;76.791;33.7382;7.796;5.353;8.045;0.18467;7.47;0.96633;11.56;NaN;0.09667;NaN
18HU16003_281;PS_08;42.11573;-66.03728;431248;59.94;17-apr-16;18:57:00;59.944;33.4243;7.143;5.7304;8.053;0.78553;5.68333;0.867;9.67667;NaN;0.13667;NaN
18HU16003_281;PS_08;42.11543;-66.03729;431249;50.59;17-apr-16;18:58:00;50.591;33.3462;7.0316;5.897;8.057;0.25008;5.80667;0.963;10;NaN;0.13;NaN
18HU16003_281;PS_08;42.11514;-66.03738;431250;39.3;17-apr-16;18:59:00;39.301;32.8303;6.2678;6.8007;8.118;2.38102;2.60667;0.66567;5.17667;NaN;0.14667;NaN
18HU16003_281;PS_08;42.11492;-66.03752;431251;28.75;17-apr-16;19:00:00;28.754;32.5622;5.9168;7.1729;8.144;3.46331;1.68;0.58467;3.44;NaN;0.14333;NaN
18HU16003_281;PS_08;42.1146;-66.03784;431252;20.5;17-apr-16;19:01:00;20.507;32.4545;5.8008;7.2563;8.148;3.24685;1.20333;0.50567;2.42667;NaN;0.15667;NaN
18HU16003_281;PS_08;42.11424;-66.03822;431253;10.68;17-apr-16;19:02:00;10.686;32.4298;5.7879;7.2741;8.149;3.21077;1.22667;0.52867;2.44;NaN;0.14333;NaN
18HU16003_281;PS_08;42.11392;-66.03854;431254;2.75;17-apr-16;19:03:00;2.756;32.4316;5.7897;7.2909;8.149;3.24685;1.31333;0.58433;2.51333;32.431;0.15;7.355
18HU16003_282;PS_09;42.06484;-66.08844;431255;90.58;17-apr-16;19:58:00;90.582;33.4536;7.2594;5.9203;8.062;NaN;6.01667;0.89167;10.85333;33.45;0.10333;5.9305
18HU16003_282;PS_09;42.06459;-66.08901;431256;74.89;17-apr-16;20:00:00;74.898;33.4404;7.2295;5.945;8.062;NaN;5.97;0.874;10.74667;NaN;0.10667;NaN
18HU16003_282;PS_09;42.0643;-66.08944;431257;60.36;17-apr-16;20:01:00;60.362;33.4428;7.2337;5.9271;8.061;NaN;5.96333;0.91033;10.76;NaN;0.09;NaN
18HU16003_282;PS_09;42.0641;-66.08967;431258;49.71;17-apr-16;20:02:00;49.713;33.3912;7.1695;6.0121;8.067;NaN;4.84667;0.835;8.59;NaN;0.07333;NaN
18HU16003_282;PS_09;42.06394;-66.09008;431259;41.2;17-apr-16;20:03:00;41.205;33.2637;6.9213;6.1549;8.077;NaN;3.90667;0.73033;7.09;NaN;0.04333;NaN
18HU16003_282;PS_09;42.06386;-66.09032;431260;30.67;17-apr-16;20:04:00;30.67;32.7735;6.2273;6.9445;8.135;NaN;2.83;0.68633;5.36333;NaN;0.09;NaN
18HU16003_282;PS_09;42.06368;-66.0903;431261;20.3;17-apr-16;20:05:00;20.301;32.6309;6.0579;7.192;8.147;NaN;2.04;0.56667;3.85667;NaN;0.10667;NaN
18HU16003_282;PS_09;42.06354;-66.09044;431262;10.56;17-apr-16;20:06:00;10.563;32.6281;6.0504;7.1739;8.147;NaN;1.71;0.51933;3.04333;NaN;0.10333;NaN
18HU16003_282;PS_09;42.0635;-66.0907;431263;2.54;17-apr-16;20:07:00;2.548;32.628;6.0491;7.1977;8.147;NaN;1.79333;0.55633;3.26667;32.629;0.11333;7.175
18HU16003_285;PS_10;41.99144;-66.14586;431264;86.52;17-apr-16;21:44:00;86.527;33.3252;6.9482;6.1173;8.059;0.35011;4.34333;0.842;8.56;33.325;0.10667;6.08
18HU16003_285;PS_10;41.99164;-66.14626;431265;76.14;17-apr-16;21:46:00;76.144;33.305;6.9214;6.1308;8.063;0.45825;4.63333;0.88667;9.05333;NaN;0.11;NaN
18HU16003_285;PS_10;41.99212;-66.1463;431266;60.19;17-apr-16;21:49:00;60.195;32.9227;6.3932;6.7326;8.108;0.5011;2.58333;0.67667;5.04667;NaN;0.11667;NaN
18HU16003_285;PS_10;41.99244;-66.14628;431267;51.6;17-apr-16;21:50:00;51.607;32.7166;6.1091;6.9645;8.128;2.74178;1.91;0.613;4.10667;NaN;0.12667;NaN
18HU16003_285;PS_10;41.9927;-66.14628;431268;41.2;17-apr-16;21:52:00;41.2;32.663;6.0463;7.0268;8.133;2.77786;1.70333;0.566;3.26333;NaN;0.11667;NaN
18HU16003_285;PS_10;41.993;-66.14656;431269;30.79;17-apr-16;21:53:00;30.791;32.6096;5.9875;7.1001;8.139;2.38102;1.65667;0.564;3.30333;NaN;0.11667;NaN
18HU16003_285;PS_10;41.99334;-66.1471;431270;19.57;17-apr-16;21:55:00;19.576;32.5936;5.9764;7.1311;8.14;2.88608;1.86333;0.58467;3.73333;NaN;0.14;NaN
18HU16003_285;PS_10;41.99362;-66.14779;431271;10.49;17-apr-16;21:57:00;10.499;32.585;5.9731;7.1657;8.144;2.99432;1.88333;0.593;3.67333;NaN;0.14333;NaN
18HU16003_285;PS_10;41.99378;-66.14854;431272;3.35;17-apr-16;21:59:00;3.355;32.5849;5.9718;7.1698;8.145;3.28293;1.88667;0.58567;3.59;32.586;0.14;7.035
18HU16003_298;BBL_05;42.12524;-65.50291;431273;211.27;18-apr-16;03:10:00;211.274;34.9004;10.0388;4.238;8.053;NaN;9.28667;1.10667;15.83333;34.899;0.08333;4.3245
18HU16003_298;BBL_05;42.12433;-65.50162;431274;151.49;18-apr-16;03:13:00;151.49;34.7154;9.9841;4.6412;8.076;NaN;7.97667;0.985;13.38333;NaN;0.09333;NaN
18HU16003_298;BBL_05;42.12348;-65.50107;431275;99.83;18-apr-16;03:16:00;99.832;34.8648;11.1806;5.6469;8.159;0.65699;3.84333;0.65733;7.75667;NaN;0.19;NaN
18HU16003_298;BBL_05;42.12284;-65.50064;431276;80.54;18-apr-16;03:18:00;80.546;34.8983;11.2976;5.7511;8.172;0.84266;3.38667;0.55667;7.16;NaN;0.19;NaN
18HU16003_298;BBL_05;42.12272;-65.50049;431277;81.21;18-apr-16;03:19:00;81.219;34.9005;11.3037;5.751;8.173;NaN;NaN;NaN;NaN;NaN;NaN;NaN
18HU16003_298;BBL_05;42.12266;-65.5004;431278;80.34;18-apr-16;03:20:00;80.344;34.9013;11.3061;5.7403;8.174;NaN;NaN;NaN;NaN;NaN;NaN;NaN
18HU16003_298;BBL_05;42.12246;-65.50019;431279;60.57;18-apr-16;03:22:00;60.579;34.8819;11.2509;5.7566;8.175;0.89979;3.14667;0.567;6.57333;NaN;0.2;NaN
18HU16003_298;BBL_05;42.12202;-65.49996;431280;49.95;18-apr-16;03:23:00;49.951;34.8676;11.1999;5.7829;8.174;0.92836;3.37333;0.583;6.87667;NaN;0.2;NaN
18HU16003_298;BBL_05;42.1215;-65.49974;431281;40.9;18-apr-16;03:25:00;40.907;34.8478;11.1235;5.7346;8.169;0.85695;3.48667;0.615;7.18333;NaN;0.21;NaN
18HU16003_298;BBL_05;42.12134;-65.49966;431282;40.11;18-apr-16;03:25:00;40.119;34.8453;11.112;5.7459;8.169;NaN;NaN;NaN;NaN;NaN;NaN;NaN
18HU16003_298;BBL_05;42.1212;-65.49958;431283;40.52;18-apr-16;03:26:00;40.526;34.8503;11.1316;5.7634;8.169;NaN;NaN;NaN;NaN;NaN;NaN;NaN
18HU16003_298;BBL_05;42.12095;-65.49938;431284;28.74;18-apr-16;03:28:00;28.746;34.8425;11.0986;5.7593;8.169;0.89979;3.55333;0.62033;7.28667;NaN;0.21;NaN
18HU16003_298;BBL_05;42.12026;-65.49908;431285;20.21;18-apr-16;03:30:00;20.218;34.8431;11.0884;5.7584;8.169;0.92836;3.46;0.574;7.08333;NaN;0.18667;NaN
18HU16003_298;BBL_05;42.12001;-65.49892;431286;19.94;18-apr-16;03:31:00;19.944;34.859;11.1525;5.7816;8.169;NaN;NaN;NaN;NaN;NaN;NaN;NaN
18HU16003_298;BBL_05;42.11986;-65.4988;431287;20.26;18-apr-16;03:31:00;20.262;34.8637;11.1658;5.7794;8.169;NaN;NaN;NaN;NaN;NaN;NaN;NaN
18HU16003_298;BBL_05;42.11956;-65.4986;431288;9.37;18-apr-16;03:33:00;9.372;34.8456;11.0942;5.7929;8.169;0.91407;3.08333;0.55833;6.47;NaN;0.16333;NaN
18HU16003_298;BBL_05;42.11916;-65.49828;431289;2.65;18-apr-16;03:35:00;2.655;34.8527;11.1226;5.8186;8.169;0.87123;3.40667;0.57867;7.09667;34.853;0.19333;5.827
18HU16003_298;BBL_05;42.11903;-65.49816;431290;3.08;18-apr-16;03:35:00;3.082;34.8533;11.1244;5.7663;8.169;NaN;NaN;NaN;NaN;NaN;NaN;NaN
18HU16003_298;BBL_05;42.11886;-65.49803;431291;2.81;18-apr-16;03:36:00;2.816;34.8524;11.1161;5.7774;8.169;NaN;NaN;NaN;NaN;NaN;NaN;NaN
18HU16003_298;BBL_05;42.11872;-65.49794;431292;3.11;18-apr-16;03:36:00;3.118;34.8529;11.1171;5.7975;8.169;NaN;NaN;NaN;NaN;NaN;NaN;NaN
18HU16003_302;BBL_06;42.00184;-65.51354;431293;1066.27;18-apr-16;09:37:00;1066.278;34.9636;4.2314;5.8953;8.007;NaN;9.88;1.089;14.99667;34.967;0.01667;5.961
18HU16003_302;BBL_06;42.00214;-65.513;431294;999.31;18-apr-16;09:41:00;999.316;34.9666;4.302;5.8657;8.012;NaN;9.02667;1.03267;13.82667;NaN;0.01667;NaN
18HU16003_302;BBL_06;42.0015;-65.51324;431295;748.81;18-apr-16;09:46:00;748.81;34.9825;4.6536;5.6808;8.014;NaN;8.96667;1.113;13.73333;NaN;0.01667;NaN
18HU16003_302;BBL_06;42.00102;-65.51391;431296;498.87;18-apr-16;09:51:00;498.873;35.0436;5.9774;4.9317;8.007;NaN;9.96667;1.23167;15.63667;NaN;0.02667;NaN
18HU16003_302;BBL_06;42.00028;-65.51367;431297;251.1;18-apr-16;09:56:00;251.103;35.3135;10.2705;3.3004;7.999;NaN;9.73667;1.322;17.71;35.312;0.02333;3.369
18HU16003_302;BBL_06;41.99994;-65.51416;431298;99.42;18-apr-16;09:59:00;99.427;34.7599;10.3409;5.0803;8.115;0.10985;5.66333;0.86;10.64;NaN;0.09333;NaN
18HU16003_302;BBL_06;41.99982;-65.5145;431299;80.84;18-apr-16;10:01:00;80.844;34.4915;9.8259;5.4061;8.125;NaN;NaN;NaN;NaN;NaN;NaN;NaN
18HU16003_302;BBL_06;41.99969;-65.51474;431300;79.73;18-apr-16;10:02:00;79.738;34.4783;9.8042;5.4201;8.125;0.20775;4.84667;0.79533;9.21333;NaN;0.17;NaN
18HU16003_302;BBL_06;41.9994;-65.5152;431301;61;18-apr-16;10:03:00;61.006;34.4428;9.7544;5.4758;8.125;0.26931;4.52667;0.728;8.36;NaN;0.15667;NaN
18HU16003_302;BBL_06;41.99924;-65.51551;431302;50.01;18-apr-16;10:04:00;50.012;34.4257;9.7271;5.4852;8.124;0.27316;3.82333;0.70333;7.01667;NaN;0.15333;NaN
18HU16003_302;BBL_06;41.9992;-65.51587;431303;40.13;18-apr-16;10:05:00;40.137;34.3283;9.6398;5.6493;8.133;0.41552;4.63;0.74533;8.55667;NaN;0.19667;NaN
18HU16003_302;BBL_06;41.9993;-65.51612;431304;39.72;18-apr-16;10:06:00;39.729;34.3326;9.6332;5.6395;8.133;NaN;NaN;NaN;NaN;NaN;NaN;NaN
18HU16003_302;BBL_06;41.99942;-65.51638;431305;29.43;18-apr-16;10:07:00;29.436;34.2146;9.4112;5.7435;8.135;0.71412;3.68;0.698;7.01;NaN;0.19667;NaN
18HU16003_302;BBL_06;41.99931;-65.51655;431306;20.16;18-apr-16;10:08:00;20.164;33.9601;8.9016;6.0736;8.143;1.28541;3.39;0.65867;6.23333;NaN;0.14667;NaN
18HU16003_302;BBL_06;41.99914;-65.51676;431307;20.33;18-apr-16;10:09:00;20.338;33.9437;8.868;6.0938;8.143;NaN;NaN;NaN;NaN;NaN;NaN;NaN
18HU16003_302;BBL_06;41.99896;-65.51706;431308;9.14;18-apr-16;10:10:00;9.142;32.7008;6.2569;7.0767;8.153;1.97097;2.12667;0.55333;3.77;NaN;0.11;NaN
18HU16003_302;BBL_06;41.9989;-65.51734;431309;2.48;18-apr-16;10:11:00;2.488;32.6976;6.266;7.069;8.152;2.08523;1.26667;0.45667;2.20667;32.693;0.09333;6.894
18HU16003_302;BBL_06;41.99892;-65.51755;431310;2.29;18-apr-16;10:12:00;2.296;32.692;6.2552;7.0627;8.151;NaN;NaN;NaN;NaN;NaN;NaN;NaN
18HU16003_304;HL_01;44.39991;-63.44997;431001;81.82;10-apr-16;02:49:00;81.821;31.8763;2.8023;6.9631;7.997;0.32317;6.15;0.82633;5.74;31.882;0.13;6.9755
18HU16003_304;HL_01;44.39974;-63.44982;431002;61.69;10-apr-16;02:51:00;61.698;31.6461;2.3612;7.3296;8.018;1.59963;4.76667;0.775;4.65667;NaN;0.11333;NaN
18HU16003_304;HL_01;44.39968;-63.44982;431003;60.89;10-apr-16;02:51:00;60.897;31.638;2.3473;7.3259;8.017;NaN;NaN;NaN;NaN;NaN;NaN;NaN
18HU16003_304;HL_01;44.39966;-63.44986;431004;61.16;10-apr-16;02:52:00;61.168;31.633;2.338;7.3291;8.018;NaN;NaN;NaN;NaN;NaN;NaN;NaN
18HU16003_304;HL_01;44.39968;-63.45004;431005;50.24;10-apr-16;02:54:00;50.245;31.26;1.8496;7.8539;8.059;3.78799;2.37;0.65;2.54333;NaN;0.09667;NaN
18HU16003_304;HL_01;44.39972;-63.45006;431006;40.87;10-apr-16;02:55:00;40.872;31.1614;1.9384;8.1148;8.102;4.61774;0.82333;0.51267;0.91333;NaN;0.07333;NaN
18HU16003_304;HL_01;44.39972;-63.4501;431007;40.4;10-apr-16;02:56:00;40.4;31.1605;1.9341;8.1525;8.102;NaN;NaN;NaN;NaN;NaN;NaN;NaN
18HU16003_304;HL_01;44.3997;-63.45014;431008;40.43;10-apr-16;02:57:00;40.433;31.1599;1.9324;8.1402;8.102;NaN;NaN;NaN;NaN;NaN;NaN;NaN
18HU16003_304;HL_01;44.39968;-63.45016;431009;40.59;10-apr-16;02:57:00;40.594;31.1595;1.9362;8.1428;8.102;NaN;NaN;NaN;NaN;NaN;NaN;NaN
18HU16003_304;HL_01;44.39995;-63.4505;431010;29.05;10-apr-16;03:00:00;29.052;31.163;2.1125;8.1683;8.111;4.04052;0.47667;0.45733;0.52333;NaN;0.05;NaN
18HU16003_304;HL_01;44.40008;-63.45056;431011;19.93;10-apr-16;03:01:00;19.933;31.1439;2.2168;8.2602;8.125;3.71584;0.49333;0.44967;0.26667;NaN;0.05;NaN
18HU16003_304;HL_01;44.40012;-63.45054;431012;20.17;10-apr-16;03:02:00;20.175;31.1406;2.2164;8.2512;8.125;NaN;NaN;NaN;NaN;NaN;NaN;NaN
18HU16003_304;HL_01;44.40024;-63.45068;431013;9.8;10-apr-16;03:03:00;9.801;31.1295;2.1604;8.313;8.125;3.60761;0.54;0.44667;0.40333;NaN;0.04333;NaN
18HU16003_304;HL_01;44.4003;-63.45108;431014;1.56;10-apr-16;03:05:00;1.561;31.1268;2.1372;8.2982;8.125;3.319;0.53333;0.446;0.34;31.134;0.05333;8.199
18HU16003_304;HL_01;44.4003;-63.4512;431015;1.91;10-apr-16;03:05:00;1.912;31.1268;2.1388;8.3012;8.125;NaN;NaN;NaN;NaN;NaN;NaN;NaN
18HU16003_304;HL_01;44.4003;-63.45128;431016;1.35;10-apr-16;03:06:00;1.354;31.1274;2.1428;8.2982;8.125;NaN;NaN;NaN;NaN;NaN;NaN;NaN
18HU16003_304;HL_01;44.40029;-63.4513;431017;2.08;10-apr-16;03:06:00;2.084;31.1288;2.1533;8.2908;8.125;NaN;NaN;NaN;NaN;NaN;NaN;NaN
18HU16003_307;BBL_07;41.86714;-65.35092;431311;502.4;18-apr-16;16:22:00;502.408;35.0559;5.9027;4.793;NaN;NaN;NaN;NaN;NaN;NaN;NaN;NaN
18HU16003_307;BBL_07;41.86718;-65.35092;431312;501.28;18-apr-16;16:23:00;501.286;35.0551;5.8943;4.7986;NaN;NaN;NaN;NaN;NaN;NaN;NaN;NaN
18HU16003_307;BBL_07;41.8672;-65.35092;431313;501.61;18-apr-16;16:23:00;501.619;35.0548;5.892;4.7954;NaN;NaN;NaN;NaN;NaN;NaN;NaN;NaN
18HU16003_307;BBL_07;41.86722;-65.35094;431314;501.97;18-apr-16;16:24:00;501.972;35.0547;5.8896;4.7965;NaN;NaN;NaN;NaN;NaN;NaN;NaN;NaN
18HU16003_307;BBL_07;41.86722;-65.35094;431315;501.41;18-apr-16;16:24:00;501.41;35.0549;5.8893;4.7978;NaN;NaN;11.40333;1.26;17.58;35.053;0.01;4.8435
18HU16003_307;BBL_07;41.8667;-65.3509;431316;251.59;18-apr-16;16:30:00;251.59;35.2273;9.4245;3.1699;NaN;NaN;11.78667;1.45933;20.42333;35.231;0.03;3.217
18HU16003_307;BBL_07;41.86664;-65.3509;431317;253.24;18-apr-16;16:31:00;253.246;35.2208;9.3593;3.1667;NaN;NaN;NaN;NaN;NaN;NaN;NaN;NaN
18HU16003_307;BBL_07;41.86658;-65.35084;431318;99.62;18-apr-16;16:35:00;99.629;35.0684;12.0908;5.8555;NaN;0.79982;2.34;0.51867;5.59;NaN;0.27;NaN
18HU16003_307;BBL_07;41.86652;-65.3509;431319;80.16;18-apr-16;16:36:00;80.168;35.0582;12.0619;5.8628;NaN;0.8141;2.35333;0.48933;5.28667;NaN;0.27333;NaN
18HU16003_307;BBL_07;41.8665;-65.35091;431320;80.4;18-apr-16;16:37:00;80.402;35.0583;12.0628;5.8766;NaN;NaN;NaN;NaN;NaN;NaN;NaN;NaN
18HU16003_307;BBL_07;41.86648;-65.35092;431321;80.05;18-apr-16;16:38:00;80.054;35.0586;12.0649;5.8923;NaN;NaN;NaN;NaN;NaN;NaN;NaN;NaN
18HU16003_307;BBL_07;41.86646;-65.35098;431322;61.25;18-apr-16;16:39:00;61.258;35.0598;12.0747;5.9049;NaN;0.98548;1.88333;0.46733;4.47667;NaN;0.23333;NaN
18HU16003_307;BBL_07;41.8664;-65.35098;431323;49.63;18-apr-16;16:40:00;49.637;35.0601;12.0827;5.9284;NaN;0.91407;1.61;0.44167;3.98;NaN;0.2;NaN
18HU16003_307;BBL_07;41.86632;-65.35092;431324;39.21;18-apr-16;16:41:00;39.213;35.049;12.0381;5.9317;NaN;0.88551;2.28;0.50033;5.48;NaN;0.28;NaN
18HU16003_307;BBL_07;41.86628;-65.35088;431325;40.86;18-apr-16;16:42:00;40.862;35.0379;11.9956;5.9355;NaN;NaN;NaN;NaN;NaN;NaN;NaN;NaN
18HU16003_307;BBL_07;41.86628;-65.35082;431326;29.82;18-apr-16;16:43:00;29.822;35.038;11.9988;5.9587;NaN;1.04261;2.25333;0.50467;5.15667;NaN;0.27;NaN
18HU16003_307;BBL_07;41.86632;-65.35078;431327;20.69;18-apr-16;16:44:00;20.694;35.0344;11.9969;5.9478;NaN;0.91407;2.30333;0.50533;5.67333;NaN;0.24667;NaN
18HU16003_307;BBL_07;41.86632;-65.35074;431328;20.75;18-apr-16;16:44:00;20.754;35.0344;11.9928;5.959;NaN;NaN;NaN;NaN;NaN;NaN;NaN;NaN
18HU16003_307;BBL_07;41.86628;-65.35072;431329;20.92;18-apr-16;16:45:00;20.926;35.0345;11.9939;5.9546;NaN;NaN;NaN;NaN;NaN;NaN;NaN;NaN
18HU16003_307;BBL_07;41.86628;-65.35076;431330;9.66;18-apr-16;16:46:00;9.661;35.0496;12.1427;5.9265;NaN;0.85695;2.10333;0.49433;5.23333;NaN;0.24333;NaN
18HU16003_307;BBL_07;41.86629;-65.35078;431331;2.94;18-apr-16;16:47:00;2.943;35.0471;12.1219;5.9322;NaN;0.74268;2.22;0.50067;5.42667;35.048;0.24333;5.965
18HU16003_307;BBL_07;41.86626;-65.3508;431332;3.05;18-apr-16;16:47:00;3.053;35.044;12.0905;5.9557;NaN;NaN;NaN;NaN;NaN;NaN;NaN;NaN
18HU16003_307;BBL_07;41.86621;-65.35084;431333;3.36;18-apr-16;16:48:00;3.364;35.0442;12.0962;5.934;NaN;NaN;NaN;NaN;NaN;NaN;NaN;NaN
18HU16003_307;BBL_07;41.86614;-65.35087;431334;3.34;18-apr-16;16:49:00;3.349;35.047;12.1326;5.9631;NaN;NaN;NaN;NaN;NaN;NaN;NaN;NaN
18HU16003_311;HL_05;43.17594;-62.11148;431336;97.97;19-apr-16;11:43:00;97.97;34.646;10.3207;4.7465;8.041;0.0398;7.77667;0.894;11.44667;34.636;0.19333;4.871
18HU16003_311;HL_05;43.17566;-62.112;431337;80.69;19-apr-16;11:45:00;80.69;34.5923;10.1748;4.8456;8.051;0.04935;5.61333;0.783;8.77333;NaN;0.18;NaN
18HU16003_311;HL_05;43.1753;-62.11254;431338;59.72;19-apr-16;11:46:00;59.728;33.2607;7.0839;6.5723;8.115;0.3578;2.05;0.67167;3.17667;NaN;0.17667;NaN
18HU16003_311;HL_05;43.175;-62.11303;431339;49.98;19-apr-16;11:47:00;49.983;33.2348;7.0678;6.6742;8.115;0.62842;1.52;0.48167;2.50333;NaN;0.13333;NaN
18HU16003_311;HL_05;43.17466;-62.11348;431340;40.9;19-apr-16;11:49:00;40.907;33.1881;6.9383;6.7419;8.112;0.77125;2.01333;0.524;2.81;NaN;0.14333;NaN
18HU16003_311;HL_05;43.17434;-62.1139;431341;28.56;19-apr-16;11:50:00;28.562;33.1274;6.7795;6.819;8.105;0.91407;1.79;0.562;2.82;NaN;0.13;NaN
18HU16003_311;HL_05;43.17403;-62.11431;431342;19.09;19-apr-16;11:51:00;19.094;33.1084;6.7148;6.8311;8.105;0.98548;1.71;0.527;2.59333;NaN;0.14333;NaN
18HU16003_311;HL_05;43.17382;-62.11466;431343;9.9;19-apr-16;11:52:00;9.906;32.9904;6.4262;6.9593;8.109;1.11403;1.41667;0.438;1.85667;NaN;0.09333;NaN
18HU16003_311;HL_05;43.17368;-62.11491;431344;2.8;19-apr-16;11:53:00;2.807;32.9526;6.3315;6.9724;8.112;1.08546;1.29;0.45467;2.01;32.951;0.11667;6.956
18HU16003_311;HL_05;43.17354;-62.11516;431345;2.69;19-apr-16;11:53:00;2.694;32.9538;6.3358;6.9663;8.112;NaN;NaN;NaN;NaN;NaN;NaN;NaN
18HU16003_311;HL_05;43.17336;-62.11546;431346;2.8;19-apr-16;11:54:00;2.8;32.9526;6.3309;6.9761;8.112;NaN;NaN;NaN;NaN;NaN;NaN;NaN
18HU16003_313;HL_05.5;42.93898;-61.83392;431347;460.09;19-apr-16;14:50:00;460.09;35.0712;6.6389;4.3528;7.976;NaN;12.58;1.38533;20.24333;35.052;0.06333;4.411
18HU16003_313;HL_05.5;42.9391;-61.8337;431348;250.83;19-apr-16;14:57:00;250.832;35.3198;10.3866;3.2181;7.98;NaN;10.70667;1.32533;19.97333;35.296;0.08333;3.2515
18HU16003_313;HL_05.5;42.93914;-61.83378;431349;250.89;19-apr-16;14:58:00;250.891;35.3201;10.3858;3.2214;7.98;NaN;NaN;NaN;NaN;NaN;NaN;NaN
18HU16003_313;HL_05.5;42.93918;-61.83383;431350;251.16;19-apr-16;14:58:00;251.163;35.3209;10.3893;3.2208;7.98;NaN;NaN;NaN;NaN;NaN;NaN;NaN
18HU16003_313;HL_05.5;42.93922;-61.8335;431351;100.62;19-apr-16;15:04:00;100.628;35.2945;12.3637;5.7531;8.164;0.87123;2.74667;0.53733;7.50333;NaN;0.35;NaN
18HU16003_313;HL_05.5;42.9393;-61.83352;431352;80.64;19-apr-16;15:05:00;80.642;35.2442;12.2107;5.8384;8.172;1.24257;1.97667;0.455;5.23333;NaN;0.25;NaN
18HU16003_313;HL_05.5;42.93931;-61.83349;431353;80.63;19-apr-16;15:06:00;80.634;35.242;12.2064;5.8451;8.171;NaN;NaN;NaN;NaN;NaN;NaN;NaN
18HU16003_313;HL_05.5;42.93932;-61.83344;431354;80.38;19-apr-16;15:06:00;80.387;35.2423;12.2067;5.8388;8.17;NaN;NaN;NaN;NaN;NaN;NaN;NaN
18HU16003_313;HL_05.5;42.9393;-61.8333;431355;60.11;19-apr-16;15:08:00;60.116;35.1746;12.0212;5.8234;8.169;0.99976;2.57667;0.53733;6.39;NaN;0.29667;NaN
18HU16003_313;HL_05.5;42.93934;-61.83323;431356;51.36;19-apr-16;15:09:00;51.364;35.062;11.7619;5.7779;8.162;0.74268;2.96333;0.561;6.9;NaN;0.29;NaN
18HU16003_313;HL_05.5;42.9394;-61.83322;431357;50.71;19-apr-16;15:09:00;50.719;35.0619;11.7616;5.7584;8.162;NaN;NaN;NaN;NaN;NaN;NaN;NaN
18HU16003_313;HL_05.5;42.93942;-61.83316;431358;39.9;19-apr-16;15:11:00;39.906;35.0511;11.7363;5.7606;8.161;0.64271;2.85;0.57033;6.76333;NaN;0.3;NaN
18HU16003_313;HL_05.5;42.9394;-61.83304;431359;30.01;19-apr-16;15:11:00;30.013;34.8799;11.2828;5.6607;8.15;0.69984;2.68333;0.55433;6.11667;NaN;0.21333;NaN
18HU16003_313;HL_05.5;42.9394;-61.83294;431360;19.99;19-apr-16;15:13:00;19.994;33.9784;9.0051;6.5178;8.166;1.22829;2.16;0.48967;4.55333;NaN;0.17667;NaN
18HU16003_313;HL_05.5;42.93943;-61.83285;431361;20.47;19-apr-16;15:13:00;20.473;33.9356;8.8907;6.4873;8.159;NaN;NaN;NaN;NaN;NaN;NaN;NaN
18HU16003_313;HL_05.5;42.9394;-61.83276;431362;20.41;19-apr-16;15:14:00;20.412;33.9797;9.0216;6.4836;8.159;NaN;NaN;NaN;NaN;NaN;NaN;NaN
18HU16003_313;HL_05.5;42.93928;-61.8326;431363;9.94;19-apr-16;15:15:00;9.946;33.6967;8.266;6.6122;8.157;1.25685;1.63;0.46033;3.10667;NaN;0.12;NaN
18HU16003_313;HL_05.5;42.93928;-61.83248;431364;2.31;19-apr-16;15:16:00;2.312;33.6668;8.1954;6.6255;8.153;1.214;1.69333;0.432;2.75667;33.663;0.13333;6.712
18HU16003_313;HL_05.5;42.93929;-61.83254;431365;2.77;19-apr-16;15:17:00;2.778;33.6699;8.2054;6.6212;8.153;NaN;NaN;NaN;NaN;NaN;NaN;NaN
18HU16003_313;HL_05.5;42.93928;-61.83258;431366;2.78;19-apr-16;15:17:00;2.78;33.675;8.218;6.6186;8.149;NaN;NaN;NaN;NaN;NaN;NaN;NaN
18HU16003_313;HL_05.5;42.93926;-61.83256;431367;2.7;19-apr-16;15:18:00;2.703;33.7071;8.3027;6.6095;8.148;NaN;NaN;NaN;NaN;NaN;NaN;NaN
18HU16003_318;HL_06;42.8316;-61.73442;431368;1102.02;19-apr-16;19:13:00;1102.026;34.959;4.2129;5.9421;7.998;NaN;10.28;1.02833;15.62333;34.945;0.03667;6.003
18HU16003_318;HL_06;42.83144;-61.73398;431369;999.58;19-apr-16;19:19:00;999.589;34.9637;4.346;5.8873;8.002;NaN;10.59333;1.147;16.68;34.949;0.01667;5.935
18HU16003_318;HL_06;42.83114;-61.73394;431370;899.35;19-apr-16;19:21:00;899.357;34.9705;4.5009;5.7965;8.001;NaN;10.12;1.134;16.04333;34.957;0;5.848
18HU16003_318;HL_06;42.83104;-61.73376;431371;750.73;19-apr-16;19:25:00;750.739;34.9855;4.8307;5.5771;8.001;NaN;9.64333;1.107;15.33667;34.969;0.03667;5.585
18HU16003_318;HL_06;42.83164;-61.7342;431372;499.89;19-apr-16;19:30:00;499.894;35.0606;6.3876;4.5241;7.983;NaN;12.14;1.302;19.76667;35.044;0.07333;4.571
18HU16003_318;HL_06;42.83192;-61.7345;431373;251.05;19-apr-16;19:35:00;251.054;35.2887;10.0506;3.1858;7.982;NaN;11.42;1.33833;20.85667;35.272;0.08333;3.25
18HU16003_318;HL_06;42.83187;-61.73528;431374;151.15;19-apr-16;19:37:00;151.154;35.5662;12.9579;4.8251;8.129;NaN;4.52;0.66133;10.68333;NaN;0.12333;NaN
18HU16003_318;HL_06;42.83192;-61.7356;431375;100.91;19-apr-16;19:39:00;100.912;35.3339;12.4608;5.7202;8.177;0.84266;2.55667;0.47033;6.89;NaN;0.36333;NaN
18HU16003_318;HL_06;42.83204;-61.73582;431376;80.92;19-apr-16;19:40:00;80.92;35.2211;12.1733;5.694;8.171;0.64271;2.39333;0.46467;5.78667;NaN;0.31667;NaN
18HU16003_318;HL_06;42.83212;-61.7359;431377;81.21;19-apr-16;19:41:00;81.214;35.2159;12.1578;5.7065;8.172;NaN;NaN;NaN;NaN;NaN;NaN;NaN
18HU16003_318;HL_06;42.83212;-61.73602;431378;81.77;19-apr-16;19:41:00;81.775;35.2135;12.1513;5.7282;8.172;NaN;NaN;NaN;NaN;NaN;NaN;NaN
18HU16003_318;HL_06;42.83201;-61.73624;431379;60.13;19-apr-16;19:43:00;60.133;35.1718;12.0421;5.6717;8.169;0.54273;2.58667;0.47733;6.25333;NaN;0.33667;NaN
18HU16003_318;HL_06;42.83189;-61.73632;431380;50.69;19-apr-16;19:44:00;50.696;35.1457;11.976;5.7387;8.168;0.64271;2.79667;0.49767;6.64667;35.11;0.33333;5.781
18HU16003_318;HL_06;42.83182;-61.73632;431381;50.75;19-apr-16;19:45:00;50.759;35.0549;11.7289;5.7944;8.168;NaN;NaN;NaN;NaN;NaN;NaN;NaN
18HU16003_318;HL_06;42.83176;-61.73626;431382;50.63;19-apr-16;19:45:00;50.634;35.04;11.6953;5.8127;8.169;NaN;NaN;NaN;NaN;NaN;NaN;NaN
18HU16003_318;HL_06;42.83174;-61.73616;431383;39.74;19-apr-16;19:46:00;39.745;34.7393;10.9212;6.0981;8.176;1.08546;2.15;0.464;5.00667;NaN;0.26667;NaN
18HU16003_318;HL_06;42.83164;-61.7361;431384;30.55;19-apr-16;19:47:00;30.551;34.551;10.4802;6.1277;8.172;1.04261;2.19333;0.45933;4.83667;NaN;0.27667;NaN
18HU16003_318;HL_06;42.83156;-61.73608;431385;20.48;19-apr-16;19:48:00;20.489;33.8269;8.586;6.5357;8.174;1.09974;1.88667;0.45333;3.58333;NaN;0.22333;NaN
18HU16003_318;HL_06;42.83157;-61.73608;431386;20.61;19-apr-16;19:49:00;20.614;33.8364;8.6332;6.4993;8.166;NaN;NaN;NaN;NaN;NaN;NaN;NaN
18HU16003_318;HL_06;42.83156;-61.73608;431387;20.37;19-apr-16;19:50:00;20.37;34.0631;9.2118;6.2481;8.164;NaN;NaN;NaN;NaN;NaN;NaN;NaN
18HU16003_318;HL_06;42.83142;-61.73619;431388;10.29;19-apr-16;19:51:00;10.293;33.5843;7.9777;6.6675;8.163;1.214;1.68;0.438;2.80333;NaN;0.18333;NaN
18HU16003_318;HL_06;42.83117;-61.73658;431389;3.37;19-apr-16;19:52:00;3.378;33.5749;7.9546;6.6669;8.163;1.04261;2.14667;0.43867;2.89333;33.561;0.21667;6.65
18HU16003_318;HL_06;42.83106;-61.73683;431390;3.21;19-apr-16;19:53:00;3.217;33.5751;7.952;6.6835;8.163;NaN;NaN;NaN;NaN;NaN;NaN;NaN
18HU16003_318;HL_06;42.83094;-61.73713;431391;3.25;19-apr-16;19:53:00;3.257;33.5725;7.9455;6.689;8.163;NaN;NaN;NaN;NaN;NaN;NaN;NaN
18HU16003_321;HL_06.3;42.73296;-61.61666;431392;1681.98;19-apr-16;23:24:00;1681.984;34.9565;3.7907;5.9727;NaN;NaN;11.03333;1.06167;14.88667;34.942;0.04667;6.066
18HU16003_321;HL_06.3;42.73346;-61.61642;431393;1501.24;19-apr-16;23:28:00;1501.243;34.9578;3.8584;5.9897;NaN;NaN;11.35333;1.12033;16.07667;NaN;0.05333;NaN
18HU16003_321;HL_06.3;42.73332;-61.61623;431394;1000.35;19-apr-16;23:37:00;1000.355;34.9619;4.2552;5.9539;NaN;NaN;10.35333;1.14;16.21;34.949;0.05;6.093
18HU16003_321;HL_06.3;42.73388;-61.61584;431395;751.25;19-apr-16;23:43:00;751.258;34.9797;4.6809;5.7094;NaN;NaN;5.82;0.77967;10.35667;NaN;0.19;NaN
18HU16003_321;HL_06.3;42.73348;-61.61678;431396;500.14;19-apr-16;23:48:00;500.147;35.0526;6.1941;4.6417;NaN;NaN;12.22333;1.304;19.65333;35.039;0.06333;4.6125
18HU16003_321;HL_06.3;42.73352;-61.61689;431397;251.84;19-apr-16;23:53:00;251.846;35.3917;10.9216;3.1201;NaN;NaN;10.85333;1.35667;21.03;35.376;0.06667;3.203
18HU16003_321;HL_06.3;42.73374;-61.6158;431398;102.61;19-apr-16;23:57:00;102.616;35.382;12.5355;5.747;NaN;0.94264;2.50667;0.521;6.63667;NaN;0.34667;NaN
18HU16003_321;HL_06.3;42.73378;-61.61588;431399;80.47;19-apr-16;23:59:00;80.477;35.377;12.5271;5.7448;NaN;1.02833;2.81;0.54033;7.30667;NaN;0.38;NaN
18HU16003_321;HL_06.3;42.73366;-61.61604;431400;60.04;20-apr-16;00:01:00;60.041;35.3594;12.4879;5.7556;NaN;0.94264;2.85667;0.54367;7.24;NaN;0.39333;NaN
18HU16003_321;HL_06.3;42.73362;-61.61624;431401;50.11;20-apr-16;00:03:00;50.11;35.2229;12.1347;5.8629;NaN;1.04261;2.79333;0.52167;6.33667;NaN;0.35;NaN
18HU16003_321;HL_06.3;42.73354;-61.6164;431402;41.1;20-apr-16;00:05:00;41.102;34.9277;11.3878;6.0026;NaN;1.07118;2.46333;0.56333;5.99667;NaN;0.3;NaN
18HU16003_321;HL_06.3;42.73346;-61.6167;431403;30.86;20-apr-16;00:07:00;30.867;34.8708;11.2191;6.0421;NaN;1.08546;2.47333;0.50733;5.82333;NaN;0.26667;NaN
18HU16003_321;HL_06.3;42.7334;-61.6169;431404;19.82;20-apr-16;00:09:00;19.821;34.5303;10.2904;6.2459;NaN;1.32826;2.32333;0.51133;5.05667;NaN;0.26667;NaN
18HU16003_321;HL_06.3;42.73342;-61.61708;431405;10.47;20-apr-16;00:10:00;10.473;34.3572;9.7906;6.2929;NaN;NaN;NaN;NaN;NaN;NaN;NaN;NaN
18HU16003_321;HL_06.3;42.73338;-61.61716;431406;2.69;20-apr-16;00:12:00;2.694;34.2966;9.6182;6.3136;NaN;1.18544;2.23333;0.50267;4.58667;34.286;0.25333;6.327
18HU16003_321;HL_06.3;42.73332;-61.61714;431407;2.96;20-apr-16;00:13:00;2.966;34.2782;9.5514;6.325;NaN;NaN;NaN;NaN;NaN;NaN;NaN;NaN
18HU16003_323;HL_06.7;42.61146;-61.52191;431408;1247.37;20-apr-16;04:02:00;1247.374;34.96;4.1255;5.946;NaN;NaN;NaN;NaN;NaN;NaN;NaN;NaN
18HU16003_323;HL_06.7;42.61134;-61.52186;431409;1247.33;20-apr-16;04:03:00;1247.332;34.9592;4.1239;5.9543;NaN;NaN;NaN;NaN;NaN;NaN;NaN;NaN
18HU16003_323;HL_06.7;42.61116;-61.52164;431410;1247.36;20-apr-16;04:04:00;1247.36;34.959;4.1229;5.9548;NaN;NaN;NaN;NaN;NaN;NaN;NaN;NaN
18HU16003_323;HL_06.7;42.61112;-61.52151;431411;1247.84;20-apr-16;04:05:00;1247.846;34.9591;4.1234;5.9648;NaN;NaN;NaN;NaN;NaN;NaN;NaN;NaN
18HU16003_323;HL_06.7;42.61112;-61.52146;431412;1248.83;20-apr-16;04:06:00;1248.839;34.9591;4.1254;5.9605;NaN;NaN;NaN;NaN;NaN;NaN;NaN;NaN
18HU16003_323;HL_06.7;42.61122;-61.52148;431413;1250.28;20-apr-16;04:07:00;1250.28;34.9591;4.1236;5.9587;NaN;NaN;10.545;1.119;16.18;34.944;0.05;6.02
18HU16003_323;HL_06.7;42.6108;-61.52026;431414;999.29;20-apr-16;04:15:00;999.295;34.9732;4.419;5.8544;NaN;NaN;11.11;1.15533;17.62333;34.958;0.05;5.896
18HU16003_323;HL_06.7;42.61046;-61.51954;431415;751.25;20-apr-16;04:21:00;751.255;34.9901;4.8287;5.5832;NaN;NaN;9.535;1.1175;15.035;34.975;0.04;5.579
18HU16003_323;HL_06.7;42.61017;-61.51858;431416;499.89;20-apr-16;04:27:00;499.898;35.0567;6.3344;4.5199;NaN;NaN;13.685;1.419;20.825;35.041;0.04;4.581
18HU16003_323;HL_06.7;42.61008;-61.51784;431417;249.88;20-apr-16;04:33:00;249.887;35.5509;12.4035;3.7322;NaN;NaN;8.005;1.029;14.11;35.538;0.125;3.899
18HU16003_323;HL_06.7;42.60972;-61.51758;431418;99.89;20-apr-16;04:37:00;99.898;35.3284;12.5169;5.6244;NaN;0.41167;3.02;0.5255;7.135;NaN;0.405;NaN
18HU16003_323;HL_06.7;42.60966;-61.51742;431419;78.65;20-apr-16;04:39:00;78.654;35.2141;12.171;5.6838;NaN;0.47322;3.07;0.546;7.045;NaN;0.37;NaN
18HU16003_323;HL_06.7;42.60964;-61.51722;431420;60.15;20-apr-16;04:42:00;60.157;35.1563;12.0189;5.7192;NaN;0.57694;2.82;0.5185;4.555;NaN;0.33;NaN
18HU16003_323;HL_06.7;42.60962;-61.51698;431421;49.18;20-apr-16;04:44:00;49.183;35.1265;11.9612;5.7461;NaN;0.54248;2.755;0.502;5.27;35.108;0.32;5.562
18HU16003_323;HL_06.7;42.60966;-61.51682;431422;39.52;20-apr-16;04:45:00;39.528;35.0663;11.7963;5.763;NaN;0.54633;3.045;0.528;5.72;NaN;0.335;NaN
18HU16003_323;HL_06.7;42.60948;-61.51648;431423;29.89;20-apr-16;04:47:00;29.891;35.0557;11.7674;5.7487;NaN;0.45399;3.055;0.5325;4.925;NaN;0.335;NaN
18HU16003_323;HL_06.7;42.6095;-61.51665;431424;19.51;20-apr-16;04:49:00;19.517;34.5487;10.3587;6.0105;NaN;0.79981;2.975;0.5285;4.645;NaN;0.275;NaN
18HU16003_323;HL_06.7;42.60934;-61.51656;431425;8.88;20-apr-16;04:51:00;8.888;34.4801;10.1486;6.0998;NaN;0.74268;2.93;0.544;4.605;NaN;0.27;NaN
18HU16003_323;HL_06.7;42.60902;-61.51652;431426;3.22;20-apr-16;04:53:00;3.226;34.4725;10.1204;6.0631;NaN;0.75697;2.67667;0.555;5.52667;34.457;0.27;6.066
18HU16003_323;HL_06.7;42.60896;-61.51668;431427;3.21;20-apr-16;04:54:00;3.213;34.4809;10.1385;6.0667;NaN;NaN;NaN;NaN;NaN;NaN;NaN;NaN
18HU16003_327;HL_07;42.4698;-61.43092;431428;1251.65;20-apr-16;09:31:00;1251.651;34.9732;4.1755;5.8729;NaN;NaN;NaN;NaN;NaN;NaN;NaN;NaN
18HU16003_327;HL_07;42.46978;-61.43094;431429;1251.93;20-apr-16;09:31:00;1251.935;34.9733;4.1757;5.8755;NaN;NaN;NaN;NaN;NaN;NaN;NaN;NaN
18HU16003_327;HL_07;42.46974;-61.43094;431430;1252.41;20-apr-16;09:32:00;1252.416;34.9734;4.1744;5.8839;NaN;NaN;NaN;NaN;NaN;NaN;NaN;NaN
18HU16003_327;HL_07;42.46968;-61.43094;431431;1251.2;20-apr-16;09:32:00;1251.203;34.9735;4.1748;5.8845;NaN;NaN;NaN;NaN;NaN;NaN;NaN;NaN
18HU16003_327;HL_07;42.46964;-61.43095;431432;1251.89;20-apr-16;09:32:00;1251.894;34.9736;4.1742;5.8886;NaN;NaN;NaN;NaN;NaN;NaN;NaN;NaN
18HU16003_327;HL_07;42.4696;-61.43096;431433;1251.74;20-apr-16;09:33:00;1251.743;34.9733;4.1734;5.8881;NaN;NaN;NaN;NaN;NaN;NaN;NaN;NaN
18HU16003_327;HL_07;42.46956;-61.43102;431434;1253.53;20-apr-16;09:33:00;1253.534;34.9735;4.1735;5.8976;NaN;NaN;NaN;NaN;NaN;NaN;NaN;NaN
18HU16003_327;HL_07;42.46954;-61.43106;431435;1253.64;20-apr-16;09:33:00;1253.648;34.9734;4.1728;5.8925;NaN;NaN;10.79;1.11467;16.39333;34.959;0.03333;5.963
18HU16003_327;HL_07;42.46868;-61.4315;431436;999.67;20-apr-16;09:39:00;999.672;34.9813;4.4152;5.8313;NaN;NaN;NaN;NaN;NaN;NaN;NaN;NaN
18HU16003_327;HL_07;42.46736;-61.43128;431437;749.75;20-apr-16;09:44:00;749.756;35.0032;4.9737;5.4784;NaN;NaN;10.76333;1.179;17.21667;34.989;0.03667;5.519
18HU16003_327;HL_07;42.46709;-61.43091;431438;499.79;20-apr-16;09:49:00;499.799;35.064;6.5448;4.4063;NaN;NaN;12.45;1.32567;20.1;35.049;0.04;4.412
18HU16003_327;HL_07;42.46678;-61.43085;431439;249.84;20-apr-16;09:55:00;249.848;35.3833;10.8438;3.1114;NaN;NaN;9.57333;1.30667;18.31333;35.37;0.04;3.15
18HU16003_327;HL_07;42.46672;-61.4305;431440;149;20-apr-16;09:57:00;149.004;35.6208;13.3681;5.0785;NaN;NaN;3.70333;0.61367;9.26667;NaN;0.21667;NaN
18HU16003_327;HL_07;42.46643;-61.43018;431441;100.59;20-apr-16;10:00:00;100.595;35.6043;13.4151;5.3211;NaN;NaN;NaN;NaN;NaN;NaN;NaN;NaN
18HU16003_327;HL_07;42.46627;-61.43022;431442;81.02;20-apr-16;10:01:00;81.025;35.5116;13.2032;5.2893;NaN;0.06528;3.34333;0.55567;7.65;NaN;0.17;NaN
18HU16003_327;HL_07;42.46622;-61.4302;431443;81.34;20-apr-16;10:02:00;81.347;35.5082;13.1794;5.2897;NaN;NaN;NaN;NaN;NaN;NaN;NaN;NaN
18HU16003_327;HL_07;42.46586;-61.43006;431444;60.48;20-apr-16;10:04:00;60.481;35.7588;14.8;5.6144;NaN;1.71389;1.35667;0.31333;3.49667;NaN;0.32;NaN
18HU16003_327;HL_07;42.46566;-61.43022;431445;49.35;20-apr-16;10:05:00;49.359;35.7706;14.8479;5.6156;NaN;1.7853;1.16333;0.28067;3.14;35.753;0.29333;5.738
18HU16003_327;HL_07;42.46547;-61.43028;431446;39.81;20-apr-16;10:06:00;39.818;35.775;14.8609;5.6128;NaN;1.79958;1.19667;0.27867;3.35667;NaN;0.31333;NaN
18HU16003_327;HL_07;42.46517;-61.43019;431447;30.43;20-apr-16;10:07:00;30.439;35.78;14.8792;5.6106;NaN;1.88527;1.14333;0.26967;3.11;NaN;0.33;NaN
18HU16003_327;HL_07;42.46482;-61.43022;431448;20.14;20-apr-16;10:08:00;20.149;35.7813;14.8823;5.6013;NaN;1.77102;1.14667;0.272;3.26667;NaN;0.31333;NaN
18HU16003_327;HL_07;42.46451;-61.43006;431449;9.92;20-apr-16;10:09:00;9.92;35.7786;14.859;5.6077;NaN;1.85671;1.16667;0.28033;3.33333;NaN;0.33;NaN
18HU16003_327;HL_07;42.46424;-61.42995;431450;3.9;20-apr-16;10:10:00;3.904;35.779;14.8605;5.6362;NaN;1.7853;1.23333;0.293;3.35667;35.764;0.32333;5.777
18HU16003_327;HL_07;42.46418;-61.42994;431451;3.6;20-apr-16;10:11:00;3.609;35.779;14.858;5.6357;NaN;NaN;NaN;NaN;NaN;NaN;NaN;NaN
18HU16003_328;HL_07;42.47614;-61.43356;431452;80.89;20-apr-16;11:38:00;80.896;35.7222;14.6401;5.5798;NaN;NaN;NaN;NaN;NaN;NaN;NaN;NaN
18HU16003_328;HL_07;42.47606;-61.43376;431453;81.18;20-apr-16;11:39:00;81.185;35.7488;14.7583;5.6111;NaN;NaN;NaN;NaN;NaN;NaN;NaN;NaN
18HU16003_328;HL_07;42.4759;-61.43386;431454;80.7;20-apr-16;11:40:00;80.704;35.7695;14.8407;5.6146;NaN;NaN;NaN;NaN;NaN;NaN;NaN;NaN
18HU16003_328;HL_07;42.47548;-61.43376;431455;50.04;20-apr-16;11:42:00;50.04;35.7735;14.865;5.6041;NaN;NaN;NaN;NaN;NaN;NaN;NaN;NaN
18HU16003_328;HL_07;42.47534;-61.43368;431456;51.15;20-apr-16;11:42:00;51.153;35.773;14.8619;5.6121;NaN;NaN;NaN;NaN;NaN;NaN;NaN;NaN
18HU16003_328;HL_07;42.47532;-61.4337;431457;51.82;20-apr-16;11:43:00;51.823;35.7747;14.8724;5.6267;NaN;NaN;NaN;NaN;NaN;NaN;NaN;NaN
18HU16003_328;HL_07;42.47524;-61.43372;431458;19.83;20-apr-16;11:45:00;19.839;35.7747;14.862;5.6643;NaN;NaN;NaN;NaN;NaN;NaN;NaN;NaN
18HU16003_328;HL_07;42.47511;-61.4337;431459;20.35;20-apr-16;11:46:00;20.356;35.7757;14.8742;5.6184;NaN;NaN;NaN;NaN;NaN;NaN;NaN;NaN
18HU16003_328;HL_07;42.47504;-61.43376;431460;20.39;20-apr-16;11:46:00;20.398;35.7753;14.8706;5.6281;NaN;NaN;NaN;NaN;NaN;NaN;NaN;NaN
18HU16003_328;HL_07;42.47504;-61.43393;431461;3.62;20-apr-16;11:48:00;3.624;35.7734;14.8598;5.689;NaN;NaN;NaN;NaN;NaN;NaN;NaN;NaN
18HU16003_328;HL_07;42.47494;-61.43398;431462;3.23;20-apr-16;11:48:00;3.232;35.774;14.8577;5.6634;NaN;NaN;NaN;NaN;NaN;NaN;NaN;NaN
18HU16003_328;HL_07;42.47471;-61.43419;431463;3.54;20-apr-16;11:49:00;3.54;35.778;14.8662;5.626;NaN;NaN;NaN;NaN;NaN;NaN;NaN;NaN
18HU16003_333;STAB_05;46.41534;-58.88264;431464;363.58;21-apr-16;21:45:00;363.586;34.8638;5.8276;2.9385;7.808;NaN;34.14;1.8525;22.125;34.849;0;3.078
18HU16003_333;STAB_05;46.41552;-58.88314;431465;301.42;21-apr-16;21:48:00;301.423;34.8373;6.6139;3.1122;7.855;NaN;24.945;1.615;22.185;NaN;0.015;NaN
18HU16003_333;STAB_05;46.41552;-58.88312;431466;301.31;21-apr-16;21:49:00;301.318;34.8361;6.5926;3.1081;7.855;NaN;NaN;NaN;NaN;NaN;NaN;NaN
18HU16003_333;STAB_05;46.41568;-58.88244;431467;200.73;21-apr-16;21:54:00;200.738;34.282;6.5109;4.5185;7.955;NaN;12.85;1.178;11.945;NaN;0.035;NaN
18HU16003_333;STAB_05;46.4157;-58.88336;431468;150.38;21-apr-16;21:58:00;150.38;33.2121;3.2547;6.1971;7.982;NaN;9.33;0.9585;6.31;NaN;0.04;NaN
18HU16003_333;STAB_05;46.41588;-58.88294;431469;100.38;21-apr-16;22:03:00;100.382;32.4966;1.8915;7.3833;8.022;0.8141;4.835;0.742;3.835;NaN;0.11;NaN
18HU16003_333;STAB_05;46.4158;-58.88264;431470;80.38;21-apr-16;22:05:00;80.385;32.3601;1.6393;7.5917;8.035;0.91407;3.56;0.676;2.58;NaN;0.11;NaN
18HU16003_333;STAB_05;46.41584;-58.88272;431471;79.98;21-apr-16;22:06:00;79.987;32.3599;1.6407;7.5929;8.035;NaN;NaN;NaN;NaN;NaN;NaN;NaN
18HU16003_333;STAB_05;46.416;-58.8822;431472;60.45;21-apr-16;22:09:00;60.45;32.1681;1.2714;7.8798;8.056;1.18544;2.125;0.597;2.32;NaN;0.135;NaN
18HU16003_333;STAB_05;46.41612;-58.88216;431473;50.62;21-apr-16;22:11:00;50.624;32.1369;1.2782;7.9471;8.062;1.51393;1.55;0.64;2.13;NaN;0.085;NaN
18HU16003_333;STAB_05;46.41616;-58.88234;431474;40.12;21-apr-16;22:13:00;40.122;32.0771;1.2094;8.0331;8.08;1.77102;1.035;0.529;1.745;NaN;0.145;NaN
18HU16003_333;STAB_05;46.41588;-58.88274;431475;29.95;21-apr-16;22:15:00;29.951;32.0603;1.2069;8.0807;8.083;1.92812;0.745;0.5075;1.67;NaN;0.05;NaN
18HU16003_333;STAB_05;46.41595;-58.88292;431476;21.09;21-apr-16;22:17:00;21.098;32.0565;1.207;8.0851;8.086;1.72817;0.75;0.5215;1.645;NaN;0.065;NaN
18HU16003_333;STAB_05;46.41598;-58.88294;431477;20.47;21-apr-16;22:18:00;20.478;32.0555;1.2084;8.1195;8.087;NaN;NaN;NaN;NaN;NaN;NaN;NaN
18HU16003_333;STAB_05;46.41591;-58.88282;431478;9.89;21-apr-16;22:21:00;9.898;31.9276;1.4895;8.3284;8.132;1.65676;0.515;0.4415;1.44;NaN;0.035;NaN
18HU16003_333;STAB_05;46.41574;-58.88262;431479;3.01;21-apr-16;22:22:00;3.019;31.9289;1.5073;8.3404;8.132;1.49965;0.465;0.4285;1.455;31.914;0.04;8.229
18HU16003_333;STAB_05;46.41568;-58.88248;431480;2.96;21-apr-16;22:23:00;2.961;31.9289;1.4939;8.3438;8.132;NaN;NaN;NaN;NaN;NaN;NaN;NaN
18HU16003_335;STAB_04;46.29894;-59.06444;431481;151.19;22-apr-16;00:13:00;151.197;33.8451;4.9134;4.9644;7.941;NaN;13.585;1.166;11.175;33.831;0.115;4.971
18HU16003_335;STAB_04;46.29924;-59.06466;431482;100.96;22-apr-16;00:17:00;100.961;32.2365;1.5607;7.7974;8.079;0.15284;2.005;0.587;1.99;NaN;0.075;NaN
18HU16003_335;STAB_04;46.29923;-59.06426;431483;79.96;22-apr-16;00:18:00;79.96;32.0146;1.1733;8.1247;8.1;1.75674;0.89;0.5015;1.575;NaN;0.035;NaN
18HU16003_335;STAB_04;46.29948;-59.06386;431484;61.6;22-apr-16;00:20:00;61.603;31.9113;1.2696;8.2757;8.128;1.62819;0.625;0.4675;1.675;NaN;0.035;NaN
18HU16003_335;STAB_04;46.29952;-59.064;431485;49.72;22-apr-16;00:22:00;49.72;31.9108;1.2858;8.2971;8.128;1.79958;0.6;0.457;1.5;NaN;0.015;NaN
18HU16003_335;STAB_04;46.29958;-59.06406;431486;40;22-apr-16;00:23:00;40.005;31.9043;1.2434;8.2878;8.129;1.65676;0.655;0.459;1.545;NaN;0.015;NaN
18HU16003_335;STAB_04;46.29978;-59.06416;431487;29.6;22-apr-16;00:25:00;29.607;31.9067;1.2589;8.2985;8.128;1.64248;0.68;0.437;1.575;NaN;0.09;NaN
18HU16003_335;STAB_04;46.2999;-59.06412;431488;20.62;22-apr-16;00:27:00;20.62;31.9007;1.2164;8.3198;8.129;1.69961;NaN;NaN;NaN;NaN;NaN;NaN
18HU16003_335;STAB_04;46.30002;-59.06392;431489;9.73;22-apr-16;00:28:00;9.739;31.9082;1.2671;8.2896;8.128;1.42824;NaN;NaN;NaN;NaN;NaN;NaN
18HU16003_335;STAB_04;46.30006;-59.06388;431490;3.46;22-apr-16;00:30:00;3.466;31.909;1.2723;8.3471;8.133;1.69961;0.595;0.4645;1.645;31.895;0.045;8.2385
18HU16003_337;STAB_03;46.21724;-59.19356;431491;85.05;22-apr-16;02:06:00;85.05;32.0873;1.0893;7.7258;8.052;0.39628;3.335;0.6735;2.505;32.073;0.1;7.7255
18HU16003_337;STAB_03;46.21726;-59.19344;431492;79.91;22-apr-16;02:08:00;79.911;32.0836;1.082;7.7157;8.052;0.44629;3.255;0.6755;2.835;NaN;0.095;NaN
18HU16003_337;STAB_03;46.21714;-59.19384;431493;60.7;22-apr-16;02:10:00;60.701;32.0686;1.0404;7.7355;8.052;0.38858;3.295;0.703;2.53;NaN;0.09;NaN
18HU16003_337;STAB_03;46.21702;-59.194;431494;50.12;22-apr-16;02:11:00;50.12;31.9122;0.7213;7.9388;8.072;0.45398;1.97;0.6495;2.09;NaN;0.075;NaN
18HU16003_337;STAB_03;46.21694;-59.19342;431495;41.01;22-apr-16;02:13:00;41.019;31.8019;0.4699;8.0326;8.077;NaN;NaN;NaN;NaN;NaN;NaN;NaN
18HU16003_337;STAB_03;46.217;-59.19292;431496;30.98;22-apr-16;02:15:00;30.981;31.5746;0.5054;8.4008;8.116;1.81387;1.115;0.5175;1.765;NaN;0.045;NaN
18HU16003_337;STAB_03;46.21719;-59.19282;431497;20.25;22-apr-16;02:17:00;20.252;31.5318;0.4682;8.4186;8.122;1.88527;0.985;0.5015;1.78;NaN;0.055;NaN
18HU16003_337;STAB_03;46.21732;-59.19288;431498;10.5;22-apr-16;02:18:00;10.504;31.5061;0.429;8.4324;8.122;2.19949;0.975;0.5445;1.87;NaN;0.06;NaN
18HU16003_337;STAB_03;46.21728;-59.19272;431499;3.1;22-apr-16;02:20:00;3.102;31.5079;0.4279;8.4337;8.122;1.85671;0.9;0.454;1.97;31.495;0.055;8.344
18HU16003_353;STAB_02;46.10793;-59.36369;431500;60.78;22-apr-16;04:15:00;60.786;31.1163;-0.6656;8.3129;8.074;1.27113;2.595;0.632;2.26;31.1;0.05;8.231
18HU16003_353;STAB_02;46.10772;-59.36332;431501;49.33;22-apr-16;04:17:00;49.335;31.0394;-0.7059;8.3727;8.083;1.61391;2.25;0.581;2.18;NaN;0.045;NaN
18HU16003_353;STAB_02;46.10756;-59.36282;431502;39.85;22-apr-16;04:19:00;39.857;30.9848;-0.6506;8.4521;8.092;2.22805;2.225;0.6245;1.95;NaN;0.05;NaN
18HU16003_353;STAB_02;46.1072;-59.36276;431503;29.72;22-apr-16;04:21:00;29.72;30.9186;-0.4292;8.5827;8.121;2.99432;1.51;0.5235;1.855;NaN;0.06;NaN
18HU16003_353;STAB_02;46.1069;-59.36276;431504;19.8;22-apr-16;04:22:00;19.8;30.905;-0.3768;8.6203;8.126;2.95824;1.275;0.5295;1.685;NaN;0.04;NaN
18HU16003_353;STAB_02;46.10678;-59.3623;431505;9.9;22-apr-16;04:24:00;9.904;30.9044;-0.3664;8.5944;8.13;3.03039;1.165;0.507;1.78;NaN;0.04;NaN
18HU16003_353;STAB_02;46.10653;-59.3614;431506;4.26;22-apr-16;04:26:00;4.268;30.9051;-0.3604;8.6107;8.129;2.92216;1.225;0.514;1.78;30.893;0.035;8.7135
18HU16003_369;STAB_01;45.99748;-59.53594;431507;49.21;22-apr-16;06:13:00;49.219;30.8389;-0.2414;8.6657;8.14;3.06647;0.975;0.4755;1.635;30.824;0.04;8.7045
18HU16003_369;STAB_01;45.99736;-59.5359;431508;49.1;22-apr-16;06:13:00;49.105;30.8399;-0.2406;8.6712;8.14;3.24685;1.03;0.4535;1.62;NaN;0.04;NaN
18HU16003_369;STAB_01;45.997;-59.53585;431509;39.24;22-apr-16;06:15:00;39.244;30.8228;-0.2171;8.7083;8.149;2.95824;0.745;0.436;1.585;NaN;0.03;NaN
18HU16003_369;STAB_01;45.99689;-59.53574;431510;39.32;22-apr-16;06:16:00;39.326;30.8222;-0.2158;8.7088;8.149;NaN;NaN;NaN;NaN;NaN;NaN;NaN
18HU16003_369;STAB_01;45.99656;-59.53534;431511;30.19;22-apr-16;06:18:00;30.192;30.8181;-0.2259;8.6791;8.149;3.60761;0.725;0.4505;1.575;NaN;0.04;NaN
18HU16003_369;STAB_01;45.9962;-59.53528;431512;20.17;22-apr-16;06:20:00;20.174;30.785;-0.2345;8.6998;8.149;3.4633;0.785;0.475;1.57;NaN;0.05;NaN
18HU16003_369;STAB_01;45.99608;-59.5352;431513;19.86;22-apr-16;06:21:00;19.86;30.7844;-0.234;8.7019;8.149;NaN;NaN;NaN;NaN;NaN;NaN;NaN
18HU16003_369;STAB_01;45.99568;-59.53476;431514;9.93;22-apr-16;06:22:00;9.936;30.7841;-0.227;8.6961;8.149;3.60761;0.685;0.433;1.535;NaN;0.09;NaN
18HU16003_369;STAB_01;45.99556;-59.53476;431515;10.05;22-apr-16;06:23:00;10.05;30.7844;-0.2316;8.6879;8.148;NaN;NaN;NaN;NaN;NaN;NaN;NaN
18HU16003_369;STAB_01;45.99516;-59.5348;431516;1.79;22-apr-16;06:25:00;1.796;30.7862;-0.2369;8.7101;8.149;3.86014;0.69;0.603;1.475;30.775;0.02;8.57
18HU16003_369;STAB_01;45.99504;-59.53476;431517;1.57;22-apr-16;06:26:00;1.577;30.7871;-0.2378;8.6871;8.149;NaN;NaN;NaN;NaN;NaN;NaN;NaN
18HU16003_371;LL_01;45.82476;-59.85578;431518;90.2;22-apr-16;09:14:00;90.206;31.6763;0.5664;7.5847;8.024;1.44252;4.535;0.699;2.905;31.592;0.11;7.542
18HU16003_371;LL_01;45.82438;-59.85572;431519;79.62;22-apr-16;09:15:00;79.623;31.0604;-0.0065;8.2549;8.09;2.4171;2.625;0.616;2.21;NaN;0.07;NaN
18HU16003_371;LL_01;45.82398;-59.85542;431520;60.31;22-apr-16;09:17:00;60.316;30.8897;-0.128;8.6322;8.135;3.53546;0.885;0.534;1.63;NaN;0.08;NaN
18HU16003_371;LL_01;45.8239;-59.85536;431521;60.34;22-apr-16;09:18:00;60.342;30.8897;-0.1277;8.6396;8.135;NaN;NaN;NaN;NaN;NaN;NaN;NaN
18HU16003_371;LL_01;45.82384;-59.85534;431522;60.62;22-apr-16;09:18:00;60.628;30.8905;-0.1279;8.6573;8.136;NaN;NaN;NaN;NaN;NaN;NaN;NaN
18HU16003_371;LL_01;45.82378;-59.85543;431523;49.55;22-apr-16;09:20:00;49.55;30.8878;-0.1262;8.6599;8.139;2.95824;0.89;0.461;1.555;NaN;0.04;NaN
18HU16003_371;LL_01;45.82378;-59.85568;431524;40.42;22-apr-16;09:21:00;40.427;30.8864;-0.1248;8.6483;8.139;3.24685;0.775;0.456;1.575;NaN;0.02;NaN
18HU16003_371;LL_01;45.8238;-59.8558;431525;40.76;22-apr-16;09:21:00;40.766;30.8859;-0.1261;8.6444;8.139;NaN;NaN;NaN;NaN;NaN;NaN;NaN
18HU16003_371;LL_01;45.82382;-59.85588;431526;40.48;22-apr-16;09:22:00;40.48;30.8849;-0.1257;8.6364;8.138;NaN;NaN;NaN;NaN;NaN;NaN;NaN
18HU16003_371;LL_01;45.82376;-59.85586;431527;29.94;22-apr-16;09:24:00;29.94;30.8632;-0.1362;8.6429;8.135;3.57153;0.88;0.455;1.535;NaN;0;NaN
18HU16003_371;LL_01;45.82351;-59.85574;431528;20.2;22-apr-16;09:25:00;20.2;30.8319;-0.1284;8.6411;8.139;3.75191;0.805;0.4605;1.63;NaN;0.15;NaN
18HU16003_371;LL_01;45.82338;-59.85572;431529;20.25;22-apr-16;09:26:00;20.251;30.8316;-0.1276;8.6522;8.143;NaN;NaN;NaN;NaN;NaN;NaN;NaN
18HU16003_371;LL_01;45.82326;-59.85576;431530;20.36;22-apr-16;09:27:00;20.368;30.8356;-0.1303;8.6359;8.14;NaN;NaN;NaN;NaN;NaN;NaN;NaN
18HU16003_371;LL_01;45.82306;-59.8559;431531;10.18;22-apr-16;09:28:00;10.189;30.7781;-0.1185;8.6464;8.144;3.42723;0.865;0.412;1.505;NaN;0.08;NaN
18HU16003_371;LL_01;45.82286;-59.85608;431532;2;22-apr-16;09:29:00;2.003;30.7378;-0.1065;8.6776;8.149;3.42723;0.54;0.414;1.52;30.74;0.065;8.644
18HU16003_371;LL_01;45.82276;-59.85618;431533;1.68;22-apr-16;09:30:00;1.685;30.7366;-0.1053;8.6469;8.152;NaN;NaN;NaN;NaN;NaN;NaN;NaN
18HU16003_371;LL_01;45.8227;-59.85629;431534;1.95;22-apr-16;09:30:00;1.956;30.7401;-0.1074;8.662;8.152;NaN;NaN;NaN;NaN;NaN;NaN;NaN
18HU16003_371;LL_01;45.82262;-59.8564;431535;1.89;22-apr-16;09:31:00;1.899;30.7405;-0.111;8.6418;8.154;NaN;NaN;NaN;NaN;NaN;NaN;NaN
18HU16003_408;LL_02;45.65656;-59.69974;431536;137.28;22-apr-16;11:38:00;137.289;32.7008;2.1237;6.389;7.961;NaN;10.12;0.974;8.01;32.679;0.205;6.359
18HU16003_408;LL_02;45.65627;-59.6992;431537;100.3;22-apr-16;11:40:00;100.308;32.1144;1.1288;7.5116;8.037;0.25392;5.14;0.766;3.295;NaN;0.185;NaN
18HU16003_408;LL_02;45.65608;-59.699;431538;79.97;22-apr-16;11:42:00;79.976;31.9242;0.764;7.9397;8.072;0.25008;2.65;0.6795;2.39;NaN;0.08;NaN
18HU16003_408;LL_02;45.65592;-59.69881;431539;60.53;22-apr-16;11:44:00;60.537;31.7748;0.6491;8.1474;8.093;0.61414;1.345;0.5935;2.15;NaN;0.065;NaN
18HU16003_408;LL_02;45.65572;-59.69843;431540;49.9;22-apr-16;11:45:00;49.906;31.6636;0.6298;8.2586;8.106;1.07118;1.035;0.547;1.65;NaN;0.075;NaN
18HU16003_408;LL_02;45.65546;-59.698;431541;40.52;22-apr-16;11:47:00;40.528;31.435;0.3619;8.5222;8.127;2.11379;0.635;0.491;1.56;NaN;0.015;NaN
18HU16003_408;LL_02;45.65522;-59.69772;431542;30.26;22-apr-16;11:48:00;30.264;31.2792;0.5517;8.6005;8.151;3.06647;0.595;0.4215;1.425;NaN;0.015;NaN
18HU16003_408;LL_02;45.65494;-59.69774;431543;19.78;22-apr-16;11:50:00;19.782;31.2716;0.5641;8.6042;8.157;2.92216;0.365;0.4005;1.395;NaN;0.095;NaN
18HU16003_408;LL_02;45.65467;-59.69749;431544;10.07;22-apr-16;11:52:00;10.078;31.2686;0.5717;8.6085;8.16;2.85001;0.255;0.399;1.365;NaN;0;NaN
18HU16003_408;LL_02;45.65432;-59.69704;431545;3.38;22-apr-16;11:53:00;3.383;31.2673;0.5907;8.611;8.16;2.95824;0.5;0.4175;1.18;31.257;0.085;8.506
