CTD;CTD;CTD;CTD;CTD;CTD;CTD;CTD;CTD;CTD;CTD;labo;labo;labo;labo;labo;labo;labo;labo;labo;labo;CTD;labo
Fichier;Station;Latitude;Longitude;Echantillon;zbouteille;Date;Heure;PSAL;TE90;DOXY;OXYM_01;Si_01;NO2_01;PO4_01;NOx_01;Si_01;PO4_01;NOx_01;CHL_01;CHL_03;FLOR;CHL_XX
(nom);(nom/no);(degres);(degres);(no_unique);(dbar);(jj-mmm-yyyy);(GMT);(psu);(celsius);(ml/l);(mmol/m**3);(mmol/m**3);(mmol/m**3);(mmol/m**3);(mmol/m**3);(mmol/m**3);(mmol/m**3);(mmol/m**3);(mg/m**3);(mg/m**3);(mg/m**3);(mg/m**3)
18HU00062_116;HL2;44.2715;-63.32117;213391;140;08-dec-00;18:37:00;NaN;NaN;NaN;NaN;NaN;NaN;NaN;NaN;16.117;1.3095;14.3505;NaN;NaN;NaN;0.03686
18HU00062_116;HL2;44.2715;-63.32117;213392;100;08-dec-00;18:37:00;NaN;NaN;NaN;NaN;NaN;NaN;NaN;NaN;12.8085;1.2365;12.079;NaN;NaN;NaN;0.07371
18HU00062_116;HL2;44.2715;-63.32117;213393;75;08-dec-00;18:37:00;NaN;NaN;NaN;NaN;NaN;NaN;NaN;NaN;8.4295;1.0455;9.1265;NaN;NaN;NaN;0.07898
18HU00062_116;HL2;44.2715;-63.32117;213394;50;08-dec-00;18:37:00;NaN;NaN;NaN;NaN;NaN;NaN;NaN;NaN;5.5095;0.6895;3.9915;NaN;NaN;NaN;0.3843
18HU00062_116;HL2;44.2715;-63.32117;213395;40;08-dec-00;18:37:00;NaN;NaN;NaN;NaN;NaN;NaN;NaN;NaN;5.1345;0.641;3.4735;NaN;NaN;NaN;0.7056
18HU00062_116;HL2;44.2715;-63.32117;213396;30;08-dec-00;18:37:00;NaN;NaN;NaN;NaN;NaN;NaN;NaN;NaN;4.7435;0.622;3.3585;NaN;NaN;NaN;0.693
18HU00062_116;HL2;44.2715;-63.32117;213397;20;08-dec-00;18:37:00;NaN;NaN;NaN;NaN;NaN;NaN;NaN;NaN;4.757;0.652;3.1145;NaN;NaN;NaN;0.6867
18HU00062_116;HL2;44.2715;-63.32117;213398;10;08-dec-00;18:37:00;NaN;NaN;NaN;NaN;NaN;NaN;NaN;NaN;4.667;0.6145;3.1615;NaN;NaN;NaN;0.6741
18HU00062_116;HL2;44.2715;-63.32117;213399;5;08-dec-00;18:37:00;NaN;NaN;NaN;NaN;NaN;NaN;NaN;NaN;4.6085;0.6015;3.1725;NaN;NaN;NaN;0.63
18HU00062_559;11;46.8835;-60.1465;232901;149.2;28-nov-00;20:12:00;33.15;2.38;198.737;5.061;15.55;0.03;1.33;14.71;NaN;NaN;NaN;NaN;NaN;0.579;NaN
18HU00062_559;11;46.8835;-60.1465;232902;98.95;28-nov-00;20:12:00;32.25;1.68;226.29222;5.056;15.84;0.015;1.43;14.04;NaN;NaN;NaN;0.065;0.155;0.795;NaN
18HU00062_559;11;46.8835;-60.1465;232903;49.98;28-nov-00;20:12:00;29.95;6.11;266.21826;6.704;6.66;0.135;0.715;4.305;NaN;NaN;NaN;0.12;0.3;1.467;NaN
18HU00062_559;11;46.8835;-60.1465;232904;25.88;28-nov-00;20:12:00;29.76;6.25;279.3483;8.256;6.23;0.145;0.66;3.915;NaN;NaN;NaN;0.145;0.34;1.871;NaN
18HU00062_559;11;46.8835;-60.1465;232905;15.67;28-nov-00;20:12:00;29.76;6.24;284.43954;6.8;6.555;0.13;0.66;3.955;NaN;NaN;NaN;0.175;0.415;1.849;NaN
18HU00062_559;11;46.8835;-60.1465;232906;6.05;28-nov-00;20:12:00;29.75;6.25;289.3968;6.846;6.4;0.135;0.66;3.935;NaN;NaN;NaN;0.17;0.39;1.868;NaN
18HU00062_559;11;46.8835;-60.1465;232907;2.98;28-nov-00;20:12:00;29.75;6.24;290.20068;6.869;6.445;0.13;0.66;3.925;NaN;NaN;NaN;0.175;0.385;1.867;NaN
18HU00062_560;22;46.98433;-60.03633;232908;148.5;28-nov-00;23:56:00;33.29;2.68;202.9797;4.628;18.06;0.035;1.41;16.255;NaN;NaN;NaN;NaN;NaN;0.627;NaN
18HU00062_560;22;46.98433;-60.03633;232909;99.44;28-nov-00;23:56:00;32.64;1.95;243.48632;5.526;14.515;0.03;1.25;12.99;NaN;NaN;NaN;0.055;0.14;0.727;NaN
18HU00062_560;22;46.98433;-60.03633;232910;50.67;28-nov-00;23:56:00;30.67;4.48;289.93272;7.202;4.055;0.185;0.62;3.705;NaN;NaN;NaN;0.315;0.5;2.277;NaN
18HU00062_560;22;46.98433;-60.03633;232911;25.09;28-nov-00;23:56:00;30.02;5.85;305.921;6.926;6.03;0.12;0.66;3.775;NaN;NaN;NaN;0.295;0.43;2.085;NaN
18HU00062_560;22;46.98433;-60.03633;232912;15.17;28-nov-00;23:56:00;29.72;6.12;314.31708;6.987;5.61;0.14;0.625;3.49;NaN;NaN;NaN;0.35;0.52;2.607;NaN
18HU00062_560;22;46.98433;-60.03633;232913;5.55;28-nov-00;23:56:00;29.71;6.11;321.81996;6.946;5.475;0.14;0.62;3.435;NaN;NaN;NaN;0.355;0.575;2.655;NaN
18HU00062_560;22;46.98433;-60.03633;232914;2.88;28-nov-00;23:56:00;29.71;6.12;323.60636;7.032;5.485;0.14;0.62;3.47;NaN;NaN;NaN;0.28;0.485;2.582;NaN
18HU00062_561;31;47.08417;-59.9155;232915;346.9;29-nov-00;02:12:00;34.76;5.34;135.63242;3.228;30.785;0.01;1.68;22.645;NaN;NaN;NaN;NaN;NaN;0.491;NaN
18HU00062_561;31;47.08417;-59.9155;232916;295.71;29-nov-00;02:12:00;34.42;5.24;127.0577;2.909;27.8;0.01;1.715;22;NaN;NaN;NaN;NaN;NaN;0.516;NaN
18HU00062_561;31;47.08417;-59.9155;232917;201.12;29-nov-00;02:12:00;33.57;3.22;171.36042;4.025;20.035;0.01;1.54;18.21;NaN;NaN;NaN;NaN;NaN;0.541;NaN
18HU00062_561;31;47.08417;-59.9155;232918;149.89;29-nov-00;02:12:00;33.19;2.41;205.07872;5.065;15.63;0.015;1.36;15.285;NaN;NaN;NaN;NaN;NaN;0.577;NaN
18HU00062_561;31;47.08417;-59.9155;232919;104.2;29-nov-00;02:12:00;32.69;1.47;242.45914;5.7475;12.935;0.01;1.24;13.025;NaN;NaN;NaN;0.03;0.08;0.569;NaN
18HU00062_561;31;47.08417;-59.9155;232920;98.45;29-nov-00;02:12:00;32.66;1.43;245.63;NaN;NaN;NaN;NaN;NaN;NaN;NaN;NaN;NaN;NaN;0.588;NaN
18HU00062_561;31;47.08417;-59.9155;232921;49.98;29-nov-00;02:12:00;32.03;1.13;291.54048;9.214;7.395;0.025;1;9.035;NaN;NaN;NaN;0.075;0.145;0.698;NaN
18HU00062_561;31;47.08417;-59.9155;232922;24.89;29-nov-00;02:12:00;30.79;4.46;290.55796;7.232;3.785;0.215;0.575;3.375;NaN;NaN;NaN;0.295;0.54;2.355;NaN
18HU00062_561;31;47.08417;-59.9155;232923;15.17;29-nov-00;02:12:00;30.74;4.49;295.55988;7.775;3.735;0.195;0.585;3.425;NaN;NaN;NaN;0.37;0.66;2.656;NaN
18HU00062_561;31;47.08417;-59.9155;232924;5.16;29-nov-00;02:12:00;30.73;4.47;300.42782;7.276;3.725;0.19;0.575;3.44;NaN;NaN;NaN;0.355;0.62;2.661;NaN
18HU00062_561;31;47.08417;-59.9155;232925;3.37;29-nov-00;02:12:00;30.73;4.46;NaN;NaN;3.835;0.19;0.59;3.475;NaN;NaN;NaN;0.41;0.68;2.672;NaN
18HU00062_562;41;47.18167;-59.80017;232926;395.1;29-nov-00;04:43:00;34.8;5.24;151.12944;3.302;30.805;0.015;1.7;22.48;NaN;NaN;NaN;NaN;NaN;0.513;NaN
18HU00062_562;41;47.18167;-59.80017;232927;345.11;29-nov-00;04:43:00;34.71;5.52;129.60332;3.516;26.645;0.005;1.67;22.54;NaN;NaN;NaN;NaN;NaN;0.499;NaN
18HU00062_562;41;47.18167;-59.80017;232928;296.99;29-nov-00;04:43:00;34.56;5.46;117.36648;2.816;28.44;0.005;1.74;22.55;NaN;NaN;NaN;NaN;NaN;0.502;NaN
18HU00062_562;41;47.18167;-59.80017;232929;248.86;29-nov-00;04:43:00;34.25;4.83;130.31788;2.653;29.06;0.01;1.795;21.975;NaN;NaN;NaN;NaN;NaN;0.538;NaN
18HU00062_562;41;47.18167;-59.80017;232930;198.84;29-nov-00;04:43:00;33.79;3.82;166.40316;3.777;20.81;0.005;1.57;18.705;NaN;NaN;NaN;NaN;NaN;0.556;NaN
18HU00062_562;41;47.18167;-59.80017;232931;149.09;29-nov-00;04:43:00;33.15;2.3;206.7758;4.799;16.285;0.005;1.385;15.35;NaN;NaN;NaN;NaN;NaN;0.574;NaN
18HU00062_562;41;47.18167;-59.80017;232932;98.65;29-nov-00;04:43:00;32.7;1.48;247.99698;5.589;13.725;0.005;1.29;13.38;NaN;NaN;NaN;0.025;0.075;0.568;NaN
18HU00062_562;41;47.18167;-59.80017;232933;49.58;29-nov-00;04:43:00;32.13;0.87;292.56766;7.145;7.22;0.01;0.97;8.67;NaN;NaN;NaN;0.05;0.12;0.63;NaN
18HU00062_562;41;47.18167;-59.80017;232934;24.29;29-nov-00;04:43:00;30.89;4.36;299.80258;7.222;3.53;0.2;0.565;3.24;NaN;NaN;NaN;0.225;0.595;2.521;NaN
18HU00062_562;41;47.18167;-59.80017;232935;15.37;29-nov-00;04:43:00;30.88;4.66;305.16178;7.227;3.17;0.19;0.525;2.835;NaN;NaN;NaN;0.3;0.69;2.797;NaN
18HU00062_562;41;47.18167;-59.80017;232936;6.25;29-nov-00;04:43:00;30.88;4.73;310.02972;7.235;3.145;0.18;0.515;2.775;NaN;NaN;NaN;0.28;0.625;2.842;NaN
18HU00062_562;41;47.18167;-59.80017;232937;3.57;29-nov-00;04:43:00;30.88;4.74;311.23554;NaN;3.125;0.2;0.515;2.7;NaN;NaN;NaN;0.265;0.615;2.83;NaN
18HU00062_563;51;47.28283;-59.6845;232938;446.56;29-nov-00;07:19:00;34.82;5.2;173.19148;3.42;31.665;0;1.68;21.995;NaN;NaN;NaN;NaN;NaN;0.521;NaN
18HU00062_563;51;47.28283;-59.6845;232939;398.66;29-nov-00;07:19:00;34.79;5.29;152.2906;3.358;29.515;0.01;1.675;22.145;NaN;NaN;NaN;NaN;NaN;0.492;NaN
18HU00062_563;51;47.28283;-59.6845;232940;347.19;29-nov-00;07:19:00;34.72;5.39;129.0674;2.983;31.2;0.005;1.72;22.53;NaN;NaN;NaN;NaN;NaN;0.497;NaN
18HU00062_563;51;47.28283;-59.6845;232941;298.08;29-nov-00;07:19:00;34.62;5.43;117.58978;2.715;30.625;0.005;1.75;22.705;NaN;NaN;NaN;NaN;NaN;0.503;NaN
18HU00062_563;51;47.28283;-59.6845;232942;248.56;29-nov-00;07:19:00;34.46;5.57;144.87704;3.162;23.09;0.01;1.61;21.33;NaN;NaN;NaN;NaN;NaN;0.491;NaN
18HU00062_563;51;47.28283;-59.6845;232943;199.53;29-nov-00;07:19:00;34.04;4.47;156.48864;3.311;23.23;0.005;1.625;19.94;NaN;NaN;NaN;NaN;NaN;0.519;NaN
18HU00062_563;51;47.28283;-59.6845;232944;149.79;29-nov-00;07:19:00;33.44;2.85;195.96808;4.097;20.995;0.01;1.56;17.595;NaN;NaN;NaN;NaN;NaN;0.548;NaN
18HU00062_563;51;47.28283;-59.6845;232945;100.83;29-nov-00;07:19:00;32.88;1.71;257.15228;5.789;12.205;0.01;1.19;12.275;NaN;NaN;NaN;0.015;0.04;0.545;NaN
18HU00062_563;51;47.28283;-59.6845;232946;51.36;29-nov-00;07:19:00;31.89;1.4;301.58898;6.879;7.37;0.02;0.96;8.35;NaN;NaN;NaN;0.06;0.13;0.684;NaN
18HU00062_563;51;47.28283;-59.6845;232947;25.68;29-nov-00;07:19:00;30.9;4.82;311.10156;7.201;3.23;0.2;0.52;2.685;NaN;NaN;NaN;0.225;0.445;2.344;NaN
18HU00062_563;51;47.28283;-59.6845;232948;15.57;29-nov-00;07:19:00;30.83;4.65;316.68406;7.242;3.395;0.2;0.54;2.9;NaN;NaN;NaN;0.405;0.7;2.727;NaN
18HU00062_563;51;47.28283;-59.6845;232949;5.85;29-nov-00;07:19:00;30.82;4.59;322.2219;7.247;3.515;0.205;0.545;2.995;NaN;NaN;NaN;0.375;0.655;2.706;NaN
18HU00062_563;51;47.28283;-59.6845;232950;3.77;29-nov-00;07:19:00;30.82;4.58;323.3384;7.245;3.43;0.19;0.545;2.965;NaN;NaN;NaN;0.395;0.685;2.731;NaN
18HU00062_564;61;47.38433;-59.56733;232951;446.06;29-nov-00;09:48:00;34.84;5.11;183.64192;3.587;32.9;0.005;1.675;21.26;NaN;NaN;NaN;NaN;NaN;0.513;NaN
18HU00062_564;61;47.38433;-59.56733;232952;396.08;29-nov-00;09:48:00;34.81;5.2;160.86532;3.466;31.16;0.005;1.67;21.655;NaN;NaN;NaN;NaN;NaN;0.491;NaN
18HU00062_564;61;47.38433;-59.56733;232953;346.19;29-nov-00;09:48:00;34.79;5.39;149.70032;3.546;26.545;0.01;1.595;21.665;NaN;NaN;NaN;NaN;NaN;0.464;NaN
18HU00062_564;61;47.38433;-59.56733;232954;297.28;29-nov-00;09:48:00;34.71;5.78;138.75862;3.433;21.33;0.01;1.545;21.565;NaN;NaN;NaN;NaN;NaN;0.455;NaN
18HU00062_564;61;47.38433;-59.56733;232955;247.37;29-nov-00;09:48:00;34.56;5.83;142.77802;3.231;22.335;0;1.56;21.205;NaN;NaN;NaN;NaN;NaN;0.469;NaN
18HU00062_564;61;47.38433;-59.56733;232956;198.53;29-nov-00;09:48:00;34.24;5.16;155.72942;3.283;22.02;0.005;1.57;19.98;NaN;NaN;NaN;NaN;NaN;0.496;NaN
18HU00062_564;61;47.38433;-59.56733;232957;148.5;29-nov-00;09:48:00;33.96;5.29;216.3777;5.201;11.075;0.005;1.065;12.835;NaN;NaN;NaN;NaN;NaN;0.491;NaN
18HU00062_564;61;47.38433;-59.56733;232958;98.35;29-nov-00;09:48:00;33.08;2.01;254.96394;6.296;8.635;0.01;1.01;9.595;NaN;NaN;NaN;0.02;0.055;0.579;NaN
18HU00062_564;61;47.38433;-59.56733;232959;49.87;29-nov-00;09:48:00;32;4.89;281.49198;6.771;3.43;0.145;0.62;4.095;NaN;NaN;NaN;0.13;0.475;0.925;NaN
18HU00062_564;61;47.38433;-59.56733;232960;24.89;29-nov-00;09:48:00;31.4;6.55;306.50158;7.179;1.675;0.155;0.41;1.3;NaN;NaN;NaN;0.66;1.01;3.516;NaN
18HU00062_564;61;47.38433;-59.56733;232961;14.87;29-nov-00;09:48:00;31.35;6.44;311.14622;6.915;1.75;0.155;0.405;1.335;NaN;NaN;NaN;0.78;1.165;3.665;NaN
18HU00062_564;61;47.38433;-59.56733;232962;4.96;29-nov-00;09:48:00;31.35;6.47;315.61222;6.911;1.7;0.145;0.405;1.3;NaN;NaN;NaN;0.59;0.87;3.547;NaN
18HU00062_564;61;47.38433;-59.56733;232963;3.27;29-nov-00;09:48:00;31.35;6.46;315.92484;6.906;1.785;0.15;0.405;1.325;NaN;NaN;NaN;0.705;1.05;3.585;NaN
18HU00062_565;71;47.48383;-59.45267;232964;396.97;29-nov-00;12:38:00;34.83;5.2;180.24776;3.847;27.765;0.005;1.565;21.185;NaN;NaN;NaN;NaN;NaN;0.47;NaN
18HU00062_565;71;47.48383;-59.45267;232965;346.49;29-nov-00;12:38:00;34.78;5.67;163.09832;3.797;21.505;0;1.515;21.185;NaN;NaN;NaN;NaN;NaN;0.434;NaN
18HU00062_565;71;47.48383;-59.45267;232966;298.07;29-nov-00;12:38:00;34.73;6.25;161.98182;3.741;18.605;0.005;1.47;20.77;NaN;NaN;NaN;NaN;NaN;0.423;NaN
18HU00062_565;71;47.48383;-59.45267;232967;248.26;29-nov-00;12:38:00;34.63;6.6;171.53906;3.813;16.17;0;1.395;19.5;NaN;NaN;NaN;NaN;NaN;0.425;NaN
18HU00062_565;71;47.48383;-59.45267;232968;196.75;29-nov-00;12:38:00;34.29;6.13;196.68264;4.423;13.22;0.005;1.225;15.76;NaN;NaN;NaN;NaN;NaN;0.46;NaN
18HU00062_565;71;47.48383;-59.45267;232969;149.29;29-nov-00;12:38:00;33.68;4.21;220.03982;5.291;11.39;0.01;1.145;13.185;NaN;NaN;NaN;NaN;NaN;0.479;NaN
18HU00062_565;71;47.48383;-59.45267;232970;99.64;29-nov-00;12:38:00;32.69;1.85;268.27262;6.577;7.06;0.12;0.95;8.245;NaN;NaN;NaN;0.08;0.15;0.611;NaN
18HU00062_565;71;47.48383;-59.45267;232971;49.97;29-nov-00;12:38:00;31.54;6.98;308.73458;6.827;1.495;0.13;0.385;1.03;NaN;NaN;NaN;0.68;0.95;3.533;NaN
18HU00062_565;71;47.48383;-59.45267;232972;24.79;29-nov-00;12:38:00;31.48;6.78;318.91706;6.861;1.55;0.135;0.38;1.065;NaN;NaN;NaN;0.67;0.955;3.767;NaN
18HU00062_565;71;47.48383;-59.45267;232973;14.97;29-nov-00;12:38:00;31.46;6.77;323.69568;6.842;1.57;0.145;0.385;1.145;NaN;NaN;NaN;0.615;0.855;3.304;NaN
18HU00062_565;71;47.48383;-59.45267;232974;4.96;29-nov-00;12:38:00;31.45;6.77;329.54614;6.843;1.7;0.15;0.4;1.17;NaN;NaN;NaN;0.68;0.96;3.663;NaN
18HU00062_565;71;47.48383;-59.45267;232975;3.27;29-nov-00;12:38:00;31.45;6.77;330.17138;6.857;1.74;0.155;0.39;1.175;NaN;NaN;NaN;0.775;1.07;3.743;NaN
18HU00062_566;761;47.817;-63.99983;233529;50.27;07-dec-00;06:16:00;30.81;3.5;317.48794;7.625;4.165;0.22;0.8;5.965;NaN;NaN;NaN;0.115;0.215;0.778;NaN
18HU00062_566;761;47.817;-63.99983;233530;25.78;07-dec-00;06:16:00;30.52;3.03;332.67234;7.4935;4.465;0.2;0.575;4.125;NaN;NaN;NaN;0.26;0.255;1.212;NaN
18HU00062_566;761;47.817;-63.99983;233531;15.07;07-dec-00;06:16:00;30.52;3.01;338.65678;7.494;4.35;0.19;0.56;4.195;NaN;NaN;NaN;0.205;0.21;1.199;NaN
18HU00062_566;761;47.817;-63.99983;233532;5.35;07-dec-00;06:16:00;30.52;3.01;344.5519;7.497;4.24;0.185;0.55;4.235;NaN;NaN;NaN;0.26;0.26;1.186;NaN
18HU00062_566;761;47.817;-63.99983;233533;3.77;07-dec-00;06:16:00;30.52;3.02;345.48976;7.508;4.37;0.2;0.53;4.34;NaN;NaN;NaN;0.23;0.24;1.178;NaN
18HU00062_567;791;47.6185;-63.29833;233535;50.67;07-dec-00;09:06:00;31.66;2.22;299.93656;6.316;11.275;0.12;1.15;10.03;NaN;NaN;NaN;0.045;0.115;0.651;NaN
18HU00062_567;791;47.6185;-63.29833;233536;25.38;07-dec-00;09:06:00;30.5;2.96;330.75196;7.4585;5.635;0.14;0.765;4.97;NaN;NaN;NaN;0.21;0.34;1.311;NaN
18HU00062_567;791;47.6185;-63.29833;233537;15.57;07-dec-00;09:06:00;30.5;2.95;336.24514;7.459;5.52;0.145;0.775;5.09;NaN;NaN;NaN;0.13;0.19;1.054;NaN
18HU00062_567;791;47.6185;-63.29833;233538;5.85;07-dec-00;09:06:00;30.5;2.95;341.91696;7.466;5.585;0.155;0.775;5.07;NaN;NaN;NaN;0.16;0.285;1.115;NaN
18HU00062_567;791;47.6185;-63.29833;233539;3.97;07-dec-00;09:06:00;30.5;2.95;342.58686;7.492;6.12;0.15;0.775;5.065;NaN;NaN;NaN;0.095;0.305;1.044;NaN
18HU00062_568;81;47.5875;-59.33667;232976;198.83;29-nov-00;14:55:00;33.83;4.56;206.86512;5.04;12.34;0.02;1.18;14.155;NaN;NaN;NaN;NaN;NaN;0.469;NaN
18HU00062_568;81;47.5875;-59.33667;232977;149.19;29-nov-00;14:55:00;32.85;1.26;255.85714;6.6105;7.7;0.08;0.97;9.015;NaN;NaN;NaN;NaN;NaN;0.547;NaN
18HU00062_568;81;47.5875;-59.33667;232978;99.24;29-nov-00;14:55:00;32.48;2.59;268.98718;1.187;5.66;0.1;0.83;6.82;NaN;NaN;NaN;0.055;0.115;0.643;NaN
18HU00062_568;81;47.5875;-59.33667;232979;49.38;29-nov-00;14:55:00;31.5;6.58;301.41034;6.843;1.825;0.17;0.44;1.335;NaN;NaN;NaN;0.36;0.49;1.762;NaN
18HU00062_568;81;47.5875;-59.33667;232980;25.29;29-nov-00;14:55:00;31.46;6.45;312.79864;6.873;1.845;0.16;0.385;1.14;NaN;NaN;NaN;0.415;0.535;2.164;NaN
18HU00062_568;81;47.5875;-59.33667;232981;15.37;29-nov-00;14:55:00;31.46;6.44;318.11318;6.879;1.89;0.155;0.41;1.25;NaN;NaN;NaN;0.465;0.595;2.184;NaN
18HU00062_568;81;47.5875;-59.33667;232982;5.35;29-nov-00;14:55:00;31.46;6.43;323.69568;6.887;1.78;0.16;0.41;1.265;NaN;NaN;NaN;0.54;0.69;2.196;NaN
18HU00062_568;81;47.5875;-59.33667;232983;3.37;29-nov-00;14:55:00;31.46;6.43;324.41024;6.884;1.575;0.155;0.43;1.265;NaN;NaN;NaN;0.43;0.56;2.172;NaN
18HU00062_569;821;47.4345;-62.61583;233540;49.58;07-dec-00;12:36:00;31.71;1.58;306.99284;NaN;NaN;NaN;NaN;NaN;NaN;NaN;NaN;NaN;NaN;0.726;NaN
18HU00062_569;821;47.4345;-62.61583;233541;24.39;07-dec-00;12:36:00;30.57;3.38;332.0471;7.4135;4.985;0.15;0.71;4.535;NaN;NaN;NaN;0.325;0.49;1.957;NaN
18HU00062_569;821;47.4345;-62.61583;233542;14.28;07-dec-00;12:36:00;30.57;3.38;338.03154;7.412;4.9;0.145;0.71;4.535;NaN;NaN;NaN;0.295;0.475;2.033;NaN
18HU00062_569;821;47.4345;-62.61583;233543;5.45;07-dec-00;12:36:00;30.57;3.38;343.52472;7.403;4.92;0.145;0.71;4.52;NaN;NaN;NaN;0.285;0.49;1.928;NaN
18HU00062_570;851;47.14633;-61.4935;233545;24.69;07-dec-00;16:58:00;30.33;4.18;328.16168;7.301;4.995;0.135;0.62;3.235;NaN;NaN;NaN;0.705;0.645;2.252;NaN
18HU00062_570;851;47.14633;-61.4935;233546;14.58;07-dec-00;16:58:00;30.33;4.17;334.01214;7.281;5.105;0.135;0.62;3.23;NaN;NaN;NaN;0.675;0.63;2.369;NaN
18HU00062_570;851;47.14633;-61.4935;233547;5.85;07-dec-00;16:58:00;30.33;4.18;339.05872;7.285;5.22;0.135;0.6;3.155;NaN;NaN;NaN;0.715;0.65;2.277;NaN
18HU00062_570;851;47.14633;-61.4935;233548;3.67;07-dec-00;16:58:00;30.33;4.17;340.26454;7.288;5.405;0.14;0.61;3.23;NaN;NaN;NaN;0.19;0.57;2.257;NaN
18HU00062_571;871;46.98017;-61.21567;233549;49.78;07-dec-00;18:44:00;31.68;2.36;299.35598;6.218;7.965;0.12;0.985;6.565;NaN;NaN;NaN;0.095;0.2;1.107;NaN
18HU00062_571;871;46.98017;-61.21567;233550;25.88;07-dec-00;18:44:00;30.52;3.95;321.41802;7.172;7.335;0.15;0.765;4.96;NaN;NaN;NaN;0.28;0.39;2.591;NaN
18HU00062_571;871;46.98017;-61.21567;233551;15.57;07-dec-00;18:44:00;30.52;3.96;327.1345;7.179;7.27;0.14;0.765;4.985;NaN;NaN;NaN;0.255;0.375;2.716;NaN
18HU00062_571;871;46.98017;-61.21567;233552;5.65;07-dec-00;18:44:00;30.52;3.96;332.76166;7.173;7.3;0.145;0.77;4.955;NaN;NaN;NaN;0.22;0.33;2.778;NaN
18HU00062_571;871;46.98017;-61.21567;233553;3.77;07-dec-00;18:44:00;30.52;3.95;333.87816;7.175;7.17;0.145;0.775;4.985;NaN;NaN;NaN;0.385;0.46;2.873;NaN
