CTD;CTD;CTD;CTD;CTD;CTD;CTD;CTD;CTD;CTD;CTD;labo;labo;labo;labo;labo;labo;labo;labo;labo;labo;labo
Fichier;Station;Latitude;Longitude;Echantillon;zbouteille;Date;Heure;PSAL;TEMP_XX;DOXY;CHL_01;Si_01;PO4_01;NOx_01;PSAL_BS;NO2_01;OXY_02;NO2_01;NOx_01;PO4_01;Si_01
(nom);(nom/no);(degres);(degres);(no_unique);(dbar);(jj-mmm-yyyy);(GMT);(psu);(celsius);(ml/l);(mg/m**3);(mmol/m**3);(mmol/m**3);(mmol/m**3);(PSU);(mmol/m**3);(ml/l);(mmol/m**3);(mmol/m**3);(mmol/m**3);(mmol/m**3)
18HU13008_058;STN27;47.54669;-52.59989;392011;163.12;09-may-13;11:38:00;32.8482;-0.2352;7.3623;NaN;NaN;NaN;NaN;NaN;NaN;7.4325;NaN;NaN;NaN;NaN
18HU13008_058;STN27;47.54669;-52.59989;392012;163.69;09-may-13;11:38:00;32.8489;-0.2375;7.3586;NaN;NaN;NaN;NaN;NaN;NaN;7.408;NaN;NaN;NaN;NaN
18HU13008_058;STN27;47.54669;-52.59989;392013;163.8;09-may-13;11:38:00;32.8491;-0.238;7.3703;NaN;NaN;NaN;NaN;NaN;NaN;7.411;NaN;NaN;NaN;NaN
18HU13008_058;STN27;47.54669;-52.59989;392014;163.98;09-may-13;11:38:00;32.849;-0.2373;7.3546;NaN;NaN;NaN;NaN;NaN;NaN;7.416;NaN;NaN;NaN;NaN
18HU13008_058;STN27;47.54669;-52.59989;392015;164.01;09-may-13;11:38:00;32.8491;-0.2374;7.36;NaN;NaN;NaN;NaN;NaN;NaN;7.413;NaN;NaN;NaN;NaN
18HU13008_058;STN27;47.54669;-52.59989;392016;163.85;09-may-13;11:38:00;32.8492;-0.2377;7.358;NaN;NaN;NaN;NaN;NaN;NaN;7.428;NaN;NaN;NaN;NaN
18HU13008_058;STN27;47.54669;-52.59989;392017;163.76;09-may-13;11:38:00;32.8493;-0.2377;7.3552;NaN;NaN;NaN;NaN;NaN;NaN;7.425;NaN;NaN;NaN;NaN
18HU13008_058;STN27;47.54669;-52.59989;392018;164.3;09-may-13;11:38:00;32.8492;-0.2376;7.3553;NaN;NaN;NaN;NaN;NaN;NaN;7.4215;NaN;NaN;NaN;NaN
18HU13008_058;STN27;47.54669;-52.59989;392019;163.78;09-may-13;11:38:00;32.8493;-0.2378;7.3568;NaN;NaN;NaN;NaN;NaN;NaN;7.4015;NaN;NaN;NaN;NaN
18HU13008_058;STN27;47.54669;-52.59989;392020;164.07;09-may-13;11:38:00;32.849;-0.2373;7.3596;NaN;NaN;NaN;NaN;NaN;NaN;7.405;NaN;NaN;NaN;NaN
18HU13008_058;STN27;47.54669;-52.59989;392021;164.17;09-may-13;11:38:00;32.8488;-0.2364;7.3618;NaN;NaN;NaN;NaN;NaN;NaN;6.788;NaN;NaN;NaN;NaN
18HU13008_058;STN27;47.54669;-52.59989;392022;164.33;09-may-13;11:38:00;32.849;-0.2371;7.3565;NaN;NaN;NaN;NaN;NaN;NaN;6.6255;NaN;NaN;NaN;NaN
18HU13008_058;STN27;47.54669;-52.59989;392023;164.04;09-may-13;11:38:00;32.8492;-0.2372;7.3532;NaN;NaN;NaN;NaN;NaN;NaN;7.4105;NaN;NaN;NaN;NaN
18HU13008_058;STN27;47.54669;-52.59989;392024;164.1;09-may-13;11:38:00;32.8492;-0.2374;7.3511;1.4561;5.22;0.9915;7.42;32.8518;0.115;7.4255;NaN;NaN;NaN;NaN
18HU13008_058;STN27;47.54669;-52.59989;392025;151.87;09-may-13;11:38:00;32.8369;-0.2292;7.4243;1.1919;4.755;0.8635;6.835;NaN;0.11;7.541;NaN;NaN;NaN;NaN
18HU13008_058;STN27;47.54669;-52.59989;392026;99.92;09-may-13;11:38:00;32.5493;-0.4482;8.2208;1.0579;1.395;0.606;3.36;NaN;0.09;NaN;NaN;NaN;NaN;NaN
18HU13008_058;STN27;47.54669;-52.59989;392027;75.5;09-may-13;11:38:00;32.4973;0.5132;8.8307;1.0876;0.135;0.307;0.665;NaN;0.045;8.954;NaN;NaN;NaN;NaN
18HU13008_058;STN27;47.54669;-52.59989;392028;50.38;09-may-13;11:38:00;32.4389;1.1979;8.8326;1.1472;0.955;0.2765;0.635;NaN;0.04;8.953;NaN;NaN;NaN;NaN
18HU13008_058;STN27;47.54669;-52.59989;392029;40.83;09-may-13;11:38:00;32.263;0.8746;8.6692;0.4655;0.13;0.3305;0.87;32.2614;0.06;8.7635;NaN;NaN;NaN;NaN
18HU13008_058;STN27;47.54669;-52.59989;392030;31.01;09-may-13;11:38:00;32.2371;1.3347;8.6116;NaN;0.11;0.3035;0.545;NaN;0.04;NaN;NaN;NaN;NaN;NaN
18HU13008_058;STN27;47.54669;-52.59989;392031;31.3;09-may-13;11:38:00;32.238;1.2985;8.5996;0.3144;0.08;0.2695;0.425;NaN;0.05;NaN;NaN;NaN;NaN;NaN
18HU13008_058;STN27;47.54669;-52.59989;392032;20.24;09-may-13;11:38:00;32.2367;1.5019;8.5661;NaN;NaN;NaN;NaN;NaN;NaN;NaN;NaN;NaN;NaN;NaN
18HU13008_058;STN27;47.54669;-52.59989;392033;10.66;09-may-13;11:38:00;32.2373;1.5836;8.5493;0.3474;NaN;NaN;NaN;NaN;NaN;8.53;NaN;NaN;NaN;NaN
18HU13008_058;STN27;47.54669;-52.59989;392034;5.79;09-may-13;11:38:00;32.2375;1.5593;8.5634;0.2429;0.065;0.2885;0.55;32.2597;0.055;8.506;NaN;NaN;NaN;NaN
18HU13008_121;HL_16;39.6903;-59.548;392786;5220.86;24-may-13;09:44:00;34.8748;2.2574;5.8259;NaN;NaN;NaN;NaN;34.8759;NaN;5.874;0.075;20.145;1.4525;39.415
18HU13008_121;HL_16;39.6903;-59.548;392787;5000.35;24-may-13;09:44:00;34.8795;2.2705;5.8173;NaN;NaN;NaN;NaN;34.8795;NaN;5.65;0.06;19.755;1.4225;36.535
18HU13008_121;HL_16;39.6903;-59.548;392788;4793.58;24-may-13;09:44:00;34.8823;2.2697;5.8436;NaN;NaN;NaN;NaN;34.8825;NaN;5.25;0.06;19.67;1.413;34.505
18HU13008_121;HL_16;39.6903;-59.548;392789;4501.45;24-may-13;09:44:00;34.8862;2.2725;5.8752;NaN;NaN;NaN;NaN;34.8858;NaN;6.022;0.06;19.18;1.3885;31.79
18HU13008_121;HL_16;39.6903;-59.548;392790;4252.87;24-may-13;09:44:00;34.8902;2.2902;5.8979;NaN;NaN;NaN;NaN;34.8915;NaN;5.818;0.055;18.965;1.389;29.75
18HU13008_121;HL_16;39.6903;-59.548;392791;4000.22;24-may-13;09:44:00;34.8954;2.3332;5.9188;NaN;NaN;NaN;NaN;34.8943;NaN;6.211;0.06;18.86;1.3385;27.33
18HU13008_121;HL_16;39.6903;-59.548;392792;3750.01;24-may-13;09:44:00;34.903;2.4312;5.9204;NaN;NaN;NaN;NaN;34.9032;NaN;6.221;0.06;18.44;1.309;24.93
18HU13008_121;HL_16;39.6903;-59.548;392793;3471.15;24-may-13;09:44:00;34.9136;2.595;5.9092;NaN;NaN;NaN;NaN;34.9128;NaN;6.182;0.06;18.51;1.3045;23.005
18HU13008_121;HL_16;39.6903;-59.548;392794;3181.37;24-may-13;09:44:00;34.9265;2.8196;5.8714;NaN;NaN;NaN;NaN;34.92633;NaN;6.187;0.065;18.775;1.2165;21.26
18HU13008_121;HL_16;39.6903;-59.548;392795;2877.34;24-may-13;09:44:00;34.9378;3.0464;5.8389;NaN;NaN;NaN;NaN;34.9382;NaN;5.959;0.07;18.86;1.204;19.64
18HU13008_121;HL_16;39.6903;-59.548;392796;2571.7;24-may-13;09:44:00;34.9449;3.2659;5.8443;NaN;NaN;NaN;NaN;34.9451;NaN;6.099;0.085;18.885;1.187;17.57
18HU13008_121;HL_16;39.6903;-59.548;392797;2277.05;24-may-13;09:44:00;34.9469;3.4678;5.8632;NaN;NaN;NaN;NaN;34.9467;NaN;6.149;0.1;18.55;1.1675;15.25
18HU13008_121;HL_16;39.6903;-59.548;392798;2002.92;24-may-13;09:44:00;34.9549;3.6935;5.838;NaN;NaN;NaN;NaN;34.9558;NaN;6.119;0.115;18.65;1.1575;13.85
18HU13008_121;HL_16;39.6903;-59.548;392799;1721.53;24-may-13;09:44:00;34.9649;3.9345;5.7896;NaN;NaN;NaN;NaN;34.966;NaN;6.03933;0.125;18.48;1.155;12.96
18HU13008_121;HL_16;39.6903;-59.548;392800;1450.62;24-may-13;09:44:00;34.9746;4.1728;5.7388;NaN;NaN;NaN;NaN;34.9743;NaN;5.969;0.135;18.7;1.1655;12.275
18HU13008_121;HL_16;39.6903;-59.548;392801;1201.6;24-may-13;09:44:00;34.9942;4.5686;5.574;NaN;NaN;NaN;NaN;34.9948;NaN;5.782;0.15;19.02;1.179;12.035
18HU13008_121;HL_16;39.6903;-59.548;392802;960.45;24-may-13;09:44:00;35.0251;5.2234;5.193;NaN;NaN;NaN;NaN;35.025;NaN;5.375;0;20.035;1.2795;12.37
18HU13008_121;HL_16;39.6903;-59.548;392803;730.25;24-may-13;09:44:00;35.0974;7.2709;3.9579;NaN;NaN;NaN;NaN;35.099;NaN;NaN;0.06;23.865;1.499;14.23
18HU13008_121;HL_16;39.6903;-59.548;392804;536.12;24-may-13;09:44:00;35.3955;10.9943;3.1706;NaN;NaN;NaN;NaN;35.3806;NaN;NaN;0.04;23.3;1.4165;11.675
18HU13008_121;HL_16;39.6903;-59.548;392805;331.34;24-may-13;09:44:00;35.782;13.8555;4.9268;NaN;NaN;NaN;NaN;35.778;NaN;5.121;0.04;9.84;0.585;4.075
18HU13008_121;HL_16;39.6903;-59.548;392806;194.96;24-may-13;09:44:00;36.3082;16.9578;4.0889;NaN;NaN;NaN;NaN;36.3006;NaN;4.28;0;7.89;0.4165;2.555
18HU13008_121;HL_16;39.6903;-59.548;392807;100.03;24-may-13;09:44:00;36.6237;20.5754;3.4732;NaN;NaN;NaN;NaN;36.6547;NaN;3.581;0.07;6.235;0.318;2.255
18HU13008_121;HL_16;39.6903;-59.548;392808;49.12;24-may-13;09:44:00;36.3715;21.4302;4.7682;NaN;NaN;NaN;NaN;36.3842;NaN;4.965;0.12;0;0.03;0.485
18HU13008_121;HL_16;39.6903;-59.548;392809;3.07;24-may-13;09:44:00;36.2356;22.3438;4.7817;NaN;NaN;NaN;NaN;36.2374;NaN;4.966;0.1;0;0.0135;0.85
18HU13008_124;HL_16;39.7659;-59.5297;392810;105.03;24-may-13;14:45:00;36.6158;20.6671;3.5094;0.1628;NaN;NaN;NaN;NaN;NaN;NaN;0.08;5.605;0.2795;2.095
18HU13008_124;HL_16;39.7659;-59.5297;392811;79.21;24-may-13;14:45:00;36.8091;21.8032;3.3007;0.253;NaN;NaN;NaN;NaN;NaN;NaN;0.1;5.3;0.2375;1.805
18HU13008_124;HL_16;39.7659;-59.5297;392812;60;24-may-13;14:45:00;36.4487;21.5885;4.6322;0.7152;NaN;NaN;NaN;NaN;NaN;NaN;0.095;0.15;0;0.59
18HU13008_124;HL_16;39.7659;-59.5297;392813;60.53;24-may-13;14:45:00;36.4488;21.5843;4.6512;NaN;NaN;NaN;NaN;NaN;NaN;NaN;NaN;NaN;NaN;NaN
18HU13008_124;HL_16;39.7659;-59.5297;392814;49.53;24-may-13;14:45:00;36.3508;21.688;4.7674;0.2597;NaN;NaN;NaN;NaN;NaN;NaN;0.04;0;0;0.42
18HU13008_124;HL_16;39.7659;-59.5297;392815;39.53;24-may-13;14:45:00;36.3518;21.8666;4.7494;0.1889;NaN;NaN;NaN;NaN;NaN;NaN;0.04;0;0;0.505
18HU13008_124;HL_16;39.7659;-59.5297;392816;28.65;24-may-13;14:45:00;36.3335;21.9914;4.7459;0.1925;NaN;NaN;NaN;NaN;NaN;NaN;0.06;0;0;0.66
18HU13008_124;HL_16;39.7659;-59.5297;392817;19.19;24-may-13;14:45:00;36.2943;22.2091;4.7513;0.154;NaN;NaN;NaN;NaN;NaN;NaN;0.045;0;0;0.725
18HU13008_124;HL_16;39.7659;-59.5297;392818;9.08;24-may-13;14:45:00;36.2094;22.4455;4.7382;0.1628;NaN;NaN;NaN;NaN;NaN;NaN;0.045;0;0;0.815
18HU13008_124;HL_16;39.7659;-59.5297;392819;2.88;24-may-13;14:45:00;36.2058;22.4583;4.7587;0.1575;NaN;NaN;NaN;NaN;NaN;NaN;0.05;0;0;0.905
18HU13008_124;HL_16;39.7659;-59.5297;392820;3.23;24-may-13;14:45:00;36.2058;22.458;4.7385;NaN;NaN;NaN;NaN;NaN;NaN;NaN;NaN;NaN;NaN;NaN
18HU13008_125;HL_15;40.1481;-59.8488;392821;5161.64;24-may-13;17:32:00;34.87;2.2131;5.7124;NaN;NaN;NaN;NaN;34.8693;NaN;5.902;0.19;20.505;1.4695;43.31
18HU13008_125;HL_15;40.1481;-59.8488;392822;4929.49;24-may-13;17:32:00;34.8794;2.2513;5.8016;NaN;NaN;NaN;NaN;34.8797;NaN;6.045;0.17;18.835;1.374;36.24
18HU13008_125;HL_15;40.1481;-59.8488;392823;4729.19;24-may-13;17:32:00;34.8829;2.2555;5.8464;NaN;NaN;NaN;NaN;34.8831;NaN;6.094;0.17;18.535;1.339;33.615
18HU13008_125;HL_15;40.1481;-59.8488;392824;4499.49;24-may-13;17:32:00;34.8855;2.258;5.8506;NaN;NaN;NaN;NaN;34.8857;NaN;6.126;0.17;18.08;1.3295;32.13
18HU13008_125;HL_15;40.1481;-59.8488;392825;4247.68;24-may-13;17:32:00;34.8899;2.2738;5.8849;NaN;NaN;NaN;NaN;34.889;NaN;6.15267;0.17;17.875;1.304;29.675
18HU13008_125;HL_15;40.1481;-59.8488;392826;4001.8;24-may-13;17:32:00;34.8942;2.3126;5.8622;NaN;NaN;NaN;NaN;34.8932;NaN;6.141;0.17;17.765;1.2955;29.075
18HU13008_125;HL_15;40.1481;-59.8488;392827;3752;24-may-13;17:32:00;34.9016;2.4006;5.932;NaN;NaN;NaN;NaN;34.9018;NaN;6.189;0.17;17.16;1.2805;25.355
18HU13008_125;HL_15;40.1481;-59.8488;392828;3470.92;24-may-13;17:32:00;34.9139;2.5804;5.887;NaN;NaN;NaN;NaN;34.9131;NaN;6.164;0.17;17.385;1.2495;23.695
18HU13008_125;HL_15;40.1481;-59.8488;392829;3180.87;24-may-13;17:32:00;34.925;2.7744;5.8627;NaN;NaN;NaN;NaN;34.9246;NaN;6.168;0.17;17.455;1.2405;21.59
18HU13008_125;HL_15;40.1481;-59.8488;392830;2882.52;24-may-13;17:32:00;34.936;2.9934;5.8426;NaN;NaN;NaN;NaN;34.9365;NaN;6.131;0.17;17.3;1.26;19.735
18HU13008_125;HL_15;40.1481;-59.8488;392831;2570.89;24-may-13;17:32:00;34.9442;3.1955;5.844;NaN;NaN;NaN;NaN;34.9438;NaN;6.102;0;17.165;1.2215;18.105
18HU13008_125;HL_15;40.1481;-59.8488;392832;2279.97;24-may-13;17:32:00;34.9488;3.3887;5.8449;NaN;NaN;NaN;NaN;34.9484;NaN;6.113;0;17.095;1.224;16.075
18HU13008_125;HL_15;40.1481;-59.8488;392833;2000.11;24-may-13;17:32:00;34.9516;3.578;5.8622;NaN;NaN;NaN;NaN;34.9509;NaN;6.137;0.17;17.1;1.229;14.395
18HU13008_125;HL_15;40.1481;-59.8488;392834;1718.29;24-may-13;17:32:00;34.9624;3.836;5.8064;NaN;NaN;NaN;NaN;34.9639;NaN;6.06;0.17;17.075;1.206;13.215
18HU13008_125;HL_15;40.1481;-59.8488;392835;1448.66;24-may-13;17:32:00;34.9736;4.1076;5.7537;NaN;NaN;NaN;NaN;34.9734;NaN;5.913;0;17.025;1.281;12.34
18HU13008_125;HL_15;40.1481;-59.8488;392836;1198.73;24-may-13;17:32:00;34.9884;4.4419;5.6426;NaN;NaN;NaN;NaN;34.9887;NaN;5.861;0.17;17.205;1.256;11.925
18HU13008_125;HL_15;40.1481;-59.8488;392837;959.15;24-may-13;17:32:00;35.012;4.9362;5.4038;NaN;NaN;NaN;NaN;35.012;NaN;5.6;0;17.6;1.2535;11.9
18HU13008_125;HL_15;40.1481;-59.8488;392838;730.47;24-may-13;17:32:00;35.06;6.2787;4.5104;NaN;NaN;NaN;NaN;35.0598;NaN;4.669;0.17;20.1;1.404;13.52
18HU13008_125;HL_15;40.1481;-59.8488;392839;515.08;24-may-13;17:32:00;35.2521;9.8394;3.1211;NaN;NaN;NaN;NaN;35.2521;NaN;3.193;0.17;22.74;1.538;13.425
18HU13008_125;HL_15;40.1481;-59.8488;392840;329.56;24-may-13;17:32:00;35.8705;14.2758;4.4685;NaN;NaN;NaN;NaN;35.9149;NaN;4.812;0.17;9.11;0.59;4.03
18HU13008_125;HL_15;40.1481;-59.8488;392841;193.94;24-may-13;17:32:00;36.461;17.5163;4.2631;NaN;NaN;NaN;NaN;36.46;NaN;4.414;0.17;5.065;0.3435;2.025
18HU13008_125;HL_15;40.1481;-59.8488;392842;99.94;24-may-13;17:32:00;36.5495;18.5507;4.8348;0.021;NaN;NaN;NaN;36.5492;NaN;5.003;0.18;1.86;0.0955;1.12
18HU13008_125;HL_15;40.1481;-59.8488;392843;49.04;24-may-13;17:32:00;36.6826;20.9637;4.2782;0.2597;NaN;NaN;NaN;36.685;NaN;4.433;0.275;2.135;0.1115;1.14
18HU13008_125;HL_15;40.1481;-59.8488;392844;2.65;24-may-13;17:32:00;36.1979;22.3748;4.8004;0.1785;NaN;NaN;NaN;NaN;NaN;4.974;0.17;0;0.046;0.67
18HU13008_129;HL_14;40.598;-60.1363;392845;5050.72;25-may-13;00:52:00;34.8763;2.2442;5.7386;NaN;39.04;1.384;20.12;34.8765;0.065;6.001;NaN;NaN;NaN;NaN
18HU13008_129;HL_14;40.598;-60.1363;392846;4930.5;25-may-13;00:52:00;34.8796;2.2597;5.7467;NaN;36.55;1.358;19.81;34.8799;NaN;6.043;NaN;NaN;NaN;NaN
18HU13008_129;HL_14;40.598;-60.1363;392847;4731.46;25-may-13;00:52:00;34.8825;2.2596;5.7619;NaN;34.64;1.3355;19.72;34.8828;0;5.996;NaN;NaN;NaN;NaN
18HU13008_129;HL_14;40.598;-60.1363;392848;4497.33;25-may-13;00:52:00;34.8856;2.2613;5.7968;NaN;33.04;1.3185;19.46;34.8852;0;6.133;NaN;NaN;NaN;NaN
18HU13008_129;HL_14;40.598;-60.1363;392849;4249.62;25-may-13;00:52:00;34.8898;2.2751;5.8355;NaN;30.365;1.2755;19.285;34.8893;0;6.14967;NaN;NaN;NaN;NaN
18HU13008_129;HL_14;40.598;-60.1363;392850;4001.2;25-may-13;00:52:00;34.8943;2.3115;5.8122;NaN;28.455;1.265;18.885;34.8939;0;6.193;NaN;NaN;NaN;NaN
18HU13008_129;HL_14;40.598;-60.1363;392851;3751.05;25-may-13;00:52:00;34.9012;2.3926;5.8503;NaN;25.9;1.2305;18.53;34.9012;0.06;6.214;NaN;NaN;NaN;NaN
18HU13008_129;HL_14;40.598;-60.1363;392852;3471.36;25-may-13;00:52:00;34.9112;2.5367;5.8509;NaN;23.685;1.2085;17.96;34.9112;0.06;6.218;NaN;NaN;NaN;NaN
18HU13008_129;HL_14;40.598;-60.1363;392853;3181.96;25-may-13;00:52:00;34.9243;2.761;5.8244;NaN;21.58;1.191;18.43;34.92383;0;6.18;NaN;NaN;NaN;NaN
18HU13008_129;HL_14;40.598;-60.1363;392854;2880.28;25-may-13;00:52:00;34.9404;3.098;5.7742;NaN;19.005;1.1825;18.525;34.9388;0;6.14;NaN;NaN;NaN;NaN
18HU13008_129;HL_14;40.598;-60.1363;392855;2572.61;25-may-13;00:52:00;34.9454;3.2489;5.7594;NaN;17.805;1.175;18.225;34.9445;0;6.138;NaN;NaN;NaN;NaN
18HU13008_129;HL_14;40.598;-60.1363;392856;2281.01;25-may-13;00:52:00;34.9467;3.3494;5.7906;NaN;16.365;1.175;17.925;34.9467;0;6.149;NaN;NaN;NaN;NaN
18HU13008_129;HL_14;40.598;-60.1363;392857;2000.3;25-may-13;00:52:00;34.9494;3.4685;5.7681;NaN;15.245;1.1615;18.195;34.9485;0;6.158;NaN;NaN;NaN;NaN
18HU13008_129;HL_14;40.598;-60.1363;392858;1718.89;25-may-13;00:52:00;34.9521;3.6179;5.8068;NaN;14.065;1.1585;18.105;34.9542;0;6.11967;NaN;NaN;NaN;NaN
18HU13008_129;HL_14;40.598;-60.1363;392859;1454.38;25-may-13;00:52:00;34.9649;3.9375;5.726;NaN;12.805;1.167;17.855;34.9666;0;6.077;NaN;NaN;NaN;NaN
18HU13008_129;HL_14;40.598;-60.1363;392860;1201.12;25-may-13;00:52:00;34.9761;4.2656;5.6158;NaN;11.53;1.1595;18.12;34.9771;0;6;NaN;NaN;NaN;NaN
18HU13008_129;HL_14;40.598;-60.1363;392861;961.35;25-may-13;00:52:00;34.9983;4.6708;5.4655;NaN;11.83;1.17;17.46;34.9981;0;5.767;NaN;NaN;NaN;NaN
18HU13008_129;HL_14;40.598;-60.1363;392862;730.58;25-may-13;00:52:00;35.0292;5.3738;5.0731;NaN;12.295;1.245;18.815;35.0286;0;5.288;NaN;NaN;NaN;NaN
18HU13008_129;HL_14;40.598;-60.1363;392863;514.18;25-may-13;00:52:00;35.0938;7.3744;3.9115;NaN;13.75;1.414;21.985;35.0936;0;4.043;NaN;NaN;NaN;NaN
18HU13008_129;HL_14;40.598;-60.1363;392864;329;25-may-13;00:52:00;35.4471;11.345;3.1722;NaN;10.705;1.2505;19.695;35.4459;0;3.321;NaN;NaN;NaN;NaN
18HU13008_129;HL_14;40.598;-60.1363;392865;196.43;25-may-13;00:52:00;35.7978;13.7072;3.5249;NaN;6.425;0.861;14.49;35.7961;0;3.684;NaN;NaN;NaN;NaN
18HU13008_129;HL_14;40.598;-60.1363;392866;99.05;25-may-13;00:52:00;35.4675;13.3023;5.071;0.049;2.53;0.375;6.48;35.4667;0.395;5.401;NaN;NaN;NaN;NaN
18HU13008_129;HL_14;40.598;-60.1363;392867;50.26;25-may-13;00:52:00;35.3161;14.7998;5.4277;0.3677;0.495;NaN;0.59;35.3141;0.09;5.749;NaN;NaN;NaN;NaN
18HU13008_129;HL_14;40.598;-60.1363;392868;2.87;25-may-13;00:52:00;34.3131;13.7731;6.074;1.4154;0.53;0;0;34.3115;0;6.398;NaN;NaN;NaN;NaN
18HU13008_132;HL_13;41.021;-60.4183;392869;4933.4;25-may-13;08:05:00;34.8776;2.2346;5.8204;NaN;NaN;NaN;NaN;35.2808;NaN;5.928;NaN;NaN;NaN;NaN
18HU13008_132;HL_13;41.021;-60.4183;392870;4802.04;25-may-13;08:05:00;34.8794;2.2382;5.7669;NaN;38.805;1.4075;19.85;34.8792;0.035;6.032;NaN;NaN;NaN;NaN
18HU13008_132;HL_13;41.021;-60.4183;392871;4620.37;25-may-13;08:05:00;34.8829;2.2405;5.8203;NaN;34.26;1.3775;19.56;34.8825;0.03;6.076;NaN;NaN;NaN;NaN
18HU13008_132;HL_13;41.021;-60.4183;392872;4389.74;25-may-13;08:05:00;34.8862;2.2419;5.875;NaN;32.045;1.348;19.465;34.8855;0.06;6.134;NaN;NaN;NaN;NaN
18HU13008_132;HL_13;41.021;-60.4183;392873;4161.62;25-may-13;08:05:00;34.8881;2.2446;5.8544;NaN;31.225;1.339;19.25;34.8884;0.04;6.08733;NaN;NaN;NaN;NaN
18HU13008_132;HL_13;41.021;-60.4183;392874;3952.09;25-may-13;08:05:00;34.8914;2.2631;5.8846;NaN;NaN;NaN;NaN;NaN;NaN;NaN;NaN;NaN;NaN;NaN
18HU13008_132;HL_13;41.021;-60.4183;392875;3722.25;25-may-13;08:05:00;34.8965;2.31;5.9063;NaN;27.765;1.274;18.535;34.8957;0.035;6.194;NaN;NaN;NaN;NaN
18HU13008_132;HL_13;41.021;-60.4183;392876;3468.74;25-may-13;08:05:00;34.9043;2.4074;5.9234;NaN;25.53;1.264;18.27;34.9033;0.03;6.21;NaN;NaN;NaN;NaN
18HU13008_132;HL_13;41.021;-60.4183;392877;3180.91;25-may-13;08:05:00;34.9147;2.5714;5.9035;NaN;24.41;1.253;18.11;34.91433;0.03;6.212;NaN;NaN;NaN;NaN
18HU13008_132;HL_13;41.021;-60.4183;392878;2878.55;25-may-13;08:05:00;34.9265;2.8012;5.911;NaN;20.165;1.236;17.875;34.9255;0.04;6.194;NaN;NaN;NaN;NaN
18HU13008_132;HL_13;41.021;-60.4183;392879;2570.76;25-may-13;08:05:00;34.9408;3.071;5.8385;NaN;19.525;1.2615;18.265;34.9407;0.035;6.126;NaN;NaN;NaN;NaN
18HU13008_132;HL_13;41.021;-60.4183;392880;2278.41;25-may-13;08:05:00;34.9478;3.303;5.8542;NaN;17.105;1.2355;18.07;34.9474;0.03;6.131;NaN;NaN;NaN;NaN
18HU13008_132;HL_13;41.021;-60.4183;392881;2002.28;25-may-13;08:05:00;34.9509;3.4903;5.8598;NaN;14.925;1.222;17.94;34.9503;0.035;6.013;NaN;NaN;NaN;NaN
18HU13008_132;HL_13;41.021;-60.4183;392882;1718.26;25-may-13;08:05:00;34.9583;3.7187;5.8322;NaN;13.9;1.2315;18.15;34.9594;0.03;6.05867;NaN;NaN;NaN;NaN
18HU13008_132;HL_13;41.021;-60.4183;392883;1448.25;25-may-13;08:05:00;34.968;3.9734;5.7977;NaN;12.835;1.2335;18.125;34.967;0.04;6.049;NaN;NaN;NaN;NaN
18HU13008_132;HL_13;41.021;-60.4183;392884;1199.9;25-may-13;08:05:00;34.978;4.2351;5.7189;NaN;12.455;1.2195;18.15;34.9778;0.03;NaN;NaN;NaN;NaN;NaN
18HU13008_132;HL_13;41.021;-60.4183;392885;958.95;25-may-13;08:05:00;34.9948;4.5848;5.5921;NaN;11.9;1.2475;18.445;34.9934;0.035;5.818;NaN;NaN;NaN;NaN
18HU13008_132;HL_13;41.021;-60.4183;392886;731.39;25-may-13;08:05:00;35.0212;5.1783;5.222;NaN;11.795;1.2775;18.255;35.0211;0.035;5.423;NaN;NaN;NaN;NaN
18HU13008_132;HL_13;41.021;-60.4183;392887;514.82;25-may-13;08:05:00;35.0786;6.7746;4.2271;NaN;13.63;1.4195;19.82;35.0782;0.035;NaN;NaN;NaN;NaN;NaN
18HU13008_132;HL_13;41.021;-60.4183;392888;330.55;25-may-13;08:05:00;35.3114;10.3289;3.0557;NaN;12.81;1.532;23.69;35.3132;0.04;3.074;NaN;NaN;NaN;NaN
18HU13008_132;HL_13;41.021;-60.4183;392889;194.16;25-may-13;08:05:00;35.7012;13.2883;4.7752;NaN;5.05;0.734;11.335;35.699;0.045;4.263;NaN;NaN;NaN;NaN
18HU13008_132;HL_13;41.021;-60.4183;392890;100.38;25-may-13;08:05:00;35.7644;13.8138;4.9644;0.0193;4.225;0.628;9.28;35.7636;0.06;5.12933;NaN;NaN;NaN;NaN
18HU13008_132;HL_13;41.021;-60.4183;392891;49.28;25-may-13;08:05:00;35.5489;13.4997;4.8402;0.0228;3.705;0.6055;8.495;35.7634;0.05;4.984;NaN;NaN;NaN;NaN
18HU13008_132;HL_13;41.021;-60.4183;392892;2.13;25-may-13;08:05:00;35.2741;15.4568;5.6869;0.0893;3.335;0.607;8.745;35.5658;0.07;4.965;NaN;NaN;NaN;NaN
18HU13008_136;HL_12;41.4134;-60.6682;392893;4709.74;25-may-13;14:59:00;34.8762;2.1952;5.7674;NaN;36.96;1.3985;19.39;34.8762;0.04;5.975;NaN;NaN;NaN;NaN
18HU13008_136;HL_12;41.4134;-60.6682;392894;4646.86;25-may-13;14:59:00;34.878;2.2013;5.803;NaN;36.995;1.405;20.045;34.8755;0.03;6.044;NaN;NaN;NaN;NaN
18HU13008_136;HL_12;41.4134;-60.6682;392895;4499.5;25-may-13;14:59:00;34.8805;2.2076;5.7897;NaN;34.36;1.397;19.26;34.8804;0.03;6.066;NaN;NaN;NaN;NaN
18HU13008_136;HL_12;41.4134;-60.6682;392896;4348.81;25-may-13;14:59:00;34.8832;2.2129;5.8105;NaN;31.81;1.3295;18.665;34.8825;0.035;6.118;NaN;NaN;NaN;NaN
18HU13008_136;HL_12;41.4134;-60.6682;392897;4150.78;25-may-13;14:59:00;34.8855;2.2146;5.8305;NaN;27.765;1.2585;16.615;34.8821;0.03;6.116;NaN;NaN;NaN;NaN
18HU13008_136;HL_12;41.4134;-60.6682;392898;3949.64;25-may-13;14:59:00;34.8887;2.2268;5.8586;NaN;30.38;1.329;18.98;34.888;0.04;6.151;NaN;NaN;NaN;NaN
18HU13008_136;HL_12;41.4134;-60.6682;392899;3747.77;25-may-13;14:59:00;34.8927;2.251;5.914;NaN;23.335;1.1635;15.45;34.8919;0.04;6.201;NaN;NaN;NaN;NaN
18HU13008_136;HL_12;41.4134;-60.6682;392900;3467.5;25-may-13;14:59:00;34.9001;2.3416;5.912;NaN;25.425;1.2785;18.325;34.8994;0;6.22;NaN;NaN;NaN;NaN
18HU13008_136;HL_12;41.4134;-60.6682;392901;3178.25;25-may-13;14:59:00;34.9104;2.4892;5.9129;NaN;21.805;1.2145;16.77;34.9101;0;6.209;NaN;NaN;NaN;NaN
18HU13008_136;HL_12;41.4134;-60.6682;392902;2878.27;25-may-13;14:59:00;34.9247;2.732;5.8797;NaN;14.74;NaN;14.65;34.9238;0;6.194;NaN;NaN;NaN;NaN
18HU13008_136;HL_12;41.4134;-60.6682;392903;2569.49;25-may-13;14:59:00;34.9263;2.9178;5.9548;NaN;17.525;NaN;17.41;34.9257;0;6.238;NaN;NaN;NaN;NaN
18HU13008_136;HL_12;41.4134;-60.6682;392904;2281.87;25-may-13;14:59:00;34.9451;3.2019;5.8328;NaN;21.565;NaN;17.975;34.9446;0;6.1;NaN;NaN;NaN;NaN
18HU13008_136;HL_12;41.4134;-60.6682;392905;1998.91;25-may-13;14:59:00;34.661;3.7896;5.8293;NaN;20.35;NaN;17.22;34.9507;0;6.134;NaN;NaN;NaN;NaN
18HU13008_136;HL_12;41.4134;-60.6682;392906;1719.78;25-may-13;14:59:00;34.8389;3.9101;5.8032;NaN;23.63;NaN;14.97;34.9601;0;6.08667;NaN;NaN;NaN;NaN
18HU13008_136;HL_12;41.4134;-60.6682;392907;1453.28;25-may-13;14:59:00;34.9868;4.0192;4.5222;NaN;24.11;NaN;16.765;34.9708;0;6.028;NaN;NaN;NaN;NaN
18HU13008_136;HL_12;41.4134;-60.6682;392908;1201.05;25-may-13;14:59:00;35.1887;4.1044;5.7045;NaN;38.925;NaN;18.19;34.9829;0;5.929;NaN;NaN;NaN;NaN
18HU13008_136;HL_12;41.4134;-60.6682;392909;960.64;25-may-13;14:59:00;34.8468;4.6545;5.6476;NaN;42.02;NaN;17.89;34.9806;0;5.894;NaN;NaN;NaN;NaN
18HU13008_136;HL_12;41.4134;-60.6682;392910;730.91;25-may-13;14:59:00;35.0216;5.2016;5.2044;NaN;32.71;NaN;18.485;35.0203;0;5.403;NaN;NaN;NaN;NaN
18HU13008_136;HL_12;41.4134;-60.6682;392911;512.92;25-may-13;14:59:00;35.0167;6.2685;4.4487;NaN;30.42;NaN;21.34;35.0185;0;4.541;NaN;NaN;NaN;NaN
18HU13008_136;HL_12;41.4134;-60.6682;392912;332.11;25-may-13;14:59:00;35.2098;9.3014;3.1884;NaN;22.35;NaN;24.22;35.2093;0;3.301;NaN;NaN;NaN;NaN
18HU13008_136;HL_12;41.4134;-60.6682;392913;195.52;25-may-13;14:59:00;35.6545;12.953;4.4003;NaN;6.395;NaN;13.38;35.6489;0;4.601;NaN;NaN;NaN;NaN
18HU13008_136;HL_12;41.4134;-60.6682;392914;99.09;25-may-13;14:59:00;36.2301;12.3078;4.8746;0.0105;2.735;NaN;10.545;35.5346;0;5.051;NaN;NaN;NaN;NaN
18HU13008_136;HL_12;41.4134;-60.6682;392915;47.92;25-may-13;14:59:00;35.0683;12.1548;5.3312;0.119;0;NaN;7.17;35.0681;0;5.555;NaN;NaN;NaN;NaN
18HU13008_136;HL_12;41.4134;-60.6682;392916;3.15;25-may-13;14:59:00;35.7405;15.8864;5.6374;0.894;0;NaN;0;35.308;0;5.875;NaN;NaN;NaN;NaN
18HU13008_139;HL_11;41.7779;-60.9066;392917;4498.93;25-may-13;20:57:00;34.8786;2.1913;5.798;NaN;32.485;NaN;19.92;34.8786;0;6.008;NaN;NaN;NaN;NaN
18HU13008_139;HL_11;41.7779;-60.9066;392918;4376.82;25-may-13;20:57:00;34.8842;2.2118;5.88;NaN;29.975;1.333;18.795;34.8845;0.065;6.148;NaN;NaN;NaN;NaN
18HU13008_139;HL_11;41.7779;-60.9066;392919;4198.12;25-may-13;20:57:00;34.8903;2.2411;5.9947;NaN;25.17;1.2625;17.265;34.8894;0.05;6.27;NaN;NaN;NaN;NaN
18HU13008_139;HL_11;41.7779;-60.9066;392920;4000.37;25-may-13;20:57:00;34.8932;2.2643;6.0095;NaN;22.3;1.185;16.305;34.8926;0.045;6.313;NaN;NaN;NaN;NaN
18HU13008_139;HL_11;41.7779;-60.9066;392921;3749.6;25-may-13;20:57:00;34.8972;2.3145;6.0247;NaN;11.625;1.1995;17.49;NaN;0.05;NaN;NaN;NaN;NaN;NaN
18HU13008_139;HL_11;41.7779;-60.9066;392922;3749.46;25-may-13;20:57:00;34.8972;2.3146;6.0319;NaN;NaN;NaN;NaN;NaN;NaN;NaN;NaN;NaN;NaN;NaN
18HU13008_139;HL_11;41.7779;-60.9066;392923;3749.09;25-may-13;20:57:00;34.897;2.3147;6.0145;NaN;21.045;1.1915;16.04;34.896;0.035;6.303;NaN;NaN;NaN;NaN
18HU13008_139;HL_11;41.7779;-60.9066;392924;3472.81;25-may-13;20:57:00;34.9047;2.4355;6.0126;NaN;20.89;1.2155;17.205;34.9032;0.04;6.286;NaN;NaN;NaN;NaN
18HU13008_139;HL_11;41.7779;-60.9066;392925;3181.18;25-may-13;20:57:00;34.9134;2.6063;5.9973;NaN;18.75;1.2195;17.03;34.91333;0.05;6.28433;NaN;NaN;NaN;NaN
18HU13008_139;HL_11;41.7779;-60.9066;392926;2880.33;25-may-13;20:57:00;34.9281;2.8359;5.8947;NaN;19.685;1.243;17.785;34.9273;0.04;6.188;NaN;NaN;NaN;NaN
18HU13008_139;HL_11;41.7779;-60.9066;392927;2569.76;25-may-13;20:57:00;34.9392;3.0841;5.8667;NaN;18.4;1.266;17.675;34.9387;0.05;6.134;NaN;NaN;NaN;NaN
18HU13008_139;HL_11;41.7779;-60.9066;392928;2275.38;25-may-13;20:57:00;34.9477;3.2939;5.8366;NaN;16.47;1.2445;17.545;34.9472;0.05;6.118;NaN;NaN;NaN;NaN
18HU13008_139;HL_11;41.7779;-60.9066;392929;2001.07;25-may-13;20:57:00;34.95;3.4788;5.8676;NaN;14.735;1.2305;17.635;34.9497;0.045;6.092;NaN;NaN;NaN;NaN
18HU13008_139;HL_11;41.7779;-60.9066;392930;1716.83;25-may-13;20:57:00;34.959;3.7118;5.8445;NaN;13.5;1.227;17.58;34.9584;0.045;6.021;NaN;NaN;NaN;NaN
18HU13008_139;HL_11;41.7779;-60.9066;392931;1449.21;25-may-13;20:57:00;34.9678;3.9655;5.783;NaN;12.77;1.2375;17.905;34.9674;0.04;6.034;NaN;NaN;NaN;NaN
18HU13008_139;HL_11;41.7779;-60.9066;392932;1201.9;25-may-13;20:57:00;34.9778;4.1976;5.7054;NaN;12.16;1.231;17.885;34.9777;0.04;5.953;NaN;NaN;NaN;NaN
18HU13008_139;HL_11;41.7779;-60.9066;392933;953.07;25-may-13;20:57:00;34.993;4.5518;5.5779;NaN;11.75;1.245;18.02;34.9928;0.05;5.79;NaN;NaN;NaN;NaN
18HU13008_139;HL_11;41.7779;-60.9066;392934;731.79;25-may-13;20:57:00;35.018;5.0984;5.2498;NaN;12.25;1.308;18.945;35.0179;0.045;5.43233;NaN;NaN;NaN;NaN
18HU13008_139;HL_11;41.7779;-60.9066;392935;519.65;25-may-13;20:57:00;35.0756;6.5973;4.2836;NaN;13.28;1.4265;20.525;35.0747;0.035;4.39;NaN;NaN;NaN;NaN
18HU13008_139;HL_11;41.7779;-60.9066;392936;330.9;25-may-13;20:57:00;35.2485;9.8014;3.0019;NaN;13.925;1.6235;24.63;35.2485;0.045;3.086;NaN;NaN;NaN;NaN
18HU13008_139;HL_11;41.7779;-60.9066;392937;193.47;25-may-13;20:57:00;35.7091;13.3759;4.6499;NaN;5.74;0.774;11.31;35.7074;0.04;NaN;NaN;NaN;NaN;NaN
18HU13008_139;HL_11;41.7779;-60.9066;392938;99.4;25-may-13;20:57:00;35.7623;13.9213;4.8377;0.0315;3.74;0.654;9.23;35.7578;0.05;5.057;NaN;NaN;NaN;NaN
18HU13008_139;HL_11;41.7779;-60.9066;392939;49.08;25-may-13;20:57:00;35.7238;14.9733;5.0936;0.28;1.57;0.3615;4.27;35.7246;0.42;5.299;NaN;NaN;NaN;NaN
18HU13008_139;HL_11;41.7779;-60.9066;392940;3.56;25-may-13;20:57:00;35.7047;16.4589;5.4984;0.4823;3.71;0.648;9.58;35.7039;0.05;5.724;NaN;NaN;NaN;NaN
18HU13008_144;HL_10;42.0311;-61.0647;392941;4141.19;26-may-13;05:59:00;34.8938;2.2135;5.9971;NaN;26.755;1.2585;17.965;34.8879;0.03;6.22;NaN;NaN;NaN;NaN
18HU13008_144;HL_10;42.0311;-61.0647;392942;3997.89;26-may-13;05:59:00;34.8977;2.2386;6.0672;NaN;22.775;1.19;16.37;34.8928;0.035;6.116;NaN;NaN;NaN;NaN
18HU13008_144;HL_10;42.0311;-61.0647;392943;3822.45;26-may-13;05:59:00;34.8997;2.2536;6.0565;NaN;20.925;1.1785;15.51;34.8941;0.03;6.279;NaN;NaN;NaN;NaN
18HU13008_144;HL_10;42.0311;-61.0647;392944;3621.15;26-may-13;05:59:00;34.9032;2.3039;6.0432;NaN;23.085;1.2355;17.225;34.8975;0.03;6.228;NaN;NaN;NaN;NaN
18HU13008_144;HL_10;42.0311;-61.0647;392945;3421.3;26-may-13;05:59:00;34.9092;2.4172;6.0013;NaN;20.63;1.211;16.41;34.9046;0.03;6.10733;NaN;NaN;NaN;NaN
18HU13008_144;HL_10;42.0311;-61.0647;392946;3222.41;26-may-13;05:59:00;34.9163;2.5497;6.0052;NaN;19.64;1.199;16.675;34.9111;0.03;6.281;NaN;NaN;NaN;NaN
18HU13008_144;HL_10;42.0311;-61.0647;392947;2996.6;26-may-13;05:59:00;34.9244;2.7189;5.9997;NaN;19.215;1.227;17.605;34.9187;0.04;6.236;NaN;NaN;NaN;NaN
18HU13008_144;HL_10;42.0311;-61.0647;392948;2770.69;26-may-13;05:59:00;34.9343;2.9237;5.9499;NaN;16.72;1.161;15.7;34.9284;0.03;6.064;NaN;NaN;NaN;NaN
18HU13008_144;HL_10;42.0311;-61.0647;392949;2530.91;26-may-13;05:59:00;34.9438;3.1344;5.885;NaN;18.03;1.241;17.785;34.9386;0.03;5.893;NaN;NaN;NaN;NaN
18HU13008_144;HL_10;42.0311;-61.0647;392950;2278.43;26-may-13;05:59:00;34.9435;3.2981;5.9289;NaN;15.855;1.209;17.25;34.9382;0.03;6.196;NaN;NaN;NaN;NaN
18HU13008_144;HL_10;42.0311;-61.0647;392951;2022.81;26-may-13;05:59:00;34.9547;3.5142;5.893;NaN;13.455;1.1835;15.87;34.9494;0;5.244;NaN;NaN;NaN;NaN
18HU13008_144;HL_10;42.0311;-61.0647;392952;1760.64;26-may-13;05:59:00;34.964;3.7566;5.8559;NaN;13.685;1.274;17.985;34.9581;0;5.958;NaN;NaN;NaN;NaN
18HU13008_144;HL_10;42.0311;-61.0647;392953;1511.93;26-may-13;05:59:00;34.9738;3.9793;5.7947;NaN;11.78;1.1665;15.96;34.9687;0.03;6.027;NaN;NaN;NaN;NaN
18HU13008_144;HL_10;42.0311;-61.0647;392954;1270.42;26-may-13;05:59:00;34.9833;4.214;5.7386;NaN;12.52;1.237;17.77;34.9789;0;5.94967;NaN;NaN;NaN;NaN
18HU13008_144;HL_10;42.0311;-61.0647;392955;1049.89;26-may-13;05:59:00;34.9695;4.3329;5.7981;NaN;11.505;1.2065;17.47;34.964;0.03;6.018;NaN;NaN;NaN;NaN
18HU13008_144;HL_10;42.0311;-61.0647;392956;850.27;26-may-13;05:59:00;35.0016;4.7839;5.5263;NaN;11.505;1.224;17.74;34.9961;0.03;5.71;NaN;NaN;NaN;NaN
18HU13008_144;HL_10;42.0311;-61.0647;392957;649.36;26-may-13;05:59:00;35.0159;5.4677;5.0328;NaN;11.87;1.2735;18.385;35.01;0.03;5.195;NaN;NaN;NaN;NaN
18HU13008_144;HL_10;42.0311;-61.0647;392958;500.84;26-may-13;05:59:00;35.0303;6.7332;4.182;NaN;13.46;1.4195;20.005;35.0175;0.03;4.302;NaN;NaN;NaN;NaN
18HU13008_144;HL_10;42.0311;-61.0647;392959;330.87;26-may-13;05:59:00;35.2807;10.0595;3.0219;NaN;13.545;1.5825;23.895;35.2767;0.04;3.09;NaN;NaN;NaN;NaN
18HU13008_144;HL_10;42.0311;-61.0647;392960;196.35;26-may-13;05:59:00;35.713;13.1842;4.1423;NaN;6.34;0.9245;13.825;35.7035;0.04;4.297;NaN;NaN;NaN;NaN
18HU13008_144;HL_10;42.0311;-61.0647;392961;101.6;26-may-13;05:59:00;35.7815;13.8887;4.7352;0.0245;4.29;0.688;10.21;35.7718;0.05;4.893;NaN;NaN;NaN;NaN
18HU13008_144;HL_10;42.0311;-61.0647;392962;48.82;26-may-13;05:59:00;35.8371;14.8966;4.924;0.172;2.105;0.455;6.48;35.8329;0.125;5.097;NaN;NaN;NaN;NaN
18HU13008_144;HL_10;42.0311;-61.0647;392963;9.95;26-may-13;05:59:00;35.902;16.4925;5.4088;0.4554;0.795;0.134;1;35.8923;0.21;5.595;NaN;NaN;NaN;NaN
18HU13008_144;HL_10;42.0311;-61.0647;392964;4.55;26-may-13;05:59:00;35.9019;16.6512;5.4142;0.4587;0.78;0.132;0.745;35.8919;0.185;5.192;NaN;NaN;NaN;NaN
18HU13008_146;HL_09;42.2004;-61.1656;392965;3945.14;26-may-13;11:05:00;34.9003;2.2703;6.1093;NaN;22.5;1.19;16.6;34.8947;0.035;6.325;NaN;NaN;NaN;NaN
18HU13008_146;HL_09;42.2004;-61.1656;392966;3840.09;26-may-13;11:05:00;34.9012;2.2777;6.0958;NaN;21.39;1.193;16.435;34.8959;0.04;6.358;NaN;NaN;NaN;NaN
18HU13008_146;HL_09;42.2004;-61.1656;392967;3698.42;26-may-13;11:05:00;34.9032;2.3021;6.1028;NaN;20.455;1.188;16.295;34.8971;0.03;6.353;NaN;NaN;NaN;NaN
18HU13008_146;HL_09;42.2004;-61.1656;392968;3560.15;26-may-13;11:05:00;34.9058;2.3534;6.0781;NaN;20.195;1.1775;16.25;34.9;0.04;6.348;NaN;NaN;NaN;NaN
18HU13008_146;HL_09;42.2004;-61.1656;392969;3401.77;26-may-13;11:05:00;34.9109;2.4446;6.0548;NaN;18.95;1.145;15.485;34.9048;0.035;6.31767;NaN;NaN;NaN;NaN
18HU13008_146;HL_09;42.2004;-61.1656;392970;3211.83;26-may-13;11:05:00;34.9168;2.5776;6.0629;NaN;17.725;1.1535;15.815;34.9107;0.03;6.34;NaN;NaN;NaN;NaN
18HU13008_146;HL_09;42.2004;-61.1656;392971;2997.61;26-may-13;11:05:00;34.9279;2.7602;5.9497;NaN;17.465;1.14;15.135;34.9215;0.03;6.233;NaN;NaN;NaN;NaN
18HU13008_146;HL_09;42.2004;-61.1656;392972;2790.43;26-may-13;11:05:00;34.9375;2.9232;5.8942;NaN;18.495;1.207;16.86;34.9317;0.035;6.16;NaN;NaN;NaN;NaN
18HU13008_146;HL_09;42.2004;-61.1656;392973;2570.27;26-may-13;11:05:00;34.9427;3.0878;5.8846;NaN;17.855;1.223;17.57;34.93693;0.03;6.196;NaN;NaN;NaN;NaN
18HU13008_146;HL_09;42.2004;-61.1656;392974;2329.06;26-may-13;11:05:00;34.9472;3.2477;5.8965;NaN;14.18;1.12;15.07;34.9414;0.025;6.172;NaN;NaN;NaN;NaN
18HU13008_146;HL_09;42.2004;-61.1656;392975;2069.64;26-may-13;11:05:00;34.9515;3.4543;5.8972;NaN;14.755;1.243;17.57;34.9457;0;6.149;NaN;NaN;NaN;NaN
18HU13008_146;HL_09;42.2004;-61.1656;392976;1808.64;26-may-13;11:05:00;34.956;3.6648;5.8845;NaN;12.475;1.167;16.265;34.9506;0.04;6.133;NaN;NaN;NaN;NaN
18HU13008_146;HL_09;42.2004;-61.1656;392977;1563.88;26-may-13;11:05:00;34.9718;3.9272;5.8037;NaN;11.82;1.142;16.25;34.9665;0.03;6.048;NaN;NaN;NaN;NaN
18HU13008_146;HL_09;42.2004;-61.1656;392978;1299.51;26-may-13;11:05:00;34.9816;4.1783;5.7477;NaN;12.03;1.2285;18.025;34.977;0.03;5.96267;NaN;NaN;NaN;NaN
18HU13008_146;HL_09;42.2004;-61.1656;392979;1068.52;26-may-13;11:05:00;34.9961;4.4709;5.6417;NaN;11.98;1.2345;17.915;34.9904;0.03;5.858;NaN;NaN;NaN;NaN
18HU13008_146;HL_09;42.2004;-61.1656;392980;868.22;26-may-13;11:05:00;35.0145;4.8552;4.8272;NaN;10.895;1.2075;16.425;35.0094;0.03;5.636;NaN;NaN;NaN;NaN
18HU13008_146;HL_09;42.2004;-61.1656;392981;680.77;26-may-13;11:05:00;35.0196;5.4594;4.6382;NaN;10.92;1.2385;16.795;35.0132;0.03;5.189;NaN;NaN;NaN;NaN
18HU13008_146;HL_09;42.2004;-61.1656;392982;511.56;26-may-13;11:05:00;35.088;7.2056;3.6736;NaN;13.2;1.4735;20.83;35.0833;0.035;4.313;NaN;NaN;NaN;NaN
18HU13008_146;HL_09;42.2004;-61.1656;392983;340.22;26-may-13;11:05:00;35.2843;10.1602;2.4669;NaN;10.455;1.4055;18.55;35.2792;0.04;3.132;NaN;NaN;NaN;NaN
18HU13008_146;HL_09;42.2004;-61.1656;392984;228.78;26-may-13;11:05:00;35.7505;13.3446;3.3082;NaN;5.095;0.7925;11.225;35.742;0.035;4.878;NaN;NaN;NaN;NaN
18HU13008_146;HL_09;42.2004;-61.1656;392985;121.06;26-may-13;11:05:00;35.7729;13.8509;4.0619;NaN;4.45;0.693;9.835;35.7639;0.05;4.918;NaN;NaN;NaN;NaN
18HU13008_146;HL_09;42.2004;-61.1656;392986;49.85;26-may-13;11:05:00;36.027;16.0408;4.393;0.3103;1.125;0.216;2.3;36.019;0.36;5.421;NaN;NaN;NaN;NaN
18HU13008_146;HL_09;42.2004;-61.1656;392987;9.92;26-may-13;11:05:00;35.2374;14.9843;4.5688;1.4452;0.845;0.1415;0;35.2611;0.05;6.009;NaN;NaN;NaN;NaN
18HU13008_146;HL_09;42.2004;-61.1656;392988;2.63;26-may-13;11:05:00;35.266;15.1137;5.1152;1.4899;1.215;0.1355;0;35.2747;0.05;6.003;NaN;NaN;NaN;NaN
18HU13008_148;HL_08;42.3646;-61.3541;392989;3467.39;26-may-13;15:56:00;34.904;2.2909;6.1363;NaN;19.115;1.1505;15.635;34.8979;0.035;6.369;NaN;NaN;NaN;NaN
18HU13008_148;HL_08;42.3646;-61.3541;392990;3336.07;26-may-13;15:56:00;34.9093;2.4028;6.0879;NaN;18.98;1.1745;16.13;34.9034;0.04;6.333;NaN;NaN;NaN;NaN
18HU13008_148;HL_08;42.3646;-61.3541;392991;3162.47;26-may-13;15:56:00;34.9159;2.5684;6.0644;NaN;17.525;1.0365;15.905;34.9105;0.04;6.329;NaN;NaN;NaN;NaN
18HU13008_148;HL_08;42.3646;-61.3541;392992;2980.09;26-may-13;15:56:00;34.9228;2.7147;6.0194;NaN;16.965;1.0275;15.825;34.9172;0.035;6.297;NaN;NaN;NaN;NaN
18HU13008_148;HL_08;42.3646;-61.3541;392993;2750.25;26-may-13;15:56:00;34.9285;2.8987;6.0198;NaN;15.8;1.0025;15.69;34.9227;0.03;6.27533;NaN;NaN;NaN;NaN
18HU13008_148;HL_08;42.3646;-61.3541;392994;2502.22;26-may-13;15:56:00;34.9369;3.1566;5.9644;NaN;NaN;NaN;NaN;NaN;NaN;NaN;NaN;NaN;NaN;NaN
18HU13008_148;HL_08;42.3646;-61.3541;392995;2499.6;26-may-13;15:56:00;34.9371;3.1589;5.9653;NaN;NaN;NaN;NaN;NaN;NaN;NaN;NaN;NaN;NaN;NaN
18HU13008_148;HL_08;42.3646;-61.3541;392996;2501.46;26-may-13;15:56:00;34.9371;3.158;5.97;NaN;14.08;0.991;14.445;34.9317;0.03;6.214;NaN;NaN;NaN;NaN
18HU13008_148;HL_08;42.3646;-61.3541;392997;2307.19;26-may-13;15:56:00;34.945;3.3308;5.9274;NaN;14.57;1.0215;15.835;34.94087;0.03;6.105;NaN;NaN;NaN;NaN
18HU13008_148;HL_08;42.3646;-61.3541;392998;2098.75;26-may-13;15:56:00;34.9502;3.4992;5.9044;NaN;13.87;1.03;16.145;34.9453;0.035;6.157;NaN;NaN;NaN;NaN
18HU13008_148;HL_08;42.3646;-61.3541;392999;1878.52;26-may-13;15:56:00;34.9558;3.6448;5.8739;NaN;13.81;1.058;17.335;34.9518;0.03;6.114;NaN;NaN;NaN;NaN
18HU13008_148;HL_08;42.3646;-61.3541;393000;1663.43;26-may-13;15:56:00;34.965;3.847;5.8447;NaN;11.35;0.991;14.93;34.9604;0.04;6.064;NaN;NaN;NaN;NaN
18HU13008_148;HL_08;42.3646;-61.3541;393001;1436.97;26-may-13;15:56:00;34.9756;4.0585;5.7827;NaN;11.66;1.02;16.005;34.9699;0.035;6.004;NaN;NaN;NaN;NaN
18HU13008_148;HL_08;42.3646;-61.3541;393002;1231.89;26-may-13;15:56:00;34.9853;4.2964;5.7124;NaN;11.185;1.022;16.235;34.9811;0.035;5.92433;NaN;NaN;NaN;NaN
18HU13008_148;HL_08;42.3646;-61.3541;393003;1030.24;26-may-13;15:56:00;34.9947;4.5602;5.6303;NaN;11.06;1.041;16.595;34.9894;0.04;5.838;NaN;NaN;NaN;NaN
18HU13008_148;HL_08;42.3646;-61.3541;393004;842.72;26-may-13;15:56:00;35.0212;5.019;5.332;NaN;10.99;1.0545;16.955;35.0171;0.035;5.518;NaN;NaN;NaN;NaN
18HU13008_148;HL_08;42.3646;-61.3541;393005;661.33;26-may-13;15:56:00;34.9726;5.3942;5.0505;NaN;12.35;1.1145;18.645;34.9667;0.035;5.223;NaN;NaN;NaN;NaN
18HU13008_148;HL_08;42.3646;-61.3541;393006;482.72;26-may-13;15:56:00;35.1145;7.6467;3.7668;NaN;14.305;1.3045;22.92;35.1098;0.045;3.862;NaN;NaN;NaN;NaN
18HU13008_148;HL_08;42.3646;-61.3541;393007;332.55;26-may-13;15:56:00;35.47;11.5898;3.3105;NaN;9.94;1.105;19.24;35.4687;0.055;3.42;NaN;NaN;NaN;NaN
18HU13008_148;HL_08;42.3646;-61.3541;393008;211.08;26-may-13;15:56:00;35.6607;13.303;5.0909;NaN;3.625;0.621;8.35;35.6526;0.04;5.304;NaN;NaN;NaN;NaN
18HU13008_148;HL_08;42.3646;-61.3541;393009;110.2;26-may-13;15:56:00;35.7272;13.6931;5.0001;NaN;3.635;0.621;8.795;35.7181;0.06;5.182;NaN;NaN;NaN;NaN
18HU13008_148;HL_08;42.3646;-61.3541;393010;51.19;26-may-13;15:56:00;35.4876;13.7233;5.2252;NaN;5.81;0.484;5.41;35.4829;0.195;5.416;NaN;NaN;NaN;NaN
18HU13008_148;HL_08;42.3646;-61.3541;393011;7.64;26-may-13;15:56:00;35.1461;14.9356;5.7456;NaN;13.77;1.217;NaN;35.1388;0.04;5.948;NaN;NaN;NaN;NaN
18HU13008_148;HL_08;42.3646;-61.3541;393012;2.96;26-may-13;15:56:00;35.1464;14.928;5.7494;NaN;0.64;0.2465;0.1;35.1392;0.055;5.951;NaN;NaN;NaN;NaN
18HU13008_152;HL_07;42.4891;-61.4112;393013;2877.95;27-may-13;01:07:00;34.9204;2.6859;6.0519;NaN;17.515;1.034;16.65;34.9166;0.03;6.307;NaN;NaN;NaN;NaN
18HU13008_152;HL_07;42.4891;-61.4112;393014;2742.39;27-may-13;01:07:00;34.9301;2.9555;5.9585;NaN;17.085;1.054;17.01;34.927;0.03;6.248;NaN;NaN;NaN;NaN
18HU13008_152;HL_07;42.4891;-61.4112;393015;2569.93;27-may-13;01:07:00;34.9446;3.1467;5.8689;NaN;17.765;1.078;17.595;34.9398;0.03;6.145;NaN;NaN;NaN;NaN
18HU13008_152;HL_07;42.4891;-61.4112;393016;2388.7;27-may-13;01:07:00;34.9461;3.2974;5.8539;NaN;15.445;1.068;16.595;34.9425;0.03;6.166;NaN;NaN;NaN;NaN
18HU13008_152;HL_07;42.4891;-61.4112;393017;2200.23;27-may-13;01:07:00;34.9476;3.411;5.8588;NaN;15.31;1.0815;17.27;34.9453;0.03;6.14733;NaN;NaN;NaN;NaN
18HU13008_152;HL_07;42.4891;-61.4112;393018;1999.65;27-may-13;01:07:00;34.9528;3.5977;5.8381;NaN;13.265;1.0535;16.36;34.9502;0.03;6.135;NaN;NaN;NaN;NaN
18HU13008_152;HL_07;42.4891;-61.4112;393019;1754.91;27-may-13;01:07:00;34.9612;3.7686;5.8186;NaN;13.455;1.078;17.39;34.9575;0.03;6.087;NaN;NaN;NaN;NaN
18HU13008_152;HL_07;42.4891;-61.4112;393020;1500.48;27-may-13;01:07:00;34.9651;3.9763;5.7813;NaN;12.255;1.067;17.22;34.9628;0.03;6.053;NaN;NaN;NaN;NaN
18HU13008_152;HL_07;42.4891;-61.4112;393021;1249.48;27-may-13;01:07:00;34.967;4.1953;5.7596;NaN;11.6;1.08;17.22;34.9638;0.03;6.029;NaN;NaN;NaN;NaN
18HU13008_152;HL_07;42.4891;-61.4112;393022;998.63;27-may-13;01:07:00;34.9688;4.4682;5.7047;NaN;11.115;1.0665;17.215;34.9687;0.03;5.949;NaN;NaN;NaN;NaN
18HU13008_152;HL_07;42.4891;-61.4112;393023;748.41;27-may-13;01:07:00;34.9823;5.0412;5.3154;NaN;12.015;1.103;17.925;34.978;0.03;5.558;NaN;NaN;NaN;NaN
18HU13008_152;HL_07;42.4891;-61.4112;393024;501.56;27-may-13;01:07:00;35.0947;7.4196;3.8338;NaN;13.665;1.2825;21.485;35.1061;0.045;3.976;NaN;NaN;NaN;NaN
18HU13008_152;HL_07;42.4891;-61.4112;393025;298.9;27-may-13;01:07:00;35.466;11.6261;3.2602;NaN;10.285;1.1325;19.485;35.4756;0.04;3.421;NaN;NaN;NaN;NaN
18HU13008_152;HL_07;42.4891;-61.4112;393026;201.44;27-may-13;01:07:00;35.6668;13.3413;4.9348;NaN;4.45;0.6445;9.37;35.6648;0.045;5.22;NaN;NaN;NaN;NaN
18HU13008_152;HL_07;42.4891;-61.4112;393027;149.67;27-may-13;01:07:00;35.6881;13.4948;4.9641;NaN;4.175;0.628;8.925;35.6846;0.045;5.236;NaN;NaN;NaN;NaN
18HU13008_152;HL_07;42.4891;-61.4112;393028;99.63;27-may-13;01:07:00;35.741;13.9244;5.0887;0.0228;2.365;0.5375;7.365;35.7424;0.115;5.364;NaN;NaN;NaN;NaN
18HU13008_152;HL_07;42.4891;-61.4112;393029;80.16;27-may-13;01:07:00;35.8294;14.3418;5.1652;0.0333;1.3;0.489;6.27;NaN;0.545;5.423;NaN;NaN;NaN;NaN
18HU13008_152;HL_07;42.4891;-61.4112;393030;61.75;27-may-13;01:07:00;35.5022;13.4066;5.3138;0.1208;1.565;0.484;5.655;NaN;0.62;5.579;NaN;NaN;NaN;NaN
18HU13008_152;HL_07;42.4891;-61.4112;393031;51.34;27-may-13;01:07:00;35.2627;12.86;5.4669;0.1923;1.69;0.5005;4.84;35.2225;0.76;5.739;NaN;NaN;NaN;NaN
18HU13008_152;HL_07;42.4891;-61.4112;393032;38.99;27-may-13;01:07:00;35.187;13.9528;5.4241;0.3913;1.23;0.3965;2.54;NaN;0.44;5.702;NaN;NaN;NaN;NaN
18HU13008_152;HL_07;42.4891;-61.4112;393033;29.99;27-may-13;01:07:00;35.2572;14.6767;5.6321;0.745;0.865;0.253;0.13;NaN;0.08;5.945;NaN;NaN;NaN;NaN
18HU13008_152;HL_07;42.4891;-61.4112;393034;18.44;27-may-13;01:07:00;35.0628;14.8872;5.6677;0.3811;0.89;0.235;0.08;NaN;0.05;5.967;NaN;NaN;NaN;NaN
18HU13008_152;HL_07;42.4891;-61.4112;393035;10.97;27-may-13;01:07:00;34.894;14.7654;5.6548;0.1923;0.735;0.235;0;34.8845;0.04;5.956;NaN;NaN;NaN;NaN
18HU13008_152;HL_07;42.4891;-61.4112;393036;4.64;27-may-13;01:07:00;34.8948;14.7945;5.6794;0.1821;0.81;0.2385;0;NaN;0.04;5.969;NaN;NaN;NaN;NaN
18HU13008_155;HL_06;42.8308;-61.7328;393037;1099.05;27-may-13;08:40:00;34.966;4.2685;5.7712;NaN;11.675;1.046;17.14;34.9618;0.045;6.004;NaN;NaN;NaN;NaN
18HU13008_155;HL_06;42.8308;-61.7328;393038;969.57;27-may-13;08:40:00;34.9747;4.5689;5.622;NaN;11.585;1.043;17.085;34.9764;0.04;5.865;NaN;NaN;NaN;NaN
18HU13008_155;HL_06;42.8308;-61.7328;393039;752.11;27-may-13;08:40:00;34.9421;4.6147;5.6379;NaN;11.425;1.0595;17.22;34.9388;0.04;5.886;NaN;NaN;NaN;NaN
18HU13008_155;HL_06;42.8308;-61.7328;393040;498.79;27-may-13;08:40:00;34.9129;5.1594;5.1148;NaN;11.42;1.2535;16.715;34.9075;0.05;5.321;NaN;NaN;NaN;NaN
18HU13008_155;HL_06;42.8308;-61.7328;393041;301.12;27-may-13;08:40:00;34.8557;7.2822;3.9846;NaN;13.755;1.498;21.13;34.9565;0.045;4.0605;NaN;NaN;NaN;NaN
18HU13008_155;HL_06;42.8308;-61.7328;393042;200.51;27-may-13;08:40:00;35.1041;9.4755;3.4184;NaN;11.085;1.378;19.43;35.1285;0.04;3.531;NaN;NaN;NaN;NaN
18HU13008_155;HL_06;42.8308;-61.7328;393043;148.8;27-may-13;08:40:00;35.0434;10.0413;4.0277;NaN;7.595;1.0645;13.935;NaN;0.06;NaN;NaN;NaN;NaN;NaN
18HU13008_155;HL_06;42.8308;-61.7328;393044;99.42;27-may-13;08:40:00;35.1028;11.242;4.5815;0.0508;6.625;0.906;11.895;35.1018;0.06;NaN;NaN;NaN;NaN;NaN
18HU13008_155;HL_06;42.8308;-61.7328;393045;80.34;27-may-13;08:40:00;34.8741;10.6365;4.8275;0.0735;6.375;0.8755;11.065;NaN;0.07;NaN;NaN;NaN;NaN;NaN
18HU13008_155;HL_06;42.8308;-61.7328;393046;59.89;27-may-13;08:40:00;34.3853;8.761;5.6197;0.0998;3.71;0.6975;6.79;NaN;0.3;NaN;NaN;NaN;NaN;NaN
18HU13008_155;HL_06;42.8308;-61.7328;393047;49.19;27-may-13;08:40:00;33.964;7.7969;5.9691;0.2065;2.765;0.6125;4.8;33.903;0.24;6.241;NaN;NaN;NaN;NaN
18HU13008_155;HL_06;42.8308;-61.7328;393048;40.6;27-may-13;08:40:00;33.859;7.7094;6.0721;0.3103;3.02;0.659;4.525;NaN;0.24;NaN;NaN;NaN;NaN;NaN
18HU13008_155;HL_06;42.8308;-61.7328;393049;29.51;27-may-13;08:40:00;33.4961;8.8004;6.3387;1.2366;2.075;0.491;2.125;NaN;0.15;NaN;NaN;NaN;NaN;NaN
18HU13008_155;HL_06;42.8308;-61.7328;393050;20.72;27-may-13;08:40:00;33.5321;8.9656;6.4484;2.2225;1.61;0.396;0.715;NaN;0.08;NaN;NaN;NaN;NaN;NaN
18HU13008_155;HL_06;42.8308;-61.7328;393051;9.62;27-may-13;08:40:00;33.1351;9.6522;6.5424;0.8791;1.095;0.289;0;33.1528;0.055;6.846;NaN;NaN;NaN;NaN
18HU13008_155;HL_06;42.8308;-61.7328;393052;3.19;27-may-13;08:40:00;33.1185;9.7663;6.5439;0.8344;1.11;0.286;0;33.1327;0.045;6.84;NaN;NaN;NaN;NaN
18HU13008_162;HL_05;43.1832;-62.0999;393053;89.78;27-may-13;17:07:00;33.7921;6.8867;5.6663;0.035;6.96;0.865;7.085;NaN;0.26;5.85933;NaN;NaN;NaN;NaN
18HU13008_162;HL_05;43.1832;-62.0999;393054;80.17;27-may-13;17:07:00;33.6763;6.5032;5.743;0.0333;6.27;0.854;6.27;NaN;0.24;NaN;NaN;NaN;NaN;NaN
18HU13008_162;HL_05;43.1832;-62.0999;393055;61.35;27-may-13;17:07:00;33.2764;6.0745;6.4393;0.226;2.865;0.649;2.525;NaN;0.165;NaN;NaN;NaN;NaN;NaN
18HU13008_162;HL_05;43.1832;-62.0999;393056;49.57;27-may-13;17:07:00;33.1221;5.8595;6.6291;0.3339;2.2;0.617;2.04;NaN;0.14;6.889;NaN;NaN;NaN;NaN
18HU13008_162;HL_05;43.1832;-62.0999;393057;41.18;27-may-13;17:07:00;32.9443;5.7334;6.8676;1.1919;1.845;0.5565;1.47;NaN;0.12;NaN;NaN;NaN;NaN;NaN
18HU13008_162;HL_05;43.1832;-62.0999;393058;29.52;27-may-13;17:07:00;32.8447;7.0377;6.9812;1.8028;1.415;0.412;0;NaN;0.065;NaN;NaN;NaN;NaN;NaN
18HU13008_162;HL_05;43.1832;-62.0999;393059;20.18;27-may-13;17:07:00;32.7966;7.8551;6.9055;0.9685;1.41;0.3535;0;NaN;0.055;NaN;NaN;NaN;NaN;NaN
18HU13008_162;HL_05;43.1832;-62.0999;393060;9.04;27-may-13;17:07:00;32.5554;8.3435;6.7606;0.2901;1.1;0.366;0;NaN;0.055;7.056;NaN;NaN;NaN;NaN
18HU13008_162;HL_05;43.1832;-62.0999;393061;3.03;27-may-13;17:07:00;32.5574;8.322;6.7809;0.2934;1.17;0.3675;0;NaN;0.05;7.045;NaN;NaN;NaN;NaN
18HU13008_164;HL_04;43.4836;-62.4486;393062;73.03;27-may-13;20:12:00;32.7689;4.1856;6.3211;0.091;5.935;0.9025;7.2;NaN;0.18;6.513;NaN;NaN;NaN;NaN
18HU13008_164;HL_04;43.4836;-62.4486;393063;63.52;27-may-13;20:12:00;32.7822;4.2798;6.3125;0.0893;5.98;0.9145;7.095;NaN;0.19;6.512;NaN;NaN;NaN;NaN
18HU13008_164;HL_04;43.4836;-62.4486;393064;58.39;27-may-13;20:12:00;32.7976;4.547;6.3667;0.1243;5.46;0.8635;6.52;NaN;0.2;NaN;NaN;NaN;NaN;NaN
18HU13008_164;HL_04;43.4836;-62.4486;393065;48.06;27-may-13;20:12:00;32.5651;4.3457;6.9845;0.28;2.73;0.627;2.35;NaN;0.145;7.131;NaN;NaN;NaN;NaN
18HU13008_164;HL_04;43.4836;-62.4486;393066;37.93;27-may-13;20:12:00;32.1797;2.8534;7.0976;0.1956;3.94;0.8295;4.4;NaN;0.135;NaN;NaN;NaN;NaN;NaN
18HU13008_164;HL_04;43.4836;-62.4486;393067;28.64;27-may-13;20:12:00;31.9665;2.7363;7.3624;0.2934;2.97;0.7335;3.115;NaN;0.115;NaN;NaN;NaN;NaN;NaN
18HU13008_164;HL_04;43.4836;-62.4486;393068;19.87;27-may-13;20:12:00;31.8204;5.5654;7.3599;0.3272;1.535;0.5565;1.15;NaN;0.085;NaN;NaN;NaN;NaN;NaN
18HU13008_164;HL_04;43.4836;-62.4486;393069;8.41;27-may-13;20:12:00;31.8367;7.1988;7.0188;0.4284;0.925;0.4325;0;NaN;0.06;7.313;NaN;NaN;NaN;NaN
18HU13008_164;HL_04;43.4836;-62.4486;393070;4.25;27-may-13;20:12:00;31.8391;7.2153;7.0111;0.6407;0.93;0.4155;0;NaN;0.055;7.313;NaN;NaN;NaN;NaN
18HU13008_166;HL_03;43.8862;-62.8857;393071;255.91;27-may-13;23:49:00;35.0993;9.6652;3.1275;NaN;16.355;1.3965;20.805;35.0925;0.08;3.249;NaN;NaN;NaN;NaN
18HU13008_166;HL_03;43.8862;-62.8857;393072;199.06;27-may-13;23:49:00;35.0506;10.1457;3.4178;NaN;12.26;1.3615;18.405;NaN;0.07;3.5895;NaN;NaN;NaN;NaN
18HU13008_166;HL_03;43.8862;-62.8857;393073;101.35;27-may-13;23:49:00;33.8716;7.7785;4.199;0.0245;12.255;1.2195;13.155;NaN;0.075;4.418;NaN;NaN;NaN;NaN
18HU13008_166;HL_03;43.8862;-62.8857;393074;79.68;27-may-13;23:49:00;32.7774;4.1084;6.2307;0.0438;5.275;0.8985;5.465;NaN;0.2;NaN;NaN;NaN;NaN;NaN
18HU13008_166;HL_03;43.8862;-62.8857;393075;59.79;27-may-13;23:49:00;32.3359;2.9648;6.8126;0.0245;4.305;0.8455;4.37;NaN;0.13;NaN;NaN;NaN;NaN;NaN
18HU13008_166;HL_03;43.8862;-62.8857;393076;50.78;27-may-13;23:49:00;32.2875;3.5076;7.1933;0.175;2.03;0.665;2.315;NaN;0.095;7.4675;NaN;NaN;NaN;NaN
18HU13008_166;HL_03;43.8862;-62.8857;393077;39.09;27-may-13;23:49:00;32.0336;3.2176;7.3493;4.1385;1.985;0.938;2.49;NaN;0.11;NaN;NaN;NaN;NaN;NaN
18HU13008_166;HL_03;43.8862;-62.8857;393078;28.09;27-may-13;23:49:00;31.5424;5.5859;7.2613;0.226;0.595;0.4445;0;NaN;0.045;NaN;NaN;NaN;NaN;NaN
18HU13008_166;HL_03;43.8862;-62.8857;393079;19.18;27-may-13;23:49:00;31.4337;7.3734;6.9343;0.2226;0.715;0.4245;0;NaN;0.05;NaN;NaN;NaN;NaN;NaN
18HU13008_166;HL_03;43.8862;-62.8857;393080;8.83;27-may-13;23:49:00;31.4302;7.46;6.9017;0.2429;1.385;0.453;0;31.4317;0.05;7.221;NaN;NaN;NaN;NaN
18HU13008_166;HL_03;43.8862;-62.8857;393081;3.08;27-may-13;23:49:00;31.4307;7.4632;6.9117;0.1754;0.7;0.432;0;NaN;0.035;5.0055;NaN;NaN;NaN;NaN
18HU13008_166;HL_03;43.8862;-62.8857;393082;2.96;27-may-13;23:49:00;31.4308;7.4615;6.9012;NaN;0.87;0.4165;0;NaN;0.04;NaN;NaN;NaN;NaN;NaN
18HU13008_169;HL_02;44.2663;-63.3128;393083;138.18;28-may-13;05:12:00;34.1938;8.6794;3.9505;0.0228;13.805;1.166;13.08;NaN;0.06;4.1535;NaN;NaN;NaN;NaN
18HU13008_169;HL_02;44.2663;-63.3128;393084;100.83;28-may-13;05:12:00;32.9898;4.9507;5.6633;0.021;8;1.0045;8.95;NaN;0.175;5.9315;NaN;NaN;NaN;NaN
18HU13008_169;HL_02;44.2663;-63.3128;393085;80.48;28-may-13;05:12:00;32.4788;3.2008;6.5666;0.0333;4.57;0.8685;5.38;NaN;0.14;NaN;NaN;NaN;NaN;NaN
18HU13008_169;HL_02;44.2663;-63.3128;393086;58.82;28-may-13;05:12:00;32.1986;2.7415;7.0737;0.0893;3.52;0.802;3.95;NaN;0.11;NaN;NaN;NaN;NaN;NaN
18HU13008_169;HL_02;44.2663;-63.3128;393087;50.12;28-may-13;05:12:00;32.1116;2.8499;7.1075;0.1645;4.22;0.7735;3.52;NaN;0.11;7.408;NaN;NaN;NaN;NaN
18HU13008_169;HL_02;44.2663;-63.3128;393088;40.26;28-may-13;05:12:00;32.0235;3.239;7.2909;0.28;2.385;0.7175;2.88;NaN;0.105;7.568;NaN;NaN;NaN;NaN
18HU13008_169;HL_02;44.2663;-63.3128;393089;31.26;28-may-13;05:12:00;31.9644;4.5745;7.1962;1.0727;1.38;0.5255;0.64;NaN;0.07;NaN;NaN;NaN;NaN;NaN
18HU13008_169;HL_02;44.2663;-63.3128;393090;20.47;28-may-13;05:12:00;31.4755;6.3719;7.3069;0.3137;0.71;0.421;0;NaN;0.05;NaN;NaN;NaN;NaN;NaN
18HU13008_169;HL_02;44.2663;-63.3128;393091;10.15;28-may-13;05:12:00;31.0635;7.3636;6.9911;0.2934;0.725;0.4095;0.55;NaN;0.05;7.266;NaN;NaN;NaN;NaN
18HU13008_169;HL_02;44.2663;-63.3128;393092;2.03;28-may-13;05:12:00;31.0646;7.3645;7.0007;0.2429;0.705;0.413;0;NaN;0.04;7.2625;NaN;NaN;NaN;NaN
18HU13008_169;HL_02;44.2663;-63.3128;393093;2.32;28-may-13;05:12:00;31.0637;7.3539;6.9831;NaN;NaN;NaN;NaN;NaN;NaN;NaN;NaN;NaN;NaN;NaN
18HU13008_172;HL_01;44.3999;-63.4494;393094;75.43;28-may-13;07:32:00;32.396;3.6047;6.4772;0.054;6.66;0.892;5.845;32.4118;0.165;6.6645;NaN;NaN;NaN;NaN
18HU13008_172;HL_01;44.3999;-63.4494;393095;60.45;28-may-13;07:32:00;32.2955;3.8274;6.9126;0.1282;3.93;0.717;3.36;NaN;0.125;NaN;NaN;NaN;NaN;NaN
18HU13008_172;HL_01;44.3999;-63.4494;393096;50.47;28-may-13;07:32:00;32.1304;3.5318;7.1179;0.1015;2.845;0.664;2.715;NaN;0.09;7.3695;NaN;NaN;NaN;NaN
18HU13008_172;HL_01;44.3999;-63.4494;393097;41.15;28-may-13;07:32:00;32.022;3.5672;7.2195;0.1956;2.675;0.703;2.49;NaN;0.09;NaN;NaN;NaN;NaN;NaN
18HU13008_172;HL_01;44.3999;-63.4494;393098;30.88;28-may-13;07:32:00;31.8738;3.9621;7.3224;0.2934;2.185;0.6205;1.61;NaN;0.07;NaN;NaN;NaN;NaN;NaN
18HU13008_172;HL_01;44.3999;-63.4494;393099;20.45;28-may-13;07:32:00;31.713;5.3308;7.4247;0.596;0.93;0.441;0;NaN;0.035;NaN;NaN;NaN;NaN;NaN
18HU13008_172;HL_01;44.3999;-63.4494;393100;9.9;28-may-13;07:32:00;31.1555;6.5539;7.1776;0.6258;0.755;0.432;0;31.1555;0.045;7.4435;NaN;NaN;NaN;NaN
18HU13008_172;HL_01;44.3999;-63.4494;393101;2.22;28-may-13;07:32:00;31.1416;6.5986;7.1685;1.1025;0.62;0.409;0;NaN;0.04;7.422;NaN;NaN;NaN;NaN
18HU13008_172;HL_01;44.3999;-63.4494;393102;2.32;28-may-13;07:32:00;31.1462;6.587;7.1677;NaN;NaN;NaN;NaN;NaN;NaN;NaN;NaN;NaN;NaN;NaN
18HU13008_284;HL_02;44.26613;-63.31396;391987;137.64;07-may-13;06:14:00;34.3856;9.2572;3.9217;NaN;NaN;NaN;NaN;NaN;NaN;NaN;NaN;NaN;NaN;NaN
18HU13008_284;HL_02;44.26613;-63.31396;391988;137.13;07-may-13;06:14:00;34.3901;9.2693;3.9079;NaN;NaN;NaN;NaN;NaN;NaN;NaN;NaN;NaN;NaN;NaN
18HU13008_284;HL_02;44.26613;-63.31396;391989;137.44;07-may-13;06:14:00;34.3866;9.2523;3.8825;NaN;NaN;NaN;NaN;NaN;NaN;NaN;NaN;NaN;NaN;NaN
18HU13008_284;HL_02;44.26613;-63.31396;391990;137.42;07-may-13;06:14:00;34.3756;9.2261;3.9158;NaN;NaN;NaN;NaN;NaN;NaN;NaN;NaN;NaN;NaN;NaN
18HU13008_284;HL_02;44.26613;-63.31396;391991;137.47;07-may-13;06:14:00;34.3716;9.2199;3.895;NaN;NaN;NaN;NaN;NaN;NaN;NaN;NaN;NaN;NaN;NaN
18HU13008_284;HL_02;44.26613;-63.31396;391992;137.12;07-may-13;06:14:00;34.3636;9.1974;3.9067;NaN;NaN;NaN;NaN;NaN;NaN;NaN;NaN;NaN;NaN;NaN
18HU13008_284;HL_02;44.26613;-63.31396;391993;137.58;07-may-13;06:14:00;34.3672;9.2076;3.9068;NaN;NaN;NaN;NaN;NaN;NaN;NaN;NaN;NaN;NaN;NaN
18HU13008_284;HL_02;44.26613;-63.31396;391994;137.17;07-may-13;06:14:00;34.3633;9.193;3.9051;NaN;NaN;NaN;NaN;NaN;NaN;NaN;NaN;NaN;NaN;NaN
18HU13008_284;HL_02;44.26613;-63.31396;391995;137.57;07-may-13;06:14:00;34.3718;9.2139;3.9201;NaN;NaN;NaN;NaN;NaN;NaN;NaN;NaN;NaN;NaN;NaN
18HU13008_284;HL_02;44.26613;-63.31396;391996;137.46;07-may-13;06:14:00;34.3672;9.205;3.9127;NaN;NaN;NaN;NaN;NaN;NaN;NaN;NaN;NaN;NaN;NaN
18HU13008_284;HL_02;44.26613;-63.31396;391997;137.27;07-may-13;06:14:00;34.3585;9.1801;3.9094;NaN;NaN;NaN;NaN;NaN;NaN;NaN;NaN;NaN;NaN;NaN
18HU13008_284;HL_02;44.26613;-63.31396;391998;137.16;07-may-13;06:14:00;34.3566;9.1791;3.9235;NaN;NaN;NaN;NaN;NaN;NaN;NaN;NaN;NaN;NaN;NaN
18HU13008_284;HL_02;44.26613;-63.31396;391999;137.77;07-may-13;06:14:00;34.3627;9.1994;3.9248;NaN;NaN;NaN;NaN;NaN;NaN;NaN;NaN;NaN;NaN;NaN
18HU13008_284;HL_02;44.26613;-63.31396;392000;137.48;07-may-13;06:14:00;34.3595;9.1872;3.9258;NaN;NaN;NaN;NaN;NaN;NaN;NaN;NaN;NaN;NaN;NaN
18HU13008_284;HL_02;44.26613;-63.31396;392001;137.02;07-may-13;06:14:00;34.353;9.1703;3.9213;0.0665;15.94;1.1685;14.9;34.3466;0.17;4.0515;NaN;NaN;NaN;NaN
18HU13008_284;HL_02;44.26613;-63.31396;392002;99.91;07-may-13;06:14:00;32.8641;4.7888;6.0696;0.0508;6.655;0.8595;7.83;NaN;0.19;6.363;NaN;NaN;NaN;NaN
18HU13008_284;HL_02;44.26613;-63.31396;392003;79.9;07-may-13;06:14:00;32.2561;2.6732;6.7868;0.049;5.66;0.875;6.895;NaN;0.17;7.02;NaN;NaN;NaN;NaN
18HU13008_284;HL_02;44.26613;-63.31396;392004;60.46;07-may-13;06:14:00;31.8925;1.9724;7.2996;0.0525;5.33;0.822;5.825;NaN;0.165;7.429;NaN;NaN;NaN;NaN
18HU13008_284;HL_02;44.26613;-63.31396;392005;51.21;07-may-13;06:14:00;31.8078;2.4634;7.7388;0.0805;2.04;0.574;2.2;NaN;0.12;8.005;NaN;NaN;NaN;NaN
18HU13008_284;HL_02;44.26613;-63.31396;392006;40.11;07-may-13;06:14:00;31.6568;2.8776;7.8985;0.1628;1.08;0.4735;1.48;31.6554;0.115;8.1055;NaN;NaN;NaN;NaN
18HU13008_284;HL_02;44.26613;-63.31396;392007;29.03;07-may-13;06:14:00;31.3964;3.0123;7.9295;0.1803;0.84;0.4305;1.385;NaN;0.095;8.093;NaN;NaN;NaN;NaN
18HU13008_284;HL_02;44.26613;-63.31396;392008;20.8;07-may-13;06:14:00;31.3653;3.573;7.8387;0.1923;0.47;0.421;0.185;NaN;0.095;NaN;NaN;NaN;NaN;NaN
18HU13008_284;HL_02;44.26613;-63.31396;392009;9.92;07-may-13;06:14:00;31.1601;3.8438;7.8682;0.2091;0.35;0.42;0.395;NaN;0.045;7.988;NaN;NaN;NaN;NaN
18HU13008_284;HL_02;44.26613;-63.31396;392010;2.86;07-may-13;06:14:00;31.1303;4.0388;7.8461;0.1754;0.345;0.386;0.395;31.1567;0.05;8.0705;NaN;NaN;NaN;NaN
