CTD;CTD;CTD;CTD;CTD;CTD;CTD;CTD;CTD;CTD;CTD;CTD;CTD;labo;labo;labo;labo;labo;labo;labo;labo;labo;labo;labo
Fichier;Station;Latitude;Longitude;Echantillon;zbouteille;Date;Heure;PRES;PSAL;TEMP_XX;DOXY;PHPH;CHL_01;Si_01;PO4_01;NOx_01;PSAL_BS;NO2_01;OXY_02;NO2_01;NOx_01;PO4_01;Si_01
(nom);(nom/no);(degres);(degres);(no_unique);(dbar);(jj-mmm-yyyy);(GMT);(dbar);(psu);(celsius);(ml/l);((none));(mg/m**3);(mmol/m**3);(mmol/m**3);(mmol/m**3);(PSU);(mmol/m**3);(ml/l);(mmol/m**3);(mmol/m**3);(mmol/m**3);(mmol/m**3)
18HU16006_014;CSL_03;47.09996;-59.9959;433045;322.04;02-may-16;06:20:00;322.043;34.8107;6.0483;2.7316;7.802;NaN;30.38667;1.8;23.05667;34.822;0.06333;2.9;NaN;NaN;NaN;NaN
18HU16006_014;CSL_03;47.10014;-59.9963;433046;200.7;02-may-16;06:22:00;200.702;34.2727;5.8888;3.7362;7.876;NaN;19.02667;1.45067;18.07333;34.299;0.06333;3.939;NaN;NaN;NaN;NaN
18HU16006_014;CSL_03;47.10018;-59.99654;433047;150.38;02-may-16;06:24:00;150.38;33.2232;3.3815;5.714;7.961;NaN;10.67;1.07533;10.53333;33.257;0.13667;5.907;NaN;NaN;NaN;NaN
18HU16006_014;CSL_03;47.10024;-59.99658;433048;100.47;02-may-16;06:29:00;100.477;32.1172;1.1537;7.3882;8.017;0.48367;2.11667;0.687;3.01667;32.126;0.11667;7.703;NaN;NaN;NaN;NaN
18HU16006_014;CSL_03;47.10028;-59.99654;433049;80.22;02-may-16;06:30:00;80.22;32.0187;0.8603;7.5949;8.038;0.11569;2.19333;0.66767;2.56667;NaN;0.12;7.931;NaN;NaN;NaN;NaN
18HU16006_014;CSL_03;47.10034;-59.99651;433050;60;02-may-16;06:31:00;60.007;31.7908;0.1136;7.9286;8.048;0.09743;1.56;0.666;2.06;NaN;0.1;8.279;NaN;NaN;NaN;NaN
18HU16006_014;CSL_03;47.1004;-59.99646;433051;50.13;02-may-16;06:32:00;50.135;31.6434;0.5851;7.9751;8.068;0.47419;0.95667;0.58567;1.51333;31.703;0.07667;8.327;NaN;NaN;NaN;NaN
18HU16006_014;CSL_03;47.10046;-59.99642;433052;39.97;02-may-16;06:33:00;39.972;31.6259;0.6447;7.9651;8.073;0.49789;0.75;0.59367;1.39333;NaN;0.09;NaN;NaN;NaN;NaN;NaN
18HU16006_014;CSL_03;47.10052;-59.99636;433053;29.67;02-may-16;06:34:00;29.671;31.6098;0.7988;8.0304;8.082;0.64489;0.49667;0.484;1.03;31.626;0.04667;NaN;NaN;NaN;NaN;NaN
18HU16006_014;CSL_03;47.1006;-59.99632;433054;20.4;02-may-16;06:34:00;20.401;31.5823;0.8274;8.0661;8.087;1.07793;0.36667;0.50333;1.02;NaN;0.05333;NaN;NaN;NaN;NaN;NaN
18HU16006_014;CSL_03;47.10068;-59.99628;433055;9.66;02-may-16;06:35:00;9.666;31.5173;1.125;8.1933;8.11;2.11156;0.28333;0.59533;1.1;NaN;0.07333;8.483;NaN;NaN;NaN;NaN
18HU16006_014;CSL_03;47.10081;-59.99622;433056;1.93;02-may-16;06:36:00;1.936;31.5067;1.2264;8.1983;8.114;1.7867;0;0.47633;0.88667;31.519;0.06333;8.58;NaN;NaN;NaN;NaN
18HU16006_036;CSL_04;47.27606;-59.78372;433057;462.77;02-may-16;09:05:00;462.771;34.8901;5.7666;3.1153;7.839;NaN;30.42;1.765;21.85;34.903;0.04667;3.291;NaN;NaN;NaN;NaN
18HU16006_036;CSL_04;47.27658;-59.78334;433058;399.83;02-may-16;09:11:00;399.831;34.8775;5.8008;3.0476;7.833;NaN;31.21667;1.76167;22.45667;34.889;0.04333;3.22;NaN;NaN;NaN;NaN
18HU16006_036;CSL_04;47.27693;-59.78315;433059;300.23;02-may-16;09:13:00;300.235;34.7958;6.8376;2.9936;7.86;NaN;22.67667;1.63033;22.32333;NaN;0.05;3.177;NaN;NaN;NaN;NaN
18HU16006_036;CSL_04;47.27712;-59.7832;433060;199.99;02-may-16;09:15:00;199.996;34.1225;5.7563;4.2783;7.933;NaN;14.97;1.27233;15.48333;34.157;0.06667;4.472;NaN;NaN;NaN;NaN
18HU16006_036;CSL_04;47.27735;-59.7832;433061;151.38;02-may-16;09:17:00;151.383;33.167;2.66;5.664;7.948;NaN;10.96;1.10467;10.92;NaN;0.06;5.911;NaN;NaN;NaN;NaN
18HU16006_036;CSL_04;47.27752;-59.7831;433062;101.65;02-may-16;09:19:00;101.652;32.0305;0.4091;7.4357;8.035;0.06546;3.83;0.792;4.13667;32.058;0.13;7.752;NaN;NaN;NaN;NaN
18HU16006_036;CSL_04;47.27776;-59.783;433063;81.55;02-may-16;09:21:00;81.552;31.8565;-0.0587;7.8687;8.051;0.04414;1.97;0.681;2.39333;NaN;0.11;8.263;NaN;NaN;NaN;NaN
18HU16006_036;CSL_04;47.27788;-59.783;433064;61.93;02-may-16;09:21:00;61.93;31.8164;0.265;7.9192;8.064;0.07916;1.17;0.64333;1.62;NaN;0.09667;8.282;NaN;NaN;NaN;NaN
18HU16006_036;CSL_04;47.27794;-59.78298;433065;51.42;02-may-16;09:22:00;51.425;31.7581;0.2633;7.9028;8.063;0.12787;1.37333;0.65133;1.9;31.794;0.10667;8.414;NaN;NaN;NaN;NaN
18HU16006_036;CSL_04;47.278;-59.78296;433066;41.34;02-may-16;09:23:00;41.345;31.5305;0.447;8.0278;8.078;0.94503;1;0.63567;1.36;NaN;0.09667;NaN;NaN;NaN;NaN;NaN
18HU16006_036;CSL_04;47.27818;-59.78286;433067;31.25;02-may-16;09:24:00;31.251;31.4614;0.5647;8.0648;8.092;1.29942;0.61333;0.601;1.42333;NaN;0.09333;8.468;NaN;NaN;NaN;NaN
18HU16006_036;CSL_04;47.27824;-59.78286;433068;21;02-may-16;09:25:00;21.009;31.4256;0.5224;8.1756;8.102;2.42165;0.31333;0.57333;1.24333;31.447;0.07667;NaN;NaN;NaN;NaN;NaN
18HU16006_036;CSL_04;47.27832;-59.78284;433069;11.53;02-may-16;09:26:00;11.53;31.3928;0.914;8.2035;8.106;2.48071;0.23333;0.518;1.10333;NaN;0.06667;8.655;NaN;NaN;NaN;NaN
18HU16006_036;CSL_04;47.27843;-59.78276;433070;2.58;02-may-16;09:27:00;2.588;31.4016;1.1284;8.1934;8.105;2.02296;0.22;0.527;1.07333;31.411;0.06667;8.598;NaN;NaN;NaN;NaN
18HU16006_080;CSL_05;47.43326;-59.55826;433071;468.84;02-may-16;12:37:00;468.844;34.9134;5.7594;3.2983;7.872;NaN;29.89333;1.77333;21.80667;34.924;0.02;3.506;NaN;NaN;NaN;NaN
18HU16006_080;CSL_05;47.43326;-59.55836;433072;403.97;02-may-16;12:38:00;403.97;34.8622;5.9303;3.001;7.848;NaN;28.40333;1.757;22.52;34.875;0;3.197;NaN;NaN;NaN;NaN
18HU16006_080;CSL_05;47.43322;-59.55836;433073;302.53;02-may-16;12:42:00;302.532;34.7983;7.1925;3.1041;7.901;NaN;19.86;1.56833;21.61;34.813;0;3.307;NaN;NaN;NaN;NaN
18HU16006_080;CSL_05;47.43328;-59.55832;433074;201.35;02-may-16;12:44:00;201.354;33.9466;5.0125;4.2347;7.923;NaN;15.83667;1.33633;15.74667;33.977;0.02667;4.57;NaN;NaN;NaN;NaN
18HU16006_080;CSL_05;47.43324;-59.55828;433075;151.38;02-may-16;12:45:00;151.387;33.4101;3.1776;5.069;7.933;NaN;13.46333;1.241;12.91333;33.456;0.02667;5.336;NaN;NaN;NaN;NaN
18HU16006_080;CSL_05;47.43326;-59.55835;433076;100.02;02-may-16;12:46:00;100.028;32.4529;1.5791;6.6105;8.004;0.04719;7.41333;0.93067;7.48;32.512;0.13333;6.889;NaN;NaN;NaN;NaN
18HU16006_080;CSL_05;47.4333;-59.55842;433077;80.34;02-may-16;12:47:00;80.348;32.1692;1.2331;7.1834;8.053;0.06698;4.60333;0.78933;4.62333;NaN;0.12;7.433;NaN;NaN;NaN;NaN
18HU16006_080;CSL_05;47.4333;-59.55838;433078;60.56;02-may-16;12:48:00;60.563;31.9107;0.617;7.5694;8.074;0.14766;2.70667;0.70967;2.76;NaN;0.09333;7.885;NaN;NaN;NaN;NaN
18HU16006_080;CSL_05;47.43328;-59.55834;433079;50.62;02-may-16;12:48:00;50.623;31.8416;0.3803;7.7045;8.071;0.15527;2.26;0.70267;2.41;31.798;0.07667;NaN;NaN;NaN;NaN;NaN
18HU16006_080;CSL_05;47.43324;-59.55832;433080;40.25;02-may-16;12:49:00;40.259;31.5182;0.4598;7.9575;8.1;1.25512;1.60667;0.64467;1.81;NaN;0.06333;8.329;NaN;NaN;NaN;NaN
18HU16006_080;CSL_05;47.4332;-59.55832;433081;30.6;02-may-16;12:49:00;30.608;31.4303;0.5378;8.0675;8.113;1.19606;0.66333;0.60367;1.22333;NaN;0.06667;NaN;NaN;NaN;NaN;NaN
18HU16006_080;CSL_05;47.43314;-59.55834;433082;20.18;02-may-16;12:50:00;20.18;31.4051;0.8883;8.165;8.122;1.68334;0.31;0.56833;1.04667;31.413;0.04667;8.589;NaN;NaN;NaN;NaN
18HU16006_080;CSL_05;47.43312;-59.5584;433083;10.3;02-may-16;12:50:00;10.302;31.3968;0.9322;8.182;8.124;1.62427;0.33667;0.542;1.05;NaN;0.05667;NaN;NaN;NaN;NaN;NaN
18HU16006_080;CSL_05;47.4331;-59.55842;433084;2.95;02-may-16;12:51:00;2.955;31.3966;0.9387;8.2082;8.125;1.41755;0.60667;0.571;1.04333;31.407;0.05;NaN;NaN;NaN;NaN;NaN
18HU16006_080;CSL_05;47.4331;-59.55842;433085;2.84;02-may-16;12:51:00;2.842;31.3964;0.9396;8.1987;8.125;NaN;NaN;NaN;NaN;NaN;NaN;NaN;NaN;NaN;NaN;NaN
18HU16006_102;CSL_06;47.58284;-59.33804;433086;247.22;02-may-16;14:51:00;247.224;34.5384;6.7513;3.6646;7.923;NaN;17.10667;1.41567;17.96;34.545;0.03;3.871;NaN;NaN;NaN;NaN
18HU16006_102;CSL_06;47.583;-59.33774;433087;200.85;02-may-16;14:53:00;200.853;34.0476;5.3289;4.3614;7.94;NaN;12.99667;1.15867;13.15667;34.055;0.07333;4.575;NaN;NaN;NaN;NaN
18HU16006_102;CSL_06;47.58309;-59.33758;433088;150.19;02-may-16;14:54:00;150.198;33.5595;3.7992;5.0092;7.945;NaN;9.91667;0.983;8.95;33.568;0.09;5.231;NaN;NaN;NaN;NaN
18HU16006_102;CSL_06;47.58316;-59.33742;433089;99.98;02-may-16;14:55:00;99.98;33.0104;2.4888;5.837;7.969;0.05023;7.46;0.871;7.08667;33.074;0.08;6.076;NaN;NaN;NaN;NaN
18HU16006_102;CSL_06;47.5832;-59.33734;433090;80.84;02-may-16;14:56:00;80.842;32.8286;2.138;6.091;7.975;0.04719;9.74333;1.04967;9.47333;32.923;0.10667;6.336;NaN;NaN;NaN;NaN
18HU16006_102;CSL_06;47.58316;-59.3373;433091;60.14;02-may-16;14:57:00;60.141;32.2179;1.1959;7.1513;8.037;0.11721;4.81;0.831;4.94333;NaN;0.12;7.424;NaN;NaN;NaN;NaN
18HU16006_102;CSL_06;47.58314;-59.33726;433092;50.84;02-may-16;14:58:00;50.847;32.1383;1.1279;7.3864;8.057;0.16745;3.99;0.779;4.14667;32.187;0.12;7.587;NaN;NaN;NaN;NaN
18HU16006_102;CSL_06;47.5831;-59.33724;433093;40.21;02-may-16;14:59:00;40.21;31.9984;1.0661;7.4796;8.058;0.9598;2.59;0.638;2.7;NaN;0.08;7.82;NaN;NaN;NaN;NaN
18HU16006_102;CSL_06;47.58304;-59.3372;433094;30.42;02-may-16;14:59:00;30.425;31.9118;0.9279;7.6352;8.067;0.81214;3.23;0.73167;3.38667;NaN;0.10667;7.874;NaN;NaN;NaN;NaN
18HU16006_102;CSL_06;47.583;-59.33714;433095;20.21;02-may-16;15:00:00;20.211;31.8117;0.8286;7.7874;8.082;1.56521;1.68;0.64567;2.26667;NaN;0.08;8.076;NaN;NaN;NaN;NaN
18HU16006_102;CSL_06;47.58296;-59.33708;433096;10.53;02-may-16;15:01:00;10.53;31.7378;1.1626;7.9341;8.109;1.99343;1.46;0.62933;2.10667;31.764;0.08667;8.27;NaN;NaN;NaN;NaN
18HU16006_102;CSL_06;47.58292;-59.337;433097;2.06;02-may-16;15:01:00;2.061;31.7344;1.2931;7.9772;8.113;1.72763;1.00667;0.579;1.68;31.746;0.08667;8.338;NaN;NaN;NaN;NaN
18HU16006_102;CSL_06;47.58292;-59.337;433098;2.07;02-may-16;15:02:00;2.076;31.7342;1.297;7.978;8.114;NaN;0.84333;0.56533;1.58333;NaN;0.08;NaN;NaN;NaN;NaN;NaN
18HU16006_127;STN27;47.54685;-52.59052;433099;170.55;03-may-16;21:14:00;170.555;32.9064;-1.0649;7.2807;7.987;0.59064;11.325;0.962;8.375;NaN;0.115;7.58;NaN;NaN;NaN;NaN
18HU16006_127;STN27;47.54706;-52.59087;433100;151.06;03-may-16;21:16:00;151.066;32.8797;-1.1303;7.3245;7.992;0.38883;10.955;0.952;8.235;32.888;0.115;7.601;NaN;NaN;NaN;NaN
18HU16006_127;STN27;47.54714;-52.59135;433101;101.57;03-may-16;21:18:00;101.579;32.7239;-1.4023;7.8204;8.023;0.7383;7.33;0.8355;7.02;32.733;0.075;8.074;NaN;NaN;NaN;NaN
18HU16006_127;STN27;47.5472;-52.59164;433102;76.11;03-may-16;21:19:00;76.115;32.6441;-1.2544;8.073;8.063;4.14722;4.165;0.712;4.635;32.65;0.07;8.39;NaN;NaN;NaN;NaN
18HU16006_127;STN27;47.54734;-52.59196;433103;51.94;03-may-16;21:20:00;51.949;32.5743;-0.6252;8.6192;8.137;11.11126;0.68;0.4575;0.95;32.585;0.025;8.894;NaN;NaN;NaN;NaN
18HU16006_127;STN27;47.5474;-52.59217;433104;39.95;03-may-16;21:21:00;39.955;32.5592;-0.4387;8.7733;8.167;12.28973;0.24;0.405;0.34;32.57;0.02;9.058;NaN;NaN;NaN;NaN
18HU16006_127;STN27;47.54746;-52.59232;433105;30.59;03-may-16;21:22:00;30.599;32.5257;-0.1658;9.0082;8.2;11.95303;0.12;0.3465;0.145;NaN;0.025;9.283;NaN;NaN;NaN;NaN
18HU16006_127;STN27;47.54746;-52.59242;433106;19.98;03-may-16;21:23:00;19.988;32.4987;0.1529;9.0986;8.216;7.13594;0.09;0.3195;0.09;NaN;0.025;9.371;NaN;NaN;NaN;NaN
18HU16006_127;STN27;47.54748;-52.59252;433107;10.27;03-may-16;21:23:00;10.272;32.263;0.9423;8.7239;8.199;3.57519;0.11;0.3245;0.085;NaN;0.035;9.117;NaN;NaN;NaN;NaN
18HU16006_127;STN27;47.5475;-52.5926;433108;5.5;03-may-16;21:24:00;5.509;32.2579;0.9584;8.7175;8.2;3.28918;0.235;0.3295;0.115;32.274;0.02;9.027;NaN;NaN;NaN;NaN
18HU16006_177;HL_12;41.41814;-60.66112;434006;4717.45;21-may-16;04:17:00;4717.453;34.8753;2.201;5.6153;NaN;NaN;NaN;NaN;NaN;NaN;NaN;6.028;0.03;19.72;1.4035;38.4
18HU16006_177;HL_12;41.41822;-60.66158;434007;4652.08;21-may-16;04:19:00;4652.088;34.8764;2.1998;5.6366;NaN;NaN;NaN;NaN;NaN;NaN;NaN;6.029;0.035;19.36;1.385;37.345
18HU16006_177;HL_12;41.41856;-60.66136;434008;4499.5;21-may-16;04:22:00;4499.508;34.8828;2.2289;5.7543;NaN;NaN;NaN;NaN;NaN;NaN;NaN;6.144;0.03;18.405;1.315;31.9
18HU16006_177;HL_12;41.4187;-60.66124;434009;4350.88;21-may-16;04:25:00;4350.882;34.8856;2.2343;5.7971;NaN;NaN;NaN;NaN;NaN;NaN;NaN;6.198;0.02;18.045;1.295;29.795
18HU16006_177;HL_12;41.41898;-60.66112;434010;4151.19;21-may-16;04:29:00;4151.196;34.8861;2.2326;5.7691;NaN;NaN;NaN;NaN;NaN;NaN;NaN;6.158;0.035;18.295;1.306;30.74
18HU16006_177;HL_12;41.41928;-60.66088;434011;3950.36;21-may-16;04:33:00;3950.363;34.8889;2.2489;5.7895;NaN;NaN;NaN;NaN;NaN;NaN;NaN;6.135;0.03;18.1;1.2875;29.385
18HU16006_177;HL_12;41.41964;-60.66058;434012;3749.02;21-may-16;04:37:00;3749.023;34.894;2.2945;5.8265;NaN;NaN;NaN;NaN;NaN;NaN;NaN;6.228;0.02;17.69;1.2555;26.675
18HU16006_177;HL_12;41.41994;-60.66028;434013;3469.98;21-may-16;04:41:00;3469.982;34.9024;2.4099;5.8249;NaN;NaN;NaN;NaN;NaN;NaN;NaN;6.205;0.025;17.805;1.2485;24.91
18HU16006_177;HL_12;41.42042;-60.65998;434014;3181.03;21-may-16;04:46:00;3181.03;34.9143;2.6019;5.828;NaN;NaN;NaN;NaN;NaN;NaN;NaN;6.213;0.02;17.4;1.218;21.825
18HU16006_177;HL_12;41.42084;-60.66004;434015;2881.31;21-may-16;04:51:00;2881.318;34.9271;2.8361;5.7778;NaN;NaN;NaN;NaN;NaN;NaN;NaN;6.159;0.025;17.435;1.2175;20.58
18HU16006_177;HL_12;41.42106;-60.65966;434016;2569.81;21-may-16;04:56:00;2569.81;34.9383;3.0827;5.763;NaN;NaN;NaN;NaN;NaN;NaN;NaN;6.132;0.02;17.445;1.217;18.685
18HU16006_177;HL_12;41.42114;-60.65865;434017;2279.7;21-may-16;05:01:00;2279.701;34.9403;3.2767;5.7902;NaN;NaN;NaN;NaN;NaN;NaN;NaN;6.167;0.025;17.165;1.1985;16.125
18HU16006_177;HL_12;41.42098;-60.6577;434018;2000.27;21-may-16;05:05:00;2000.275;34.9433;3.4617;5.7969;NaN;NaN;NaN;NaN;NaN;NaN;NaN;6.154;0.03;17.17;1.187;14.53
18HU16006_177;HL_12;41.4214;-60.65784;434019;1712.78;21-may-16;05:10:00;1712.789;34.9567;3.7526;5.7568;NaN;NaN;NaN;NaN;NaN;NaN;NaN;6.086;0.045;17.21;1.186;13.35
18HU16006_177;HL_12;41.4222;-60.65885;434020;1451.73;21-may-16;05:14:00;1451.733;34.9693;4.0137;5.6945;NaN;NaN;NaN;NaN;NaN;NaN;NaN;6.012;0.03;17.115;1.188;12.52
18HU16006_177;HL_12;41.4229;-60.6589;434021;1200.08;21-may-16;05:18:00;1200.083;34.9605;4.1575;5.739;NaN;NaN;NaN;NaN;NaN;NaN;NaN;6.065;0.035;17.02;1.172;11.43
18HU16006_177;HL_12;41.42242;-60.65886;434022;960.64;21-may-16;05:22:00;960.641;34.9782;4.509;5.6244;NaN;NaN;NaN;NaN;NaN;NaN;NaN;5.912;0.015;17.225;1.1495;11.67
18HU16006_177;HL_12;41.42268;-60.6591;434023;730.1;21-may-16;05:26:00;730.101;35.0152;5.2297;5.1329;NaN;NaN;NaN;NaN;NaN;NaN;NaN;5.383;0.025;18.41;1.238;11.99
18HU16006_177;HL_12;41.42339;-60.65954;434024;515.11;21-may-16;05:29:00;515.11;35.0907;7.0646;4.006;NaN;NaN;NaN;NaN;NaN;NaN;NaN;4.189;0.025;21.87;1.45;13.915
18HU16006_177;HL_12;41.42392;-60.65984;434025;351.59;21-may-16;05:32:00;351.599;35.2374;9.7662;3.1255;NaN;NaN;NaN;NaN;NaN;NaN;NaN;3.282;0.03;22.85;1.4805;13.06
18HU16006_177;HL_12;41.42398;-60.65982;434026;195.2;21-may-16;05:35:00;195.209;35.5915;13.0936;4.0034;NaN;NaN;NaN;NaN;NaN;NaN;NaN;4.245;0.035;13.335;0.865;6.46
18HU16006_177;HL_12;41.42406;-60.65978;434027;100.44;21-may-16;05:37:00;100.44;35.7968;14.829;4.2981;NaN;0.02436;NaN;NaN;NaN;NaN;NaN;4.574;0.04;6.94;0.5535;3.185
18HU16006_177;HL_12;41.4242;-60.65962;434028;50.39;21-may-16;05:38:00;50.39;35.1486;13.5861;5.0481;NaN;0.1918;NaN;NaN;NaN;NaN;NaN;5.363;0.16;4.15;0.4515;2.45
18HU16006_177;HL_12;41.42428;-60.65954;434029;2.88;21-may-16;05:39:00;2.885;35.6264;16.4989;5.3624;NaN;1.31418;NaN;NaN;NaN;NaN;NaN;5.697;0.065;1.87;0.0695;0.32
18HU16006_180;HL_11;41.77964;-60.9079;434035;4512.56;21-may-16;10:40:00;4512.565;34.8776;2.189;5.6427;NaN;NaN;NaN;NaN;NaN;NaN;NaN;6.051;0.045;18.87;1.345;36.515
18HU16006_180;HL_11;41.7796;-60.90782;434036;4449.89;21-may-16;10:43:00;4449.89;34.8777;2.1826;5.6501;NaN;NaN;NaN;NaN;NaN;NaN;NaN;6.072;0.05;18.755;1.3545;36.2
18HU16006_180;HL_11;41.77947;-60.90776;434037;4399.78;21-may-16;10:44:00;4399.782;34.8809;2.1966;5.724;NaN;NaN;NaN;NaN;NaN;NaN;NaN;6.125;0.035;18.03;1.3085;33.155
18HU16006_180;HL_11;41.7793;-60.90772;434038;4349.87;21-may-16;10:46:00;4349.873;34.8839;2.2099;5.7672;NaN;NaN;NaN;NaN;NaN;NaN;NaN;6.182;0.05;17.65;1.2795;30.945
18HU16006_180;HL_11;41.77926;-60.90812;434039;4147.68;21-may-16;10:50:00;4147.685;34.8881;2.2263;5.8452;NaN;NaN;NaN;NaN;NaN;NaN;NaN;6.245;0.025;17.015;1.259;27.365
18HU16006_180;HL_11;41.77928;-60.9083;434040;3949.94;21-may-16;10:53:00;3949.948;34.8916;2.2495;5.8747;NaN;NaN;NaN;NaN;NaN;NaN;NaN;6.287;0.025;16.74;1.2175;25.8
18HU16006_180;HL_11;41.77902;-60.90832;434041;3750.6;21-may-16;10:57:00;3750.608;34.8941;2.2842;5.8522;NaN;NaN;NaN;NaN;NaN;NaN;NaN;6.262;0.05;16.81;1.23;25.485
18HU16006_180;HL_11;41.7785;-60.90798;434042;3469.66;21-may-16;11:01:00;3469.666;34.9021;2.3958;5.8913;NaN;NaN;NaN;NaN;NaN;NaN;NaN;6.29;0.03;16.405;1.2005;22.44
18HU16006_180;HL_11;41.77823;-60.90822;434043;3179.27;21-may-16;11:05:00;3179.271;34.9136;2.6111;5.8589;NaN;NaN;NaN;NaN;NaN;NaN;NaN;6.266;0.025;16.385;1.1505;19.91
18HU16006_180;HL_11;41.77825;-60.90828;434044;2879.51;21-may-16;11:10:00;2879.515;34.9266;2.8396;5.7968;NaN;NaN;NaN;NaN;NaN;NaN;NaN;6.169;0.04;16.755;1.197;20.045
18HU16006_180;HL_11;41.77812;-60.90777;434045;2570.03;21-may-16;11:14:00;2570.033;34.9341;3.0688;5.809;NaN;NaN;NaN;NaN;NaN;NaN;NaN;6.185;0.03;16.5;1.179;17.76
18HU16006_180;HL_11;41.77766;-60.90724;434046;2279.12;21-may-16;11:18:00;2279.128;34.9421;3.285;5.7912;NaN;NaN;NaN;NaN;NaN;NaN;NaN;6.157;0.025;16.525;1.1875;16.265
18HU16006_180;HL_11;41.77762;-60.90764;434047;1999.9;21-may-16;11:23:00;1999.904;34.9471;3.5412;5.7883;NaN;NaN;NaN;NaN;NaN;NaN;NaN;6.157;0.015;16.48;1.1795;14.455
18HU16006_180;HL_11;41.77822;-60.908;434048;1720.82;21-may-16;11:27:00;1720.827;34.9613;3.7891;5.7169;NaN;NaN;NaN;NaN;NaN;NaN;NaN;6.07;0.02;16.63;1.191;13.445
18HU16006_180;HL_11;41.77828;-60.90842;434049;1449.84;21-may-16;11:31:00;1449.844;34.9719;4.0606;5.6568;NaN;NaN;NaN;NaN;NaN;NaN;NaN;5.987;0.025;16.65;1.1895;12.57
18HU16006_180;HL_11;41.7779;-60.90854;434050;1198.02;21-may-16;11:34:00;1198.024;34.9814;4.3066;5.6053;NaN;NaN;NaN;NaN;NaN;NaN;NaN;5.926;0.05;16.685;1.1905;11.965
18HU16006_180;HL_11;41.77796;-60.90858;434051;960.42;21-may-16;11:38:00;960.42;35.0065;4.735;5.4087;NaN;NaN;NaN;NaN;NaN;NaN;NaN;5.704;0.025;17.005;1.1965;11.91
18HU16006_180;HL_11;41.7788;-60.90836;434052;729.76;21-may-16;11:41:00;729.768;35.0362;5.4012;4.9836;NaN;NaN;NaN;NaN;NaN;NaN;NaN;5.263;0.035;17.945;1.273;12.43
18HU16006_180;HL_11;41.77956;-60.90818;434053;514.05;21-may-16;11:45:00;514.051;35.0966;7.2895;3.8232;NaN;NaN;NaN;NaN;NaN;NaN;NaN;4.02;0.015;21.745;1.5085;14.455
18HU16006_180;HL_11;41.78042;-60.90786;434054;331.46;21-may-16;11:48:00;331.461;35.3695;10.8057;2.9869;NaN;NaN;NaN;NaN;NaN;NaN;NaN;3.155;0.035;21.22;1.4325;11.955
18HU16006_180;HL_11;41.78089;-60.90797;434055;195.77;21-may-16;11:50:00;195.772;35.7365;13.8926;4.081;NaN;NaN;NaN;NaN;NaN;NaN;NaN;4.31;0.045;11.02;0.772;5.51
18HU16006_180;HL_11;41.78118;-60.908;434056;99.38;21-may-16;11:52:00;99.384;35.7525;14.5621;5.0483;NaN;0.01979;NaN;NaN;NaN;NaN;NaN;5.326;0.035;5.325;0.427;2.24
18HU16006_180;HL_11;41.7813;-60.90788;434057;50.24;21-may-16;11:53:00;50.244;36.0908;17.3796;5.087;NaN;0.41254;NaN;NaN;NaN;NaN;NaN;5.443;0.19;1.725;0.0885;0.73
18HU16006_180;HL_11;41.78136;-60.90776;434058;4.95;21-may-16;11:54:00;4.952;36.0966;17.3918;5.1067;NaN;0.45047;NaN;NaN;NaN;NaN;NaN;5.444;0.185;1.69;0.0735;0.845
18HU16006_189;HL_10;42.0326;-61.06692;434064;4147.03;22-may-16;02:49:00;4147.035;34.8882;2.2207;5.8432;NaN;NaN;NaN;NaN;NaN;NaN;NaN;6.265;0.005;16.32;1.2015;26.825
18HU16006_189;HL_10;42.03306;-61.06666;434065;4000.66;22-may-16;02:52:00;4000.669;34.8899;2.2186;5.8822;NaN;NaN;NaN;NaN;NaN;NaN;NaN;6.297;0.01;15.9;1.1945;25.06
18HU16006_189;HL_10;42.03322;-61.06674;434066;3800.96;22-may-16;02:57:00;3800.968;34.8939;2.2389;5.9512;NaN;NaN;NaN;NaN;NaN;NaN;NaN;6.412;0.005;15.44;1.1465;22.035
18HU16006_189;HL_10;42.0336;-61.0667;434067;3599.87;22-may-16;03:01:00;3599.876;34.8961;2.2816;5.9488;NaN;NaN;NaN;NaN;NaN;NaN;NaN;6.348;0.005;15.485;1.16;22
18HU16006_189;HL_10;42.034;-61.06678;434068;3419.63;22-may-16;03:04:00;3419.634;34.9007;2.3524;5.9626;NaN;NaN;NaN;NaN;NaN;NaN;NaN;6.377;0.01;15.055;1.1365;18.295
18HU16006_189;HL_10;42.03422;-61.06682;434069;3220.35;22-may-16;03:08:00;3220.357;34.9073;2.4912;5.9961;NaN;NaN;NaN;NaN;NaN;NaN;NaN;6.362;0.01;15.11;1.1345;18.345
18HU16006_189;HL_10;42.03448;-61.06708;434070;2999.51;22-may-16;03:11:00;2999.518;34.9162;2.6883;5.907;NaN;NaN;NaN;NaN;NaN;NaN;NaN;6.315;0;15.3;1.146;17.84
18HU16006_189;HL_10;42.03483;-61.06742;434071;2770.61;22-may-16;03:15:00;2770.614;34.923;2.8883;5.8858;NaN;NaN;NaN;NaN;NaN;NaN;NaN;6.269;0.025;15.415;1.152;16.725
18HU16006_189;HL_10;42.03526;-61.0671;434072;2530.01;22-may-16;03:19:00;2530.01;34.9316;3.1158;5.8409;NaN;NaN;NaN;NaN;NaN;NaN;NaN;6.213;0.05;15.78;1.146;16.39
18HU16006_189;HL_10;42.03574;-61.06722;434073;2279.63;22-may-16;03:23:00;2279.634;34.938;3.3134;5.8155;NaN;NaN;NaN;NaN;NaN;NaN;NaN;6.176;0.04;15.885;1.17;15.39
18HU16006_189;HL_10;42.0362;-61.0671;434074;2020.75;22-may-16;03:27:00;2020.752;34.9439;3.5079;5.7993;NaN;NaN;NaN;NaN;NaN;NaN;NaN;6.161;0.05;15.81;1.17;14.23
18HU16006_189;HL_10;42.03661;-61.06662;434075;1760.07;22-may-16;03:31:00;1760.071;34.9515;3.7276;5.7671;NaN;NaN;NaN;NaN;NaN;NaN;NaN;6.124;0.015;15.82;1.1675;12.985
18HU16006_189;HL_10;42.0372;-61.06614;434076;1509.97;22-may-16;03:35:00;1509.978;34.9688;4.0253;5.6959;NaN;NaN;NaN;NaN;NaN;NaN;NaN;6.038;0.035;16.015;1.1805;12.255
18HU16006_189;HL_10;42.03778;-61.06622;434077;1271.37;22-may-16;03:39:00;1271.373;34.9751;4.2583;5.6688;NaN;NaN;NaN;NaN;NaN;NaN;NaN;5.998;0.01;15.925;1.176;11.665
18HU16006_189;HL_10;42.03824;-61.0663;434078;1050.47;22-may-16;03:43:00;1050.47;34.983;4.4988;5.6114;NaN;NaN;NaN;NaN;NaN;NaN;NaN;5.93;0.025;15.95;1.179;11.185
18HU16006_189;HL_10;42.03856;-61.06632;434079;849.86;22-may-16;03:46:00;849.864;35.0129;4.9869;5.3233;NaN;NaN;NaN;NaN;NaN;NaN;NaN;5.623;0.03;16.53;1.2275;11.51
18HU16006_189;HL_10;42.03918;-61.06628;434080;649.93;22-may-16;03:49:00;649.935;35.0331;5.7013;4.8167;NaN;NaN;NaN;NaN;NaN;NaN;NaN;5.042;0.025;18.095;1.3015;12.52
18HU16006_189;HL_10;42.03952;-61.06644;434081;500.98;22-may-16;03:52:00;500.987;35.1152;7.3571;3.9271;NaN;NaN;NaN;NaN;NaN;NaN;NaN;4.111;0.005;20.25;1.453;13.67
18HU16006_189;HL_10;42.0399;-61.06674;434082;330.07;22-may-16;03:55:00;330.077;35.4146;11.1526;3.0055;NaN;NaN;NaN;NaN;NaN;NaN;NaN;3.164;0.03;20.245;1.406;11.435
18HU16006_189;HL_10;42.04014;-61.06672;434083;194.71;22-may-16;03:58:00;194.711;35.6903;13.8579;4.4381;NaN;NaN;NaN;NaN;NaN;NaN;NaN;4.71;0.03;8.78;0.6535;4.195
18HU16006_189;HL_10;42.04046;-61.0667;434084;99.93;22-may-16;03:59:00;99.934;35.9398;15.538;4.6482;NaN;0.02435;NaN;NaN;NaN;NaN;NaN;4.941;0.055;5.75;0.428;2.38
18HU16006_189;HL_10;42.04054;-61.06674;434085;51;22-may-16;04:01:00;51.007;36.1842;17.7138;5.065;NaN;1.0041;NaN;NaN;NaN;NaN;NaN;5.415;0.225;1.84;0.0875;0
18HU16006_189;HL_10;42.0407;-61.06674;434086;10.45;22-may-16;04:02:00;10.457;36.2127;17.8246;5.1322;NaN;1.19606;NaN;NaN;NaN;NaN;NaN;5.472;0.22;1.685;0.0565;0.425
18HU16006_189;HL_10;42.04098;-61.0667;434087;1.79;22-may-16;04:03:00;1.793;36.2135;17.8261;5.1241;NaN;1.13699;NaN;NaN;NaN;NaN;NaN;5.478;0.22;1.685;0.058;0.14
18HU16006_194;HL_09;42.25424;-61.2481;434093;3809.78;22-may-16;10:45:00;3809.786;34.8906;2.2074;5.892;NaN;NaN;NaN;NaN;NaN;NaN;NaN;6.354;0.04;18.015;1.229;24.815
18HU16006_194;HL_09;42.25472;-61.24788;434094;3719.41;22-may-16;10:47:00;3719.411;34.8952;2.2478;5.9834;NaN;NaN;NaN;NaN;NaN;NaN;NaN;6.416;0.035;16.045;1.1635;20.895
18HU16006_194;HL_09;42.25504;-61.24786;434095;3598.19;22-may-16;10:49:00;3598.19;34.897;2.2703;5.9966;NaN;NaN;NaN;NaN;NaN;NaN;NaN;6.408;0.025;15.86;1.16;20.005
18HU16006_194;HL_09;42.25533;-61.24778;434096;3468.45;22-may-16;10:52:00;3468.45;34.8992;2.3076;6.0109;NaN;NaN;NaN;NaN;NaN;NaN;NaN;6.424;0.025;15.675;1.1415;18.655
18HU16006_194;HL_09;42.25568;-61.24766;434097;3329.25;22-may-16;10:54:00;3329.251;34.9022;2.3683;6.0077;NaN;NaN;NaN;NaN;NaN;NaN;NaN;6.08;0.015;16.935;1.2005;12.72
18HU16006_194;HL_09;42.25594;-61.24736;434098;3168.91;22-may-16;10:57:00;3168.918;34.9082;2.5239;6.0157;NaN;NaN;NaN;NaN;NaN;NaN;NaN;6.395;0.015;15.59;1.123;16.64
18HU16006_194;HL_09;42.256;-61.24692;434099;2999.35;22-may-16;10:59:00;2999.358;34.9136;2.6714;5.97;NaN;NaN;NaN;NaN;NaN;NaN;NaN;6.346;0.03;15.855;1.135;16.36
18HU16006_194;HL_09;42.256;-61.24662;434100;2809.17;22-may-16;11:02:00;2809.178;34.9198;2.8368;5.913;NaN;NaN;NaN;NaN;NaN;NaN;NaN;6.3;0.02;16.055;1.1615;16.395
18HU16006_194;HL_09;42.2559;-61.24674;434101;2599.19;22-may-16;11:05:00;2599.196;34.9269;3.0529;5.8731;NaN;NaN;NaN;NaN;NaN;NaN;NaN;6.243;0.035;16.43;1.1605;15.89
18HU16006_194;HL_09;42.25584;-61.24724;434102;2380.3;22-may-16;11:09:00;2380.305;34.9321;3.2343;5.8399;NaN;NaN;NaN;NaN;NaN;NaN;NaN;6.216;0.03;16.595;1.1785;15.175
18HU16006_194;HL_09;42.25596;-61.24804;434103;2159.17;22-may-16;11:12:00;2159.174;34.9365;3.4095;5.8306;NaN;NaN;NaN;NaN;NaN;NaN;NaN;6.191;0.035;16.425;1.189;14.02
18HU16006_194;HL_09;42.25598;-61.2489;434104;1939.42;22-may-16;11:15:00;1939.425;34.9466;3.6284;5.7991;NaN;NaN;NaN;NaN;NaN;NaN;NaN;6.147;0.03;16.685;1.192;13.57
18HU16006_194;HL_09;42.25566;-61.2487;434105;1719.32;22-may-16;11:19:00;1719.325;34.9578;3.8252;5.7417;NaN;NaN;NaN;NaN;NaN;NaN;NaN;6.079;0.02;16.755;1.2;12.825
18HU16006_194;HL_09;42.2556;-61.24862;434106;1508.35;22-may-16;11:22:00;1508.356;34.9538;3.968;5.7604;NaN;NaN;NaN;NaN;NaN;NaN;NaN;6.088;0.035;16.505;1.1865;11.965
18HU16006_194;HL_09;42.25564;-61.24895;434107;1309.46;22-may-16;11:25:00;1309.463;34.9726;4.2231;5.6757;NaN;NaN;NaN;NaN;NaN;NaN;NaN;5.985;0.045;16.615;1.1885;11.57
18HU16006_194;HL_09;42.25575;-61.24949;434108;1110.31;22-may-16;11:28:00;1110.318;34.9842;4.4823;5.614;NaN;NaN;NaN;NaN;NaN;NaN;NaN;5.911;0.045;16.865;1.2075;11.315
18HU16006_194;HL_09;42.2558;-61.25;434109;910.17;22-may-16;11:31:00;910.172;35.0128;4.912;5.3839;NaN;NaN;NaN;NaN;NaN;NaN;NaN;5.667;0.03;17.075;1.215;11.405
18HU16006_194;HL_09;42.25562;-61.25012;434110;710.44;22-may-16;11:35:00;710.447;35.0257;5.5513;4.924;NaN;NaN;NaN;NaN;NaN;NaN;NaN;5.191;0.045;18.285;1.32;12.18
18HU16006_194;HL_09;42.25548;-61.25048;434111;509.82;22-may-16;11:38:00;509.829;35.0687;7.3635;3.7402;NaN;NaN;NaN;NaN;NaN;NaN;NaN;3.923;0.035;21.77;1.5305;14.6
18HU16006_194;HL_09;42.2553;-61.2501;434112;331.4;22-may-16;11:42:00;331.402;35.3809;10.9137;3.0943;NaN;NaN;NaN;NaN;NaN;NaN;NaN;3.263;0.04;20.635;1.4085;11.325
18HU16006_194;HL_09;42.2559;-61.25013;434113;200.74;22-may-16;11:45:00;200.74;35.7933;13.9466;3.6819;NaN;NaN;NaN;NaN;NaN;NaN;NaN;3.922;0.055;12.39;0.865;5.645
18HU16006_194;HL_09;42.25627;-61.2502;434114;101.28;22-may-16;11:47:00;101.287;35.8066;14.8253;4.6433;NaN;0.02588;NaN;NaN;NaN;NaN;NaN;4.938;0.045;6.17;0.4825;2.42
18HU16006_194;HL_09;42.25651;-61.25022;434115;50.49;22-may-16;11:48:00;50.496;35.613;15.1914;5.0795;NaN;0.24183;NaN;NaN;NaN;NaN;NaN;5.431;0.325;2.705;0.26;2.2
18HU16006_194;HL_09;42.25674;-61.25024;434116;4.26;22-may-16;11:49:00;4.269;35.4055;15.2112;5.6172;NaN;1.31418;NaN;NaN;NaN;NaN;NaN;5.971;0.065;0;0.105;0.49
18HU16006_197;HL_08;42.3646;-61.3432;434122;3433.39;22-may-16;14:59:00;3433.396;34.9041;2.4156;5.995;NaN;NaN;NaN;NaN;NaN;NaN;NaN;6.41;0.04;15.035;1.123;17.8
18HU16006_197;HL_08;42.36478;-61.34368;434123;3279.35;22-may-16;15:03:00;3279.357;34.9079;2.5002;5.9769;NaN;NaN;NaN;NaN;NaN;NaN;NaN;6.399;0.04;15.02;1.135;17.295
18HU16006_197;HL_08;42.36494;-61.34388;434124;3100.79;22-may-16;15:06:00;3100.795;34.913;2.6426;5.9688;NaN;NaN;NaN;NaN;NaN;NaN;NaN;6.359;0.04;15.12;1.149;16.47
18HU16006_197;HL_08;42.36512;-61.34382;434125;2950.58;22-may-16;15:09:00;2950.581;34.9184;2.771;5.9123;NaN;NaN;NaN;NaN;NaN;NaN;NaN;6.324;0.05;15.46;1.1715;16.655
18HU16006_197;HL_08;42.36518;-61.34352;434126;2800.86;22-may-16;15:12:00;2800.861;34.9222;2.8734;5.8888;NaN;NaN;NaN;NaN;NaN;NaN;NaN;6.258;0.05;15.725;1.1765;16.46
18HU16006_197;HL_08;42.36506;-61.34316;434127;2640.62;22-may-16;15:14:00;2640.628;34.9284;3.028;5.8535;NaN;NaN;NaN;NaN;NaN;NaN;NaN;6.231;0.035;15.715;1.1775;16.555
18HU16006_197;HL_08;42.3648;-61.34318;434128;2481.12;22-may-16;15:17:00;2481.129;34.9327;3.1736;5.8368;NaN;NaN;NaN;NaN;NaN;NaN;NaN;6.204;0.045;15.935;1.1995;15.74
18HU16006_197;HL_08;42.365;-61.34306;434129;2320.05;22-may-16;15:20:00;2320.056;34.935;3.2885;5.8286;NaN;NaN;NaN;NaN;NaN;NaN;NaN;6.203;0.04;16.025;1.195;15.115
18HU16006_197;HL_08;42.36526;-61.34306;434130;2159.38;22-may-16;15:23:00;2159.38;34.9384;3.4191;5.8199;NaN;NaN;NaN;NaN;NaN;NaN;NaN;6.187;0.02;16.01;1.1835;14.325
18HU16006_197;HL_08;42.36546;-61.34322;434131;2000.34;22-may-16;15:26:00;2000.34;34.9421;3.5542;5.8008;NaN;NaN;NaN;NaN;NaN;NaN;NaN;6.164;0.01;15.885;1.1905;13.615
18HU16006_197;HL_08;42.36572;-61.34362;434132;1829.51;22-may-16;15:29:00;1829.513;34.95;3.7213;5.768;NaN;NaN;NaN;NaN;NaN;NaN;NaN;6.12;0.01;15.995;1.201;13.05
18HU16006_197;HL_08;42.36614;-61.34384;434133;1660.13;22-may-16;15:32:00;1660.133;34.9556;3.8761;5.7366;NaN;NaN;NaN;NaN;NaN;NaN;NaN;6.099;0.02;16;1.188;12.505
18HU16006_197;HL_08;42.3665;-61.34407;434134;1490.47;22-may-16;15:35:00;1490.477;34.9575;4.0214;5.7342;NaN;NaN;NaN;NaN;NaN;NaN;NaN;6.084;0.015;15.87;1.1885;11.745
18HU16006_197;HL_08;42.36672;-61.34424;434135;1322.46;22-may-16;15:38:00;1322.46;34.959;4.1694;5.7204;NaN;NaN;NaN;NaN;NaN;NaN;NaN;6.0655;0.015;15.79;1.1845;11.36
18HU16006_197;HL_08;42.36678;-61.34399;434136;1148.74;22-may-16;15:41:00;1148.745;34.96;4.2919;5.7249;NaN;NaN;NaN;NaN;NaN;NaN;NaN;6.045;0.02;15.865;1.186;10.97
18HU16006_197;HL_08;42.36636;-61.34398;434137;979.54;22-may-16;15:45:00;979.544;34.9753;4.5788;5.5814;NaN;NaN;NaN;NaN;NaN;NaN;NaN;5.901;0.015;16.095;1.195;10.87
18HU16006_197;HL_08;42.36608;-61.34382;434138;815.82;22-may-16;15:48:00;815.821;35.0023;5.016;5.3027;NaN;NaN;NaN;NaN;NaN;NaN;NaN;5.591;0;16.805;1.226;11.43
18HU16006_197;HL_08;42.36603;-61.3437;434139;650.24;22-may-16;15:51:00;650.242;35.0117;5.6985;4.7506;NaN;NaN;NaN;NaN;NaN;NaN;NaN;5.015;0.01;18.27;1.3405;12.9
18HU16006_197;HL_08;42.36608;-61.34366;434140;490.95;22-may-16;15:54:00;490.956;35.0967;7.7084;3.6321;NaN;NaN;NaN;NaN;NaN;NaN;NaN;3.823;0;21.65;1.544;14.35
18HU16006_197;HL_08;42.36624;-61.34448;434141;330.74;22-may-16;15:57:00;330.749;35.4016;11.0748;3.0598;NaN;NaN;NaN;NaN;NaN;NaN;NaN;3.228;0.015;20.175;1.401;11.305
18HU16006_197;HL_08;42.36642;-61.3448;434142;193.68;22-may-16;16:00:00;193.687;35.6051;13.3648;4.7129;NaN;NaN;NaN;NaN;NaN;NaN;NaN;4.998;0.03;8.685;0.693;4.28
18HU16006_197;HL_08;42.3665;-61.34499;434143;100.41;22-may-16;16:01:00;100.414;35.8244;14.8045;4.7193;NaN;0.03197;NaN;NaN;NaN;NaN;NaN;5.042;0.025;5.795;0.471;2.42
18HU16006_197;HL_08;42.36664;-61.34496;434144;49.01;22-may-16;16:03:00;49.019;35.4017;14.226;5.4611;NaN;0.46944;NaN;NaN;NaN;NaN;NaN;5.762;0.195;1.95;0.234;1.38
18HU16006_197;HL_08;42.36668;-61.34522;434145;4.07;22-may-16;16:04:00;4.073;35.4335;15.3132;5.7288;NaN;1.47661;NaN;NaN;NaN;NaN;NaN;6.096;0.015;0;0.116;0.505
18HU16006_202;HL_06.5;42.65999;-61.59039;434151;2104.96;22-may-16;22:02:00;2104.967;34.9382;3.419;5.7794;NaN;NaN;NaN;NaN;NaN;NaN;NaN;6.174;0;15.81;1.1835;14.81
18HU16006_202;HL_06.5;42.66038;-61.59016;434152;2001.67;22-may-16;22:04:00;2001.677;34.9413;3.5318;5.7727;NaN;NaN;NaN;NaN;NaN;NaN;NaN;NaN;0;15.695;1.196;13.925
18HU16006_202;HL_06.5;42.6609;-61.59042;434153;1851.08;22-may-16;22:07:00;1851.084;34.9453;3.6346;5.7561;NaN;NaN;NaN;NaN;NaN;NaN;NaN;NaN;0;15.63;1.192;13.415
18HU16006_202;HL_06.5;42.66128;-61.59058;434154;1680.39;22-may-16;22:10:00;1680.391;34.95;3.8266;5.7461;NaN;NaN;NaN;NaN;NaN;NaN;NaN;6.116;0;15.59;1.196;12.69
18HU16006_202;HL_06.5;42.66174;-61.59076;434155;1500.65;22-may-16;22:13:00;1500.655;34.9554;3.9964;5.7207;NaN;NaN;NaN;NaN;NaN;NaN;NaN;6.099;0;15.54;1.193;11.23
18HU16006_202;HL_06.5;42.66188;-61.59058;434156;1299.34;22-may-16;22:16:00;1299.342;34.9512;4.1254;5.7363;NaN;NaN;NaN;NaN;NaN;NaN;NaN;5.998;0;15.455;1.187;11.355
18HU16006_202;HL_06.5;42.66257;-61.59062;434157;1099.13;22-may-16;22:19:00;1099.137;34.9552;4.3014;5.6967;NaN;NaN;NaN;NaN;NaN;NaN;NaN;6.027;0;15.6;1.1865;10.995
18HU16006_202;HL_06.5;42.66352;-61.59114;434158;899.58;22-may-16;22:23:00;899.589;34.9697;4.6064;5.5215;NaN;NaN;NaN;NaN;NaN;NaN;NaN;5.834;0;16.045;1.214;11.125
18HU16006_202;HL_06.5;42.66416;-61.59122;434159;704.5;22-may-16;22:26:00;704.504;35.0287;5.4425;4.9347;NaN;NaN;NaN;NaN;NaN;NaN;NaN;5.196;0;17.75;1.3065;12.465
18HU16006_202;HL_06.5;42.66441;-61.59166;434160;552.35;22-may-16;22:29:00;552.353;35.0752;6.7307;4.1031;NaN;NaN;NaN;NaN;NaN;NaN;NaN;4.339;0;20.11;1.46;13.68
18HU16006_202;HL_06.5;42.6647;-61.59178;434161;400.99;22-may-16;22:32:00;400.992;35.1965;9.1451;3.0761;NaN;NaN;NaN;NaN;NaN;NaN;NaN;3.241;0;22.885;1.601;14.245
18HU16006_202;HL_06.5;42.66465;-61.59166;434162;270.61;22-may-16;22:34:00;270.614;35.5053;11.9424;3.1769;NaN;NaN;NaN;NaN;NaN;NaN;NaN;3.385;0;17.68;1.2505;9.35
18HU16006_202;HL_06.5;42.66488;-61.59158;434163;170.24;22-may-16;22:36:00;170.245;35.5034;12.9756;5.1156;NaN;NaN;NaN;NaN;NaN;NaN;NaN;5.4435;0;6.91;0.578;3.125
18HU16006_202;HL_06.5;42.66495;-61.59184;434164;100.15;22-may-16;22:38:00;100.159;35.4294;13.0334;5.2602;NaN;0.05632;NaN;NaN;NaN;NaN;NaN;5.588;0;5.385;0.485;2.455
18HU16006_202;HL_06.5;42.66533;-61.59201;434165;78.78;22-may-16;22:39:00;78.789;35.3838;13.0234;5.2255;NaN;0.03501;NaN;NaN;NaN;NaN;NaN;5.532;0;5.4;0.49;2.38
18HU16006_202;HL_06.5;42.66566;-61.5923;434166;59.34;22-may-16;22:40:00;59.344;35.6878;14.4269;5.1164;NaN;0.04871;NaN;NaN;NaN;NaN;NaN;NaN;0;4.535;0.3955;1.3
18HU16006_202;HL_06.5;42.6658;-61.59254;434167;49.66;22-may-16;22:41:00;49.661;35.7725;15.0663;4.6419;NaN;0.14157;NaN;NaN;NaN;NaN;NaN;4.968;0.06;5.27;0.445;2.04
18HU16006_202;HL_06.5;42.66588;-61.59294;434168;39.35;22-may-16;22:42:00;39.351;35.7233;15.8995;5.2762;NaN;1.06316;NaN;NaN;NaN;NaN;NaN;NaN;0.14;1.455;0.13;0.325
18HU16006_202;HL_06.5;42.66594;-61.59309;434169;28.99;22-may-16;22:42:00;28.991;34.9957;14.6297;5.8057;NaN;1.38801;NaN;NaN;NaN;NaN;NaN;6.166;0.02;0;0.121;0.22
18HU16006_202;HL_06.5;42.666;-61.59316;434170;20.29;22-may-16;22:43:00;20.29;34.9885;14.6747;5.7913;NaN;1.31418;NaN;NaN;NaN;NaN;NaN;NaN;0.03;0;0.1285;0.28
18HU16006_202;HL_06.5;42.66614;-61.59326;434171;10.13;22-may-16;22:44:00;10.13;34.9936;14.7059;5.7973;NaN;1.34372;NaN;NaN;NaN;NaN;NaN;6.163;0.035;0;0.1215;0.375
18HU16006_202;HL_06.5;42.6663;-61.59342;434172;3.99;22-may-16;22:45:00;3.997;34.988;14.6868;5.8028;NaN;1.26988;NaN;NaN;NaN;NaN;NaN;6.192;0.035;0;0.1095;0.275
18HU16006_203;HL_07;42.4788;-61.43714;434173;2771.94;23-may-16;02:31:00;2771.949;34.923;2.8567;5.8479;NaN;NaN;NaN;NaN;NaN;NaN;NaN;6.25;0.025;15.42;1.1735;17.295
18HU16006_203;HL_07;42.47888;-61.43768;434174;2701.06;23-may-16;02:33:00;2701.064;34.9259;2.9238;5.8349;NaN;NaN;NaN;NaN;NaN;NaN;NaN;6.23;0.02;15.225;1.184;17.135
18HU16006_203;HL_07;42.47914;-61.4375;434175;2553.26;23-may-16;02:36:00;2553.269;34.9293;3.0423;5.8213;NaN;NaN;NaN;NaN;NaN;NaN;NaN;6.216;0.02;15.305;1.174;16.515
18HU16006_203;HL_07;42.47912;-61.43792;434176;2400.19;23-may-16;02:38:00;2400.19;34.9323;3.1941;5.8371;NaN;NaN;NaN;NaN;NaN;NaN;NaN;NaN;0.02;15.165;1.1795;15.42
18HU16006_203;HL_07;42.47924;-61.43845;434177;2217.75;23-may-16;02:41:00;2217.75;34.9352;3.3434;5.8182;NaN;NaN;NaN;NaN;NaN;NaN;NaN;NaN;0.005;15.255;1.177;13.92
18HU16006_203;HL_07;42.47928;-61.4389;434178;2022.49;23-may-16;02:44:00;2022.496;34.9436;3.5368;5.784;NaN;NaN;NaN;NaN;NaN;NaN;NaN;6.148;0;15.26;1.1875;13.62
18HU16006_203;HL_07;42.47925;-61.43911;434179;1803.13;23-may-16;02:48:00;1803.135;34.9534;3.7549;5.7475;NaN;NaN;NaN;NaN;NaN;NaN;NaN;6.093;0;15.265;1.1865;12.9
18HU16006_203;HL_07;42.47944;-61.43917;434180;1552.75;23-may-16;02:52:00;1552.752;34.9598;3.9524;5.7237;NaN;NaN;NaN;NaN;NaN;NaN;NaN;6.063;0;15.385;1.1875;11.975
18HU16006_203;HL_07;42.47961;-61.43924;434181;1300.18;23-may-16;02:56:00;1300.185;34.9624;4.1637;5.7194;NaN;NaN;NaN;NaN;NaN;NaN;NaN;6.044;0;15.11;1.183;11.32
18HU16006_203;HL_07;42.4797;-61.43948;434182;999.8;23-may-16;03:00:00;999.808;34.9912;4.6197;5.5434;NaN;NaN;NaN;NaN;NaN;NaN;NaN;5.836;0;15.28;1.206;10.945
18HU16006_203;HL_07;42.47942;-61.43928;434183;698.8;23-may-16;03:04:00;698.802;35.008;5.4689;4.9256;NaN;NaN;NaN;NaN;NaN;NaN;NaN;5.15;0.005;17.365;1.3065;12.295
18HU16006_203;HL_07;42.48008;-61.43952;434184;501.26;23-may-16;03:07:00;501.268;35.1063;7.5875;3.655;NaN;NaN;NaN;NaN;NaN;NaN;NaN;3.824;0;21.435;1.5595;14.525
18HU16006_203;HL_07;42.48028;-61.4394;434185;350.15;23-may-16;03:10:00;350.156;35.3132;10.3656;3.0449;NaN;NaN;NaN;NaN;NaN;NaN;NaN;3.208;0.015;20.925;1.483;12.22
18HU16006_203;HL_07;42.4802;-61.4395;434186;202.95;23-may-16;03:13:00;202.958;35.6127;13.4778;5.0725;NaN;NaN;NaN;NaN;NaN;NaN;NaN;5.437;0.01;6.165;0.522;2.975
18HU16006_203;HL_07;42.4802;-61.43942;434187;152.43;23-may-16;03:14:00;152.432;35.6564;13.7398;5.1621;NaN;NaN;NaN;NaN;NaN;NaN;NaN;5.457;0.01;5.56;0.4885;2.525
18HU16006_203;HL_07;42.48026;-61.43957;434188;101.16;23-may-16;03:16:00;101.166;35.7911;14.6179;4.6832;NaN;0.02435;NaN;NaN;NaN;NaN;NaN;4.891;0.015;6.365;0.5175;2.755
18HU16006_203;HL_07;42.4804;-61.43974;434189;80.44;23-may-16;03:16:00;80.447;35.7931;14.8365;4.6686;NaN;0.02283;NaN;NaN;NaN;NaN;NaN;4.94;0.015;5.93;0.494;2.735
18HU16006_203;HL_07;42.48056;-61.43976;434190;60.59;23-may-16;03:17:00;60.595;35.8495;15.4661;4.5609;NaN;0.26554;NaN;NaN;NaN;NaN;NaN;NaN;0.095;4.97;0.407;1.965
18HU16006_203;HL_07;42.48072;-61.43976;434191;50.41;23-may-16;03:18:00;50.418;35.8743;15.6639;4.6901;NaN;0.18019;NaN;NaN;NaN;NaN;NaN;5.026;0.14;4.335;0.3495;1.605
18HU16006_203;HL_07;42.48087;-61.43974;434192;39.76;23-may-16;03:19:00;39.767;35.4032;14.3775;5.4628;NaN;0.7826;NaN;NaN;NaN;NaN;NaN;NaN;0.17;1.715;0.177;0.805
18HU16006_203;HL_07;42.48092;-61.43975;434193;29.56;23-may-16;03:19:00;29.562;35.4873;15.2371;5.5389;NaN;1.831;NaN;NaN;NaN;NaN;NaN;5.936;0.035;1.06;0.1215;0.285
18HU16006_203;HL_07;42.48087;-61.4398;434194;19.5;23-may-16;03:20:00;19.504;35.24;14.6592;5.7411;NaN;1.93436;NaN;NaN;NaN;NaN;NaN;NaN;0.02;0;0.107;0.635
18HU16006_203;HL_07;42.48086;-61.43992;434195;10.22;23-may-16;03:21:00;10.228;35.2415;14.6591;5.7347;NaN;1.7867;NaN;NaN;NaN;NaN;NaN;6.121;0.025;0;0.1025;0.595
18HU16006_203;HL_07;42.48084;-61.43996;434196;3.47;23-may-16;03:21:00;3.473;35.2374;14.6564;5.7948;NaN;1.59474;NaN;NaN;NaN;NaN;NaN;6.136;0.03;0;0.1;0.755
18HU16006_208;HL_06;42.83522;-61.73498;434202;1085.58;23-may-16;10:58:00;1085.583;34.9527;4.2298;5.6741;7.899;NaN;NaN;NaN;NaN;NaN;NaN;6.047;0.06;16.905;1.176;11.785
18HU16006_208;HL_06;42.83552;-61.73468;434203;980.75;23-may-16;11:00:00;980.756;34.9587;4.3716;5.627;7.9;NaN;NaN;NaN;NaN;NaN;NaN;5.995;0.045;16.65;1.1775;11.345
18HU16006_208;HL_06;42.83592;-61.7346;434204;849.47;23-may-16;11:03:00;849.475;34.9716;4.5737;5.5354;7.904;NaN;NaN;NaN;NaN;NaN;NaN;5.857;0.04;17.02;1.192;11.175
18HU16006_208;HL_06;42.83618;-61.73472;434205;719.38;23-may-16;11:06:00;719.382;34.9982;5.0441;5.1971;7.898;NaN;NaN;NaN;NaN;NaN;NaN;5.496;0.045;17.88;1.2425;11.775
18HU16006_208;HL_06;42.83636;-61.73476;434206;617.26;23-may-16;11:08:00;617.269;35.0151;5.4439;4.9047;7.893;NaN;NaN;NaN;NaN;NaN;NaN;5.191;0.04;22.325;1.304;12.295
18HU16006_208;HL_06;42.8365;-61.73466;434207;500.03;23-may-16;11:10:00;500.035;35.0501;6.342;4.3103;7.882;NaN;NaN;NaN;NaN;NaN;NaN;4.556;0.055;20.57;1.3915;13.385
18HU16006_208;HL_06;42.83674;-61.73476;434208;400.74;23-may-16;11:12:00;400.744;35.109;7.7339;3.5702;7.866;NaN;NaN;NaN;NaN;NaN;NaN;3.79;0.05;22.945;1.518;14.55
18HU16006_208;HL_06;42.83678;-61.73464;434209;300.11;23-may-16;11:14:00;300.115;35.3088;10.3431;2.9836;7.872;NaN;NaN;NaN;NaN;NaN;NaN;3.167;0.035;22.355;1.4505;12.505
18HU16006_208;HL_06;42.83703;-61.73474;434210;200.13;23-may-16;11:16:00;200.139;35.6536;13.2703;3.8331;7.983;NaN;NaN;NaN;NaN;NaN;NaN;4.009;0.065;14.25;0.9125;6.825
18HU16006_208;HL_06;42.83705;-61.73472;434211;149.71;23-may-16;11:17:00;149.714;35.6837;13.7362;4.3544;8.036;NaN;NaN;NaN;NaN;NaN;NaN;4.675;0.07;10.285;0.684;4.75
18HU16006_208;HL_06;42.83714;-61.73478;434212;101.65;23-may-16;11:18:00;101.655;35.6766;14.002;4.6959;8.069;0.01065;NaN;NaN;NaN;NaN;NaN;5.023;0.065;6.095;0.566;3.565
18HU16006_208;HL_06;42.83726;-61.7348;434213;79.29;23-may-16;11:19:00;79.29;35.6687;14.0828;4.8475;8.083;0.01674;NaN;NaN;NaN;NaN;NaN;5.175;0.065;6.28;0.513;2.88
18HU16006_208;HL_06;42.8374;-61.73478;434214;61.21;23-may-16;11:19:00;61.215;35.7122;14.4963;5.0237;8.109;0.04566;NaN;NaN;NaN;NaN;NaN;5.402;0.105;4.085;0.391;1.79
18HU16006_208;HL_06;42.83746;-61.73474;434215;51.2;23-may-16;11:20:00;51.203;35.6882;14.7342;5.3297;8.14;0.10808;NaN;NaN;NaN;NaN;NaN;5.678;0.42;2.835;0.2595;1.245
18HU16006_208;HL_06;42.83752;-61.73464;434216;39.24;23-may-16;11:21:00;39.24;35.4904;14.5775;5.4326;8.157;0.45047;NaN;NaN;NaN;NaN;NaN;5.823;0.29;2.035;0.188;0.815
18HU16006_208;HL_06;42.83758;-61.73458;434217;28.34;23-may-16;11:21:00;28.343;33.6262;9.3864;6.0807;8.131;1.62427;NaN;NaN;NaN;NaN;NaN;6.458;0.135;2.68;0.4195;2.71
18HU16006_208;HL_06;42.8377;-61.7346;434218;19.23;23-may-16;11:22:00;19.234;32.2141;6.0599;6.8264;8.075;1.35848;NaN;NaN;NaN;NaN;NaN;7.071;0.06;1.615;0.3865;2.04
18HU16006_208;HL_06;42.83782;-61.73463;434219;11.47;23-may-16;11:22:00;11.474;32.1719;8.002;6.748;8.066;1.22559;NaN;NaN;NaN;NaN;NaN;7.123;0.045;0;0.3505;1.51
18HU16006_208;HL_06;42.83794;-61.73466;434220;4.04;23-may-16;11:23:00;4.045;32.1438;7.9176;6.7717;8.057;1.21082;NaN;NaN;NaN;NaN;NaN;7.144;0.045;0;0.3435;1.555
18HU16006_214;HL_05.5;42.93788;-61.8158;434226;512.01;23-may-16;18:04:00;512.011;34.9987;5.203;5.0519;7.945;NaN;NaN;NaN;NaN;NaN;NaN;5.325;0.05;18.06;1.2805;12.325
18HU16006_214;HL_05.5;42.93784;-61.81582;434227;399.88;23-may-16;18:07:00;399.88;35.051;6.5162;4.2221;7.918;NaN;NaN;NaN;NaN;NaN;NaN;4.484;0.03;20.25;1.419;13.55
18HU16006_214;HL_05.5;42.93788;-61.81597;434228;300.47;23-may-16;18:09:00;300.479;35.1424;8.3808;3.3369;7.895;NaN;NaN;NaN;NaN;NaN;NaN;3.528;0.045;23.06;1.5745;14.59
18HU16006_214;HL_05.5;42.93808;-61.81557;434229;198.26;23-may-16;18:11:00;198.267;35.4582;11.6801;3.2975;7.958;NaN;NaN;NaN;NaN;NaN;NaN;3.534;0.04;18.13;1.217;9.645
18HU16006_214;HL_05.5;42.93828;-61.81531;434230;150.28;23-may-16;18:12:00;150.282;35.58;13.0276;4.1243;8.037;NaN;NaN;NaN;NaN;NaN;NaN;NaN;NaN;NaN;NaN;NaN
18HU16006_214;HL_05.5;42.93858;-61.81509;434231;100.83;23-may-16;18:14:00;100.836;35.6443;13.9186;5.0177;8.123;0.04719;NaN;NaN;NaN;NaN;NaN;5.399;0.06;4.475;0.4495;2.155
18HU16006_214;HL_05.5;42.93873;-61.81498;434232;79.83;23-may-16;18:14:00;79.832;35.3354;12.9914;5.2464;8.13;0.11721;NaN;NaN;NaN;NaN;NaN;NaN;0.07;4.235;0.4345;2.195
18HU16006_214;HL_05.5;42.93883;-61.81481;434233;59.16;23-may-16;18:15:00;59.167;35.1926;12.6068;5.3025;8.13;0.137;NaN;NaN;NaN;NaN;NaN;NaN;0.08;4.775;0.436;2.565
18HU16006_214;HL_05.5;42.9389;-61.81468;434234;48.95;23-may-16;18:16:00;48.958;35.0774;12.2691;5.3319;8.125;0.28451;NaN;NaN;NaN;NaN;NaN;5.711;0.085;4.86;0.487;2.055
18HU16006_214;HL_05.5;42.93896;-61.81455;434235;40.63;23-may-16;18:16:00;40.638;34.6491;11.3183;5.6725;8.131;0.63494;NaN;NaN;NaN;NaN;NaN;NaN;0.16;3.59;0.4235;1.34
18HU16006_214;HL_05.5;42.93913;-61.81442;434236;29.33;23-may-16;18:17:00;29.337;33.3394;9.5419;6.6284;8.162;3.2415;NaN;NaN;NaN;NaN;NaN;6.982;0.015;0;0.2105;1.17
18HU16006_214;HL_05.5;42.9393;-61.81429;434237;18.81;23-may-16;18:17:00;18.818;32.095;8.0273;6.9045;8.111;1.63904;NaN;NaN;NaN;NaN;NaN;NaN;0;0;0.295;1.085
18HU16006_214;HL_05.5;42.93947;-61.81416;434238;9.92;23-may-16;18:18:00;9.927;31.9947;8.1452;6.8298;8.09;1.04839;NaN;NaN;NaN;NaN;NaN;7.232;0;0;0.3065;0.91
18HU16006_214;HL_05.5;42.93959;-61.81404;434239;4.06;23-may-16;18:18:00;4.066;31.9639;8.2516;6.8007;8.081;0.93027;NaN;NaN;NaN;NaN;NaN;NaN;0;0;0.324;1.105
18HU16006_219;HL_05;43.189;-62.11096;434240;95.57;23-may-16;21:08:00;95.578;34.958;11.2238;4.7406;8.037;0.0411;NaN;NaN;NaN;NaN;NaN;5.051;0.065;9.325;0.751;6.63
18HU16006_219;HL_05;43.18922;-62.11102;434241;79.52;23-may-16;21:09:00;79.522;34.9553;11.217;4.7314;8.044;0.04719;NaN;NaN;NaN;NaN;NaN;NaN;0.045;9.225;0.7575;6.58
18HU16006_219;HL_05;43.18948;-62.11108;434242;58.74;23-may-16;21:10:00;58.743;34.3652;9.7465;5.3605;8.064;0.09438;NaN;NaN;NaN;NaN;NaN;NaN;0.08;4.815;0.6415;4.405
18HU16006_219;HL_05;43.18975;-62.11114;434243;49.35;23-may-16;21:10:00;49.353;34.2176;9.5251;5.5631;8.069;0.23235;NaN;NaN;NaN;NaN;NaN;5.917;0.26;3.985;0.5805;3.795
18HU16006_219;HL_05;43.18998;-62.11118;434244;41.85;23-may-16;21:11:00;41.858;33.9055;9.0124;5.9834;8.092;NaN;NaN;NaN;NaN;NaN;NaN;NaN;NaN;NaN;NaN;NaN
18HU16006_219;HL_05;43.19022;-62.11121;434245;30.76;23-may-16;21:12:00;30.76;32.9955;7.9275;6.8137;8.12;1.37325;NaN;NaN;NaN;NaN;NaN;NaN;0.02;0;0.309;1.285
18HU16006_219;HL_05;43.19044;-62.11122;434246;20.72;23-may-16;21:13:00;20.723;32.1922;6.8843;6.9967;8.082;0.44298;NaN;NaN;NaN;NaN;NaN;NaN;0.01;0;0.353;0.7
18HU16006_219;HL_05;43.1906;-62.11126;434247;11.38;23-may-16;21:13:00;11.38;32.1185;7.3583;6.8704;8.069;0.46944;NaN;NaN;NaN;NaN;NaN;7.252;0;0;0.3455;0.665
18HU16006_219;HL_05;43.19076;-62.1113;434248;2.28;23-may-16;21:14:00;2.286;32.1152;7.5283;6.8553;8.066;0.39357;NaN;NaN;NaN;NaN;NaN;7.23;0.015;0;0.349;0.655
18HU16006_222;HL_04;43.49167;-62.45631;434249;78.24;23-may-16;23:32:00;78.247;33.942;8.454;4.689;7.962;0.0548;NaN;NaN;NaN;NaN;NaN;4.987;0.11;9;0.8775;8.76
18HU16006_222;HL_04;43.49171;-62.45633;434250;78.95;23-may-16;23:32:00;78.956;33.942;8.456;4.6967;7.963;0.05328;NaN;NaN;NaN;NaN;NaN;NaN;0.115;8.705;0.881;8.76
18HU16006_222;HL_04;43.49188;-62.45646;434251;59.5;23-may-16;23:33:00;59.502;33.5206;7.3058;5.6349;8.019;0.13091;NaN;NaN;NaN;NaN;NaN;NaN;0.25;4.22;0.6955;4.815
18HU16006_222;HL_04;43.49198;-62.45648;434252;52.22;23-may-16;23:34:00;52.22;33.2393;6.4963;6.0884;7.999;0.30822;NaN;NaN;NaN;NaN;NaN;6.361;0.36;3.05;0.6065;2.905
18HU16006_222;HL_04;43.49208;-62.45652;434253;40.05;23-may-16;23:35:00;40.054;33.0816;6.0685;6.3332;8.031;0.7826;NaN;NaN;NaN;NaN;NaN;NaN;0.32;2.56;0.543;2.125
18HU16006_222;HL_04;43.49216;-62.45656;434254;29.7;23-may-16;23:35:00;29.704;32.9097;5.8893;6.5998;8.043;1.44708;NaN;NaN;NaN;NaN;NaN;NaN;0.24;1.97;0.4845;1.57
18HU16006_222;HL_04;43.49222;-62.4566;434255;20.31;23-may-16;23:36:00;20.316;31.9913;6.7032;7.0068;8.066;0.8712;NaN;NaN;NaN;NaN;NaN;NaN;0.025;0;0.3355;0.795
18HU16006_222;HL_04;43.4923;-62.45664;434256;9.87;23-may-16;23:36:00;9.871;31.7933;7.6889;6.8323;8.055;0.53583;NaN;NaN;NaN;NaN;NaN;7.226;0.03;0;0.318;0.69
18HU16006_222;HL_04;43.49234;-62.45666;434257;1.55;23-may-16;23:37:00;1.553;31.6235;7.3933;6.9172;8.056;0.42202;NaN;NaN;NaN;NaN;NaN;7.273;0.035;0;0.3445;0.59
18HU16006_227;HL_03;43.88173;-62.8804;434258;263.18;24-may-16;03:20:00;263.181;35.2662;10.862;2.905;7.94;NaN;NaN;NaN;NaN;NaN;NaN;2.646;0.095;19.45;1.4375;15.91
18HU16006_227;HL_03;43.8819;-62.8805;434259;201.76;24-may-16;03:22:00;201.76;35.1514;10.7871;2.6381;7.922;NaN;NaN;NaN;NaN;NaN;NaN;2.807;0.045;18.775;1.461;17.265
18HU16006_227;HL_03;43.88208;-62.88061;434260;149.23;24-may-16;03:23:00;149.234;35.1149;10.9959;2.9399;7.938;NaN;NaN;NaN;NaN;NaN;NaN;3.122;0.045;17.065;1.333;13.885
18HU16006_227;HL_03;43.8822;-62.88066;434261;98.96;24-may-16;03:25:00;98.963;34.5658;10.0532;3.4009;7.962;0.00608;NaN;NaN;NaN;NaN;NaN;3.565;0.045;13.91;1.1945;11.79
18HU16006_227;HL_03;43.88226;-62.88072;434262;79.98;24-may-16;03:25:00;79.982;33.9627;8.6157;4.3396;7.986;0.01218;NaN;NaN;NaN;NaN;NaN;NaN;0.045;10.525;1.021;8.505
18HU16006_227;HL_03;43.88234;-62.8808;434263;60.13;24-may-16;03:26:00;60.131;33.2508;6.9167;6.2063;8.082;0.59064;NaN;NaN;NaN;NaN;NaN;NaN;0.31;2.63;0.5755;2.25
18HU16006_227;HL_03;43.88238;-62.88085;434264;49.57;24-may-16;03:27:00;49.575;33.0054;6.0048;6.4314;8.09;0.90073;NaN;NaN;NaN;NaN;NaN;6.702;0.225;2.425;0.605;2.885
18HU16006_227;HL_03;43.88246;-62.88092;434265;39.87;24-may-16;03:28:00;39.875;32.3888;4.5893;6.8497;8.059;0.79737;NaN;NaN;NaN;NaN;NaN;NaN;0.165;2.105;0.5365;2.065
18HU16006_227;HL_03;43.88252;-62.88102;434266;29.12;24-may-16;03:28:00;29.126;31.7602;4.8733;7.263;8.076;0.75307;NaN;NaN;NaN;NaN;NaN;NaN;0.06;1.5;0.41;0.79
18HU16006_227;HL_03;43.88254;-62.88108;434267;20.1;24-may-16;03:29:00;20.108;31.2431;5.5921;7.2062;8.072;0.58325;NaN;NaN;NaN;NaN;NaN;NaN;0.045;0;0.3905;0.465
18HU16006_227;HL_03;43.88258;-62.88116;434268;10.69;24-may-16;03:30:00;10.695;30.9786;6.4347;7.102;8.064;0.44573;NaN;NaN;NaN;NaN;NaN;7.467;0.045;0;0.3795;0.45
18HU16006_227;HL_03;43.88256;-62.88124;434269;3.63;24-may-16;03:31:00;3.636;30.966;6.4545;7.0815;8.065;0.4078;NaN;NaN;NaN;NaN;NaN;7.456;0.04;0;0.382;0.46
18HU16006_230;HL_02;44.26658;-63.31654;434270;146;24-may-16;08:15:00;146.002;34.6318;9.9765;3.1975;7.888;0.01522;15.99;1.352;16.67;NaN;0.06;NaN;NaN;NaN;NaN;NaN
18HU16006_230;HL_02;44.26646;-63.31659;434271;99.33;24-may-16;08:16:00;99.334;33.2969;6.2266;4.7845;7.942;0.01217;10.66;1.1245;11.41;NaN;0.055;NaN;NaN;NaN;NaN;NaN
18HU16006_230;HL_02;44.26644;-63.31664;434272;75.12;24-may-16;08:17:00;75.128;32.4018;3.1107;5.8758;7.928;0.01522;6.885;0.9365;7.39;NaN;0.08;NaN;NaN;NaN;NaN;NaN
18HU16006_230;HL_02;44.26644;-63.3167;434273;50.98;24-may-16;08:18:00;50.98;31.9645;3.1314;6.7654;8.025;0.04414;1.94;0.627;2.285;NaN;0.19;NaN;NaN;NaN;NaN;NaN
18HU16006_230;HL_02;44.26645;-63.31672;434274;40.48;24-may-16;08:19:00;40.486;31.6834;2.2811;7.1169;8.037;0.1431;1.18;0.576;1.325;NaN;0.145;NaN;NaN;NaN;NaN;NaN
18HU16006_230;HL_02;44.26646;-63.31674;434275;29.85;24-may-16;08:20:00;29.859;31.4549;2.2441;7.3634;8.044;0.36986;0.87;0.5955;0.935;NaN;0.09;NaN;NaN;NaN;NaN;NaN
18HU16006_230;HL_02;44.26651;-63.31681;434276;20.27;24-may-16;08:21:00;20.278;31.0768;5.5067;7.1953;8.054;0.45047;0.205;0.378;0;NaN;0;NaN;NaN;NaN;NaN;NaN
18HU16006_230;HL_02;44.26654;-63.31684;434277;10.26;24-may-16;08:21:00;10.263;31.0884;5.5921;7.1921;8.058;0.3746;0.3;0.393;0;NaN;0;NaN;NaN;NaN;NaN;NaN
18HU16006_230;HL_02;44.26656;-63.31686;434278;5.13;24-may-16;08:22:00;5.136;31.085;5.7247;7.1951;8.059;0.28925;0.42;0.4345;0.115;NaN;0.08;NaN;NaN;NaN;NaN;NaN
18HU16006_230;HL_02;44.26658;-63.3169;434279;2.69;24-may-16;08:22:00;2.693;31.0734;5.8449;7.191;8.061;0.28451;0.43;0.432;0.18;NaN;0.06;NaN;NaN;NaN;NaN;NaN
18HU16006_315;CSL_01;46.95832;-60.21588;433026;73.57;02-may-16;01:28:00;73.573;31.4368;-0.0515;7.7953;8;2.33579;3.10333;0.68667;3.03667;31.33;0.08333;8.101;NaN;NaN;NaN;NaN
18HU16006_315;CSL_01;46.95828;-60.21584;433027;60.32;02-may-16;01:29:00;60.329;31.0347;0.1285;8.0979;8.055;3.14616;NaN;NaN;NaN;NaN;NaN;8.457;NaN;NaN;NaN;NaN
18HU16006_315;CSL_01;46.95822;-60.2159;433028;50.36;02-may-16;01:30:00;50.366;30.7094;0.6027;8.2845;8.102;3.57519;0.30667;0.397;0.79;30.761;0.03333;8.642;NaN;NaN;NaN;NaN
18HU16006_315;CSL_01;46.95816;-60.216;433029;40.21;02-may-16;01:31:00;40.211;30.5238;0.754;8.3617;8.111;4.38557;0;0.41;0.57667;NaN;0.04333;NaN;NaN;NaN;NaN;NaN
18HU16006_315;CSL_01;46.95804;-60.21606;433030;30.72;02-may-16;01:32:00;30.726;30.4128;1.0288;8.3764;8.12;4.19489;0;0.38367;0;30.477;0.03667;8.75;NaN;NaN;NaN;NaN
18HU16006_315;CSL_01;46.95798;-60.2161;433031;19.85;02-may-16;01:33:00;19.851;30.2213;1.3333;8.398;8.133;3.43218;0;0.35067;0;NaN;0.05;NaN;NaN;NaN;NaN;NaN
18HU16006_315;CSL_01;46.95794;-60.21612;433032;9.67;02-may-16;01:34:00;9.672;30.155;1.5628;8.3634;8.132;2.38346;0;0.29667;0;30.225;0.03333;8.788;NaN;NaN;NaN;NaN
18HU16006_315;CSL_01;46.95792;-60.21614;433033;1.46;02-may-16;01:35:00;1.465;30.0747;1.7787;8.3262;8.13;1.40278;0;0.34467;0;30.097;0.02;8.694;NaN;NaN;NaN;NaN
18HU16006_339;CSL_02;47.01753;-60.11916;433034;169.7;02-may-16;03:44:00;169.704;33.6286;4.0624;4.4724;7.844;NaN;14.02333;1.16833;11.76333;33.619;0.11;4.724;NaN;NaN;NaN;NaN
18HU16006_339;CSL_02;47.01738;-60.1192;433035;149.76;02-may-16;03:45:00;149.763;33.4762;3.6974;4.7666;7.86;NaN;16.42;1.31833;14.13333;33.492;0.15667;5;NaN;NaN;NaN;NaN
18HU16006_339;CSL_02;47.01714;-60.11926;433036;100.17;02-may-16;03:47:00;100.179;32.0023;1.0559;7.6647;8.055;0.38883;1.52;0.538;1.08;NaN;0.04667;7.997;NaN;NaN;NaN;NaN
18HU16006_339;CSL_02;47.017;-60.11932;433037;80.18;02-may-16;03:48:00;80.187;31.6855;0.0072;8.0285;8.05;2.52646;1.39333;0.54967;1.68333;31.713;0.05667;NaN;NaN;NaN;NaN;NaN
18HU16006_339;CSL_02;47.01682;-60.11942;433038;59.53;02-may-16;03:49:00;59.539;31.4836;-0.0528;8.4178;8.086;5.91098;0.34667;0.46833;0.98667;NaN;0.04333;NaN;NaN;NaN;NaN;NaN
18HU16006_339;CSL_02;47.01666;-60.1195;433039;50.3;02-may-16;03:50:00;50.304;31.3501;-0.2135;8.5121;8.096;7.06292;0.27;0.446;0.86667;NaN;0.02667;8.893;NaN;NaN;NaN;NaN
18HU16006_339;CSL_02;47.01652;-60.11956;433040;39.78;02-may-16;03:51:00;39.785;31.2671;-0.1854;8.5848;8.115;7.4364;0.34333;0.49367;1.19;31.301;0.04667;NaN;NaN;NaN;NaN;NaN
18HU16006_339;CSL_02;47.01636;-60.11964;433041;30.17;02-may-16;03:52:00;30.175;31.211;-0.5199;8.5299;8.107;7.34106;0;0.381;0.61;NaN;0.03667;NaN;NaN;NaN;NaN;NaN
18HU16006_339;CSL_02;47.0162;-60.11972;433042;20.34;02-may-16;03:53:00;20.346;30.9578;-0.0326;8.8139;8.144;3.28917;0.24;0.519;0.78;NaN;0.04333;NaN;NaN;NaN;NaN;NaN
18HU16006_339;CSL_02;47.01606;-60.11978;433043;9.89;02-may-16;03:54:00;9.892;30.4865;1.563;8.435;8.166;1.95283;0;0.34467;0;30.476;0.02333;8.818;NaN;NaN;NaN;NaN
18HU16006_339;CSL_02;47.01593;-60.11984;433044;1.26;02-may-16;03:55:00;1.267;30.324;1.808;8.344;8.162;1.56521;0;0.27333;0;30.335;0.02667;8.719;NaN;NaN;NaN;NaN
