CTD;CTD;CTD;CTD;CTD;CTD;CTD;CTD;CTD;CTD;CTD;CTD;labo;labo;labo;labo;labo;CTD;labo
Fichier;Station;Latitude;Longitude;Echantillon;zbouteille;Date;Heure;PSAL;TE90;DOXY;PHPH;OXYM_01;Si_01;NO2_01;NOx_01;PO4_01;FLOR;CHL_04
(nom);(nom/no);(degres);(degres);(no_unique);(dbar);(jj-mmm-yyyy);(GMT);(psu);(celsius);(ml/l);((none));(mmol/m**3);(mmol/m**3);(mmol/m**3);(mmol/m**3);(mmol/m**3);(mg/m**3);(mg/m**3)
18HU18028_1683;101;46.83333;-61.25333;454752;56.02;24-oct-18;07:53:00;31.42;2.21;257.0183;7.899;5.7295;16.36;0.085;6.98;1.16;0.208;0.335
18HU18028_1683;101;46.83333;-61.25333;454753;25.68;24-oct-18;07:53:00;29.67;8.01;295.91716;8.174;NaN;3.675;0.155;1.405;0.435;1.453;2.435
18HU18028_1683;101;46.83333;-61.25333;454754;15.67;24-oct-18;07:53:00;29.59;8.05;296.45308;8.193;NaN;3.37;0.155;1.305;0.405;1.384;2.605
18HU18028_1683;101;46.83333;-61.25333;454755;5.65;24-oct-18;07:53:00;29.54;8.09;295.96182;8.202;6.762;3.12;0.16;1.21;0.38;1.286;2.615
18HU18028_1683;101;46.83333;-61.25333;454756;2.68;24-oct-18;07:53:00;29.54;8.09;296.45308;8.202;NaN;3.1;0.155;1.21;0.395;1.323;2.545
18HU18028_1684;11;47.83117;-64.25133;454710;35.2;23-oct-18;07:43:00;29.41;7.34;299.26666;8.156;6.8205;3.705;0.1;1.54;0.49;0.967;2.225
18HU18028_1684;11;47.83117;-64.25133;454711;26.08;23-oct-18;07:43:00;29.35;7.31;300.87442;8.161;NaN;3.675;0.1;1.545;0.49;1.077;2.465
18HU18028_1684;11;47.83117;-64.25133;454712;15.96;23-oct-18;07:43:00;29.35;7.31;301.09772;8.162;NaN;3.675;0.095;1.52;0.445;1.086;2.305
18HU18028_1684;11;47.83117;-64.25133;454713;6.05;23-oct-18;07:43:00;29.35;7.31;300.91908;8.167;6.833;3.645;0.1;1.515;0.455;1.074;2.37
18HU18028_1684;11;47.83117;-64.25133;454714;3.17;23-oct-18;07:43:00;29.35;7.3;301.32102;8.169;NaN;3.67;0.095;1.5;0.46;1.028;2.405
18HU18028_1685;111;46.74283;-60.9995;454757;53.65;24-oct-18;10:19:00;29.54;8.31;290.5133;8.177;6.6135;3.395;0.135;1.275;0.415;0.881;1.795
18HU18028_1685;111;46.74283;-60.9995;454758;25.68;24-oct-18;10:19:00;29.29;8.97;286.89584;8.193;NaN;2.87;0.11;0.99;0.39;0.588;1.335
18HU18028_1685;111;46.74283;-60.9995;454759;15.57;24-oct-18;10:19:00;29.19;9.42;286.22594;8.206;NaN;2.225;0.095;0.77;0.365;0.656;1.775
18HU18028_1685;111;46.74283;-60.9995;454760;5.75;24-oct-18;10:19:00;28.69;10.04;281.22402;8.213;6.4235;2.955;0.09;0.625;0.305;0.785;1.86
18HU18028_1685;111;46.74283;-60.9995;454761;1.88;24-oct-18;10:19:00;28.69;10.05;281.26868;8.214;NaN;2.96;0.085;0.63;0.3;0.745;1.9
18HU18028_1686;131;46.95833;-60.2175;454762;75.55;25-oct-18;17:42:00;31.74;4.45;268.54058;8.02;6.0495;9.805;0.115;6.345;0.885;0.243;0.36
18HU18028_1686;131;46.95833;-60.2175;454763;50.37;25-oct-18;17:42:00;30.83;8.91;286.9405;8.187;6.5315;1.005;0.08;0.51;0.305;0.302;0.6
18HU18028_1686;131;46.95833;-60.2175;454764;25.29;25-oct-18;17:42:00;30.14;8.64;288.59292;8.183;NaN;1.795;0.08;0.72;0.35;0.443;0.86
18HU18028_1686;131;46.95833;-60.2175;454765;15.67;25-oct-18;17:42:00;29.63;9.33;284.7075;8.191;NaN;2.295;0.085;0.89;0.33;0.629;1.145
18HU18028_1686;131;46.95833;-60.2175;454766;5.36;25-oct-18;17:42:00;29.51;9.38;288.2803;8.192;6.575;2.425;0.09;0.9;0.345;0.752;1.58
18HU18028_1686;131;46.95833;-60.2175;454767;1.59;25-oct-18;17:42:00;29.51;9.38;288.2803;8.187;NaN;2.42;0.095;0.895;0.325;0.699;1.56
18HU18028_1687;141;47.0165;-60.13383;454768;160.2;25-oct-18;19:21:00;34.18;5.57;163.4556;7.874;3.6825;21.985;0.04;19.5;1.555;0.081;NaN
18HU18028_1687;141;47.0165;-60.13383;454769;98.95;25-oct-18;19:21:00;32.38;1.95;288.90554;7.968;NaN;8.525;0.065;8.56;0.98;0.116;0.11
18HU18028_1687;141;47.0165;-60.13383;454770;49.88;25-oct-18;19:21:00;30.15;8.46;286.98516;8.141;6.518;2.435;0.09;1.01;0.385;0.498;0.89
18HU18028_1687;141;47.0165;-60.13383;454771;24.39;25-oct-18;19:21:00;29.46;9.11;285.69002;8.169;NaN;2.61;0.105;0.995;0.355;0.594;1.17
18HU18028_1687;141;47.0165;-60.13383;454772;15.47;25-oct-18;19:21:00;29.46;9.46;286.44924;8.184;NaN;2.275;0.08;0.84;0.315;0.747;1.53
18HU18028_1687;141;47.0165;-60.13383;454773;5.55;25-oct-18;19:21:00;29.46;9.46;286.44924;8.183;6.527;2.275;0.085;0.835;0.32;0.774;1.52
18HU18028_1687;141;47.0165;-60.13383;454774;2.68;25-oct-18;19:21:00;29.46;9.46;286.44924;8.182;NaN;2.24;0.09;0.835;0.325;0.678;1.595
18HU18028_1688;151;47.10567;-60.0025;454775;321.75;25-oct-18;21:02:00;34.83;6.63;126.34314;7.869;2.7825;29.92;0.03667;23.47333;1.78667;0.071;NaN
18HU18028_1688;151;47.10567;-60.0025;454776;301.25;25-oct-18;21:02:00;34.79;6.86;127.59362;7.879;NaN;26.735;0.025;23.34;1.725;0.058;NaN
18HU18028_1688;151;47.10567;-60.0025;454777;190.32;25-oct-18;21:02:00;33.81;4.47;190.0283;7.887;NaN;18.56;0.02;17.425;1.445;0.1;NaN
18HU18028_1688;151;47.10567;-60.0025;454778;103.21;25-oct-18;21:02:00;32.09;1.85;311.01224;8.004;NaN;5.425;0.055;6.34;0.855;0.143;0.135
18HU18028_1688;151;47.10567;-60.0025;454779;52.85;25-oct-18;21:02:00;31.05;5.81;290.0667;8.072;6.492;5.415;0.14;3.21;0.655;0.295;0.4
18HU18028_1688;151;47.10567;-60.0025;454780;25.39;25-oct-18;21:02:00;29.52;9.03;289.12884;8.174;NaN;2.62;0.1;1.035;0.365;0.793;1.65
18HU18028_1688;151;47.10567;-60.0025;454781;16.06;25-oct-18;21:02:00;29.49;9.11;289.21816;8.184;NaN;2.545;0.105;0.955;0.345;0.825;1.77
18HU18028_1688;151;47.10567;-60.0025;454782;5.16;25-oct-18;21:02:00;29.46;9.11;289.53078;8.186;6.586;2.57;0.105;0.93;0.33;0.859;1.83
18HU18028_1688;151;47.10567;-60.0025;454783;2.88;25-oct-18;21:02:00;29.47;9.11;289.1735;8.185;NaN;2.535;0.105;0.935;0.345;0.85;1.735
18HU18028_1689;161;47.26383;-59.78667;454784;454.18;25-oct-18;23:27:00;34.98;5.9;155.55078;7.916;3.452;33.225;0.025;22.9;1.765;0.077;NaN
18HU18028_1689;161;47.26383;-59.78667;454785;400.05;25-oct-18;23:27:00;34.97;6.05;153.13914;7.921;NaN;29.67;0.02;23.18;1.74;0.089;NaN
18HU18028_1689;161;47.26383;-59.78667;454786;300.85;25-oct-18;23:27:00;34.79;6.76;114.41892;7.853;NaN;30.48;0.015;24.15;1.805;0.095;NaN
18HU18028_1689;161;47.26383;-59.78667;454787;200.42;25-oct-18;23:27:00;34.13;5.64;174.48662;7.912;NaN;19.44;0.02;18.44;1.45;0.105;NaN
18HU18028_1689;161;47.26383;-59.78667;454788;100.53;25-oct-18;23:27:00;32.29;1.54;307.39478;7.999;NaN;5.835;0.02;7.48;0.89;0.117;0.06
18HU18028_1689;161;47.26383;-59.78667;454789;50.07;25-oct-18;23:27:00;31.86;3.44;317.7559;8.063;7.145;2.63;0.02667;3.42667;0.64667;0.239;0.25
18HU18028_1689;161;47.26383;-59.78667;454790;25.29;25-oct-18;23:27:00;30.65;8.16;297.56958;8.184;NaN;1.155;0.075;0.635;0.305;0.811;1.56
18HU18028_1689;161;47.26383;-59.78667;454791;15.97;25-oct-18;23:27:00;30.6;8.23;297.52492;8.192;NaN;1.27;0.075;0.66;0.295;0.792;1.505
18HU18028_1689;161;47.26383;-59.78667;454792;5.26;25-oct-18;23:27:00;30.42;8.25;297.03366;8.194;6.781;1.62;0.08;0.735;0.32;0.92;1.715
18HU18028_1689;161;47.26383;-59.78667;454793;3.07;25-oct-18;23:27:00;30.43;8.26;297.16764;8.194;NaN;1.575;0.08;0.745;0.31;0.899;1.77
18HU18028_1690;171;47.4345;-59.55317;454794;466.44;26-oct-18;01:56:00;34.98;5.91;155.8634;7.923;3.4555;32.73;0.02;22.815;1.75;0.071;NaN
18HU18028_1690;171;47.4345;-59.55317;454795;400.04;26-oct-18;01:56:00;34.97;6.1;148.22654;7.916;NaN;30.335;0.02;23.39;1.76667;0.097;NaN
18HU18028_1690;171;47.4345;-59.55317;454796;299.16;26-oct-18;01:56:00;34.84;7.01;127.9509;7.902;NaN;25.635;0.02;23.695;1.72;0.091;NaN
18HU18028_1690;171;47.4345;-59.55317;454797;193.28;26-oct-18;01:56:00;34.05;5.25;161.08862;7.867;NaN;21.905;0.025;19.295;1.56;0.099;NaN
18HU18028_1690;171;47.4345;-59.55317;454798;102.21;26-oct-18;01:56:00;32.61;1.54;293.81814;7.99;NaN;7.185;0.085;8.53;0.98;0.116;0.045
18HU18028_1690;171;47.4345;-59.55317;454799;49.68;26-oct-18;01:56:00;31.84;3.75;320.4355;8.079;7.1465;2.855;0.09;3.82;0.66;0.389;0.515
18HU18028_1690;171;47.4345;-59.55317;454800;27.07;26-oct-18;01:56:00;31.63;4.5;321.19472;8.106;NaN;2.545;0.10667;3.17;0.58333;0.588;0.955
18HU18028_1690;171;47.4345;-59.55317;454801;15.97;26-oct-18;01:56:00;30.64;7.65;301.63364;8.182;NaN;1.265;0.095;0.86;0.33;0.692;1.2
18HU18028_1690;171;47.4345;-59.55317;454802;5.16;26-oct-18;01:56:00;30.61;7.75;301.05306;8.194;6.793;1.19;0.09;0.765;0.325;0.687;1.105
18HU18028_1690;171;47.4345;-59.55317;454803;3.37;26-oct-18;01:56:00;30.61;7.75;300.65112;8.194;NaN;1.19;0.09;0.76;0.32;0.66;1.15
18HU18028_1691;181;47.58433;-59.3435;454804;251.03;26-oct-18;04:19:00;34.61;6.76;148.22654;7.923;3.311;21.98;0.035;21.555;1.58;0.067;NaN
18HU18028_1691;181;47.58433;-59.3435;454805;201.4;26-oct-18;04:19:00;33.66;4.24;216.77964;7.95;NaN;15.21;0.05;15.535;1.31;0.058;NaN
18HU18028_1691;181;47.58433;-59.3435;454806;102.21;26-oct-18;04:19:00;32.54;1.46;303.9113;8.007;NaN;6.815;0.12;7.98;0.94;0.113;0.075
18HU18028_1691;181;47.58433;-59.3435;454807;50.17;26-oct-18;04:19:00;32.07;3.02;313.64718;8.066;6.974;4;0.075;4.84;0.705;0.27;0.335
18HU18028_1691;181;47.58433;-59.3435;454808;26.28;26-oct-18;04:19:00;31.44;7.42;301.72296;8.172;NaN;1.485;0.085;1.16;0.37;0.804;1.485
18HU18028_1691;181;47.58433;-59.3435;454809;15.17;26-oct-18;04:19:00;31.48;7.83;299.13268;8.199;NaN;1.16;0.07;0.665;0.325;0.922;1.695
18HU18028_1691;181;47.58433;-59.3435;454810;4.96;26-oct-18;04:19:00;31.49;8.03;297.97152;8.205;NaN;1.065;0.07;0.555;0.325;0.911;1.8
18HU18028_1691;181;47.58433;-59.3435;454811;3.17;26-oct-18;04:19:00;31.49;8.03;298.37346;8.206;6.7155;1.115;0.07;0.565;0.32;0.98;1.83
18HU18028_1692;21;47.78717;-64.02883;454715;78.32;23-oct-18;09:37:00;31.66;1.64;265.01244;7.892;6.227;13.02;0.125;9.235;1.15;0.158;0.22
18HU18028_1692;21;47.78717;-64.02883;454716;50.17;23-oct-18;09:37:00;30.5;4.74;313.0666;8.117;7.0635;3.34;0.2;3.185;0.665;0.359;0.715
18HU18028_1692;21;47.78717;-64.02883;454717;25.88;23-oct-18;09:37:00;29.78;5.97;314.31708;8.18;NaN;1.88;0.13;1.845;0.525;0.821;2.37
18HU18028_1692;21;47.78717;-64.02883;454718;16.56;23-oct-18;09:37:00;29.75;5.84;315.5229;8.179;NaN;1.965;0.125;1.955;0.53;0.819;2.355
18HU18028_1692;21;47.78717;-64.02883;454719;5.65;23-oct-18;09:37:00;29.75;5.81;315.83552;8.18;7.147;1.98;0.12;2;0.53;0.829;2.55
18HU18028_1692;21;47.78717;-64.02883;454720;3.57;23-oct-18;09:37:00;29.73;5.72;316.46076;8.179;NaN;2.06;0.13;2.11;0.54;0.851;2.28
18HU18028_1693;41;47.66583;-63.75067;454721;60.08;23-oct-18;16:01:00;31.63;1.58;273.85512;7.915;6.18;14.635;0.11;9.75;1.2;0.152;0.22
18HU18028_1693;41;47.66583;-63.75067;454722;25.58;23-oct-18;16:01:00;30.58;4.8;315.83552;8.128;NaN;2.825;0.19;2.72;0.635;0.36;0.695
18HU18028_1693;41;47.66583;-63.75067;454723;15.77;23-oct-18;16:01:00;30.22;5.09;318.69376;8.156;NaN;2.585;0.165;2.455;0.59;0.548;1.16
18HU18028_1693;41;47.66583;-63.75067;454724;5.35;23-oct-18;16:01:00;30.22;5.14;319.40832;8.162;7.224;2.52;0.165;2.435;0.59;0.62;1.49
18HU18028_1693;41;47.66583;-63.75067;454725;2.18;23-oct-18;16:01:00;30.22;5.14;319.14036;8.162;NaN;2.525;0.16;2.43;0.585;0.541;1.365
18HU18028_1694;51;47.50067;-63.2495;454726;74.36;23-oct-18;19:23:00;31.73;0.38;229.46308;7.736;5.584;24.775;0.09;12.75;1.495;0.193;0.29
18HU18028_1694;51;47.50067;-63.2495;454727;50.27;23-oct-18;19:23:00;31.53;1.45;274.03376;7.895;6.06;13.115;0.1;9.95;1.225;0.122;0.135
18HU18028_1694;51;47.50067;-63.2495;454728;25.29;23-oct-18;19:23:00;29.95;6.57;307.52876;8.165;NaN;2.44;0.105;1.71;0.535;1.01;1.49
18HU18028_1694;51;47.50067;-63.2495;454729;15.97;23-oct-18;19:23:00;29.94;6.6;308.68992;8.185;NaN;2.46;0.11;1.67;0.505;1.133;1.975
18HU18028_1694;51;47.50067;-63.2495;454730;5.85;23-oct-18;19:23:00;29.94;6.62;309.0472;8.189;7.0085;2.445;0.105;1.675;0.51;1.09;2.01
18HU18028_1694;51;47.50067;-63.2495;454731;1.59;23-oct-18;19:23:00;29.94;6.62;308.91322;8.189;NaN;2.41;0.105;1.685;0.505;1.027;2.03
18HU18028_1695;61;47.33333;-62.75017;454732;45.51;23-oct-18;22:44:00;31.11;1.77;261.17168;7.889;5.8405;17.21;0.21;5.88;1.18667;0.375;0.65
18HU18028_1695;61;47.33333;-62.75017;454733;25.48;23-oct-18;22:44:00;29.74;8.41;295.38124;8.208;6.553;2.155;0.105;0.725;0.325;1.104;2.33
18HU18028_1695;61;47.33333;-62.75017;454734;15.37;23-oct-18;22:44:00;29.68;8.29;296.89968;8.221;NaN;2.06;0.11;0.83;0.33;1.182;3.09
18HU18028_1695;61;47.33333;-62.75017;454735;5.65;23-oct-18;22:44:00;29.68;8.28;297.07832;8.224;6.767;2.05;0.115;0.835;0.325;1.237;2.55
18HU18028_1695;61;47.33333;-62.75017;454736;2.58;23-oct-18;22:44:00;29.68;8.29;296.7657;8.225;NaN;2.055;0.11;0.815;0.33;1.173;2.815
18HU18028_1696;71;47.169;-62.251;454737;35.7;24-oct-18;02:04:00;31.07;2.12;254.47268;7.887;5.678;17.135;0.24333;5.37667;1.16;0.311;0.605
18HU18028_1696;71;47.169;-62.251;454738;25.19;24-oct-18;02:04:00;30.6;4.85;267.0668;8.001;NaN;10.055;0.185;3.425;0.825;0.459;1.085
18HU18028_1696;71;47.169;-62.251;454739;15.17;24-oct-18;02:04:00;29.89;7.78;294.44338;8.163;NaN;5.005;0.205;1.52;0.515;1.201;2.48
18HU18028_1696;71;47.169;-62.251;454740;5.26;24-oct-18;02:04:00;29.89;7.78;294.93464;8.171;6.7005;4.875;0.205;1.51;0.525;1.268;2.655
18HU18028_1696;71;47.169;-62.251;454741;1.59;24-oct-18;02:04:00;29.89;7.79;294.5327;8.173;NaN;4.975;0.205;1.495;0.535;1.206;2.575
18HU18028_1697;81;47;-61.75083;454742;35.2;24-oct-18;04:38:00;30.29;7.8;NaN;8.136;6.255;5.08;0.135;2.025;0.6;0.44;0.715
18HU18028_1697;81;47;-61.75083;454743;25.49;24-oct-18;04:38:00;29.89;8.37;NaN;8.177;NaN;3.68;0.11;1.43;0.52;0.764;1.545
18HU18028_1697;81;47;-61.75083;454744;15.47;24-oct-18;04:38:00;29.85;8.53;NaN;8.189;NaN;3.205;0.1;1.215;0.48;0.787;1.71
18HU18028_1697;81;47;-61.75083;454745;5.45;24-oct-18;04:38:00;29.9;8.56;NaN;8.187;6.5245;3.235;0.1;1.21;0.49;0.837;1.745
18HU18028_1697;81;47;-61.75083;454746;1.88;24-oct-18;04:38:00;29.94;8.55;NaN;8.189;NaN;3.215;0.1;1.21;0.5;0.799;1.785
18HU18028_1698;91;46.91583;-61.50167;454747;45.51;24-oct-18;06:16:00;31.1;4.69;276.6687;8.041;6.3035;7.88;0.165;4.305;0.805;0.231;0.34
18HU18028_1698;91;46.91583;-61.50167;454748;25.98;24-oct-18;06:16:00;29.95;8.67;287.8337;8.186;NaN;2.735;0.09;1.115;0.445;0.574;1.125
18HU18028_1698;91;46.91583;-61.50167;454749;15.47;24-oct-18;06:16:00;29.95;8.66;288.01234;8.195;NaN;2.72;0.09;1.13;0.435;0.599;1.135
18HU18028_1698;91;46.91583;-61.50167;454750;5.95;24-oct-18;06:16:00;29.95;8.66;288.10166;8.195;6.575;2.715;0.085;1.13;0.44;0.533;1.185
18HU18028_1698;91;46.91583;-61.50167;454751;2.68;24-oct-18;06:16:00;29.95;8.67;288.10166;8.195;NaN;2.73;0.085;1.115;0.445;0.552;1.115
