CTD;CTD;CTD;CTD;CTD;CTD;CTD;CTD;CTD;CTD;CTD;labo;labo;labo;labo;labo;labo;CTD
Fichier;Station;Latitude;Longitude;Echantillon;zbouteille;Date;Heure;PSAL;TE90;DOXY;OXYM_01;Si_01;NO2_01;NOx_01;PO4_01;CHL_03;FLOR
(nom);(nom/no);(degres);(degres);(no_unique);(dbar);(jj-mmm-yyyy);(GMT);(psu);(celsius);(ml/l);(mmol/m**3);(mmol/m**3);(mmol/m**3);(mmol/m**3);(mmol/m**3);(mg/m**3);(mg/m**3)
18MF02066_620;331;47.58383;-59.33983;301553;250.04;02-nov-02;09:43:00;34.83;6.04;176.94292;3.9325;19.655;0.06;22.505;1.545;NaN;1.131
18MF02066_620;331;47.58383;-59.33983;301554;200.21;02-nov-02;09:43:00;34.71;6.48;165.73326;3.666;18.185;0.07;21.67;1.55333;NaN;1.166
18MF02066_620;331;47.58383;-59.33983;301555;100.13;02-nov-02;09:43:00;32.91;1.55;284.52886;6.479;8.04;0.125;10.73;1.12;0.045;1.429
18MF02066_620;331;47.58383;-59.33983;301556;50.47;02-nov-02;09:43:00;32.58;1.25;303.50936;6.905;5.355;0.085;8.275;0.99;0.055;1.545
18MF02066_620;331;47.58383;-59.33983;301557;24.69;02-nov-02;09:43:00;32.47;1.74;312.79864;7.094;5.28;0.08;7.88;0.98667;0.185;2.86
18MF02066_620;331;47.58383;-59.33983;301558;14.97;02-nov-02;09:43:00;32.44;1.94;313.33456;7.126;4.76;0.085;6.99;0.9;0.315;3.125
18MF02066_620;331;47.58383;-59.33983;301559;4.66;02-nov-02;09:43:00;31.95;3.84;317.80056;7.124;3.295;0.12;4.04;0.695;0.895;9.175
18MF02066_620;331;47.58383;-59.33983;301560;2.08;02-nov-02;09:43:00;31.8;4.49;318.38114;7.122;2.895;0.125;2.935;0.59;1.145;11.262
18MF02066_621;341;47.428;-59.555;301561;463.67;02-nov-02;11:46:00;34.87;5.21;171.7177;3.82066659202866;27.685;0.055;22.41;1.665;NaN;1.287
18MF02066_621;341;47.428;-59.555;301562;400.64;02-nov-02;11:46:00;34.87;5.27;174.21866;3.859;25.07;0.055;22.6;1.65;NaN;1.255
18MF02066_621;341;47.428;-59.555;301563;300.45;02-nov-02;11:46:00;34.83;6.11;176.13904;3.925;17.79;0.07;22.39667;1.60667;NaN;1.168
18MF02066_621;341;47.428;-59.555;301564;199.62;02-nov-02;11:46:00;34.57;6.54;166.53714;3.722;16.34;0.07667;21.09;1.54667;NaN;1.248
18MF02066_621;341;47.428;-59.555;301565;99.04;02-nov-02;11:46:00;33.36;2.84;246.38922;5.57;11.69;0.07333;14.22667;1.31667;0.035;1.35
18MF02066_621;341;47.428;-59.555;301566;50.17;02-nov-02;11:46:00;32.63;1.13;301.14238;6.836;6.335;0.055;9.21;1.02;0.045;1.5
18MF02066_621;341;47.428;-59.555;301567;24.79;02-nov-02;11:46:00;32.13;2.67;317.35396;7.205;4.54;0.11;6.1;0.82;0.42;5.363
18MF02066_621;341;47.428;-59.555;301568;14.78;02-nov-02;11:46:00;31.84;3.41;320.03356;7.197;3.7;0.125;4.6;0.72;0.795;7.756
18MF02066_621;341;47.428;-59.555;301569;5.35;02-nov-02;11:46:00;31.75;3.63;321.73064;7.202;3.875;0.12;4.15;0.69;0.93;8.438
18MF02066_621;341;47.428;-59.555;301570;1.88;02-nov-02;11:46:00;31.75;3.64;321.64132;7.51;3.83;0.13;4.155;0.655;0.91;8.22
18MF02066_622;351;47.26533;-59.77933;301571;451.51;02-nov-02;14:20:00;34.87;5.2;166.40316;3.709;31.34333;0.06667;21.80667;1.69333;NaN;1.338
18MF02066_622;351;47.26533;-59.77933;301572;399.45;02-nov-02;14:20:00;34.87;5.21;166.93908;3.734;30.2;0.08;22.28333;1.71;NaN;1.315
18MF02066_622;351;47.26533;-59.77933;301573;301.35;02-nov-02;14:20:00;34.76;5.84;148.67314;3.317;25.78;0.08;22.89333;1.70333;NaN;1.278
18MF02066_622;351;47.26533;-59.77933;301574;197.94;02-nov-02;14:20:00;34.49;6.38;168.18956;3.747;17.29;0.07333;20.29333;1.49333;NaN;1.303
18MF02066_622;351;47.26533;-59.77933;301575;101.03;02-nov-02;14:20:00;32.79;1.18;290.33466;7.075;7.705;0.08333;9.41333;1.05667;0.155;1.43
18MF02066_622;351;47.26533;-59.77933;301576;47.79;02-nov-02;14:20:00;32.38;2.05;314.54038;7.097;5.385;0.09;6.84667;0.9;0.2;3.494
18MF02066_622;351;47.26533;-59.77933;301577;25.58;02-nov-02;14:20:00;32.18;2.55;317.48794;7.134;4.755;0.11333;6.19;0.85667;0.39;5.288
18MF02066_622;351;47.26533;-59.77933;301578;14.78;02-nov-02;14:20:00;31.98;3.11;319.7656;1.099;5.16;0.14333;5.29667;0.78667;0.685;7.947
18MF02066_622;351;47.26533;-59.77933;301579;5.55;02-nov-02;14:20:00;31.94;3.21;319.5423;7.153;4.785;0.15;5.22;0.79333;0.76;7.61
18MF02066_622;351;47.26533;-59.77933;301580;1.79;02-nov-02;14:20:00;31.94;3.21;319.36366;7.16833340797134;5.24;0.15;5.22333;0.79;0.71;6.923
18MF02066_623;361;47.10283;-59.9915;301581;302.54;02-nov-02;17:23:00;34.75;5.73;141.97414;3.1735;28.355;0.07667;23.88333;1.74333;NaN;1.325
18MF02066_623;361;47.10283;-59.9915;301582;198.54;02-nov-02;17:23:00;34.38;5.81;163.18764;3.648;20.735;0.08667;19.66667;1.52667;NaN;1.341
18MF02066_623;361;47.10283;-59.9915;301583;101.42;02-nov-02;17:23:00;32.72;1.33;283.23372;6.427;9.62;0.08333;10.96;1.15;0.07;1.53
18MF02066_623;361;47.10283;-59.9915;301584;49.48;02-nov-02;17:23:00;31.73;3.99;310.87826;6.952;5.05;0.15667;4.44667;0.75667;0.655;6.852
18MF02066_623;361;47.10283;-59.9915;301585;24.49;02-nov-02;17:23:00;31.24;5.07;314.13844;6.993;4.315;0.16333;3.40667;0.67;0.98;9.691
18MF02066_623;361;47.10283;-59.9915;301586;15.97;02-nov-02;17:23:00;30.1;7.19;303.50936;6.709;3.605;0.12667;1.98;0.53;2.03;15.627
18MF02066_623;361;47.10283;-59.9915;301587;5.26;02-nov-02;17:23:00;29.89;7.53;301.63364;6.667;3.595;0.095;1.75;0.51333;2.33;16.722
18MF02066_623;361;47.10283;-59.9915;301588;2.18;02-nov-02;17:23:00;29.89;7.54;301.72296;6.662;3.51;0.1;1.76;0.51667;2.265;18.003
18MF02066_624;371;47.02333;-60.11617;301589;169.71;02-nov-02;19:16:00;34.32;5.41;159.34688;3.526;22.11;0.105;21.04;1.60667;NaN;1.54
18MF02066_624;371;47.02333;-60.11617;301590;99.94;02-nov-02;19:16:00;32.78;1.69;264.87846;6.025;5.06;0.135;3.62;0.71;0.12;1.694
18MF02066_624;371;47.02333;-60.11617;301591;50.17;02-nov-02;19:16:00;31.22;5.02;307.7074;6.872;5.16;0.135;3.635;0.70667;0.715;6.847
18MF02066_624;371;47.02333;-60.11617;301592;24.59;02-nov-02;19:16:00;30.15;7.28;296.3191;6.54;4.62;0.105;2.18;0.57667;1.57;10.153
18MF02066_624;371;47.02333;-60.11617;301593;14.87;02-nov-02;19:16:00;29.67;8.35;290.60262;6.43;3.38;0.09;2.02667;0.48333;3.15;20.345
18MF02066_624;371;47.02333;-60.11617;301594;5.06;02-nov-02;19:16:00;29.65;8.35;291.94242;6.445;2.92;0.08333;1.74667;0.44667;3.29;23.459
18MF02066_624;371;47.02333;-60.11617;301595;2.48;02-nov-02;19:16:00;29.65;8.34;292.38902;6.444;3.44;0.08667;1.89667;0.47333;3.32;23.576
18MF02066_625;381;46.958;-60.21833;301596;70.1;02-nov-02;20:21:00;32.16;2.23;250.00668;5.60066659202866;16.68;0.14667;11.94667;1.33667;0.215;2.323
18MF02066_625;381;46.958;-60.21833;301597;49.68;02-nov-02;20:21:00;31.05;4.25;261.61828;5.863;11.42333;0.135;7.595;1.07;0.425;3.644
18MF02066_625;381;46.958;-60.21833;301598;25.49;02-nov-02;20:21:00;29.83;7.99;291.67446;6.448;3.99;0.095;2.305;0.505;2.655;16.008
18MF02066_625;381;46.958;-60.21833;301599;14.58;02-nov-02;20:21:00;29.8;8.03;292.7463;6.453;3.43;0.095;2.23;0.49;3.04;18.12
18MF02066_625;381;46.958;-60.21833;301600;5.16;02-nov-02;20:21:00;29.77;8.05;293.77348;6.48;3.52;0.1;2.19;0.47;3.175;21.431
18MF02066_625;381;46.958;-60.21833;301601;1.49;02-nov-02;20:21:00;29.77;8.06;293.72882;6.498;3.505;0.095;2.15;0.475;3.28;22.469
18MF02066_626;391;46.74467;-60.99983;301602;50.08;03-nov-02;02:07:00;30.1;6.95;270.81824;5.98;7.495;0.12;3.9;0.78;1.265;7.826
18MF02066_626;391;46.74467;-60.99983;301603;25.09;03-nov-02;02:07:00;29.32;9.37;294.0861;6.479;0.56;0.065;0.66;0.325;5.87;37.794
18MF02066_626;391;46.74467;-60.99983;301604;15.17;03-nov-02;02:07:00;29.32;9.37;294.39872;6.477;0.57;0.06;0.57;0.29;5.65;37.574
18MF02066_626;391;46.74467;-60.99983;301605;5.55;03-nov-02;02:07:00;29.32;9.36;295.02396;6.478;0.545;0.065;0.575;0.295;5.465;36.65
18MF02066_626;391;46.74467;-60.99983;301606;1.59;03-nov-02;02:07:00;29.32;9.36;295.11328;6.4775;0.715;0.065;0.585;0.305;5.385;37.024
18MF02066_627;401;46.8315;-61.24967;301607;50.27;03-nov-02;03:46:00;31.21;1.65;230.62424;5.194;20.64;0.12;11.405;1.51;0.17;2.613
18MF02066_627;401;46.8315;-61.24967;301608;25.09;03-nov-02;03:46:00;31.14;5.5;305.2511;6.832;5.095;0.145;3.005;0.705;0.825;6.939
18MF02066_627;401;46.8315;-61.24967;301609;15.27;03-nov-02;03:46:00;30.87;5.72;306.18896;6.826;5.39;0.13;2.91;0.69;1.085;9.653
18MF02066_627;401;46.8315;-61.24967;301610;5.26;03-nov-02;03:46:00;30.87;5.72;306.90352;6.825;5.665;0.13;2.885;0.68;1;9.601
18MF02066_627;401;46.8315;-61.24967;301611;1.59;03-nov-02;03:46:00;30.87;5.71;306.85886;6.82;5.805;0.13;2.89;0.68;1.06;9.527
18MF02066_628;411;46.90183;-61.501;301612;46.41;03-nov-02;05:17:00;30.99;5.83;306.68022;6.8125;4.905;0.13;2.645;0.645;0.84;7.39
18MF02066_628;411;46.90183;-61.501;301613;25.19;03-nov-02;05:17:00;30.57;6.44;306.94818;6.8;4.53;0.12;2.31;0.62;1.005;9.458
18MF02066_628;411;46.90183;-61.501;301614;15.17;03-nov-02;05:17:00;30.49;6.5;307.52876;6.805;4.56;0.115;2.01;0.6;1.16;9.468
18MF02066_628;411;46.90183;-61.501;301615;5.26;03-nov-02;05:17:00;30.49;6.5;308.06468;6.8;4.61;0.115;2.005;0.605;1.205;9.435
18MF02066_628;411;46.90183;-61.501;301616;1.39;03-nov-02;05:17:00;30.49;6.56;307.88604;6.788;4.73;0.115;1.995;0.6;1.175;9.465
18MF02066_629;421;47.00017;-61.75067;301617;33.42;03-nov-02;06:53:00;30.71;4.58;273.0959;6.071;12.08;0.145;6.43;1.075;0.55;5.303
18MF02066_629;421;47.00017;-61.75067;301618;26.38;03-nov-02;06:53:00;30.45;6.38;303.9113;6.744;5.345;0.125;2.65;0.675;1.1;9.849
18MF02066_629;421;47.00017;-61.75067;301619;15.27;03-nov-02;06:53:00;30.29;6.21;304.31324;6.743;5.855;0.14;3.13;0.725;1.09;10.491
18MF02066_629;421;47.00017;-61.75067;301620;6.05;03-nov-02;06:53:00;30.29;6.2;304.75984;6.748;5.675;0.135;3.13;0.73;1.145;10.125
18MF02066_629;421;47.00017;-61.75067;301621;2.08;03-nov-02;06:53:00;30.29;6.2;304.98314;6.758;5.68;0.14;3.12;0.725;1.215;10.127
18MF02066_630;431;47.164;-62.24883;301622;35.6;04-nov-02;13:46:00;31.12;4.17;304.93848;6.81033340797134;8.26333;0.15;5.445;0.9;1.09;9.78
18MF02066_630;431;47.164;-62.24883;301623;24.39;04-nov-02;13:46:00;31.06;4.56;313.69184;6.992;7.3;0.145;4.41;0.825;1.37;11.694
18MF02066_630;431;47.164;-62.24883;301624;15.07;04-nov-02;13:46:00;31.05;4.58;314.4064;6.988;6.815;0.145;4.33;0.815;1.415;12.068
18MF02066_630;431;47.164;-62.24883;301625;5.65;04-nov-02;13:46:00;31.05;4.58;315.03164;7.043;7.085;0.145;4.295;0.8;1.37;11.88
18MF02066_630;431;47.164;-62.24883;301626;1.98;04-nov-02;13:46:00;31.05;4.59;315.12096;6.979;6.9;0.145;4.3;0.81;1.345;8.896
18MF02066_631;441;47.33067;-62.75183;301627;47.2;04-nov-02;16:10:00;31.55;1.07;245.94262;5.79266659202866;23.12;0.16;15.29667;1.66333;0.535;3.227
18MF02066_631;441;47.33067;-62.75183;301628;24.79;04-nov-02;16:10:00;30.82;4.89;316.4161;7.017;5.45;0.17;4.1;0.765;1.36;13.649
18MF02066_631;441;47.33067;-62.75183;301629;14.87;04-nov-02;16:10:00;30.82;4.91;317.7559;7.039;5.575;0.165;4.11;0.76;1.395;12.903
18MF02066_631;441;47.33067;-62.75183;301630;4.86;04-nov-02;16:10:00;30.8;4.93;317.9792;7.208;5.305;0.165;3.965;0.75;1.385;9.852
18MF02066_631;441;47.33067;-62.75183;301631;1.98;04-nov-02;16:10:00;30.78;4.97;318.78308;7.062;5.76;0.165;3.955;0.745;1.345;8.668
18MF02066_632;461;47.5;-63.25033;301632;71.49;04-nov-02;19:57:00;31.9;0.29;225.57766;5.067;25.93;0.095;17.05;1.795;0.185;1.989
18MF02066_632;461;47.5;-63.25033;301633;49.87;04-nov-02;19:57:00;30.69;5.15;297.4356;6.746;6.03;0.175;4.42;0.79;0.785;7.517
18MF02066_632;461;47.5;-63.25033;301634;25.29;04-nov-02;19:57:00;30.56;5.56;312.30738;6.91;4.705;0.175;3.735;0.705;1.17;10.636
18MF02066_632;461;47.5;-63.25033;301635;14.87;04-nov-02;19:57:00;30.53;5.59;312.93262;6.921;4.695;0.175;3.735;0.7;1.215;12.073
18MF02066_632;461;47.5;-63.25033;301636;4.76;04-nov-02;19:57:00;30.46;5.72;315.12096;6.973;4.205;0.165;3.475;0.675;1.305;12.7
18MF02066_632;461;47.5;-63.25033;301637;2.18;04-nov-02;19:57:00;30.46;5.72;315.38892;6.96233340797134;4.35;0.175;3.485;0.68;1.305;12.698
18MF02066_633;471;47.6595;-63.75;301638;50.47;04-nov-02;22:04:00;31.62;2.98;256.03578;5.772;14.195;0.2;11.835;1.345;0.125;1.98
18MF02066_633;471;47.6595;-63.75;301639;25.38;04-nov-02;22:04:00;30.49;5.54;313.60252;6.956;4.26;0.18;3.59;0.68;1.125;11.737
18MF02066_633;471;47.6595;-63.75;301640;15.07;04-nov-02;22:04:00;30.49;5.54;314.71902;6.978;4.12;0.175;3.55;0.675;1.205;12.015
18MF02066_633;471;47.6595;-63.75;301641;4.96;04-nov-02;22:04:00;30.49;5.54;314.76368;6.959;4.11;0.18;3.585;0.68;1.215;11.77
18MF02066_633;471;47.6595;-63.75;301642;1.59;04-nov-02;22:04:00;30.49;5.51;314.80834;6.95433340797134;4.23;0.18;3.57;0.68;1.285;11.631
18MF02066_634;481;47.73983;-63.99967;301643;73.47;04-nov-02;23:24:00;31.92;1.77;217.09226;4.876;23.29;0.2;16.12;1.715;0.185;2.268
18MF02066_634;481;47.73983;-63.99967;301644;50.27;04-nov-02;23:24:00;30.75;5.21;313.5132;6.954;4.69;0.235;4.475;0.77;NaN;5.801
18MF02066_634;481;47.73983;-63.99967;301645;25.58;04-nov-02;23:24:00;30.64;5.53;315.83552;6.96;3.915;0.205;3.255;0.675;1.02;9.949
18MF02066_634;481;47.73983;-63.99967;301646;15.07;04-nov-02;23:24:00;30.64;5.54;317.13066;7.011;3.755;0.2;3.225;0.675;1.135;10.726
18MF02066_634;481;47.73983;-63.99967;301647;4.96;04-nov-02;23:24:00;30.64;5.54;317.17532;7.039;3.8;0.2;3.215;0.67;0.535;10.582
18MF02066_634;481;47.73983;-63.99967;301648;1.78;04-nov-02;23:24:00;30.64;5.53;317.13066;7.05166659202866;4.245;0.195;3.17;0.665;1.13;10.599
18MF02066_635;491;47.83017;-64.251;301649;35.2;05-nov-02;00:57:00;30.51;5.67;312.62;6.952;4.495;0.195;3.29;0.685;0.89;8.611
18MF02066_635;491;47.83017;-64.251;301650;24.89;05-nov-02;00:57:00;30.38;5.48;315.92484;7.03;4.745;0.2;3.73;0.71;1.4;11.802
18MF02066_635;491;47.83017;-64.251;301651;15.37;05-nov-02;00:57:00;30.33;5.48;316.90736;7.034;4.435;0.2;3.71;0.715;1.605;13.071
18MF02066_635;491;47.83017;-64.251;301652;5.06;05-nov-02;00:57:00;30.19;5.34;319.319;7.113;3.8;0.17667;3.38667;0.68667;2.42;17.175
18MF02066_635;491;47.83017;-64.251;301653;1.78;05-nov-02;00:57:00;30.18;5.3;319.58696;7.119;4.105;0.18;3.33;0.685;2.4;17.569
