CTD;CTD;CTD;CTD;CTD;CTD;CTD;CTD;CTD;CTD;CTD;labo;labo;labo;labo;labo;labo;labo
Fichier;Station;Latitude;Longitude;Echantillon;zbouteille;Date;Heure;PSAL;TE90;DOXY;OXYM_01;Si_01;NO2_01;NOx_01;PO4_01;CHL_01;CHL_03
(nom);(nom/no);(degres);(degres);(no_unique);(dbar);(jj-mmm-yyyy);(GMT);(psu);(celsius);(ml/l);(mmol/m**3);(mmol/m**3);(mmol/m**3);(mmol/m**3);(mmol/m**3);(mg/m**3);(mg/m**3)
18NE95008_452;1031;46.90618;-62.66897;176;0.99;09-sep-95;10:25:00;NaN;14.85;NaN;NaN;1.88;0.095;1.175;0.315;0.59;0.68
18NE95008_452;1031;46.90618;-62.66897;177;4.86;09-sep-95;10:25:00;28.89;14.86;268.71922;6.06;1.87;0.11;1.25;0.33;0.41;0.59
18NE95008_452;1031;46.90618;-62.66897;178;14.78;09-sep-95;10:25:00;28.95;14.84;277.15996;6.12;2.8;0.1;1.9;0.38;0.87333;0.98
18NE95008_452;1031;46.90618;-62.66897;179;51.26;09-sep-95;10:25:00;31.21;-0.89;281.93858;6.545;16.46;0.23;10.48;1.47;0.11;0.19
18NE95008_453;1061;46.87133;-62.91003;180;0.99;09-sep-95;19:24:00;29.04;15.13;NaN;NaN;2.38;0.08;1.275;0.37;0.81;0.81
18NE95008_453;1061;46.87133;-62.91003;181;14.78;09-sep-95;19:24:00;29.09;15.08;256.97364;6.07;2.54;0.09;1.18;NaN;0.75;0.73333
18NE95008_453;1061;46.87133;-62.91003;182;54.74;09-sep-95;19:24:00;31.18;-1.01;251.48046;6.335;18.47;0.12;10.33;NaN;0.09;0.18
18NE95008_454;1071;46.8511;-63.55555;1071_25;1.29;21-sep-95;18:38:00;28.55;15.39;229.3291;NaN;0.43667;0.23;0.36667;0.35;0.71;0.69
18NE95008_454;1071;46.8511;-63.55555;1071_26;4.96;21-sep-95;18:38:00;28.56;14.84;233.21452;NaN;0.36;0.16;0.3;0.34;0.89;0.83
18NE95008_454;1071;46.8511;-63.55555;1071_27;14.88;21-sep-95;18:38:00;28.57;14.6;247.05912;NaN;0.42;0.19;0.66;0.32;0.90667;0.83333
18NE95008_454;1071;46.8511;-63.55555;1071_28;41.25;21-sep-95;18:38:00;30.57;0.74;236.78732;NaN;14.6;0.31;8.12;1.63;0.13;0.27
18NE95008_455;1091;47.0287;-63.5855;183;0.99;10-sep-95;01:15:00;NaN;14.1;NaN;NaN;1.37;0.1;1.325;0.335;0.65;0.68
18NE95008_455;1091;47.0287;-63.5855;184;5.16;10-sep-95;01:15:00;28.74;14.63;271.0862;6.07;1.64;0.09;1.68;0.27;0.92;0.94
18NE95008_455;1091;47.0287;-63.5855;185;14.87;10-sep-95;01:15:00;29.3;13.81;276.35608;6.16;1.68;0.08;1.24;0.37;0.61;0.62667
18NE95008_455;1091;47.0287;-63.5855;186;46.9;10-sep-95;01:15:00;30.64;0.49;260.94838;6.16;14.04;0.23;7.79;1.38;0.13;0.25
18NE95008_456;1151;46.9598;-61.95491;187;1.39;08-sep-95;17:17:00;28.57;15.55;264.65516;NaN;2.24;0.075;0.875;0.35;0.32;0.46
18NE95008_456;1151;46.9598;-61.95491;188;4.66;08-sep-95;17:17:00;28.57;15.55;274.2124;5.985;3.39;0.09;0.48;NaN;0.38;0.51
18NE95008_456;1151;46.9598;-61.95491;189;10.12;08-sep-95;17:17:00;28.59;15.2;274.12308;6.01;2.88;0.07;0.64;NaN;0.60667;0.64333
18NE95008_456;1151;46.9598;-61.95491;190;50.87;08-sep-95;17:17:00;31.09;-0.79;280.82208;6.72;14;0.18;9.16;NaN;0.13;0.22
18NE95008_457;1221;46.60683;-62.33033;1221_29;1.09;22-sep-95;22:35:00;28.66;14.93;NaN;NaN;0.38;0.16667;0.64;0.31667;0.27;0.5
18NE95008_457;1221;46.60683;-62.33033;1221_30;5.85;22-sep-95;22:35:00;28.65;14.9;NaN;NaN;0.55;0.13;0.24;0.33;0.38;0.48
18NE95008_457;1221;46.60683;-62.33033;1221_31;47.3;22-sep-95;22:35:00;31.01;-0.69;NaN;NaN;13.05;0.32;11.63;1.51;0.07;0.17
18NE95008_458;1241;45.88663;-63.03228;1241_32;1.39;23-sep-95;17:34:00;28.71;15.38;226.91746;NaN;NaN;NaN;NaN;NaN;1.91;1.83
18NE95008_458;1241;45.88663;-63.03228;1241_33;4.66;23-sep-95;17:34:00;28.71;15.38;226.29222;NaN;NaN;NaN;NaN;NaN;1.93;1.83
18NE95008_458;1241;45.88663;-63.03228;1241_34;15.17;23-sep-95;17:34:00;28.73;15.05;214.05538;NaN;NaN;NaN;NaN;NaN;2.23333;1.92
18NE95008_458;1241;45.88663;-63.03228;1241_35;27.67;23-sep-95;17:34:00;28.82;14.35;199.22826;NaN;NaN;NaN;NaN;NaN;2.09;1.96
18NE95008_459;1281;46.13933;-62.07;1281_36;1.39;23-sep-95;11:43:00;28.46;15.52;NaN;NaN;0.74;0.16;0.86667;0.34;0.42;0.59
18NE95008_459;1281;46.13933;-62.07;1281_37;4.46;23-sep-95;11:43:00;28.46;15.52;NaN;NaN;0.62;0.26;1.07;0.4;0.41;0.57
18NE95008_459;1281;46.13933;-62.07;1281_38;15.67;23-sep-95;11:43:00;28.45;15.53;NaN;NaN;0.87;0.14;0.93;0.35;0.39667;0.63667
18NE95008_459;1281;46.13933;-62.07;1281_39;36.79;23-sep-95;11:43:00;29.3;10.36;NaN;NaN;0.94;0.15;0.85;0.36;0.5;0.68
18NE95008_460;1311;45.99408;-62.16702;191;0.99;07-sep-95;21:03:00;28.45;17.06;NaN;NaN;1.52;0.07;0.78;0.295;0.78;0.81
18NE95008_460;1311;45.99408;-62.16702;192;5.36;07-sep-95;21:03:00;28.45;17.06;NaN;NaN;3.48;0.08;0.51;0.25;0.84;0.85
18NE95008_460;1311;45.99408;-62.16702;193;14.88;07-sep-95;21:03:00;28.45;17.05;NaN;NaN;1.59;0.08;0.62;0.26;0.77;0.88
18NE95008_460;1311;45.99408;-62.16702;194;37.19;07-sep-95;21:03:00;29.92;5.74;NaN;5.565;13.62;0.31;3.97;0.99;0.33;0.42
18NE95008_461;1341;46.3119;-62.0751;1341_40;1.39;23-sep-95;08:11:00;28.42;15.49;254.20472;NaN;0.62;0.19333;1.18667;0.34;0.38;0.52
18NE95008_461;1341;46.3119;-62.0751;1341_41;4.76;23-sep-95;08:11:00;28.43;15.5;255.36588;NaN;0.68;0.32;0.85;0.33;0.35;0.49
18NE95008_461;1341;46.3119;-62.0751;1341_42;14.98;23-sep-95;08:11:00;28.43;15.49;244.15622;NaN;1;0.19;0.67;0.31;0.33333;0.49333
18NE95008_461;1341;46.3119;-62.0751;1341_43;35.8;23-sep-95;08:11:00;30.3;3.64;230.8922;NaN;25.02;0.47;7.68;1.4;0.19;0.34
18NE95008_462;1351;46.3328;-61.53438;195;1.98;08-sep-95;00:49:00;28.29;16.65;NaN;NaN;1.57;0.085;0.86;0.25;0.78;0.78
18NE95008_462;1351;46.3328;-61.53438;196;4.76;08-sep-95;00:49:00;28.29;16.65;NaN;5.25;0.79;0.08;0.64;0.21;0.65;0.68
18NE95008_462;1351;46.3328;-61.53438;197;14.88;08-sep-95;00:49:00;28.29;16.64;NaN;5.76;1.74;0.07;0.67;0.21;0.68;0.8
18NE95008_462;1351;46.3328;-61.53438;198;54.54;08-sep-95;00:49:00;31.34;-0.48;NaN;6.54;13.83;0.14;9.33;1.57;0.07;0.12
18NE95008_463;1361;46.4605;-61.52673;1361_44;0.99;24-sep-95;15:17:00;28.36;14.21;NaN;NaN;1.19667;0.21;0.88667;0.42333;0.78;0.8
18NE95008_463;1361;46.4605;-61.52673;1361_45;4.36;24-sep-95;15:17:00;28.38;14.18;NaN;NaN;1.36;0.15;0.66;0.42;0.82;0.87
18NE95008_463;1361;46.4605;-61.52673;1361_46;22.71;24-sep-95;15:17:00;29.46;9.56;NaN;NaN;6.24;0.35;2.68;0.83;0.38;0.55667
18NE95008_463;1361;46.4605;-61.52673;1361_47;58.31;24-sep-95;15:17:00;NaN;NaN;NaN;NaN;NaN;0.28;12.62;1.5;0.08;0.16
18NE95008_464;1391;46.58282;-61.16247;1391_48;1.39;25-sep-95;04:33:00;28.71;14.76;256.52704;NaN;0.9525;0.26667;0.91;0.36333;0.41;0.59
18NE95008_464;1391;46.58282;-61.16247;1391_49;4.96;25-sep-95;04:33:00;28.76;14.62;263.13672;NaN;0.8;0.2;0.84;0.37;0.41;0.61
18NE95008_464;1391;46.58282;-61.16247;1391_50;14.78;25-sep-95;04:33:00;28.95;14.23;284.17158;NaN;0.72;0.15;0.66;0.33;0.43333;0.73667
18NE95008_464;1391;46.58282;-61.16247;1391_51;56.32;25-sep-95;04:33:00;32.57;1.01;283.50168;NaN;12.36;0.26;12.73;1.46;0.17;0.28
18NE95008_465;1421;47.12633;-61.11538;1421_52;2.08;25-sep-95;17:53:00;29.88;13;278.27646;NaN;0.25667;0.14667;0.73667;0.22333;0.38;0.55
18NE95008_465;1421;47.12633;-61.11538;1421_53;5.16;25-sep-95;17:53:00;29.92;12.21;278.6784;NaN;0.2;0.14;0.63;0.2;0.41;0.6
18NE95008_465;1421;47.12633;-61.11538;1421_54;24.79;25-sep-95;17:53:00;30.19;10.85;281.358;NaN;4.27;0.32;3.28;0.85;1.27;1.42
18NE95008_465;1421;47.12633;-61.11538;1421_55;60.48;25-sep-95;17:53:00;32.05;0.51;303.19674;NaN;8.52;0.33;7.69;1.19;0.19;0.33
18NE95008_466;1451;47.06843;-61.489;199;0.99;08-sep-95;20:05:00;NaN;14.46;NaN;NaN;0.48;0.095;0.99;0.27;0.57;0.63
18NE95008_466;1451;47.06843;-61.489;200;14.87;08-sep-95;20:05:00;29.64;13.99;269.56776;6.205;1.29;0.08;0.65;0.25;0.84;0.95
18NE95008_466;1451;47.06843;-61.489;201;24.69;08-sep-95;20:05:00;NaN;7.08;NaN;NaN;6.52;0.21;3.27;0.88;0.52;0.71
18NE95008_466;1451;47.06843;-61.489;202;30.34;08-sep-95;20:05:00;30.67;4.68;NaN;6.845;NaN;NaN;NaN;NaN;NaN;NaN
18NE95008_467;1481;47.78222;-61.1;203;1.78;12-sep-95;22:54:00;29.51;11.99;280.15218;NaN;2.95;0.11667;1.73;0.55;0.81;0.83
18NE95008_467;1481;47.78222;-61.1;204;5.16;12-sep-95;22:54:00;29.51;11.99;303.28606;6.31;3.36;0.09;1.63;0.54;0.8;0.78
18NE95008_467;1481;47.78222;-61.1;205;14.87;12-sep-95;22:54:00;29.55;11.84;285.55604;6.3;2.83;0.1;2.01;0.53;0.85;0.96667
18NE95008_467;1481;47.78222;-61.1;206;26.77;12-sep-95;22:54:00;29.87;10.3;284.84148;6.435;3.44;0.13;2.44;0.62;0.91;0.98
18NE95008_468;1541;47.44363;-61.02578;1541_56;1.39;26-sep-95;04:19:00;29.68;12.58;269.56776;NaN;0.3;0.14333;0.68333;0.3;0.33;0.36
18NE95008_468;1541;47.44363;-61.02578;1541_57;5.06;26-sep-95;04:19:00;29.67;12.58;274.61434;NaN;0.27;0.15;0.83;0.3;0.16;0.41
18NE95008_468;1541;47.44363;-61.02578;1541_58;24;26-sep-95;04:19:00;29.97;9.72;283.68032;NaN;3.18;0.22;2.55;0.84;2.42333;2.30333
18NE95008_468;1541;47.44363;-61.02578;1541_59;41.15;26-sep-95;04:19:00;31.25;1.36;293.10358;NaN;8.32;0.34;7.14;1.28;0.31;0.56
18NE95008_469;1581;46.96885;-60.78245;1581_60;1.29;25-sep-95;15:30:00;28.97;14.63;234.19704;NaN;2.29333;0.21;0.79;0.27333;0.3;0.45
18NE95008_469;1581;46.96885;-60.78245;1581_61;4.96;25-sep-95;15:30:00;28.98;14.23;241.3873;NaN;0.38;0.26;0.81;0.29;0.41;0.6
18NE95008_469;1581;46.96885;-60.78245;1581_62;32.82;25-sep-95;15:30:00;29.76;7.9;261.08236;NaN;2.36;0.26;2.95;0.69;2.44667;2.51667
18NE95008_469;1581;46.96885;-60.78245;1581_63;126.11;25-sep-95;15:30:00;32.96;1.48;222.49612;NaN;12.95;0.22;14.3;1.5;0.1;0.18
18NE95008_470;1601;47.23652;-60.56975;1601_64;1.29;27-sep-95;07:47:00;29.64;12.86;256.61636;NaN;0.74667;0.22;0.72333;0.32667;0.28;0.38
18NE95008_470;1601;47.23652;-60.56975;1601_65;4.76;27-sep-95;07:47:00;29.64;12.84;259.74256;NaN;0.59;0.22;0.8;0.32;0.29;0.4
18NE95008_470;1601;47.23652;-60.56975;1601_66;25.88;27-sep-95;07:47:00;30.96;5;298.73074;NaN;5.24;0.28;4.39;0.93;0.95;0.955
18NE95008_470;1601;47.23652;-60.56975;1601_67;126.99;27-sep-95;07:47:00;32.91;1.04;259.9212;NaN;8.91;0.19;11.73;1.34;0.05;0.1
18NE95008_471;1651;47.40872;-60.40497;1651_68;1.69;26-sep-95;21:43:00;31;11.61;277.42792;NaN;2.19667;0.21;0.87;0.47667;0.33;0.46
18NE95008_471;1651;47.40872;-60.40497;1651_69;4.26;26-sep-95;21:43:00;31.03;11.59;276.892;NaN;1.42;0.19;0.66;0.47;0.36;0.45
18NE95008_471;1651;47.40872;-60.40497;1651_70;21.91;26-sep-95;21:43:00;31.38;11.19;274.34638;NaN;1.19;0.13;0.2;0.43;0.43333;0.57667
18NE95008_471;1651;47.40872;-60.40497;1651_71;82.39;26-sep-95;21:43:00;32.44;0.3;300.74044;NaN;4.39;0.33;7.86;1.17;0.04;0.06
18NE95008_471;1651;47.40872;-60.40497;1651_72;171.29;26-sep-95;21:43:00;33.87;4.02;172.78954;NaN;16.22;0.23;19.34;1.74;0.02;0.04
18NE95008_472;2011;46.60237;-63.56523;2011_73;0.99;22-sep-95;06:31:00;28.41;15.1;235.62616;NaN;0.77333;0.24333;0.76333;0.29333;0.4;0.64
18NE95008_472;2011;46.60237;-63.56523;2011_74;4.96;22-sep-95;06:31:00;28.42;15.11;244.37952;NaN;0.68;0.22;0.8;0.28;0.65;0.7
18NE95008_472;2011;46.60237;-63.56523;2011_75;15.37;22-sep-95;06:31:00;28.63;14.15;244.02224;NaN;0.89;0.23;1;0.33;0.79;0.81
18NE95008_473;2021;46.4656;-62.98768;2021_76;1.49;22-sep-95;17:27:00;28.56;14.81;228.34658;NaN;3.43667;0.19667;0.93667;0.34;0.32;0.54
18NE95008_473;2021;46.4656;-62.98768;2021_77;5.06;22-sep-95;17:27:00;28.57;14.79;233.3485;NaN;NaN;0.19;0.99;0.34;NaN;NaN
18NE95008_473;2021;46.4656;-62.98768;2021_78;14.78;22-sep-95;17:27:00;28.62;14.51;233.88442;NaN;1.12;0.15;0.65;0.36;0.59;0.64
18NE95008_473;2021;46.4656;-62.98768;2021_79;22.11;22-sep-95;17:27:00;29.22;12.4;224.23786;NaN;2.3;0.27;1.38;0.47;0.34;0.55
18NE95008_474;2501;47.086;-62.394;212;0.99;09-sep-95;04:56:00;29.35;14.7;NaN;NaN;1.85;0.07;0.9;0.41;0.44;0.63
18NE95008_474;2501;47.086;-62.394;213;4.86;09-sep-95;04:56:00;29.36;14.73;265.2804;7.14;2.16;0.1;1.88;NaN;0.49;0.63667
18NE95008_474;2501;47.086;-62.394;214;52.55;09-sep-95;04:56:00;31.24;-1;270.14834;6.58;15.31;0.16;10.66;NaN;0.1;0.21
18NE95008_475;341;47.95447;-64.14545;103;0.99;17-sep-95;17:14:00;28.51;12.99;NaN;NaN;1.87;0.11;0.705;0.495;1.63;1.72
18NE95008_475;341;47.95447;-64.14545;104;5.06;17-sep-95;17:14:00;28.5;12.98;281.09004;6.25;2.09;0.07;1.07;0.44;1.66;1.66
18NE95008_475;341;47.95447;-64.14545;105;15.07;17-sep-95;17:14:00;28.49;12.96;272.426;6.29;2.36;0.07;0.59;0.49;2.03333;1.66
18NE95008_475;341;47.95447;-64.14545;106;34.7;17-sep-95;17:14:00;29.48;9.94;269.61242;6.415;2.89;0.12;1.2;0.63;0.22;0.34
18NE95008_476;361;47.2081;-64.68475;361_10;14.18;20-sep-95;15:17:00;28.47;13.73;245.67466;NaN;0.75;0.32;0.77;0.38;1.27;1.33667
18NE95008_476;361;47.2081;-64.68475;361_11;22.71;20-sep-95;15:17:00;29.46;9.61;246.21058;NaN;5.23;0.28;2.75;0.81;0.36;0.54
18NE95008_476;361;47.2081;-64.68475;361_8;1.29;20-sep-95;15:17:00;28.37;14.19;296.22978;NaN;0.48333;0.25;0.82;0.32;0.9;0.96
18NE95008_476;361;47.2081;-64.68475;361_9;5.16;20-sep-95;15:17:00;28.38;14.18;336.64708;NaN;0.42;0.29;0.66;0.34;1.21;1.29
18NE95008_477;381;47.3775;-64.7015;381_12;1.39;20-sep-95;13:41:00;28.42;14.19;242.19118;NaN;1.37333;0.24;0.39;0.35;0.97;0.98
18NE95008_477;381;47.3775;-64.7015;381_13;4.07;20-sep-95;13:41:00;28.42;14.17;246.88048;NaN;1.79;0.28;0.59;0.32;0.99;1.07
18NE95008_477;381;47.3775;-64.7015;381_14;14.87;20-sep-95;13:41:00;28.44;14.08;254.02608;NaN;1.27;NaN;NaN;NaN;0.85667;0.79667
18NE95008_478;391;46.81945;-64.6425;391_15;1.59;20-sep-95;18:03:00;28.05;14.82;267.7367;NaN;0.52667;0.18667;0.45667;0.34667;1.92;1.91
18NE95008_478;391;46.81945;-64.6425;391_16;4.76;20-sep-95;18:03:00;28.05;14.8;263.67264;NaN;0.33;0.19;0.36;0.29;1.78;1.81
18NE95008_478;391;46.81945;-64.6425;391_17;17.95;20-sep-95;18:03:00;28.08;14.76;300.47248;NaN;0.31;0.16;1.06;0.32;2.04;1.92
18NE95008_479;411;46.87055;-64.32888;411_18;1.49;20-sep-95;19:53:00;28.13;15.19;221.24564;NaN;0.63667;0.21333;0.53333;0.34;1.3;1.2
18NE95008_479;411;46.87055;-64.32888;411_19;5.06;20-sep-95;19:53:00;28.13;15.2;234.9116;NaN;0.33;0.19;0.89;0.31;1.2;1.26
18NE95008_479;411;46.87055;-64.32888;411_20;20.43;20-sep-95;19:53:00;28.4;12.31;229.5524;NaN;6.57;0.305;2.435;0.785;3.18667;2.69667
18NE95008_480;421;47.54663;-64.36562;107;0.79;11-sep-95;16:39:00;28.35;9.14;267.60272;NaN;NaN;0.07;1.7;0.37;1.21;1.17
18NE95008_480;421;47.54663;-64.36562;108;5.06;11-sep-95;16:39:00;28.35;13.7;272.8726;6.245;NaN;0.08;1.69;0.37;1.06;1.07
18NE95008_480;421;47.54663;-64.36562;109;14.68;11-sep-95;16:39:00;28.35;13.66;282.20654;6.225;NaN;0.08;1.79;0.36;0.98333;1.07
18NE95008_480;421;47.54663;-64.36562;110;41.55;11-sep-95;16:39:00;30.56;3.95;279.7949;6.065;NaN;0.26;7.78;1.28;0.28;0.37
18NE95008_481;511;47.22888;-64.31362;511_21;1.49;21-sep-95;08:27:00;28.55;13.51;249.2028;NaN;1.07;0.19333;0.24667;0.35333;0.5;0.76
18NE95008_481;511;47.22888;-64.31362;511_22;4.96;21-sep-95;08:27:00;28.56;13.47;261.08236;NaN;0.92;0.14;0.19;0.36;0.82;0.85
18NE95008_481;511;47.22888;-64.31362;511_23;14.97;21-sep-95;08:27:00;28.63;12.54;283.8143;NaN;2.07;0.15;0.18;0.41;1.36333;1.28
18NE95008_481;511;47.22888;-64.31362;511_24;43.53;21-sep-95;08:27:00;30.64;2.25;270.193;NaN;14.42;0.3;7.71;1.32;0.17;0.34
18NE95008_482;551;47.45877;-62.43568;115;0.99;10-sep-95;13:49:00;28.92;14.47;NaN;NaN;2.53;0.1;1.42;0.36;0.67;0.71
18NE95008_482;551;47.45877;-62.43568;116;4.96;10-sep-95;13:49:00;28.93;14.47;269.34446;6.07;1.89;0.09;1.19;0.34;0.45;0.61
18NE95008_482;551;47.45877;-62.43568;117;14.87;10-sep-95;13:49:00;29.17;13.9;272.78328;6.14;2.09;0.11;1.15;0.37;0.74667;0.83333
18NE95008_482;551;47.45877;-62.43568;118;67.52;10-sep-95;13:49:00;31.63;-0.83;243.44166;6.05;19.86;0.22;12.06;1.49;0.04;0.1
18NE95008_483;581;47.72467;-62.38363;119;1.09;12-sep-95;07:15:00;29.49;12.54;296.27444;NaN;2.13;0.13;1.815;0.47;0.59;0.62
18NE95008_483;581;47.72467;-62.38363;120;4.96;12-sep-95;07:15:00;29.49;12.54;353.61788;6.28;1.96;0.08;1.13;0.46;0.72;0.69
18NE95008_483;581;47.72467;-62.38363;121;14.97;12-sep-95;07:15:00;29.49;12.54;317.9792;6.28;2.09;0.08;1.58;0.48;0.69667;0.75333
18NE95008_483;581;47.72467;-62.38363;122;57.61;12-sep-95;07:15:00;31.7;-0.77;280.19684;6.305;17.7;0.16;11.52;1.51;0.03;0.1
18NE95008_484;611;47.41295;-63.42772;123;0.59;10-sep-95;21:44:00;28.91;11.81;282.87644;NaN;2.05;0.125;1.705;0.4;0.95;1.07
18NE95008_484;611;47.41295;-63.42772;124;4.86;10-sep-95;21:44:00;28.91;12.73;292.9696;6.41;2.16;0.11;1.49;0.38;0.83;0.82
18NE95008_484;611;47.41295;-63.42772;125;15.07;10-sep-95;21:44:00;29.02;12.73;275.64152;6.44;1.98;0.11;1.62;0.4;1.16667;1.15
18NE95008_484;611;47.41295;-63.42772;126;74.46;10-sep-95;21:44:00;31.99;-0.48;221.2903;5.505;24.44;0.19;13.21;1.69;0.07;0.16
18NE95008_485;631;47.5984;-63.73545;127;0.99;11-sep-95;20:38:00;NaN;NaN;NaN;NaN;NaN;0.07;1.43;0.42;1.46;1.56
18NE95008_485;631;47.5984;-63.73545;128;4.96;11-sep-95;20:38:00;NaN;NaN;NaN;NaN;NaN;0.08;1.51;0.42;0.95;1
18NE95008_485;631;47.5984;-63.73545;129;14.87;11-sep-95;20:38:00;NaN;NaN;NaN;NaN;NaN;0.09;1.99;0.43;1.13333;1.19
18NE95008_485;631;47.5984;-63.73545;130;58.5;11-sep-95;20:38:00;NaN;NaN;NaN;NaN;NaN;0.21;12.44;1.51;0.04;0.1
18NE95008_486;641;47.74448;-63.08763;131;0.99;12-sep-95;01:50:00;29.16;13.1;NaN;NaN;1.77;0.09;1.64;0.39;0.62;0.65
18NE95008_486;641;47.74448;-63.08763;132;5.16;12-sep-95;01:50:00;29.19;13.12;313.9598;6.27;1.93;0.08;1.34;0.38;0.42;0.56
18NE95008_486;641;47.74448;-63.08763;133;15.17;12-sep-95;01:50:00;29.19;13.12;333.78884;6.26;1.95;0.07;1.4;0.39;0.77667;0.78
18NE95008_486;641;47.74448;-63.08763;134;72.87;12-sep-95;01:50:00;32.04;-0.46;282.65314;5.37;25.11;0.19;13.35;1.72;0.04;0.13
18NE95008_487;731;47.43382;-62.80855;135;0.99;10-sep-95;17:22:00;28.66;14.86;NaN;NaN;1.65;0.10333;10.39333;0.37;0.76;0.77
18NE95008_487;731;47.43382;-62.80855;136;4.86;10-sep-95;17:22:00;28.67;14.86;279.70558;6.05;1.88;0.09;0.83;0.34;0.62;0.62
18NE95008_487;731;47.43382;-62.80855;137;14.87;10-sep-95;17:22:00;28.78;14.62;273.00658;6.07;1.72;0.11;1.77;0.35;0.84667;0.81333
18NE95008_487;731;47.43382;-62.80855;138;46.9;10-sep-95;17:22:00;31.16;-0.68;280.82208;6.705;14.87;0.14;9.8;1.37;0.07;0.12
18NE95008_488;771;47.98635;-63.15892;142;1.78;17-sep-95;01:13:00;29.98;12.37;NaN;NaN;1.79;0.08333;1.01667;0.48333;0.65;0.65
18NE95008_488;771;47.98635;-63.15892;143;5.06;17-sep-95;01:13:00;29.98;12.37;NaN;6.33;2.11;0.08;0.6;0.47;0.59;0.62
18NE95008_488;771;47.98635;-63.15892;144;14.87;17-sep-95;01:13:00;30.22;12.08;NaN;6.32;1.95;0.09;0.82;0.48;0.73333;0.63
18NE95008_488;771;47.98635;-63.15892;145;58.6;17-sep-95;01:13:00;31.8;-0.53;228.2126;6.045;21.55;0.14;11.51;1.5;0.05;0.11
18NE95008_489;801;47.8147;-63.4824;146;1.09;17-sep-95;03:36:00;29.66;11.92;NaN;6.38;2.42;0.07;0.04;0.5;0.65;0.69
18NE95008_489;801;47.8147;-63.4824;147;5.06;17-sep-95;03:36:00;29.66;11.92;NaN;6.38;2.23;0.07;0.03;0.44;0.65;0.67
18NE95008_489;801;47.8147;-63.4824;148;14.97;17-sep-95;03:36:00;29.68;11.91;NaN;5.76;3.05;0.07;0.03;0.5;0.83667;0.75667
18NE95008_489;801;47.8147;-63.4824;149;46.7;17-sep-95;03:36:00;31.88;-0.49;261.61828;NaN;NaN;NaN;NaN;NaN;NaN;NaN
18NE95008_489;801;47.8147;-63.4824;150;62.46;17-sep-95;03:36:00;32.19;-0.29;239.95818;5.76;20.61;0.18;13.3;1.58;0.04;0.12
18NE95008_490;91;45.799;-61.7535;91_1;1.09;24-sep-95;06:23:00;28.49;15.91;237.05528;NaN;NaN;0.16;0.82;0.39667;0.99;1.04
18NE95008_490;91;45.799;-61.7535;91_2;5.26;24-sep-95;06:23:00;28.5;15.91;237.09994;NaN;1.82;0.17;0.67;0.4;0.91;0.95
18NE95008_490;91;45.799;-61.7535;91_3;22.02;24-sep-95;06:23:00;28.46;15.92;237.27858;NaN;1.86;0.19;0.68;0.4;1.06;1.11
18NE95008_491;941;47.8652;-61.53317;168;0.69;12-sep-95;20:18:00;30.28;11.95;281.5813;NaN;2.02;0.08;1.51;0.51;0.38;0.58
18NE95008_491;941;47.8652;-61.53317;169;5.06;12-sep-95;20:18:00;30.33;11.95;296.81036;6.43;2.29;0.08;1.38;0.5;0.35;0.51
18NE95008_491;941;47.8652;-61.53317;170;14.77;12-sep-95;20:18:00;30.32;11.94;283.1444;6.41;2.09;0.07;1.55;0.49;0.84;0.85333
18NE95008_491;941;47.8652;-61.53317;171;41.54;12-sep-95;20:18:00;31.06;0.96;279.75024;6.9;11.12;0.2;7.57;1.28;0.17;0.29
18NE95008_492;981;47.64755;-61.7859;172;0.89;12-sep-95;17:05:00;29.09;13.39;NaN;NaN;2.52;0.085;1.455;0.41;0.8;0.84
18NE95008_492;981;47.64755;-61.7859;173;4.36;12-sep-95;17:05:00;29.08;13.39;298.23948;6.16;2.24;0.11;1.91;0.41;0.78;0.77
18NE95008_492;981;47.64755;-61.7859;174;14.87;12-sep-95;17:05:00;29.07;13.38;291.09388;6.16;2.39;0.09;1.39;0.41;0.89;0.97333
18NE95008_492;981;47.64755;-61.7859;175;24.89;12-sep-95;17:05:00;30.61;5.45;295.60454;6.155;9.57;0.29;4.68;1.12;0.44;0.61
