CTD;CTD;CTD;CTD;CTD;CTD;CTD;CTD;CTD;CTD;CTD;labo;labo;labo;labo;labo;labo;CTD;labo
Fichier;Station;Latitude;Longitude;Echantillon;zbouteille;Date;Heure;PSAL;TE90;DOXY;OXYM_01;Si_01;NO2_01;NOx_01;PO4_01;CHL_01;FLOR;CHL_04
(nom);(nom/no);(degres);(degres);(no_unique);(dbar);(jj-mmm-yyyy);(GMT);(psu);(celsius);(ml/l);(mmol/m**3);(mmol/m**3);(mmol/m**3);(mmol/m**3);(mmol/m**3);(mg/m**3);(mg/m**3);(mg/m**3)
18OL17048_1646;21;47.82467;-69.67733;453006;12;02-nov-17;02:13:00;20.77;5.79;303.9113;NaN;NaN;NaN;NaN;NaN;0.3;0.388;NaN
18OL17048_1646;21;47.82467;-69.67733;453007;1.88;02-nov-17;02:13:00;17.79;6.55;312.03942;7.0915;NaN;NaN;NaN;NaN;0.27;0.402;NaN
18OL17048_1647;31;47.68117;-69.82283;453008;24.89;02-nov-17;04:05:00;29.33;3.02;271.22018;6.102;NaN;NaN;NaN;NaN;0.455;0.294;NaN
18OL17048_1647;31;47.68117;-69.82283;453009;9.02;02-nov-17;04:05:00;16.48;6.89;319.27434;NaN;NaN;NaN;NaN;NaN;0.235;0.375;NaN
18OL17048_1647;31;47.68117;-69.82283;453010;1.69;02-nov-17;04:05:00;14.94;7.06;319.00638;7.1885;NaN;NaN;NaN;NaN;0.27;0.468;NaN
18OL17048_1648;41;47.42483;-70.193;453011;17.16;02-nov-17;06:35:00;25.69;4.27;282.07256;NaN;NaN;NaN;NaN;NaN;0.805;0.604;NaN
18OL17048_1648;41;47.42483;-70.193;453012;2.18;02-nov-17;06:35:00;17.93;6.39;300.3385;6.808;NaN;NaN;NaN;NaN;0.3;0.476;NaN
18OL17048_1649;51;47.3465;-70.33683;453013;16.46;02-nov-17;08:16:00;27.53;3.7;277.38326;NaN;NaN;NaN;NaN;NaN;0.5;0.317;NaN
18OL17048_1649;51;47.3465;-70.33683;453014;1.78;02-nov-17;08:16:00;17.54;6.59;299.35598;6.7605;NaN;NaN;NaN;NaN;0.275;0.435;NaN
18OL17048_1650;61;47.2255;-70.57533;453015;22.01;02-nov-17;11:43:00;15.48;7.46;300.74044;NaN;NaN;NaN;NaN;NaN;0.965;1.126;NaN
18OL17048_1650;61;47.2255;-70.57533;453016;1.98;02-nov-17;11:43:00;11.16;8.34;314.00446;7.0705;NaN;NaN;NaN;NaN;0.25;0.586;NaN
18OL17048_1651;71;47.02867;-70.77167;453017;9.92;02-nov-17;13:55:00;0.18;12.11;310.52098;NaN;NaN;NaN;NaN;NaN;5.485;1.622;NaN
18OL17048_1651;71;47.02867;-70.77167;453018;1.88;02-nov-17;13:55:00;0.15;12.13;312.26272;NaN;NaN;NaN;NaN;NaN;4.495;1.491;NaN
18OL17048_1652;81;46.8445;-71.16233;453019;23.3;02-nov-17;16:46:00;0.1;11.18;320.52482;NaN;NaN;NaN;NaN;NaN;2;1.54;NaN
18OL17048_1652;81;46.8445;-71.16233;453020;10.21;02-nov-17;16:46:00;0.1;11.16;322.40054;NaN;NaN;NaN;NaN;NaN;2.375;1.505;NaN
18OL17048_1652;81;46.8445;-71.16233;453021;1.88;02-nov-17;16:46:00;0.09;11.16;319.18502;NaN;NaN;NaN;NaN;NaN;1.855;1.488;NaN
18OL17048_1653;91;46.71917;-71.38767;453022;10.12;02-nov-17;18:35:00;0.11;11.19;322.71316;NaN;NaN;NaN;NaN;NaN;2.13;1.315;NaN
18OL17048_1653;91;46.71917;-71.38767;453023;1.69;02-nov-17;18:35:00;0.11;11.19;322.31122;NaN;NaN;NaN;NaN;NaN;2.13;1.263;NaN
18OL17048_1654;101;46.90983;-70.8775;453024;21.12;02-nov-17;21:55:00;0.11;11.96;315.43358;NaN;NaN;NaN;NaN;NaN;1.68;1.361;NaN
18OL17048_1654;101;46.90983;-70.8775;453025;1.79;02-nov-17;21:55:00;0.1;11.95;314.27242;7.1135;NaN;NaN;NaN;NaN;1.09;1.136;NaN
18OL17048_1655;111;46.97983;-70.684;453026;1.79;02-nov-17;23:29:00;0.11;12.26;309.7171;7.0345;NaN;NaN;NaN;NaN;1.25;0.978;NaN
18OL17048_1656;121;47.10067;-70.7125;453027;12;03-nov-17;01:24:00;3.4;10.45;316.95202;NaN;NaN;NaN;NaN;NaN;1.86;1.644;NaN
18OL17048_1656;121;47.10067;-70.7125;453028;1.98;03-nov-17;01:24:00;1.88;10.64;316.28212;NaN;NaN;NaN;NaN;NaN;1.33;1.305;NaN
18OL17048_1657;131;47.4765;-70.08767;453029;17.75;03-nov-17;04:49:00;22.45;5.04;293.95212;6.63;NaN;NaN;NaN;NaN;0.645;0.609;NaN
18OL17048_1657;131;47.4765;-70.08767;453030;10.11;03-nov-17;04:49:00;22.24;5.11;295.33658;NaN;NaN;NaN;NaN;NaN;0.51;0.488;NaN
18OL17048_1657;131;47.4765;-70.08767;453031;1.59;03-nov-17;04:49:00;17.55;6.1;312.12874;7.053;NaN;NaN;NaN;NaN;0.195;0.547;NaN
18OL17048_1658;141;47.49483;-70.12;453032;13.29;03-nov-17;06:16:00;24.38;4.58;287.69972;NaN;NaN;NaN;NaN;NaN;0.3;0.406;NaN
18OL17048_1658;141;47.49483;-70.12;453033;1.98;03-nov-17;06:16:00;22.11;5.17;297.25696;6.787;NaN;NaN;NaN;NaN;0.18;0.343;NaN
18OL17048_1659;151;47.52517;-70.168;453034;80.8;03-nov-17;07:58:00;28.58;3.21;277.7852;NaN;NaN;NaN;NaN;NaN;0.36;0.297;NaN
18OL17048_1659;151;47.52517;-70.168;453035;50.37;03-nov-17;07:58:00;25.61;4.22;284.9308;6.366;NaN;NaN;NaN;NaN;0.31;0.345;NaN
18OL17048_1659;151;47.52517;-70.168;453036;25.19;03-nov-17;07:58:00;23.31;4.91;291.4065;NaN;NaN;NaN;NaN;NaN;0.2;0.328;NaN
18OL17048_1659;151;47.52517;-70.168;453037;10.21;03-nov-17;07:58:00;22.26;5.21;295.02396;NaN;NaN;NaN;NaN;NaN;0.205;0.356;NaN
18OL17048_1659;151;47.52517;-70.168;453038;1.59;03-nov-17;07:58:00;22.25;5.21;292.16572;6.617;NaN;NaN;NaN;NaN;0.165;0.355;NaN
18OL17048_1660;161;47.7075;-69.88567;453039;40.55;03-nov-17;10:25:00;30.04;2.64;273.5425;6.127;NaN;NaN;NaN;NaN;0.24;0.222;NaN
18OL17048_1660;161;47.7075;-69.88567;453040;26.08;03-nov-17;10:25:00;27.92;3.46;282.0279;NaN;NaN;NaN;NaN;NaN;0.205;0.21;NaN
18OL17048_1660;161;47.7075;-69.88567;453041;10.11;03-nov-17;10:25:00;22.71;5.04;299.84724;NaN;NaN;NaN;NaN;NaN;0.295;0.319;NaN
18OL17048_1660;161;47.7075;-69.88567;453042;1.59;03-nov-17;10:25:00;20.9;5.53;310.8336;6.9485;NaN;NaN;NaN;NaN;0.47;0.334;NaN
18OL17048_1661;171;47.74333;-69.91433;453043;5.06;03-nov-17;12:02:00;21.21;5.43;304.04528;NaN;NaN;NaN;NaN;NaN;NaN;0.338;NaN
18OL17048_1661;171;47.74333;-69.91433;453044;1.59;03-nov-17;12:02:00;20.94;5.54;304.44722;NaN;NaN;NaN;NaN;NaN;NaN;0.335;NaN
18OL17048_1662;181;47.74367;-69.91783;453045;135.21;03-nov-17;12:26:00;30.43;2.36;274.61434;6.137;NaN;NaN;NaN;NaN;NaN;0.175;NaN
18OL17048_1662;181;47.74367;-69.91783;453046;99.93;03-nov-17;12:26:00;30.39;2.39;274.659;NaN;NaN;NaN;NaN;NaN;0.18;0.179;NaN
18OL17048_1662;181;47.74367;-69.91783;453047;50.77;03-nov-17;12:26:00;29.52;2.87;276.26676;6.183;NaN;NaN;NaN;NaN;0.225;0.198;NaN
18OL17048_1662;181;47.74367;-69.91783;453048;24.99;03-nov-17;12:26:00;26.56;3.95;288.14632;NaN;NaN;NaN;NaN;NaN;0.09;0.256;NaN
18OL17048_1662;181;47.74367;-69.91783;453049;9.82;03-nov-17;12:26:00;21.4;5.35;307.4841;NaN;NaN;NaN;NaN;NaN;0.13;0.335;NaN
18OL17048_1662;181;47.74367;-69.91783;453050;1.59;03-nov-17;12:26:00;20.46;5.53;312.08408;7.033;NaN;NaN;NaN;NaN;0.305;0.374;NaN
18OL17048_1663;201;47.91433;-69.77683;453051;113.81;03-nov-17;14:56:00;30.67;2.11;272.73862;NaN;NaN;NaN;NaN;NaN;0.165;0.155;NaN
18OL17048_1663;201;47.91433;-69.77683;453052;50.57;03-nov-17;14:56:00;30.57;2.17;272.73862;6.103;NaN;NaN;NaN;NaN;0.185;0.151;NaN
18OL17048_1663;201;47.91433;-69.77683;453053;24.99;03-nov-17;14:56:00;30.31;2.23;273.67648;NaN;NaN;NaN;NaN;NaN;0.14;0.166;NaN
18OL17048_1663;201;47.91433;-69.77683;453054;10.02;03-nov-17;14:56:00;27.46;3.46;286.18128;NaN;NaN;NaN;NaN;NaN;0.16;0.211;NaN
18OL17048_1663;201;47.91433;-69.77683;453055;1.69;03-nov-17;14:56:00;23.75;4.79;297.97152;6.483;NaN;NaN;NaN;NaN;0.16;0.268;NaN
18OL17048_1664;221;47.99933;-69.56617;453056;29.85;03-nov-17;17:51:00;30.68;2.06;268.09398;NaN;NaN;NaN;NaN;NaN;0.12;0.147;NaN
18OL17048_1664;221;47.99933;-69.56617;453057;10.21;03-nov-17;17:51:00;29.36;2.53;276.4454;NaN;NaN;NaN;NaN;NaN;0.135;0.172;NaN
18OL17048_1664;221;47.99933;-69.56617;453058;1.69;03-nov-17;17:51:00;24.69;4.48;294.57736;6.517;NaN;NaN;NaN;NaN;0.155;0.234;NaN
18OL17048_1665;1021;47.99883;-65.7535;453409;30.04;13-nov-17;06:55:00;31.07;2.47;224.50582;5.1075;22.89;0.11;11.72;1.31;NaN;0.244;0.945
18OL17048_1665;1021;47.99883;-65.7535;453410;25.09;13-nov-17;06:55:00;28.99;5.63;312.70932;NaN;6.64;0.115;3.535;0.53;NaN;1.129;4.305
18OL17048_1665;1021;47.99883;-65.7535;453411;14.97;13-nov-17;06:55:00;28.59;5.02;312.48602;NaN;9.755;0.12;4.74;0.62;NaN;0.658;2.11
18OL17048_1665;1021;47.99883;-65.7535;453412;4.96;13-nov-17;06:55:00;28.15;4.32;317.39862;7.091;15.14;0.11;5.985;0.735;NaN;0.34;0.485
18OL17048_1665;1021;47.99883;-65.7535;453413;1.78;13-nov-17;06:55:00;28.16;4.33;315.21028;NaN;15.57;0.125;6.155;0.74;NaN;0.328;0.52
18OL17048_1666;1031;47.937;-65.25633;453414;65.14;13-nov-17;08:44:00;31.67;1.99;242.86108;NaN;19.725;0.075;12.585;1.405;NaN;0.166;0.41
18OL17048_1666;1031;47.937;-65.25633;453415;51.36;13-nov-17;08:44:00;31.44;2.42;251.97172;5.6695;16.785;0.085;11.415;1.29;NaN;0.136;0.32
18OL17048_1666;1031;47.937;-65.25633;453416;25.28;13-nov-17;08:44:00;30.33;4.28;272.73862;NaN;12.675;0.145;8.045;1;NaN;0.376;1.515
18OL17048_1666;1031;47.937;-65.25633;453417;15.37;13-nov-17;08:44:00;29.48;4.76;300.96374;NaN;11.055;0.135;6.405;0.835;NaN;0.334;0.93
18OL17048_1666;1031;47.937;-65.25633;453418;5.16;13-nov-17;08:44:00;28.96;4.61;312.3967;6.9475;10.675;0.11;5.51;0.745;NaN;0.299;0.56
18OL17048_1666;1031;47.937;-65.25633;453419;1.39;13-nov-17;08:44:00;28.9;4.58;311.0569;NaN;11.995;0.13;5.88;0.77;NaN;0.292;0.39
18OL17048_1667;1041;47.83283;-64.24967;453420;35.89;13-nov-17;14:16:00;29.47;5.21;317.39862;7.099;5.565;0.11;3.985;0.62;NaN;1.368;6.065
18OL17048_1667;1041;47.83283;-64.24967;453421;24.49;13-nov-17;14:16:00;29.35;5.69;310.25302;NaN;5.035;0.105;3.465;0.585;NaN;3.186;7.26
18OL17048_1667;1041;47.83283;-64.24967;453422;14.18;13-nov-17;14:16:00;29.3;5.74;316.14814;NaN;4.03;0.11;2.895;0.54;NaN;2.11;11.875
18OL17048_1667;1041;47.83283;-64.24967;453423;4.56;13-nov-17;14:16:00;29.21;5.69;320.52482;NaN;4.08;0.11;2.63;0.515;NaN;0.838;3.42
18OL17048_1667;1041;47.83283;-64.24967;453424;1.49;13-nov-17;14:16:00;29.22;5.75;316.6394;NaN;4.04;0.115;2.62;0.505;NaN;0.684;3.715
18OL17048_1668;1051;47.78267;-64.03417;453425;75.65;13-nov-17;16:56:00;31.83;1.25;246.34456;5.4605;21.18;0.155;12.475;1.475;NaN;0.163;0.235
18OL17048_1668;1051;47.78267;-64.03417;453426;50.47;13-nov-17;16:56:00;30.53;4.57;297.2123;6.7595;8.47;0.18;6.855;0.87;NaN;0.226;0.425
18OL17048_1668;1051;47.78267;-64.03417;453427;24.69;13-nov-17;16:56:00;29.58;4.77;323.47238;NaN;7.69;0.16667;5.83;0.77667;NaN;0.551;1.82
18OL17048_1668;1051;47.78267;-64.03417;453428;14.58;13-nov-17;16:56:00;29.53;4.96;327.26848;NaN;6.78;0.15;5.18;0.705;NaN;0.952;2.62
18OL17048_1668;1051;47.78267;-64.03417;453429;5.16;13-nov-17;16:56:00;29.37;4.73;329.5908;7.374;7.68;0.135;5.7;0.75;NaN;0.894;3.165
18OL17048_1668;1051;47.78267;-64.03417;453430;1.49;13-nov-17;16:56:00;29.37;4.76;327.98304;NaN;7.61;0.14;5.65;0.735;NaN;0.497;3.23
18OL17048_1669;1061;47.6685;-63.75183;453431;58.6;13-nov-17;19:57:00;31.86;1.6;245.00476;5.507;19.3;0.095;12.915;1.43;NaN;0.122;0.17
18OL17048_1669;1061;47.6685;-63.75183;453432;48.78;13-nov-17;19:57:00;31.47;2.64;272.47066;6.1065;13.02;0.12;10.245;1.16;NaN;0.134;0.205
18OL17048_1669;1061;47.6685;-63.75183;453433;24.29;13-nov-17;19:57:00;29.52;6;316.95202;NaN;2.73;0.14;2.905;0.51;NaN;1.575;6.79
18OL17048_1669;1061;47.6685;-63.75183;453434;13.88;13-nov-17;19:57:00;29.49;6.06;319.81026;NaN;2.52;0.135;2.395;0.48;NaN;1.655;6.35
18OL17048_1669;1061;47.6685;-63.75183;453435;4.36;13-nov-17;19:57:00;29.45;6.21;329.27818;7.405;2.505;0.145;2.375;0.48;NaN;2.221;6.295
18OL17048_1670;1071;47.50167;-63.25233;453436;75.15;13-nov-17;22:55:00;31.9;0.5;218.74468;4.8155;26.875;0.115;14.975;1.66;NaN;0.127;0.17
18OL17048_1670;1071;47.50167;-63.25233;453437;50.27;13-nov-17;22:55:00;31.43;1.48;282.83178;6.267;12.575;0.07;9.98;1.18;NaN;0.082;0.07
18OL17048_1670;1071;47.50167;-63.25233;453438;24.99;13-nov-17;22:55:00;29.64;6.36;307.9307;NaN;5.05;0.15;3.57;0.605;NaN;0.67;0.815
18OL17048_1670;1071;47.50167;-63.25233;453439;14.87;13-nov-17;22:55:00;29.63;6.35;309.0472;NaN;5.015;0.145;3.515;0.61;NaN;0.67;0.86
18OL17048_1670;1071;47.50167;-63.25233;453440;4.76;13-nov-17;22:55:00;29.61;6.32;312.1734;7.0375;4.81;0.145;3.515;0.605;NaN;0.743;1.055
18OL17048_1670;1071;47.50167;-63.25233;453441;1.59;13-nov-17;22:55:00;29.61;6.3;309.44914;NaN;4.85;0.14;3.5;0.59667;NaN;0.744;1.09
18OL17048_1671;1081;47.33283;-62.75133;453442;47.79;14-nov-17;02:01:00;31;0.73;231.69608;5.194;20.12;0.13;11.345;1.42;NaN;0.135;0.135
18OL17048_1671;1081;47.33283;-62.75133;453443;25.19;14-nov-17;02:01:00;29.45;6.46;305.83168;NaN;5.45;0.15;3.56;0.59;NaN;0.587;0.71
18OL17048_1671;1081;47.33283;-62.75133;453444;15.07;14-nov-17;02:01:00;29.45;6.46;306.50158;NaN;5.42;0.135;3.515;0.58;NaN;0.626;0.74
18OL17048_1671;1081;47.33283;-62.75133;453445;4.76;14-nov-17;02:01:00;29.45;6.45;306.72488;6.9195;5.405;0.135;3.495;0.585;NaN;0.665;0.765
18OL17048_1671;1081;47.33283;-62.75133;453446;1.88;14-nov-17;02:01:00;29.45;6.45;305.16178;NaN;5.365;0.145;3.52;0.585;NaN;0.647;0.75
18OL17048_1672;1091;47.1655;-62.25133;453447;35.4;14-nov-17;04:59:00;30.3;4.85;266.97748;6.074;9.325;0.175;5.35;0.89;NaN;0.233;0.39
18OL17048_1672;1091;47.1655;-62.25133;453448;25.29;14-nov-17;04:59:00;29.57;7.2;295.51522;NaN;4.81;0.14;2.525;0.565;NaN;0.488;0.77
18OL17048_1672;1091;47.1655;-62.25133;453449;15.17;14-nov-17;04:59:00;29.28;7.68;300.82976;NaN;3.705;0.115;1.755;0.475;NaN;0.712;1.07
18OL17048_1672;1091;47.1655;-62.25133;453450;5.36;14-nov-17;04:59:00;29.17;7.96;298.82006;6.7425;3.47;0.1;1.625;0.45;NaN;0.645;0.895
18OL17048_1672;1091;47.1655;-62.25133;453451;1.79;14-nov-17;04:59:00;29.17;7.96;296.989;NaN;3.53;0.1;1.7;0.455;NaN;0.635;0.885
18OL17048_1673;1101;47.00117;-61.75667;453452;36;14-nov-17;07:27:00;29.8;7.28;299.84724;6.7825;3.925;0.1;1.945;0.52;NaN;0.334;0.54
18OL17048_1673;1101;47.00117;-61.75667;453453;25.09;14-nov-17;07:27:00;29.78;7.32;299.84724;NaN;3.84;0.1;1.93;0.505;NaN;0.344;0.49
18OL17048_1673;1101;47.00117;-61.75667;453454;15.07;14-nov-17;07:27:00;29.62;7.44;300.15986;NaN;3.735;0.105;1.855;0.48;NaN;0.425;0.645
18OL17048_1673;1101;47.00117;-61.75667;453455;5.16;14-nov-17;07:27:00;29.59;7.39;301.2317;6.797;3.77;0.1;1.835;0.475;NaN;0.451;0.605
18OL17048_1673;1101;47.00117;-61.75667;453456;1.59;14-nov-17;07:27:00;29.6;7.4;298.37346;NaN;3.77;0.1;1.83;0.475;NaN;0.446;0.645
18OL17048_1674;1111;46.917;-61.50067;453457;47;14-nov-17;14:12:00;31.16;2.73;275.46288;6.1425;10.615;0.175;7.415;1.025;NaN;0.122;0.135
18OL17048_1674;1111;46.917;-61.50067;453458;23.9;14-nov-17;14:12:00;29.39;7.45;297.16764;NaN;4.81;0.125;2.42;0.54;NaN;0.545;0.765
18OL17048_1674;1111;46.917;-61.50067;453459;13.39;14-nov-17;14:12:00;28.84;8.82;291.76378;NaN;3.245;0.09;1.36;0.365;NaN;0.593;0.87
18OL17048_1674;1111;46.917;-61.50067;453460;5.16;14-nov-17;14:12:00;28.84;8.83;293.1929;6.631;3.205;0.09;1.345;0.365;NaN;0.606;1.09
18OL17048_1674;1111;46.917;-61.50067;453461;2.08;14-nov-17;14:12:00;28.84;8.81;292.88028;NaN;3.23;0.085;1.36;0.365;NaN;0.611;0.815
18OL17048_1675;1121;46.83233;-61.252;453462;55.33;14-nov-17;16:05:00;31.45;2.22;281.98324;6.2955;10.24;0.165;7.69;1.025;NaN;0.121;0.13
18OL17048_1675;1121;46.83233;-61.252;453463;23.3;14-nov-17;16:05:00;28.83;9.14;289.75408;NaN;2.96;0.09;1.22;0.365;NaN;0.401;0.58
18OL17048_1675;1121;46.83233;-61.252;453464;13.98;14-nov-17;16:05:00;28.73;9.34;290.15602;NaN;2.855;0.075;0.995;0.335;NaN;0.608;0.95
18OL17048_1675;1121;46.83233;-61.252;453465;4.76;14-nov-17;16:05:00;28.72;9.34;290.60262;6.61;2.81;0.085;0.98;0.34;NaN;0.61;1.115
18OL17048_1675;1121;46.83233;-61.252;453466;1.98;14-nov-17;16:05:00;28.72;9.35;291.45116;NaN;2.805;0.08;0.995;0.33;NaN;0.702;1.02
18OL17048_1676;1131;46.741;-61.00367;453467;59.99;15-nov-17;04:28:00;31.55;2.02;251.39114;5.5875;15.345;0.155;9.24;1.185;NaN;0.13;0.14
18OL17048_1676;1131;46.741;-61.00367;453468;25.09;15-nov-17;04:28:00;29.03;8.34;293.99678;NaN;3.235;0.11;1.54;0.405;NaN;0.577;0.805
18OL17048_1676;1131;46.741;-61.00367;453469;14.78;15-nov-17;04:28:00;28.59;9.47;288.2803;NaN;2.915;0.10333;0.99333;0.34;NaN;0.56;0.915
18OL17048_1676;1131;46.741;-61.00367;453470;5.26;15-nov-17;04:28:00;28.59;9.48;287.65506;6.556;3;0.09;1.01;0.34;NaN;0.597;0.91
18OL17048_1676;1131;46.741;-61.00367;453471;2.28;15-nov-17;04:28:00;28.59;9.48;286.9405;NaN;2.955;0.10667;1.01667;0.33667;NaN;0.582;0.905
18OL17048_1677;1141;46.79267;-61.9875;453472;60.29;15-nov-17;09:15:00;31.21;1.19;246.9698;NaN;16.815;0.105;8.225;1.28;NaN;0.129;0.16
18OL17048_1677;1141;46.79267;-61.9875;453473;50.17;15-nov-17;09:15:00;31.13;1.1;246.56786;5.4675;15.15;0.11333;7.98667;1.28;NaN;0.127;0.15
18OL17048_1677;1141;46.79267;-61.9875;453474;24.99;15-nov-17;09:15:00;29.52;6.97;299.80258;NaN;4.82;0.13;2.455;0.57;NaN;0.497;0.675
18OL17048_1677;1141;46.79267;-61.9875;453475;15.27;15-nov-17;09:15:00;29.48;7.19;298.64142;NaN;4.59;0.135;2.3;0.55;NaN;0.534;0.785
18OL17048_1677;1141;46.79267;-61.9875;453476;4.96;15-nov-17;09:15:00;29.28;7.48;300.69578;6.691;3.89;0.12;1.87;0.49;NaN;0.522;0.77
18OL17048_1677;1141;46.79267;-61.9875;453477;1.69;15-nov-17;09:15:00;29.28;7.48;299.40064;NaN;3.875;0.11;1.835;0.49;NaN;0.526;0.765
18OL17048_1678;1151;46.95717;-60.216;453478;69.11;15-nov-17;19:42:00;31.61;2.71;288.14632;NaN;8.225;0.12;7.165;0.945;NaN;0.105;0.11
18OL17048_1678;1151;46.95717;-60.216;453479;48.98;15-nov-17;19:42:00;30.47;6.03;288.41428;6.55;5.325;0.155;3.91;0.655;NaN;0.157;0.175
18OL17048_1678;1151;46.95717;-60.216;453480;24.3;15-nov-17;19:42:00;28.99;9.01;287.87836;NaN;2.985;0.1;1.275;0.385;NaN;0.312;0.49
18OL17048_1678;1151;46.95717;-60.216;453481;13.98;15-nov-17;19:42:00;28.77;9.3;289.6201;NaN;NaN;NaN;NaN;NaN;NaN;0.625;NaN
18OL17048_1678;1151;46.95717;-60.216;453482;4.86;15-nov-17;19:42:00;28.76;9.3;290.37932;6.5695;2.67;0.085;0.955;0.335;NaN;0.634;1.25
18OL17048_1678;1151;46.95717;-60.216;453483;1.59;15-nov-17;19:42:00;28.76;9.31;289.3968;NaN;2.685;0.1;0.975;0.33;NaN;0.625;1.24
18OL17048_1679;1161;47.10417;-60.002;453484;311.15;15-nov-17;21:28:00;34.89;6.31;132.05962;2.975;32.175;0.055;23.64;1.87;NaN;0.024;NaN
18OL17048_1679;1161;47.10417;-60.002;453485;297.09;15-nov-17;21:28:00;34.84;6.43;128.26352;NaN;31.42;0.06;23.58;1.87;NaN;0.033;NaN
18OL17048_1679;1161;47.10417;-60.002;453486;203.2;15-nov-17;21:28:00;34.35;6.35;163.36628;NaN;19.35;0.075;19.195;1.51;NaN;0.028;NaN
18OL17048_1679;1161;47.10417;-60.002;453487;99.34;15-nov-17;21:28:00;32.67;1.78;291.45116;NaN;8.265;0.065;9.245;1.025;NaN;0.053;0.06
18OL17048_1679;1161;47.10417;-60.002;453488;50.67;15-nov-17;21:28:00;31.93;3.5;313.69184;7.038;3.63;0.115;4.555;0.705;NaN;0.137;0.145
18OL17048_1679;1161;47.10417;-60.002;453489;23.7;15-nov-17;21:28:00;30.6;6.19;305.83168;NaN;3.83;0.13;2.405;0.575;NaN;0.449;0.535
18OL17048_1679;1161;47.10417;-60.002;453490;13.59;15-nov-17;21:28:00;30.23;6.28;309.53846;NaN;4.1;0.12;2.41333;0.55333;NaN;0.565;0.745
18OL17048_1679;1161;47.10417;-60.002;453491;5.06;15-nov-17;21:28:00;29.8;6.74;307.61808;6.9195;3.93;0.13;2.10333;0.54;NaN;0.477;0.695
18OL17048_1679;1161;47.10417;-60.002;453492;1.79;15-nov-17;21:28:00;29.87;6.69;305.38508;NaN;3.945;0.125;2.13333;0.53;NaN;0.477;0.645
18OL17048_1680;1171;47.26633;-59.78283;422199;5.45;16-nov-17;00:06:00;30.52;6.31;311.0569;7.015;3.47;0.13;2.02;0.5;NaN;0.595;0.785
18OL17048_1680;1171;47.26633;-59.78283;422200;2.18;16-nov-17;00:06:00;30.52;6.3;309.85108;NaN;3.48;0.14333;1.98;0.5;NaN;0.634;0.805
18OL17048_1680;1171;47.26633;-59.78283;453493;450.82;16-nov-17;00:06:00;34.97;5.9;154.79156;3.5875;32.69;0.06;22.715;1.84667;NaN;0.025;NaN
18OL17048_1680;1171;47.26633;-59.78283;453494;399.36;16-nov-17;00:06:00;34.96;6.01;152.82652;NaN;30.05;0.05;23.105;1.81667;NaN;0.018;NaN
18OL17048_1680;1171;47.26633;-59.78283;453495;301.05;16-nov-17;00:06:00;34.87;6.84;131.70234;NaN;26.035;0.03333;23.71333;1.79333;NaN;0.025;NaN
18OL17048_1680;1171;47.26633;-59.78283;453496;203.69;16-nov-17;00:06:00;34.44;7.02;179.04194;NaN;14.945;0.03;17.13;1.31;NaN;0.03;NaN
18OL17048_1680;1171;47.26633;-59.78283;453497;101.72;16-nov-17;00:06:00;32.65;1.25;310.92292;NaN;6.705;0.05;8.12333;0.96667;NaN;0.053;0.05
18OL17048_1680;1171;47.26633;-59.78283;453498;50.27;16-nov-17;00:06:00;31.81;3.16;301.14238;6.766;6.145;0.14;5.98;0.825;NaN;0.129;0.14
18OL17048_1680;1171;47.26633;-59.78283;453499;24.69;16-nov-17;00:06:00;30.94;6.7;304.67052;NaN;2.65;0.12;1.585;0.47;NaN;0.362;0.465
18OL17048_1680;1171;47.26633;-59.78283;453500;14.58;16-nov-17;00:06:00;30.52;6.33;310.11904;NaN;3.46;0.105;1.99;0.5;NaN;0.571;0.79
18OL17048_1681;1181;47.4345;-59.5525;422201;459.52;16-nov-17;02:54:00;34.98;5.88;161.08862;3.741;31.27;0.05;22.505;1.75;NaN;0.024;NaN
18OL17048_1681;1181;47.4345;-59.5525;422202;400.64;16-nov-17;02:54:00;34.96;5.98;145.50228;NaN;33.695;0.07;22.885;1.815;NaN;0.023;NaN
18OL17048_1681;1181;47.4345;-59.5525;422203;300.35;16-nov-17;02:54:00;34.9;7.2;135.72174;NaN;23.395;0.08;23.66;1.72;NaN;0.015;NaN
18OL17048_1681;1181;47.4345;-59.5525;422204;200.71;16-nov-17;02:54:00;34.18;5.92;177.25554;NaN;17.96;0.085;18.265;1.415;NaN;0.034;NaN
18OL17048_1681;1181;47.4345;-59.5525;422205;100.53;16-nov-17;02:54:00;32.58;1.19;322.17724;NaN;4.47;0.09;6.59667;0.86;NaN;0.061;0.065
18OL17048_1681;1181;47.4345;-59.5525;422206;50.47;16-nov-17;02:54:00;31.99;2.15;304.3579;6.8005;6.625;0.09;6.40333;0.88667;NaN;0.106;0.09
18OL17048_1681;1181;47.4345;-59.5525;422207;24.89;16-nov-17;02:54:00;30.99;6.37;309.67244;NaN;2.555;0.11667;1.60333;0.48333;NaN;0.574;0.635
18OL17048_1681;1181;47.4345;-59.5525;422208;14.97;16-nov-17;02:54:00;30.23;6.88;305.6977;NaN;3.245;0.12667;1.73333;0.49;NaN;0.736;0.875
18OL17048_1681;1181;47.4345;-59.5525;422209;4.96;16-nov-17;02:54:00;30.04;7.2;304.67052;6.8925;2.985;0.09667;1.52;0.475;NaN;0.715;0.94
18OL17048_1681;1181;47.4345;-59.5525;422210;2.18;16-nov-17;02:54:00;30.05;7.2;304.67052;NaN;2.975;0.11333;1.55333;0.475;NaN;0.692;0.9
18OL17048_1682;1201;47.99667;-60.47567;422211;453.75;16-nov-17;09:31:00;34.97;5.91;156.17602;3.595;31.585;0.025;22.73;1.96;NaN;0.02;NaN
18OL17048_1682;1201;47.99667;-60.47567;422212;400.32;16-nov-17;09:31:00;34.95;6.11;147.28868;NaN;30.03;0.04;23.39667;1.93;NaN;0.021;NaN
18OL17048_1682;1201;47.99667;-60.47567;422213;300.24;16-nov-17;09:31:00;34.81;7.03;131.43438;NaN;24.585;0.04;23.33;1.84;NaN;0.021;NaN
18OL17048_1682;1201;47.99667;-60.47567;422214;200.41;16-nov-17;09:31:00;33.99;5.52;203.33698;NaN;14.89;0.04667;15.92667;1.425;NaN;0.03;NaN
18OL17048_1682;1201;47.99667;-60.47567;422215;100.72;16-nov-17;09:31:00;32.42;1.54;312.62;NaN;5.37;0.04;6.885;0.88;NaN;0.077;0.06
18OL17048_1682;1201;47.99667;-60.47567;422216;50.57;16-nov-17;09:31:00;31.43;5.3;307.17148;6.961;2.955;0.135;2.86;0.59;NaN;0.132;0.125
18OL17048_1682;1201;47.99667;-60.47567;422217;25.38;16-nov-17;09:31:00;30.94;5.83;313.7365;NaN;2.81;0.11;1.795;0.52;NaN;0.404;0.475
18OL17048_1682;1201;47.99667;-60.47567;422218;15.47;16-nov-17;09:31:00;30.93;5.81;313.78116;NaN;2.795;0.12;1.795;0.5;NaN;0.422;0.49
18OL17048_1682;1201;47.99667;-60.47567;422219;5.45;16-nov-17;09:31:00;30.79;5.28;317.48794;7.113;3.615;0.10333;2.25333;0.56;NaN;0.397;0.505
18OL17048_1682;1201;47.99667;-60.47567;422220;1.59;16-nov-17;09:31:00;30.79;5.29;314.94232;NaN;3.6;0.09667;2.31333;0.57;NaN;0.414;0.51
