CTD;CTD;CTD;CTD;CTD;CTD;CTD;CTD;CTD;CTD;CTD;labo;labo;labo;labo;labo;labo
Fichier;Station;Latitude;Longitude;Echantillon;zbouteille;Date;Heure;PSAL;TE90;DOXY;Si_01;PO4_01;NOx_01;OXYM_01;CHL_01;CHL_03
(nom);(nom/no);(degres);(degres);(no_unique);(dbar);(jj-mmm-yyyy);(GMT);(psu);(celsius);(ml/l);(mmol/m**3);(mmol/m**3);(mmol/m**3);(mmol/m**3);(mg/m**3);(mg/m**3)
18PZ96058_493;101;47.58317;-59.33233;182080;235.18;01-dec-96;07:42:00;33.94;4.58;226.82814;15.975;1.275;16.06;4.829;0.01;0.03
18PZ96058_493;101;47.58317;-59.33233;182081;203.09;01-dec-96;07:42:00;33.41;2.7;263.53866;14.395;1.22;13.925;5.702;0.01;0.03
18PZ96058_493;101;47.58317;-59.33233;182082;152.85;01-dec-96;07:42:00;32.94;1.34;298.73074;10.22;1.095;10.13;6.7595;0.02;0.04
18PZ96058_493;101;47.58317;-59.33233;182083;102.91;01-dec-96;07:42:00;32.48;2.13;317.3093;4.68;0.77;5.335;7.197;0.06;0.08
18PZ96058_493;101;47.58317;-59.33233;182084;79.12;01-dec-96;07:42:00;32.11;4.51;318.11318;3.39;0.67;3.43;7.113;0.09;0.13
18PZ96058_493;101;47.58317;-59.33233;182085;53.05;01-dec-96;07:42:00;31.92;5.7;324.2316;2.145;0.535;1.335;7.243;0.13;0.17
18PZ96058_493;101;47.58317;-59.33233;182086;29.35;01-dec-96;07:42:00;31.71;5.53;326.9112;2.04;0.555;1.19;7.23;0.3;0.42
18PZ96058_493;101;47.58317;-59.33233;182087;19.44;01-dec-96;07:42:00;31.64;5.46;329.09954;2;0.5;1.05;7.227;0.27;0.37
18PZ96058_493;101;47.58317;-59.33233;182088;10.41;01-dec-96;07:42:00;31.58;5.38;331.3772;1.86;0.46;1.01;7.375;0.26;0.34
18PZ96058_493;101;47.58317;-59.33233;182089;0.5;01-dec-96;07:42:00;NaN;NaN;NaN;NaN;NaN;NaN;NaN;0.2;0.25
18PZ96058_494;11;47.08283;-59.91683;182001;370.46;30-nov-96;03:48:00;34.67;5.59;136.70426;21.93;1.35;16.68;NaN;0;0.01
18PZ96058_494;11;47.08283;-59.91683;182002;351.85;30-nov-96;03:48:00;34.64;5.59;135.81106;22.01;1.43;17.82;NaN;0;0.01
18PZ96058_494;11;47.08283;-59.91683;182003;302.74;30-nov-96;03:48:00;34.53;5.25;105.6209;28.36;1.49;17.87;2.386;0.01;0.01
18PZ96058_494;11;47.08283;-59.91683;182004;251.54;30-nov-96;03:48:00;34.3;5.09;142.10812;19.36;1.34;16.02;3.236;0.01;0.01
18PZ96058_494;11;47.08283;-59.91683;182005;202.7;30-nov-96;03:48:00;33.69;3.56;217.18158;12.69;1.07;10.68;4.437;0.01;0.02
18PZ96058_494;11;47.08283;-59.91683;182006;151.87;30-nov-96;03:48:00;32.82;0.89;306.01032;7.03;0.85;8.41;6.731;0.02;0.03
18PZ96058_494;11;47.08283;-59.91683;182007;102.52;30-nov-96;03:48:00;32.36;2.87;322.6685;3.37;0.62;3.87;7.175;0.07;0.09
18PZ96058_494;11;47.08283;-59.91683;182008;53.45;30-nov-96;03:48:00;31.57;5.57;330.08206;1.35;0.39;0.91;6.692;0.45;0.48
18PZ96058_494;11;47.08283;-59.91683;182009;28.86;30-nov-96;03:48:00;31.48;5.52;333.34224;1.07;0.35;0.73;7.246;0.46;0.5
18PZ96058_494;11;47.08283;-59.91683;182010;7.54;30-nov-96;03:48:00;30.8;5.13;334.5034;1.93;0.42;1.42;7.273;0.55;0.5
18PZ96058_494;11;47.08283;-59.91683;182012;0.5;30-nov-96;03:48:00;NaN;NaN;NaN;2.83;0.64;2.14;NaN;0.35;0.49
18PZ96058_495;21;46.98267;-60.03267;182013;160.79;30-nov-96;06:38:00;33.39;2.62;234.15238;18.175;1.4;15.595;5.122;0.02;0.04
18PZ96058_495;21;46.98267;-60.03267;182014;152.17;30-nov-96;06:38:00;32.94;1.73;280.50946;12.49;1.155;11.285;6.03;0.03;0.05
18PZ96058_495;21;46.98267;-60.03267;182015;102.22;30-nov-96;06:38:00;31.87;2.17;278.09782;8.915;0.915;6.62;6.6875;0.25;0.25
18PZ96058_495;21;46.98267;-60.03267;182016;51.96;30-nov-96;06:38:00;30.99;5.16;312.48602;2.815;0.49;1.99;7.134;0.44;0.43
18PZ96058_495;21;46.98267;-60.03267;182017;27.86;30-nov-96;06:38:00;29.2;5.8;321.59666;3.75;0.565;1.78;7.238;0.43;0.43
18PZ96058_495;21;46.98267;-60.03267;182018;19.14;30-nov-96;06:38:00;29.17;5.79;324.76752;3.33;0.52;1.79;7.247;0.39;0.49
18PZ96058_495;21;46.98267;-60.03267;182019;8.03;30-nov-96;06:38:00;28.98;5.96;323.82966;2.95;0.46;1.3;7.18;0.41;0.51
18PZ96058_495;21;46.98267;-60.03267;182020;0.5;30-nov-96;06:38:00;NaN;NaN;NaN;NaN;NaN;NaN;NaN;0.36;0.44
18PZ96058_496;31;46.88217;-60.149;182021;153.86;30-nov-96;08:19:00;33.17;2.15;251.25716;14.82;1.22;12.345;5.307;0.03;0.06
18PZ96058_496;31;46.88217;-60.149;182022;103.11;30-nov-96;08:19:00;31.77;2.59;296.27444;8.145;0.955;7.38;6.699;0.07;0.1
18PZ96058_496;31;46.88217;-60.149;182023;53.74;30-nov-96;08:19:00;29.33;5.87;307.79672;4.16;0.53;2.42;6.9375;0.2;0.27
18PZ96058_496;31;46.88217;-60.149;182024;28.96;30-nov-96;08:19:00;28.86;6.36;319.00638;4.545;0.6;1.76;7.167;0.5;0.5
18PZ96058_496;31;46.88217;-60.149;182025;19.24;30-nov-96;08:19:00;28.86;6.35;319.63162;4.37;0.53;1.68;7.123;0.29;0.38
18PZ96058_496;31;46.88217;-60.149;182026;9.12;30-nov-96;08:19:00;28.85;6.34;321.552;4.45;0.57;1.725;7.137;0.31;0.4
18PZ96058_496;31;46.88217;-60.149;182027;0.5;30-nov-96;08:19:00;NaN;NaN;NaN;4.46;0.635;1.86;NaN;0.32;0.41
18PZ96058_497;431;47.8245;-62.81617;181312;61.67;10-dec-96;22:18:00;31.6;0.14;240.89604;28.42;1.675;15.67;4.892;0.07;0.13
18PZ96058_497;431;47.8245;-62.81617;181313;51.76;10-dec-96;22:18:00;31.56;0.24;278.14248;24.2;1.6;14.18;5.2395;0.05;0.09
18PZ96058_497;431;47.8245;-62.81617;181314;27.27;10-dec-96;22:18:00;30.19;3.01;340.26454;4.135;0.66;3.7;7.793;0.35;0.45
18PZ96058_497;431;47.8245;-62.81617;181315;17.75;10-dec-96;22:18:00;30.18;3;341.73832;4.05;0.695;3.68;7.678;0.45;0.58
18PZ96058_497;431;47.8245;-62.81617;181316;7.54;10-dec-96;22:18:00;30.18;3;342.63152;3.485;0.62;3.625;7.6775;0.37;0.48
18PZ96058_497;431;47.8245;-62.81617;181317;0.5;10-dec-96;22:18:00;NaN;NaN;NaN;2.795;0.535;2.585;NaN;0.45;0.59
18PZ96058_498;441;47.834;-63.7535;181318;68.81;11-dec-96;03:01:00;31.5;1.87;287.20846;12.905;1.46;9.98;6.2145;0.15;0.17
18PZ96058_498;441;47.834;-63.7535;181319;53.04;11-dec-96;03:01:00;30.33;2.38;341.96162;4.8;0.69;4.59;7.747;0.2;0.27
18PZ96058_498;441;47.834;-63.7535;181320;29.45;11-dec-96;03:01:00;29.88;2.39;352.32274;5.115;0.765;4.77;7.9065;0.39;0.5
18PZ96058_498;441;47.834;-63.7535;181321;19.24;11-dec-96;03:01:00;29.84;2.28;354.73438;5.46;0.785;4.95;7.9555;0.17;0.2
18PZ96058_498;441;47.834;-63.7535;181322;5.95;11-dec-96;03:01:00;29.84;2.27;356.47612;5.32;0.72;4.93;7.951;0.32;0.4
18PZ96058_498;441;47.834;-63.7535;181323;0.5;11-dec-96;03:01:00;NaN;NaN;NaN;5.505;0.71;4.67;NaN;1.04;1.02
18PZ96058_499;451;47.26467;-64.12717;181324;33.81;11-dec-96;07:16:00;29.63;3.17;338.88008;5.475;0.76;3.855;7.6905;0.54;0.58
18PZ96058_499;451;47.26467;-64.12717;181325;23.6;11-dec-96;07:16:00;29.58;3.11;341.15774;4.925;0.685;3.725;7.7155;0.41;0.56
18PZ96058_499;451;47.26467;-64.12717;181326;16.16;11-dec-96;07:16:00;29.58;3.11;342.40822;5.43;0.755;3.98;7.737;0.62;0.69
18PZ96058_499;451;47.26467;-64.12717;181327;4.26;11-dec-96;07:16:00;29.57;3.1;342.45288;5.435;0.755;4.08;7.694;0.37;0.55
18PZ96058_499;451;47.26467;-64.12717;181328;0.5;11-dec-96;07:16:00;NaN;NaN;NaN;5.51;0.755;3.92;NaN;0.42;0.59
18PZ96058_500;461;47.158;-63.15817;181329;56.12;11-dec-96;11:29:00;31.28;1.56;NaN;17.445;1.415;12.16;5.6925;0.07;0.13
18PZ96058_500;461;47.158;-63.15817;181330;52.65;11-dec-96;11:29:00;31.28;1.56;263.36002;17.635;1.39;11.86;5.6875;0.07;0.12
18PZ96058_500;461;47.158;-63.15817;181331;27.67;11-dec-96;11:29:00;29.89;3.38;336.0665;4.67;0.69;4.03;7.547;0.38;0.54
18PZ96058_500;461;47.158;-63.15817;181332;17.45;11-dec-96;11:29:00;29.89;3.37;337.89756;4.725;0.71;4.05;7.677;0.45;0.62
18PZ96058_500;461;47.158;-63.15817;181333;8.03;11-dec-96;11:29:00;29.89;3.37;339.77328;4.715;0.73;3.99;7.6425;0.44;0.62
18PZ96058_500;461;47.158;-63.15817;181334;0.5;11-dec-96;11:29:00;NaN;NaN;NaN;4.625;0.685;3.855;NaN;0.4;0.58
18PZ96058_501;471;46.71667;-62;181335;67.53;11-dec-96;16:23:00;30.27;3.03;NaN;14.34;1.145;9.745;5.997;0.07;0.11
18PZ96058_501;471;46.71667;-62;181336;53.65;11-dec-96;16:23:00;30.22;3.11;278.85704;13.735;1.11;9.08;5.203;0.08;0.12
18PZ96058_501;471;46.71667;-62;181337;28.86;11-dec-96;16:23:00;29.1;4.71;322.80248;3.655;0.615;2.16;7.472;0.29;0.4
18PZ96058_501;471;46.71667;-62;181338;19.14;11-dec-96;16:23:00;29.1;4.72;323.60636;3.365;0.55;2.43;7.481;0.36;0.5
18PZ96058_501;471;46.71667;-62;181339;8.83;11-dec-96;16:23:00;29.1;4.72;326.33062;3.595;0.59;2.24;7.2085;0.4;0.54
18PZ96058_501;471;46.71667;-62;181340;0.5;11-dec-96;16:23:00;NaN;NaN;NaN;3.47;0.565;2.135;NaN;0.36;0.49
18PZ96058_502;481;46.81817;-60.93467;181341;108.07;11-dec-96;20:21:00;32.66;1.93;250.94454;12.785;1.21;10.97;5.8075;0.04;0.1
18PZ96058_502;481;46.81817;-60.93467;181342;102.91;11-dec-96;20:21:00;32.64;1.94;252.90958;13.915;1.245;11.9;5.791;0.05;0.11
18PZ96058_502;481;46.81817;-60.93467;181343;78.43;11-dec-96;20:21:00;32.29;2.12;255.85714;10.635;1.05;8.73;6.429;0.05;0.1
18PZ96058_502;481;46.81817;-60.93467;181344;54.34;11-dec-96;20:21:00;31.39;2.86;275.23958;10.55;0.975;7.8;6.204;0.11;0.17
18PZ96058_502;481;46.81817;-60.93467;181345;28.66;11-dec-96;20:21:00;29.26;4.58;325.39276;3.51;0.55;2.215;7.512;0.38;0.54
18PZ96058_502;481;46.81817;-60.93467;181346;18.94;11-dec-96;20:21:00;29.25;4.58;327.00052;3.61;0.58;2.27;7.563;0.32;0.43
18PZ96058_502;481;46.81817;-60.93467;181347;9.62;11-dec-96;20:21:00;29.24;4.59;328.78692;3.585;0.56;2.3;7.53;0.37;0.46
18PZ96058_502;481;46.81817;-60.93467;181348;0.5;11-dec-96;20:21:00;NaN;NaN;NaN;3.785;0.58;2.435;NaN;0.34;0.43
18PZ96058_503;491;46.89883;-61.07567;181349;76.45;11-dec-96;21:33:00;32.61;1.54;274.8823;10.295;1.05;9.31;6.361;0.05;0.1
18PZ96058_503;491;46.89883;-61.07567;181350;60.09;11-dec-96;21:33:00;32.04;2.04;284.66284;10.2;1.025;8.68;6.638;0.05;0.09
18PZ96058_503;491;46.89883;-61.07567;181351;34.91;11-dec-96;21:33:00;29.91;4.23;314.4064;4.31;0.555;3.2;7.1875;0.21;0.28
18PZ96058_503;491;46.89883;-61.07567;181352;25.29;11-dec-96;21:33:00;29.47;4.45;327.53644;NaN;NaN;NaN;7.5195;0.29;0.39
18PZ96058_503;491;46.89883;-61.07567;181353;15.37;11-dec-96;21:33:00;29.38;4.43;330.88594;3.7075;0.5475;2.3875;7.4965;0.36;0.48
18PZ96058_503;491;46.89883;-61.07567;181354;0.5;11-dec-96;21:33:00;NaN;NaN;NaN;3.7075;0.56;2.3725;NaN;0.4;0.55
18PZ96058_504;501;46.98017;-61.21567;181355;47.2;11-dec-96;22:40:00;31.6;2.8;275.9988;10.14;0.945;8.41;6.393;0.04;0.07
18PZ96058_504;501;46.98017;-61.21567;181356;27.67;11-dec-96;22:40:00;29.96;3.99;330.7073;3.795;0.595;2.85;7.514;0.24;0.32
18PZ96058_504;501;46.98017;-61.21567;181357;17.65;11-dec-96;22:40:00;29.62;4.17;332.44904;3.935;0.61;2.685;7.3745;0.32;0.41
18PZ96058_504;501;46.98017;-61.21567;181358;4.96;11-dec-96;22:40:00;29.53;4.22;334.10146;2.895;0.5;2.35;7.601;0.33;0.43
18PZ96058_504;501;46.98017;-61.21567;181359;0.5;11-dec-96;22:40:00;NaN;NaN;NaN;3.575;0.565;2.425;NaN;NaN;NaN
18PZ96058_505;511;47.0615;-61.35517;181360;36.19;12-dec-96;00:08:00;30.42;3.52;324.32092;4.68;0.7;3.28;7.4615;0.18;0.27
18PZ96058_505;511;47.0615;-61.35517;181361;24.3;12-dec-96;00:08:00;30.04;3.64;337.49562;3.11;0.54;2.17;7.661;0.31;0.42
18PZ96058_505;511;47.0615;-61.35517;181362;16.36;12-dec-96;00:08:00;30.04;3.63;338.61212;3.59;0.62;2.32;7.6595;0.33;0.44
18PZ96058_505;511;47.0615;-61.35517;181363;6.45;12-dec-96;00:08:00;30.04;3.63;338.70144;3.905;0.665;2.545;7.649;0.43;0.58
18PZ96058_505;511;47.0615;-61.35517;181364;0.99;12-dec-96;00:08:00;30.04;3.62;337.8529;3.44;0.6;2.34;NaN;0.42;0.56
18PZ96058_506;521;47.14333;-61.494;181365;26.48;12-dec-96;01:10:00;29.91;3.65;337.98688;3.575;0.54;2.155;7.6735;0.35;0.51
18PZ96058_506;521;47.14333;-61.494;181366;18.84;12-dec-96;01:10:00;29.81;3.59;340.3092;4.205;0.605;2.4;7.664;0.59;0.61
18PZ96058_506;521;47.14333;-61.494;181367;3.97;12-dec-96;01:10:00;29.77;3.48;344.01598;4.255;0.615;2.38;7.7465;0.32;0.46
18PZ96058_506;521;47.14333;-61.494;181368;0.5;12-dec-96;01:10:00;NaN;NaN;NaN;4.085;0.61;2.255;NaN;0.55;0.63
18PZ96058_507;531;47.225;-61.63333;181369;16.76;12-dec-96;02:18:00;29.57;3.04;348.08004;3.84;0.585;2.16;7.863;0.75;0.88
18PZ96058_507;531;47.225;-61.63333;181370;6.94;12-dec-96;02:18:00;29.56;2.98;350.1344;3.745;0.55;2.14;7.8765;0.78;0.95
18PZ96058_507;531;47.225;-61.63333;181371;0.5;12-dec-96;02:18:00;NaN;NaN;NaN;3.695;0.54;2.12;NaN;0.58;0.72
18PZ96058_508;61;47.18217;-59.79883;182028;431.92;30-nov-96;23:43:00;34.84;5.4;157.6498;34.385;1.74;23.73;3.323;0;0.01
18PZ96058_508;61;47.18217;-59.79883;182029;401.54;30-nov-96;23:43:00;34.83;5.42;157.38184;34.645;1.745;23.615;3.384;0.01;0.01
18PZ96058_508;61;47.18217;-59.79883;182030;352.04;30-nov-96;23:43:00;34.77;5.69;156.66728;28.035;1.525;23.68;3.396;0.01;0.01
18PZ96058_508;61;47.18217;-59.79883;182031;302.04;30-nov-96;23:43:00;34.67;5.91;154.79156;23.37;1.55;22.64;3.57;0;0.01
18PZ96058_508;61;47.18217;-59.79883;182032;251.14;30-nov-96;23:43:00;34.43;5.77;172.74488;19.97;1.385;19.465;3.898;0.01;0.01
18PZ96058_508;61;47.18217;-59.79883;182033;202.2;30-nov-96;23:43:00;33.96;4.72;215.84178;17.885;1.31;16.63;4.652;0.01;0.02
18PZ96058_508;61;47.18217;-59.79883;182034;152.56;30-nov-96;23:43:00;33.01;1.27;292.12106;12.86;1.145;11.605;6.312;0.02;0.03
18PZ96058_508;61;47.18217;-59.79883;182035;102.42;30-nov-96;23:43:00;32.38;1.87;326.06266;5.44;0.86;6.135;7.275;0.06;0.08
18PZ96058_508;61;47.18217;-59.79883;182036;53.25;30-nov-96;23:43:00;31.56;5.68;334.0568;2.415;0.49;1.14;7.327;0.39;0.41
18PZ96058_508;61;47.18217;-59.79883;182037;8.53;30-nov-96;23:43:00;31.49;5.45;338.34416;2.14;0.4;1.805;6.791;NaN;NaN
18PZ96058_508;61;47.18217;-59.79883;182038;24.79;30-nov-96;23:43:00;31.5;5.45;337.89756;2.66;0.48;1.475;7.244;0.35;0.45
18PZ96058_508;61;47.18217;-59.79883;182039;14.87;30-nov-96;23:43:00;31.5;5.45;338.5228;2.485;0.49;1.2;NaN;0.46;0.61
18PZ96058_508;61;47.18217;-59.79883;182040;0.5;30-nov-96;23:43:00;NaN;NaN;NaN;NaN;NaN;NaN;NaN;0.45;0.59
18PZ96058_509;71;47.28317;-59.68283;182041;463.48;01-dec-96;01:43:00;34.87;5.3;160.68668;35.65;1.74;23.43;3.672;0.01;0.01
18PZ96058_509;71;47.28317;-59.68283;182042;396.29;01-dec-96;01:43:00;34.84;5.44;166.67112;32;1.695;24.02;3.6095;0;0.01
18PZ96058_509;71;47.28317;-59.68283;182043;347.58;01-dec-96;01:43:00;34.79;5.61;156.93524;19.34;1.21;14.355;3.455;0;0.01
18PZ96058_509;71;47.28317;-59.68283;182044;298.57;01-dec-96;01:43:00;34.67;5.66;145.01102;20.825;1.31;16.29;3.21;0;0.01
18PZ96058_509;71;47.28317;-59.68283;182045;247.27;01-dec-96;01:43:00;34.52;5.78;154.92554;24.63;1.55;22.475;3.58;0.01;0.01
18PZ96058_509;71;47.28317;-59.68283;182046;199.13;01-dec-96;01:43:00;34.19;5.38;192.66324;17.325;1.27;16.62;4.402;0.01;0.01
18PZ96058_509;71;47.28317;-59.68283;182047;149.49;01-dec-96;01:43:00;33.2;1.88;283.05508;13.435;1.17;12;6.232;0.02;0.03
18PZ96058_509;71;47.28317;-59.68283;182048;99.34;01-dec-96;01:43:00;32.53;1.99;321.19472;7.09;0.93;7.58;7.097;0.05;0.07
18PZ96058_509;71;47.28317;-59.68283;182049;49.88;01-dec-96;01:43:00;31.82;6.03;333.92282;2.155;0.48;1.385;7.224;0.16;0.23
18PZ96058_509;71;47.28317;-59.68283;182050;4.76;01-dec-96;01:43:00;31.51;5.35;343.07812;2.38;0.5;1.235;7.356;0.27;0.36
18PZ96058_509;71;47.28317;-59.68283;182051;24.79;01-dec-96;01:43:00;31.51;5.36;340.26454;2.355;0.485;1.23;7.27;0.3;0.39
18PZ96058_509;71;47.28317;-59.68283;182052;14.87;01-dec-96;01:43:00;31.51;5.36;341.8723;2.265;0.46;1.15;NaN;0.37;0.51
18PZ96058_509;71;47.28317;-59.68283;182053;0.5;01-dec-96;01:43:00;NaN;NaN;NaN;NaN;NaN;NaN;NaN;0.43;0.54
18PZ96058_510;81;47.38317;-59.56683;182054;461.2;01-dec-96;03:40:00;34.88;5.27;162.51774;27.525;1.395;17.995;3.57;0.01;0.01
18PZ96058_510;81;47.38317;-59.56683;182055;400.44;01-dec-96;03:40:00;34.86;5.36;168.99344;33.715;1.72;23.77;3.348;0;0.01
18PZ96058_510;81;47.38317;-59.56683;182056;349.16;01-dec-96;03:40:00;34.8;5.65;169.57402;16.86;1.04;14.695;3.657;0;0.01
18PZ96058_510;81;47.38317;-59.56683;182057;301.54;01-dec-96;03:40:00;34.7;5.92;162.07114;17.155;1.235;17.435;3.641;0;0.01
18PZ96058_510;81;47.38317;-59.56683;182058;251.93;01-dec-96;03:40:00;34.48;5.78;163.81288;21.14;1.45;20.37;3.6625;0.01;0.01
18PZ96058_510;81;47.38317;-59.56683;182059;201.51;01-dec-96;03:40:00;34.28;5.91;202.13116;17.625;1.335;17.785;4.446;0.01;0.02
18PZ96058_510;81;47.38317;-59.56683;182060;152.76;01-dec-96;03:40:00;33.28;2.12;286.22594;9.245;0.905;8.43;6.286;0.03;0.05
18PZ96058_510;81;47.38317;-59.56683;182061;103.31;01-dec-96;03:40:00;32.75;0.81;319.45298;6.6;0.775;6.88;7.073;0.04;0.06
18PZ96058_510;81;47.38317;-59.56683;182062;53.25;01-dec-96;03:40:00;31.85;5.34;337.49562;2.075;0.495;1.765;7.282;0.35;0.36
18PZ96058_510;81;47.38317;-59.56683;182063;9.02;01-dec-96;03:40:00;31.82;5.3;344.73054;1.755;0.45;1.03;7.302;0.35;0.53
18PZ96058_510;81;47.38317;-59.56683;182064;24.79;01-dec-96;03:40:00;31.82;5.33;342.05094;1.555;0.4;0.84;7.306;0.27;0.46
18PZ96058_510;81;47.38317;-59.56683;182065;14.87;01-dec-96;03:40:00;31.82;5.3;343.70336;1.9;0.49;1.1;NaN;0.36;0.59
18PZ96058_510;81;47.38317;-59.56683;182066;0.5;01-dec-96;03:40:00;NaN;NaN;NaN;NaN;NaN;NaN;NaN;0.32;0.55
18PZ96058_511;91;47.4835;-59.45;182067;435.17;01-dec-96;05:48:00;34.87;5.27;174.3973;31.895;1.59;21.885;3.74;0.01;0.01
18PZ96058_511;91;47.4835;-59.45;182068;399.84;01-dec-96;05:48:00;34.87;5.3;179.22058;28.495;1.49;19.865;3.849;0;0.01
18PZ96058_511;91;47.4835;-59.45;182069;349.36;01-dec-96;05:48:00;34.78;5.68;184.84774;19.425;1.32;19.355;3.964;0.01;0.01
18PZ96058_511;91;47.4835;-59.45;182070;300.05;01-dec-96;05:48:00;34.68;5.95;162.87502;23.805;1.585;23.475;3.631;0.01;0.01
18PZ96058_511;91;47.4835;-59.45;182071;247.86;01-dec-96;05:48:00;34.53;6.25;179.89048;16.905;1.29;18.68;4.196;0.01;0.01
18PZ96058_511;91;47.4835;-59.45;182072;196.25;01-dec-96;05:48:00;33.89;4.92;254.91928;11;0.965;11.42;5.546;0.02;0.03
18PZ96058_511;91;47.4835;-59.45;182073;152.76;01-dec-96;05:48:00;33.1;1.36;290.60262;10.64;1.01;9.96;6.459;0.02;0.03
18PZ96058_511;91;47.4835;-59.45;182074;101.92;01-dec-96;05:48:00;32.69;0.96;323.02578;7.265;0.965;7.975;7.292;0.05;0.07
18PZ96058_511;91;47.4835;-59.45;182075;52.65;01-dec-96;05:48:00;31.86;5.36;337.8529;1.515;0.39;1.07;7.281;0.5;0.47
18PZ96058_511;91;47.4835;-59.45;182076;8.92;01-dec-96;05:48:00;31.84;5.3;348.70528;1.46;0.43;0.75;7.449;0.38;0.52
18PZ96058_511;91;47.4835;-59.45;182077;24.79;01-dec-96;05:48:00;31.84;5.3;344.01598;1.535;0.465;1.175;7.3265;0.4;0.54
18PZ96058_511;91;47.4835;-59.45;182078;14.87;01-dec-96;05:48:00;31.84;5.3;350.98294;1.545;0.425;0.825;NaN;0.34;0.46
18PZ96058_511;91;47.4835;-59.45;182079;0.5;01-dec-96;05:48:00;NaN;NaN;NaN;1.605;0.52;1.345;NaN;0.71;0.67
