CTD;CTD;CTD;CTD;CTD;CTD;CTD;CTD;CTD;CTD;CTD;labo;labo;labo;labo;labo;labo;CTD
Fichier;Station;Latitude;Longitude;Echantillon;zbouteille;Date;Heure;PSAL;TE90;DOXY;CHL_01;Si_01;PO4_01;NOx_01;NO2_01;OXYM_01;FLOR
(nom);(nom/no);(degres);(degres);(no_unique);(dbar);(jj-mmm-yyyy);(GMT);(psu);(celsius);(ml/l);(mg/m**3);(mmol/m**3);(mmol/m**3);(mmol/m**3);(mmol/m**3);(mmol/m**3);(mg/m**3)
18TL13118_1929;1001;47.33433;-63.22817;397533;65.34;20-sep-13;21:50:00;31.61;-0.08;265.2804;0.065;22.95;1.42;13.015;0.1;NaN;0.018
18TL13118_1929;1001;47.33433;-63.22817;397534;51.26;20-sep-13;21:50:00;31.51;-0.14;271.17552;0.05;20.65;1.425;12.14;0.095;NaN;0
18TL13118_1929;1001;47.33433;-63.22817;397535;25.58;20-sep-13;21:50:00;30.71;3.77;313.2899;0.19;6.44;0.825;6.015;0.22;NaN;0.011
18TL13118_1929;1001;47.33433;-63.22817;397536;5.06;20-sep-13;21:50:00;28.99;14.83;268.71922;0.75;1.11;0.11;0.76;0.03;NaN;0.054
18TL13118_1930;101;46.97933;-60.8495;397276;127.59;06-sep-13;15:15:00;33.58;3.7;214.27868;0.01;16.9;1.29;15.255;0.11;NaN;NaN
18TL13118_1930;101;46.97933;-60.8495;397277;49.18;06-sep-13;15:15:00;31.82;1.52;306.63556;0.085;6.125;0.94;5.075;0.225;NaN;0.002
18TL13118_1930;101;46.97933;-60.8495;397278;24.89;06-sep-13;15:15:00;30.46;8.68;299.80258;0.755;1.785;0.38;0.28;0.08;NaN;0.06
18TL13118_1930;101;46.97933;-60.8495;397279;5.45;06-sep-13;15:15:00;28.92;16.44;258.09014;0.7;1.11;0.115;0;0.03;NaN;0.038
18TL13118_1931;1011;47.2105;-62.90083;397537;59.19;21-sep-13;02:26:00;31.55;0.87;303.0181;0.06;14.535;1.17;8.64;0.16;NaN;0.001
18TL13118_1931;1011;47.2105;-62.90083;397538;49.58;21-sep-13;02:26:00;31.55;0.88;302.3482;0.05;15;1.14;8.535;0.16;NaN;NaN
18TL13118_1931;1011;47.2105;-62.90083;397539;25.68;21-sep-13;02:26:00;29.9;6.24;286.67254;0.285;4.9;0.675;4.19;0.27;NaN;0.022
18TL13118_1931;1011;47.2105;-62.90083;397540;5.85;21-sep-13;02:26:00;28.9;14.29;269.88038;0.52;1.1;0.13;0.28;0.02;NaN;0.036
18TL13118_1932;1021;47.35267;-62.561;397541;69.9;21-sep-13;04:25:00;31.87;0.48;288.77156;0.06;15.81;1.23;10.075;0.17;NaN;0.001
18TL13118_1932;1021;47.35267;-62.561;397542;49.78;21-sep-13;04:25:00;31.42;0.29;304.98314;0.04;14.835;1.205;10.58;0.1;NaN;NaN
18TL13118_1932;1021;47.35267;-62.561;397543;24.89;21-sep-13;04:25:00;30.48;6.64;291.8531;0.395;5.3;0.755;4.995;0.22;NaN;0.028
18TL13118_1932;1021;47.35267;-62.561;397544;5.55;21-sep-13;04:25:00;29.15;13.72;272.69396;0.64;1.335;0.16;0.605;0.03;NaN;0.044
18TL13118_1933;1031;47.22433;-62.26867;397545;46.11;21-sep-13;09:56:00;31.5;1.44;288.23564;0.19;14.85;1.225;8.395;0.2;NaN;0.013
18TL13118_1933;1031;47.22433;-62.26867;397546;25.09;21-sep-13;09:56:00;30.63;9.46;261.84158;2.89;7.23;0.78;3.195;0.22;NaN;0.262
18TL13118_1933;1031;47.22433;-62.26867;397547;4.96;21-sep-13;09:56:00;29.76;13.76;276.04346;1.235;1.335;0.24;0.375;0.025;NaN;0.079
18TL13118_1934;1041;47.4705;-62.09683;397548;34.31;21-sep-13;13:17:00;31.16;4.48;266.66486;0.7;12.43;1.075;5.945;0.3;NaN;0.053
18TL13118_1934;1041;47.4705;-62.09683;397549;25.38;21-sep-13;13:17:00;30.48;10.07;265.23574;2.79;5.15;0.655;2.35;0.19;NaN;0.237
18TL13118_1934;1041;47.4705;-62.09683;397550;4.76;21-sep-13;13:17:00;29.7;13.52;272.51532;1;1.53;0.21;0.38;0.03;NaN;0.081
18TL13118_1935;1051;47.64417;-61.7355;397551;30.84;21-sep-13;16:35:00;31.33;3.58;273.14056;0.325;11.3;1.09;4.66;0.26;NaN;0.034
18TL13118_1935;1051;47.64417;-61.7355;397552;25.09;21-sep-13;16:35:00;31.29;3.79;274.79298;0.54;10.85;1.1;4.57;0.25;NaN;0.045
18TL13118_1935;1051;47.64417;-61.7355;397553;4.96;21-sep-13;16:35:00;29.93;13.48;272.60464;0.53;1.18;0.18;0.305;0.02;NaN;0.021
18TL13118_1936;1061;47.64733;-61.92083;397554;39.07;21-sep-13;18:51:00;31.48;1.97;278.6784;0.215;14.715;1.195;6.895;0.335;NaN;0.022
18TL13118_1936;1061;47.64733;-61.92083;397555;25.58;21-sep-13;18:51:00;30.6;9.21;266.1736;0.9;9.135;0.87;3.85;0.25;NaN;0.115
18TL13118_1936;1061;47.64733;-61.92083;397556;4.66;21-sep-13;18:51:00;29.72;14.01;273.3192;0.86;1.595;0.2;0;0.05;NaN;0.062
18TL13118_1937;1071;47.556;-62.183;397557;47.79;21-sep-13;21:26:00;31.6;1.02;277.96384;0.29;16.48;1.315;8.175;0.33;NaN;0.02
18TL13118_1937;1071;47.556;-62.183;397558;25.29;21-sep-13;21:26:00;29.78;12.58;269.61242;0.805;4.44;0.48;1.635;0.14;NaN;0.089
18TL13118_1937;1071;47.556;-62.183;397559;5.06;21-sep-13;21:26:00;29.6;13.87;272.47066;0.425;1.21;0.145;0;0.03;NaN;0.023
18TL13118_1938;1091;47.8115;-62.50867;397560;71.78;22-sep-13;01:29:00;32.25;0.58;286.22594;0.04;14.23;1.125;11.06;0.13;NaN;NaN
18TL13118_1938;1091;47.8115;-62.50867;397561;48.98;22-sep-13;01:29:00;31.83;0.64;303.82198;0.04;12.895;1.06;9.57;0.13;NaN;NaN
18TL13118_1938;1091;47.8115;-62.50867;397562;23.8;22-sep-13;01:29:00;30.75;8.81;294.39872;0.95;2.875;0.45;1.695;0.13;NaN;0.094
18TL13118_1938;1091;47.8115;-62.50867;397563;5.16;22-sep-13;01:29:00;29.74;13.11;278.14248;0.47;1.26;0.175;0;0.035;NaN;0.033
18TL13118_1939;1111;47.76217;-62.70867;397564;67.92;22-sep-13;08:04:00;31.9;0.41;287.96768;0.04;16.605;1.18;11.41;0.125;NaN;NaN
18TL13118_1939;1111;47.76217;-62.70867;397565;50.07;22-sep-13;08:04:00;31.72;0.78;308.154;0.035;13.23;1.1;9.64;0.13;NaN;NaN
18TL13118_1939;1111;47.76217;-62.70867;397566;25.58;22-sep-13;08:04:00;30.6;3.74;309.58312;0.41;5.95;0.79;5.125;0.195;NaN;0.017
18TL13118_1939;1111;47.76217;-62.70867;397567;5.65;22-sep-13;08:04:00;29.16;14.33;268.8532;0.915;1.205;0.115;0.175;0.03;NaN;0.076
18TL13118_1940;1121;47.55283;-62.73;397568;58.1;22-sep-13;11:31:00;31.53;0.17;296.81036;0.035;15.945;1.23;10.81;0.12;NaN;NaN
18TL13118_1940;1121;47.55283;-62.73;397569;50.87;22-sep-13;11:31:00;31.4;0.55;311.14622;0.025;13.415;1.14;9.865;0.125;NaN;NaN
18TL13118_1940;1121;47.55283;-62.73;397570;25.09;22-sep-13;11:31:00;30;6.14;278.72306;0.4;6.63;0.745;4.42;0.245;NaN;0.029
18TL13118_1940;1121;47.55283;-62.73;397571;5.16;22-sep-13;11:31:00;28.97;14.47;266.48622;0.805;1.325;0.1;0;0.035;NaN;0.046
18TL13118_1941;1131;47.72867;-63.0215;397572;67.12;22-sep-13;14:45:00;31.81;0.14;263.00274;0.03;21.905;1.375;13.01;0.125;NaN;NaN
18TL13118_1941;1131;47.72867;-63.0215;397573;49.97;22-sep-13;14:45:00;31.46;-0.18;276.35608;0.04;19.86;1.365;11.555;0.09;NaN;NaN
18TL13118_1941;1131;47.72867;-63.0215;397574;24.99;22-sep-13;14:45:00;30.89;4.77;298.37346;0.435;6.205;0.785;5.485;0.23;NaN;0.033
18TL13118_1941;1131;47.72867;-63.0215;397575;4.26;22-sep-13;14:45:00;29.11;13.77;270.99688;0.72;1.315;0.195;0;0.04;NaN;0.016
18TL13118_1942;1141;47.64217;-63.365;397576;80.01;22-sep-13;17:36:00;32.27;0.85;269.2998;0.045;17.75;1.295;12.295;0.1;NaN;NaN
18TL13118_1942;1141;47.64217;-63.365;397577;49.38;22-sep-13;17:36:00;31.82;0.89;306.05498;0.045;12.66;1.055;9.955;0.065;NaN;NaN
18TL13118_1942;1141;47.64217;-63.365;397578;24.99;22-sep-13;17:36:00;30.9;4.94;300.42782;0.27;6.715;0.905;5.535;0.215;NaN;0.02
18TL13118_1942;1141;47.64217;-63.365;397579;5.06;22-sep-13;17:36:00;29.05;12.99;279.39296;0.82;1.9;0.21;0;0.045;NaN;0.033
18TL13118_1943;1161;47.89617;-63.41317;397580;75.65;22-sep-13;21:12:00;32.32;0.94;264.96778;0.04;16.86;1.24;12.365;0.08;NaN;NaN
18TL13118_1943;1161;47.89617;-63.41317;397581;50.86;22-sep-13;21:12:00;31.95;0.84;316.68406;0.04;8.41;0.89;8.08;0.095;NaN;NaN
18TL13118_1943;1161;47.89617;-63.41317;397582;25.88;22-sep-13;21:12:00;30.8;5.86;306.68022;1;4.41;0.66;3.74;0.23;NaN;0.089
18TL13118_1943;1161;47.89617;-63.41317;397583;5.45;22-sep-13;21:12:00;29.19;13.84;272.6493;0.625;1.185;0.14;0;0.04;NaN;0.031
18TL13118_1944;121;46.80483;-61.2725;397280;64.15;06-sep-13;23:10:00;32.44;1.6;279.08034;0.04;12.655;1.085;9.99;0.175;NaN;NaN
18TL13118_1944;121;46.80483;-61.2725;397281;23.5;06-sep-13;23:10:00;30.28;5.42;289.03952;0.19;6.115;0.75;2.745;0.43;NaN;0.009
18TL13118_1944;121;46.80483;-61.2725;397282;4.17;06-sep-13;23:10:00;27.84;16.62;258.76004;0.61;1.5;0.105;0;0.03;NaN;0.065
18TL13118_1945;131;46.9795;-61.11917;397283;62.17;07-sep-13;00:42:00;31.99;1;273.9891;0.05;13.99;1.11;8.3;0.16;NaN;0.002
18TL13118_1945;131;46.9795;-61.11917;397284;24.49;07-sep-13;00:42:00;30.94;4.88;331.24322;0.3;4.785;0.74;2.96;0.31;NaN;0.028
18TL13118_1945;131;46.9795;-61.11917;397285;4.86;07-sep-13;00:42:00;28.09;16.32;261.261;0.705;1.135;0.095;0.06;0.03;NaN;0.067
18TL13118_1946;1401;47.913;-61.97917;397677;54.83;26-sep-13;06:36:00;31.85;0.71;307.88604;0.06;12.84;1.225;9.205;0.14;NaN;NaN
18TL13118_1946;1401;47.913;-61.97917;397678;50.67;26-sep-13;06:36:00;31.84;0.71;307.79672;0.06;12.855;1.075;9.11;0.14;NaN;NaN
18TL13118_1946;1401;47.913;-61.97917;397679;25.88;26-sep-13;06:36:00;31.05;2.63;312.30738;0.42;8.285;0.925;7.105;0.21;NaN;0.015
18TL13118_1946;1401;47.913;-61.97917;397680;5.26;26-sep-13;06:36:00;30.33;13.13;274.83764;0.395;1.095;0.18;0;0.03;NaN;0.023
18TL13118_1947;141;47.06333;-61.28883;397286;48.09;07-sep-13;03:48:00;31.72;1.06;276.53472;0.1;15.365;1.255;8.09;0.295;6.145;0.008
18TL13118_1947;141;47.06333;-61.28883;397287;25.78;07-sep-13;03:48:00;31.12;2.67;283.8143;0.39;8.3;1.01;4.31;0.3;NaN;0.024
18TL13118_1947;141;47.06333;-61.28883;397288;5.26;07-sep-13;03:48:00;28.9;16.32;257.10762;0.425;1.08;0.1;0.13;0.03;5.7625;0.031
18TL13118_1948;1431;47.96267;-60.991;397685;92.99;27-sep-13;10:12:00;32.82;1.2;273.85512;0.02;12.035;1.155;12.14;0.055;NaN;NaN
18TL13118_1948;1431;47.96267;-60.991;397686;50.07;27-sep-13;10:12:00;32.27;0.39;321.37336;0.015;7.355;0.92;8.365;0.03;NaN;NaN
18TL13118_1948;1431;47.96267;-60.991;397687;25.19;27-sep-13;10:12:00;31.79;2.2;353.52856;0.33;2.43;0.6;1.97;0.315;NaN;0.018
18TL13118_1948;1431;47.96267;-60.991;397688;5.35;27-sep-13;10:12:00;30.28;12.49;279.52694;1.09;1.475;0.2;0.19;0.025;NaN;0.079
18TL13118_1949;1441;47.97117;-60.79317;397689;347.07;27-sep-13;13:14:00;34.82;5.82;129.46934;0.03;29.785;1.65;23.2;0.04;NaN;NaN
18TL13118_1949;1441;47.97117;-60.79317;397690;100.33;27-sep-13;13:14:00;32.81;1.13;273.3192;0.02;11.79;1.13;11.6;0.015;NaN;NaN
18TL13118_1949;1441;47.97117;-60.79317;397691;51.06;27-sep-13;13:14:00;32.19;0.34;329.63546;0.07;4.985;0.845;7.205;0.04;NaN;NaN
18TL13118_1949;1441;47.97117;-60.79317;397692;25.68;27-sep-13;13:14:00;31.71;1.86;335.57524;0.42;5.85;0.78;4.48;0.2;NaN;0.019
18TL13118_1949;1441;47.97117;-60.79317;397693;5.45;27-sep-13;13:14:00;30.31;12.31;278.27646;1.215;1.855;0.25;0.165;0.04;NaN;0.102
18TL13118_1950;1461;47.89633;-60.835;397694;123.52;27-sep-13;18:01:00;32.84;1.43;268.71922;0.04;12.7;1.135;12.63;0.055;NaN;NaN
18TL13118_1950;1461;47.89633;-60.835;397695;50.27;27-sep-13;18:01:00;32.06;0.68;329.41216;0.09;6.335;0.87;7.685;0.15;NaN;NaN
18TL13118_1950;1461;47.89633;-60.835;397696;24.69;27-sep-13;18:01:00;30.81;9.06;306.32294;1.11;2.85;0.41;1.055;0.08;NaN;0.096
18TL13118_1950;1461;47.89633;-60.835;397697;5.55;27-sep-13;18:01:00;30.39;11.93;282.16188;1.18;2.435;0.275;0.445;0.04;NaN;0.131
18TL13118_1951;1471;47.72067;-61.08733;397698;30.24;27-sep-13;20:35:00;31.21;4.9;277.60656;0.66;8.805;0.835;4.02;0.255;NaN;0.041
18TL13118_1951;1471;47.72067;-61.08733;397699;24.59;27-sep-13;20:35:00;30.72;7.8;266.44156;0.75;7.895;0.755;3.51;0.23;NaN;0.074
18TL13118_1951;1471;47.72067;-61.08733;397700;4.96;27-sep-13;20:35:00;30.17;12.53;274.97162;1.055;2.11;0.27;0.48;0.045;NaN;0.095
18TL13118_1952;151;46.98233;-61.29617;397289;48.49;07-sep-13;06:20:00;31.79;0.74;274.48036;0.07;14.815;1.14;8.405;0.155;6.0915;0.006
18TL13118_1952;151;46.98233;-61.29617;397290;25.98;07-sep-13;06:20:00;31.14;2.64;283.01042;0.36;10.155;1.01;5.055;0.31;NaN;0.018
18TL13118_1952;151;46.98233;-61.29617;397291;5.26;07-sep-13;06:20:00;28.04;16.24;258.89402;0.61;1.42;0.125;0.29;0.03;5.8045;0.048
18TL13118_1953;161;47.06633;-61.61467;397292;29.85;07-sep-13;11:05:00;31.05;4.87;266.93282;0.255;8.28;0.97;3.315;0.265;5.94;0.024
18TL13118_1953;161;47.06633;-61.61467;397293;24.89;07-sep-13;11:05:00;30.8;5.3;271.57746;0.26;7.33;0.915;3.07;0.295;NaN;0.029
18TL13118_1953;161;47.06633;-61.61467;397294;5.55;07-sep-13;11:05:00;28.75;15.77;258.09014;0.475;1.19;0.12;0.07;0.045;5.7855;0.046
18TL13118_1954;171;46.85433;-61.714;397295;57.31;07-sep-13;16:24:00;31.79;0.72;273.27454;0.06;17.455;1.265;9.325;0.25;NaN;0.005
18TL13118_1954;171;46.85433;-61.714;397296;25.09;07-sep-13;16:24:00;30.97;3.34;332.717;0.405;5.105;1.12;3.53;0.41;NaN;0.051
18TL13118_1954;171;46.85433;-61.714;397297;5.06;07-sep-13;16:24:00;28.98;16.17;258.09014;0.6;0.98;0.095;0;0.04;NaN;0.051
18TL13118_1955;181;46.7285;-61.672;397298;65.94;07-sep-13;18:01:00;32.2;1.27;257.06296;0.05;16.46;1.235;9.97;0.19;NaN;0.003
18TL13118_1955;181;46.7285;-61.672;397299;25.78;07-sep-13;18:01:00;30.71;3.62;327.5811;0.3;5.82;0.73;3.31;0.34;NaN;0.029
18TL13118_1955;181;46.7285;-61.672;397300;5.16;07-sep-13;18:01:00;28.63;16.38;258.53674;0.575;1.085;0.115;0.19;0.025;NaN;0.037
18TL13118_1956;191;46.72783;-61.58917;397301;62.47;07-sep-13;21:44:00;31.83;0.87;273.00658;0.04;15.015;1.185;8.765;0.235;NaN;0.003
18TL13118_1956;191;46.72783;-61.58917;397302;24.49;07-sep-13;21:44:00;30.72;2.68;325.1248;0.24;7.125;0.92;5.57;0.335;NaN;0.016
18TL13118_1956;191;46.72783;-61.58917;397303;4.96;07-sep-13;21:44:00;28.38;16.49;258.71538;0.56;1.015;0.125;0.465;0.045;NaN;0.054
18TL13118_1957;201;46.56617;-61.68683;397304;57.41;08-sep-13;01:54:00;31.04;0.57;296.49774;0.045;14.43;1.205;8.885;0.39;NaN;0.003
18TL13118_1957;201;46.56617;-61.68683;397305;25.98;08-sep-13;01:54:00;30.4;3.72;312.1734;0.205;7.155;0.85;5.125;0.355;NaN;0.011
18TL13118_1957;201;46.56617;-61.68683;397306;4.66;08-sep-13;01:54:00;27.76;16.66;251.25716;0.7;1.33;0.105;0;0.025;NaN;0.055
18TL13118_1958;21;47.16467;-60.4175;397251;171.69;05-sep-13;13:16:00;34.41;5.52;152.42458;0.02;21.255;1.545;20.69;0.045;3.55;NaN
18TL13118_1958;21;47.16467;-60.4175;397252;49.58;05-sep-13;13:16:00;31.98;1.8;340.5325;0.08;3.01;0.73;4.15;0.275;NaN;NaN
18TL13118_1958;21;47.16467;-60.4175;397253;24.79;05-sep-13;13:16:00;30.9;4.62;312.79864;0.235;4.725;0.745;2.665;0.33;NaN;0.011
18TL13118_1958;21;47.16467;-60.4175;397254;5.55;05-sep-13;13:16:00;29.06;14.69;268.8532;1.595;2.11;0.23;0.31;0.095;5.9805;0.084
18TL13118_1959;211;46.5275;-61.42367;397307;64.45;08-sep-13;06:22:00;32.54;1.77;257.9115;0.08;15.805;1.25;11.035;0.185;5.091;NaN
18TL13118_1959;211;46.5275;-61.42367;397308;25.98;08-sep-13;06:22:00;30.6;5.04;327.49178;0.225;3.66;0.615;1.58;0.3;NaN;0.014
18TL13118_1959;211;46.5275;-61.42367;397309;6.05;08-sep-13;06:22:00;27.93;16.93;253.98142;1.11;2.215;0.15;0;0.035;5.747;0.081
18TL13118_1960;221;46.3385;-61.47083;397310;58.41;08-sep-13;13:32:00;32.37;1.62;255.09792;0.08;16.59;1.285;10.95;0.195;5.7095;0.002
18TL13118_1960;221;46.3385;-61.47083;397311;26.38;08-sep-13;13:32:00;29.67;6.28;278.27646;0.42;6.465;0.725;3.01;0.535;NaN;0.027
18TL13118_1960;221;46.3385;-61.47083;397312;5.45;08-sep-13;13:32:00;27.94;16.47;257.19694;1.07;2.22;0.16;0;0.035;5.779;0.096
18TL13118_1961;231;46.229;-61.4925;397313;49.38;08-sep-13;16:04:00;31.95;1.58;259.51926;0.045;15.82;1.265;9.6;0.215;NaN;0.001
18TL13118_1961;231;46.229;-61.4925;397314;25.49;08-sep-13;16:04:00;28.56;13.22;241.74458;0.715;5.1;0.525;1.445;0.24;NaN;0.077
18TL13118_1961;231;46.229;-61.4925;397315;5.75;08-sep-13;16:04:00;28;17.95;246.88048;1.075;2.06;0.21;0.235;0.03;NaN;0.084
18TL13118_1962;241;46.1125;-61.55983;397316;47.8;08-sep-13;17:20:00;31.7;1.49;260.18916;0.085;15.785;1.25;8.43;0.27;NaN;0.001
18TL13118_1962;241;46.1125;-61.55983;397317;25.49;08-sep-13;17:20:00;28.67;13.93;219.54856;0.4;7.23;0.575;1.51;0.285;NaN;0.042
18TL13118_1962;241;46.1125;-61.55983;397318;5.06;08-sep-13;17:20:00;27.76;17.39;250.36396;1.31;1.97;0.195;0;0.065;NaN;0.105
18TL13118_1963;251;46.108;-61.75167;397319;53.35;08-sep-13;20:33:00;31.63;1.09;268.8532;0.09;15.645;1.375;8.745;0.29;NaN;0.009
18TL13118_1963;251;46.108;-61.75167;397320;24.1;08-sep-13;20:33:00;28.72;13.26;218.92332;0.67;7.055;0.6;0.795;0.215;NaN;0.078
18TL13118_1963;251;46.108;-61.75167;397321;5.75;08-sep-13;20:33:00;28.09;17.83;246.70184;1.02;2.005;0.195;0;0.07;NaN;0.086
18TL13118_1964;261;46.18933;-61.99083;397322;44.23;08-sep-13;23:33:00;30.9;2.52;264.87846;0.06;14.56;1.275;6.175;0.465;NaN;0.007
18TL13118_1964;261;46.18933;-61.99083;397323;25.19;08-sep-13;23:33:00;29.18;9.81;238.0378;0.255;8.54;0.83;2.405;0.42;NaN;0.025
18TL13118_1964;261;46.18933;-61.99083;397324;4.17;08-sep-13;23:33:00;28.18;17.13;245.49602;1.465;3.58;0.35;0;0.065;NaN;0.125
18TL13118_1965;271;45.9175;-61.65517;397325;29.16;09-sep-13;04:59:00;30.07;7.49;187.66132;0.165;19.665;1.05;2.8;0.51;3.7505;0.012
18TL13118_1965;271;45.9175;-61.65517;397326;25.39;09-sep-13;04:59:00;29.04;12.82;207.57968;0.32;8.185;0.605;1.045;0.24;NaN;0.018
18TL13118_1965;271;45.9175;-61.65517;397327;5.85;09-sep-13;04:59:00;28.06;17.67;243.12904;1.055;2.98;0.23;0;0.06;5.5055;0.098
18TL13118_1966;281;45.78367;-61.63483;397328;31.04;09-sep-13;06:09:00;30.46;5.47;204.18552;0.165;21.86;1.155;3.615;0.65;3.986;0.01
18TL13118_1966;281;45.78367;-61.63483;397329;25.19;09-sep-13;06:09:00;28.49;17.65;224.05922;1.45;4.665;0.305;0;0.08;NaN;0.129
18TL13118_1966;281;45.78367;-61.63483;397330;5.75;09-sep-13;06:09:00;28.41;17.97;237.94848;1.415;4.215;0.28;0;0.055;5.431;0.127
18TL13118_1967;291;45.7675;-61.71433;397331;27.57;09-sep-13;08:53:00;29.57;10.42;163.05366;0.305;19.74;1.07;2.975;0.505;3.8065;0.025
18TL13118_1967;291;45.7675;-61.71433;397332;24.69;09-sep-13;08:53:00;28.59;16.6;204.81076;1.31;7.34;0.44;0;0.13;NaN;0.117
18TL13118_1967;291;45.7675;-61.71433;397333;5.16;09-sep-13;08:53:00;28.32;18.17;239.86886;1.54;3.87;0.275;0;0.04;5.419;0.149
18TL13118_1968;301;45.84417;-61.78933;397334;35.01;09-sep-13;16:26:00;30.36;5.93;189.93898;0.135;22.1;1.285;4.46;0.66;NaN;0.009
18TL13118_1968;301;45.84417;-61.78933;397335;24.79;09-sep-13;16:26:00;28.18;17.03;233.75044;0.66;3.445;0.295;0;0.065;NaN;0.065
18TL13118_1968;301;45.84417;-61.78933;397336;5.36;09-sep-13;16:26:00;28.18;17.21;243.8436;1.27;3.065;0.245;0;0.05;NaN;0.105
18TL13118_1969;31;47.353;-60.22333;397255;306.89;05-sep-13;15:14:00;34.67;5.92;138.53532;0.015;23.09;1.53;22.325;0.04;NaN;NaN
18TL13118_1969;31;47.353;-60.22333;397256;50.47;05-sep-13;15:14:00;32.1;1.9;336.02184;0.085;3.095;0.73;4.245;0.235;NaN;NaN
18TL13118_1969;31;47.353;-60.22333;397257;25.68;05-sep-13;15:14:00;31.01;4.06;318.24716;0.16;4.285;0.785;3.23;0.32;NaN;0.007
18TL13118_1969;31;47.353;-60.22333;397258;5.06;05-sep-13;15:14:00;28.94;14.52;273.18522;1.665;2.345;0.265;0;0.095;NaN;0.143
18TL13118_1970;311;45.9805;-62.17017;397337;41.75;09-sep-13;19:48:00;31.03;2.44;260.5911;0.115;15.175;1.27;5.33;0.37;NaN;0.009
18TL13118_1970;311;45.9805;-62.17017;397338;24.99;09-sep-13;19:48:00;28.71;14.4;205.30202;0.355;9.955;0.765;1.12;0.31;NaN;0.033
18TL13118_1970;311;45.9805;-62.17017;397339;5.36;09-sep-13;19:48:00;28.22;17.49;247.10378;2.02;3.895;0.435;0;0.05;NaN;0.22
18TL13118_1971;321;45.94717;-62.45217;397340;34.61;09-sep-13;22:40:00;30.52;4.77;236.65334;0.12;15.15;1.155;3.82;0.575;NaN;0.005
18TL13118_1971;321;45.94717;-62.45217;397341;24.89;09-sep-13;22:40:00;29.9;7.52;229.73104;0.165;13.125;0.995;3.23;0.605;NaN;0.008
18TL13118_1971;321;45.94717;-62.45217;397342;5.65;09-sep-13;22:40:00;28.72;13.38;258.26878;2.795;7.625;0.63;1.425;0.27;NaN;0.276
18TL13118_1972;331;45.82967;-62.9285;397343;24.5;10-sep-13;02:22:00;28.51;17.13;239.19896;2.265;4.8;0.65;0.125;0.11;5.409;0.205
18TL13118_1972;331;45.82967;-62.9285;397344;5.55;10-sep-13;02:22:00;28.48;17.28;239.73488;2.36;4.93;0.665;0.255;0.12;5.4095;0.231
18TL13118_1973;341;46.01567;-63.49683;397345;18.25;10-sep-13;05:35:00;28.19;17.75;241.69992;12.49;3.93;0.775;0.1;0.11;5.435;0.461
18TL13118_1973;341;46.01567;-63.49683;397346;5.36;10-sep-13;05:35:00;28.18;17.75;242.14652;11.595;3.95;0.785;0.24;0.1;5.508;0.431
18TL13118_1974;351;46.11567;-63.53167;397347;13.98;10-sep-13;07:32:00;27.82;18.11;236.698;2.505;3.4;0.725;0.41;0.155;5.7845;0.149
18TL13118_1974;351;46.11567;-63.53167;397348;4.86;10-sep-13;07:32:00;27.82;18.1;236.96596;2.17;3.425;0.735;0.605;0.17;5.325;0.158
18TL13118_1975;361;45.93833;-63.04933;397349;24.5;10-sep-13;11:08:00;29.04;13;218.25342;1.685;9.185;0.855;1.58;0.315;5.0205;0.06
18TL13118_1975;361;45.93833;-63.04933;397350;5.06;10-sep-13;11:08:00;28.52;16.48;239.69022;4.045;5.15;0.695;0.715;0.13;5.4375;0.26
18TL13118_1976;371;45.9055;-62.67983;397351;40.96;11-sep-13;02:21:00;29.87;8.08;227.89998;0.625;13.68;1.14;3.465;0.53;5.181;0.036
18TL13118_1976;371;45.9055;-62.67983;397352;26.08;11-sep-13;02:21:00;29.58;9.64;229.41842;0.75;12.875;1.055;3.035;0.485;NaN;0.049
18TL13118_1976;371;45.9055;-62.67983;397353;5.55;11-sep-13;02:21:00;28.96;13.04;244.33486;1.415;9.655;0.83;1.745;0.34;5.4565;0.115
18TL13118_1977;381;45.9445;-62.35883;397354;36.79;11-sep-13;04:30:00;30.59;4.35;247.4164;0.17;12.58;1.07;3.84;0.535;5.4095;0.01
18TL13118_1977;381;45.9445;-62.35883;397355;26.28;11-sep-13;04:30:00;29.76;7.53;233.97374;0.01;11.365;0.96;3.56;0.565;NaN;0.014
18TL13118_1977;381;45.9445;-62.35883;397356;5.65;11-sep-13;04:30:00;28.24;17.11;249.6494;1.685;4.55;0.435;0.26;0.07;5.563;0.138
18TL13118_1978;391;46.25;-61.9035;397357;45.72;11-sep-13;10:14:00;30.49;3.91;269.16582;0.125;12.5;1.13;5.53;0.465;5.9705;0.009
18TL13118_1978;391;46.25;-61.9035;397358;25.59;11-sep-13;10:14:00;27.66;16.38;250.63192;0.51;2.415;0.27;0.355;0.08;NaN;0.053
18TL13118_1978;391;46.25;-61.9035;397359;5.75;11-sep-13;10:14:00;27.44;16.24;257.82218;1.45;1.32;0.155;0.22;0.04;5.8225;0.119
18TL13118_1979;401;46.39967;-61.81717;397360;36.2;11-sep-13;11:26:00;29.42;7.83;255.9018;0.26;7.035;0.675;3.22;0.32;5.634;0.028
18TL13118_1979;401;46.39967;-61.81717;397361;26.18;11-sep-13;11:26:00;27.87;14.97;248.3096;0.42;3.19;0.355;0.72;0.13;NaN;0.048
18TL13118_1979;401;46.39967;-61.81717;397362;5.95;11-sep-13;11:26:00;27.56;16.01;253.17754;1.4;2.025;0.22;0;0.075;5.686;0.113
18TL13118_1980;41;47.325;-60.345;397259;116.98;05-sep-13;18:24:00;33.22;2.69;246.79116;0.04;13.535;1.155;13.52;0.07;NaN;NaN
18TL13118_1980;41;47.325;-60.345;397260;50.27;05-sep-13;18:24:00;32.14;1.48;312.48602;0.1;6.52;0.9;6.56;0.2;NaN;NaN
18TL13118_1980;41;47.325;-60.345;397261;25.29;05-sep-13;18:24:00;31.18;3.96;320.79278;0.2;3.725;0.76;2.76;0.285;NaN;0.01
18TL13118_1980;41;47.325;-60.345;397262;5.55;05-sep-13;18:24:00;28.95;14.61;274.4357;2.06;2.385;0.265;0.23;0.1;NaN;0.183
18TL13118_1981;411;46.52383;-61.88633;397363;40.66;11-sep-13;14:10:00;30.67;3.31;287.1638;0.09;10.55;0.97;5.47;0.375;5.843;0.009
18TL13118_1981;411;46.52383;-61.88633;397364;25.59;11-sep-13;14:10:00;28.37;13.13;242.99506;0.235;4.275;0.445;1.695;0.21;NaN;0.03
18TL13118_1981;411;46.52383;-61.88633;397365;5.75;11-sep-13;14:10:00;27.69;15.7;258.3581;1.36;1.96;0.185;0.325;0.1;5.791;0.118
18TL13118_1982;421;46.68967;-61.83883;397366;74.66;11-sep-13;18:53:00;31.39;0.69;296.67638;0.06;14.555;1.25;8.51;0.44;NaN;0.008
18TL13118_1982;421;46.68967;-61.83883;397367;49.88;11-sep-13;18:53:00;31.24;0.75;296.36376;0.055;13.805;1.23;8.555;0.49;NaN;0.001
18TL13118_1982;421;46.68967;-61.83883;397368;25.39;11-sep-13;18:53:00;29.84;5.57;288.77156;0.185;5.895;0.72;3.315;0.38;NaN;0.009
18TL13118_1982;421;46.68967;-61.83883;397369;4.36;11-sep-13;18:53:00;28.16;15.55;261.39498;1.055;1.13;0.18;0.365;0.06;NaN;0.073
18TL13118_1983;431;46.6835;-62.19417;397370;52.85;11-sep-13;20:49:00;31.22;0.6;284.08226;0.07;15.475;1.275;9.145;0.52;NaN;0.002
18TL13118_1983;431;46.6835;-62.19417;397371;25.39;11-sep-13;20:49:00;29.62;6.71;261.9309;0.14;10.425;0.93;5.52;0.36;NaN;0.013
18TL13118_1983;431;46.6835;-62.19417;397372;4.17;11-sep-13;20:49:00;28.37;15.45;258.3581;1.04;1.28;0.185;0.335;0.075;NaN;0.08
18TL13118_1984;441;46.89117;-62.01867;397373;52.65;12-sep-13;00:37:00;31.47;0.55;303.688;0.055;14.855;1.23;9;0.28;NaN;0.005
18TL13118_1984;441;46.89117;-62.01867;397374;25.78;12-sep-13;00:37:00;31;2.25;320.61414;0.265;10.535;2.3;7.7;0.355;NaN;0.028
18TL13118_1984;441;46.89117;-62.01867;397375;5.75;12-sep-13;00:37:00;28.53;15.53;261.35032;0.77;1.575;0.235;0.775;0.08;NaN;0.096
18TL13118_1985;451;46.9765;-62.18717;397376;48.89;12-sep-13;02:54:00;31.62;0.43;302.66082;0.06;15.61;1.22;9.605;0.165;6.6945;NaN
18TL13118_1985;451;46.9765;-62.18717;397377;26.08;12-sep-13;02:54:00;31.23;3.94;292.2997;0.23;8.705;0.975;5.09;0.31;NaN;0.022
18TL13118_1985;451;46.9765;-62.18717;397378;5.16;12-sep-13;02:54:00;29.49;14.8;266.3969;0.67;0.99;0.185;0;0.05;5.9445;0.043
18TL13118_1986;471;47.0835;-62.44267;397379;51.36;12-sep-13;13:47:00;31.78;0.42;295.02396;0.06;16.185;1.25;9.37;0.14;6.532;0.001
18TL13118_1986;471;47.0835;-62.44267;397380;25.78;12-sep-13;13:47:00;31.14;4.56;331.77914;0.38;4.95;0.7;2.65;0.23;NaN;0.034
18TL13118_1986;471;47.0835;-62.44267;397381;5.65;12-sep-13;13:47:00;28.87;14.57;268.31728;1.185;1.21;0.17;0;0.05;6.041;0.078
18TL13118_1987;481;47.06467;-62.58317;397382;59;12-sep-13;14:52:00;31.89;0.44;289.6201;0.05;16.69;1.265;9.29;0.14;NaN;0.005
18TL13118_1987;481;47.06467;-62.58317;397383;25.48;12-sep-13;14:52:00;31.17;4.77;332.44904;0.305;3.855;0.645;2.025;0.265;NaN;0.026
18TL13118_1987;481;47.06467;-62.58317;397384;4.46;12-sep-13;14:52:00;28.74;14.6;267.82602;0.985;1.265;0.16;0;0.055;NaN;0.084
18TL13118_1988;491;46.848;-62.8465;397385;60.19;12-sep-13;19:39:00;31.43;0.04;282.0279;0.045;19.44;1.345;9.57;0.305;NaN;0.002
18TL13118_1988;491;46.848;-62.8465;397386;25.49;12-sep-13;19:39:00;30.7;2.95;320.52482;0.165;6.57;0.875;4.415;0.24;NaN;0.009
18TL13118_1988;491;46.848;-62.8465;397387;5.65;12-sep-13;19:39:00;28.93;15.05;269.16582;0.97;1.21;0.2;0;0.055;NaN;0.059
18TL13118_1989;501;46.81117;-62.6545;397388;59.99;12-sep-13;21:08:00;31.35;0.12;292.43368;0.06;16.62;1.32;9.245;0.395;NaN;0.001
18TL13118_1989;501;46.81117;-62.6545;397389;25.29;12-sep-13;21:08:00;30.23;4.46;270.59494;0.235;11.48;1.025;6.865;0.15;NaN;0.018
18TL13118_1989;501;46.81117;-62.6545;397390;4.56;12-sep-13;21:08:00;29.3;14.85;273.85512;1.36;1.14;0.19;0;0.045;NaN;0.083
18TL13118_1990;51;47.39633;-60.66383;397263;62.96;05-sep-13;21:40:00;32.27;1.53;306.27828;0.12;7.76;0.955;7.42;0.17;NaN;NaN
18TL13118_1990;51;47.39633;-60.66383;397264;24.39;05-sep-13;21:40:00;31.63;2.48;336.87038;0.175;1.405;0.695;2.03;0.14;NaN;0.016
18TL13118_1990;51;47.39633;-60.66383;397265;4.86;05-sep-13;21:40:00;29.48;11.21;294.26474;1.665;2.695;0.36;0.515;0.12;NaN;0.219
18TL13118_1991;511;46.7305;-62.6535;397391;55.93;13-sep-13;00:40:00;31.29;0.22;285.06478;0.06;16.25;1.325;9.265;0.47;NaN;0.003
18TL13118_1991;511;46.7305;-62.6535;397392;25.19;13-sep-13;00:40:00;30.25;6.43;285.06478;0.22;6.84;0.83;4.58;0.205;NaN;0.015
18TL13118_1991;511;46.7305;-62.6535;397393;4.66;13-sep-13;00:40:00;27.95;15.94;259.028;0.77;0.9;0.165;0.34;0.055;NaN;0.052
18TL13118_1992;521;46.7275;-62.45267;397394;53.65;13-sep-13;04:56:00;31.4;0.18;296.67638;0.04;16.32;1.32;9.425;0.29;6.5675;0
18TL13118_1992;521;46.7275;-62.45267;397395;25.78;13-sep-13;04:56:00;30.14;5.61;284.4842;0.285;7.89;0.91;5.455;0.17;NaN;0.022
18TL13118_1992;521;46.7275;-62.45267;397396;5.36;13-sep-13;04:56:00;29.08;15.03;270.10368;1.055;1.455;0.195;0.32;0.04;6.04;0.092
18TL13118_1993;531;46.564;-62.48333;397397;42.64;13-sep-13;09:19:00;30.85;1.57;252.5523;0.05;17.675;1.315;8.83;0.49;5.61;0.009
18TL13118_1993;531;46.564;-62.48333;397398;25.98;13-sep-13;09:19:00;29.45;7.89;259.42994;0.165;8.855;0.84;4.56;0.395;NaN;0.013
18TL13118_1993;531;46.564;-62.48333;397399;5.16;13-sep-13;09:19:00;27.63;16.35;258.40276;0.915;1.24;0.2;0.465;0.06;5.767;0.093
18TL13118_1994;5401;46.51767;-62.33067;397400;25.59;13-sep-13;13:54:00;28.62;14.68;252.73094;0.3;1.735;0.2;0.61;0.09;5.689;0.02
18TL13118_1994;5401;46.51767;-62.33067;397401;5.45;13-sep-13;13:54:00;27.79;16.44;262.51148;0.82;2.22;0.235;0.265;0.04;5.8645;0.091
18TL13118_1995;541;46.50283;-62.69267;397402;25.98;13-sep-13;18:47:00;28.65;13.43;237.72518;0.26;5.44;0.445;2.665;0.215;NaN;0.027
18TL13118_1995;541;46.50283;-62.69267;397403;5.55;13-sep-13;18:47:00;27.56;16.53;261.261;1.685;1.17;0.175;0.22;0.045;NaN;0.176
18TL13118_1996;551;46.473;-62.87467;397404;26.97;13-sep-13;21:01:00;29.77;5.95;221.60292;0.16;14.28;1;6.645;0.35;4.9615;0.02
18TL13118_1996;551;46.473;-62.87467;397405;5.06;13-sep-13;21:01:00;27.61;16.48;259.34062;1.54;1.165;0.175;0;0.045;5.8435;0.137
18TL13118_1997;561;46.5255;-63.01833;397406;39.37;13-sep-13;22:23:00;30.71;2.38;251.97172;0.075;17.56;1.26;8.62;0.19;5.5045;0.008
18TL13118_1997;561;46.5255;-63.01833;397407;25.98;13-sep-13;22:23:00;29.69;7.74;244.46884;0.115;10.185;1.21;5.245;0.32;NaN;0.016
18TL13118_1997;561;46.5255;-63.01833;397408;5.36;13-sep-13;22:23:00;27.58;16.37;257.95616;0.915;1.58;0.25;0.375;0.08;5.787;0.12
18TL13118_1998;571;46.60183;-63.22617;397409;38.77;14-sep-13;00:32:00;30.8;1.98;242.2805;0.07;20.82;1.315;9.705;0.14;5.471;0.011
18TL13118_1998;571;46.60183;-63.22617;397410;25.59;14-sep-13;00:32:00;30.13;8.51;279.92888;0.17;5.195;0.72;3.44;0.26;NaN;0.014
18TL13118_1998;571;46.60183;-63.22617;397411;5.26;14-sep-13;00:32:00;28.18;15.14;270.193;0.66;1.465;0.21;0.3;0.055;6.0355;0.06
18TL13118_1999;581;46.7725;-63.23467;397412;48.59;14-sep-13;03:50:00;31.21;-0.01;262.46682;0.07;18.865;1.415;9.88;0.505;NaN;0.008
18TL13118_1999;581;46.7725;-63.23467;397413;24.79;14-sep-13;03:50:00;30.46;5.02;313.7365;0.2;5.165;0.775;3.775;0.27;NaN;0.008
18TL13118_1999;581;46.7725;-63.23467;397414;5.16;14-sep-13;03:50:00;28.16;15.15;268.8532;0.825;1.28;0.19;0;0.045;NaN;0.07
18TL13118_2000;591;46.96067;-63.13983;397415;63.66;14-sep-13;06:40:00;31.41;0.04;283.99294;0.065;19.795;1.34;9.555;0.32;NaN;0.003
18TL13118_2000;591;46.96067;-63.13983;397416;24.59;14-sep-13;06:40:00;30.83;5.43;322.57918;0.425;3.055;0.595;0.75;0.19;NaN;0.044
18TL13118_2000;591;46.96067;-63.13983;397417;5.06;14-sep-13;06:40:00;28.99;15.72;261.66294;0.875;0.91;0.155;0;0.04;NaN;0.035
18TL13118_2001;61;47.27017;-60.8245;397266;83.28;06-sep-13;00:14:00;32.82;1.85;282.4745;0.03;10.98;1.05;10.785;0.065;NaN;NaN
18TL13118_2001;61;47.27017;-60.8245;397267;25.19;06-sep-13;00:14:00;31.81;1.36;302.3482;0.095;8.125;1.01;6.865;0.23;NaN;NaN
18TL13118_2001;61;47.27017;-60.8245;397268;4.86;06-sep-13;00:14:00;29.18;12.25;292.16572;1.735;2.08;0.29;0.12;0.055;NaN;0.204
18TL13118_2002;611;46.78483;-63.63783;397418;37.09;14-sep-13;12:45:00;30.67;4.34;265.86098;0.08;11.31;0.965;6.085;0.22;NaN;0.009
18TL13118_2002;611;46.78483;-63.63783;397419;24.59;14-sep-13;12:45:00;29.17;11.11;255.58918;0.29;2.87;0.375;1.18;0.15;NaN;0.019
18TL13118_2002;611;46.78483;-63.63783;397420;4.36;14-sep-13;12:45:00;27.79;15.7;262.42216;1.435;1.185;0.2;0.09;0.045;NaN;0.144
18TL13118_2003;621;46.63417;-63.63617;397421;23.5;14-sep-13;14:03:00;29.22;12.14;240.62808;0.12;4.11;0.495;2.385;0.28;5.4255;0.016
18TL13118_2003;621;46.63417;-63.63617;397422;5.45;14-sep-13;14:03:00;27.58;16.31;261.30566;1.38;0.61;0.2;0.335;0.05;5.8565;0.162
18TL13118_2004;631;46.941;-63.794;397423;36.79;14-sep-13;18:14:00;30.43;5.62;258.93868;0.085;10.74;1.03;6.235;0.23;5.806;0.008
18TL13118_2004;631;46.941;-63.794;397424;25.88;14-sep-13;18:14:00;28.74;12.07;232.81258;0.185;5.765;0.605;2.95;0.245;NaN;0.021
18TL13118_2004;631;46.941;-63.794;397425;5.26;14-sep-13;18:14:00;27.65;16.23;265.99496;0.985;1.015;0.195;0.37;0.045;5.948;0.103
18TL13118_2005;641;47.09733;-63.65833;397426;53.35;14-sep-13;19:38:00;31.4;1;267.91534;0.065;NaN;NaN;NaN;NaN;5.956;0.002
18TL13118_2005;641;47.09733;-63.65833;397427;25.58;14-sep-13;19:38:00;30.14;8.18;283.50168;0.135;NaN;NaN;NaN;NaN;NaN;0.007
18TL13118_2005;641;47.09733;-63.65833;397428;4.76;14-sep-13;19:38:00;27.96;15.48;269.79106;0.9;NaN;NaN;NaN;NaN;6.099;0.083
18TL13118_2006;651;47.069;-63.25017;397429;60.88;15-sep-13;01:52:00;31.43;-0.05;283.76964;0.09;20.47;1.375;10.325;0.265;6.291;0.003
18TL13118_2006;651;47.069;-63.25017;397430;25.78;15-sep-13;01:52:00;30.68;6.24;308.51128;0.37;3.47;0.635;2.69;0.375;6.72;0.028
18TL13118_2006;651;47.069;-63.25017;397431;5.26;15-sep-13;01:52:00;28.92;14.97;271.57746;0.515;0.94;0.15;0.505;0.04;6.063;0.035
18TL13118_2007;661;47.322;-63.65517;397432;67.32;15-sep-13;05:53:00;31.96;0.45;258.1348;0.06;21.54;1.41;13.095;0.17;NaN;0.001
18TL13118_2007;661;47.322;-63.65517;397433;25.68;15-sep-13;05:53:00;30.78;4.2;303.10742;0.13;5.645;0.805;5.475;0.23;NaN;0
18TL13118_2007;661;47.322;-63.65517;397434;5.16;15-sep-13;05:53:00;28.79;14.27;273.40852;0.55;1.005;0.155;0;0.05;NaN;0.049
18TL13118_2008;6681;47.78167;-64.0255;397441;82.29;15-sep-13;17:07:00;32.24;1.03;260.99304;0.075;19;1.355;12.885;0.165;5.847;0
18TL13118_2008;6681;47.78167;-64.0255;397442;70.79;15-sep-13;17:07:00;32.1;1.24;290.29;0.07;14.795;1.16;11;0.165;NaN;NaN
18TL13118_2008;6681;47.78167;-64.0255;397443;60.88;15-sep-13;17:07:00;31.96;1.35;302.66082;0.06;12.385;1.105;9.635;0.16;NaN;NaN
18TL13118_2008;6681;47.78167;-64.0255;397444;50.96;15-sep-13;17:07:00;31.89;1.46;309.35982;0.245;10.865;1.02;8.79;0.17;6.8295;NaN
18TL13118_2008;6681;47.78167;-64.0255;397445;40.45;15-sep-13;17:07:00;31.78;1.73;309.2705;0.22;10.44;1.01;8.37;0.17;NaN;NaN
18TL13118_2008;6681;47.78167;-64.0255;397446;31.04;15-sep-13;17:07:00;31.11;4.29;314.71902;0.375;5.145;0.78;4.775;0.235;NaN;NaN
18TL13118_2008;6681;47.78167;-64.0255;397447;20.82;15-sep-13;17:07:00;30.8;5.31;309.53846;0.6;4.385;0.705;4.15;0.23;6.793;0.003
18TL13118_2008;6681;47.78167;-64.0255;397448;10.61;15-sep-13;17:07:00;29.01;13.11;279.88422;0.95;1.71;0.24;0;0.045;NaN;0.095
18TL13118_2008;6681;47.78167;-64.0255;397449;5.45;15-sep-13;17:07:00;29.02;13.23;279.66092;0.915;1.65;0.24;0;0.045;NaN;0.072
18TL13118_2008;6681;47.78167;-64.0255;397450;2.18;15-sep-13;17:07:00;29.02;13.24;279.88422;0.9;1.645;0.215;0;0.04;6.24;0.07
18TL13118_2009;671;47.46833;-63.788;397435;69.11;15-sep-13;08:33:00;31.89;0.57;272.82794;0.06;19.15;1.3;11.81;0.17;NaN;0
18TL13118_2009;671;47.46833;-63.788;397436;24.79;15-sep-13;08:33:00;29.84;7.94;268.71922;0.14;6.325;0.7;4.415;0.215;NaN;0.006
18TL13118_2009;671;47.46833;-63.788;397437;4.16;15-sep-13;08:33:00;28.46;13.72;276.4454;0.69;1.775;0.24;0.245;0.045;NaN;0.071
18TL13118_2010;681;47.63533;-63.928;397438;51.06;15-sep-13;10:07:00;31.9;0.95;263.09206;0.085;19.55;1.38;11.765;0.155;NaN;NaN
18TL13118_2010;681;47.63533;-63.928;397439;25.29;15-sep-13;10:07:00;31;3.48;290.7366;0.065;10.675;0.97;7.845;0.19;NaN;NaN
18TL13118_2010;681;47.63533;-63.928;397440;5.26;15-sep-13;10:07:00;28.82;12.71;281.04538;0.84;1.845;0.245;0;0.05;NaN;0.079
18TL13118_2011;71;47.20217;-60.75617;397269;79.42;06-sep-13;02:44:00;32.75;1.84;284.4842;0.03;10.61;1.04;10.69;0.065;6.31;NaN
18TL13118_2011;71;47.20217;-60.75617;397270;26.28;06-sep-13;02:44:00;31.81;1.52;306.23362;0.165;7.53;0.985;6.415;0.235;NaN;0.006
18TL13118_2011;71;47.20217;-60.75617;397271;5.65;06-sep-13;02:44:00;29.4;12.39;284.43954;1.5;2.295;0.305;0.42;0.08;6.369;0.154
18TL13118_2012;811;47.93917;-65.2165;397475;75.65;17-sep-13;00:31:00;31.74;1.05;248.48824;0.13;23.895;1.565;13.235;0.16;5.534;NaN
18TL13118_2012;811;47.93917;-65.2165;397476;25.19;17-sep-13;00:31:00;29.65;8.72;293.81814;0.23;3.36;0.48;1.89;0.1;NaN;0.013
18TL13118_2012;811;47.93917;-65.2165;397477;5.95;17-sep-13;00:31:00;28.8;11.31;282.83178;0.86;3.62;0.375;1.11;0.095;6.311;0.073
18TL13118_2013;821;47.89667;-65.542;397478;52.15;18-sep-13;07:14:00;31.27;1.68;236.2514;0.17;25.37;1.43;13.195;0.19;NaN;0.008
18TL13118_2013;821;47.89667;-65.542;397479;50.57;18-sep-13;07:14:00;31.24;1.72;234.73296;0.165;25.125;1.53;13.295;0.19;NaN;0.004
18TL13118_2013;821;47.89667;-65.542;397480;25.38;18-sep-13;07:14:00;29.54;8.7;281.00072;0.235;7.32;0.63;3.925;0.14;NaN;0.021
18TL13118_2013;821;47.89667;-65.542;397481;5.16;18-sep-13;07:14:00;27.67;13.15;276.6687;1.64;3.115;0.285;0.275;0.05;NaN;0.147
18TL13118_2014;831;47.80667;-65.535;397482;44.22;18-sep-13;08:09:00;31.09;2.14;224.37184;0.17;27.76;1.475;13.09;0.24;NaN;0.012
18TL13118_2014;831;47.80667;-65.535;397483;24.49;18-sep-13;08:09:00;29.58;7.38;265.59302;0.325;10.92;0.8;6.42;0.18;NaN;0.021
18TL13118_2014;831;47.80667;-65.535;397484;4.76;18-sep-13;08:09:00;27.67;12.99;278.32112;1.59;4.485;0.325;0.98;0.06;NaN;0.173
18TL13118_2015;851;47.98583;-64.3145;397488;25.28;19-sep-13;01:57:00;29.12;10.23;285.24342;1.13;2.775;0.335;1.165;0.095;NaN;0.056
18TL13118_2015;851;47.98583;-64.3145;397489;24.19;19-sep-13;01:57:00;29.11;10.25;285.42206;1.07;3.4;0.425;1.335;0.11;NaN;0.062
18TL13118_2015;851;47.98583;-64.3145;397490;3.97;19-sep-13;01:57:00;28.51;11.62;290.15602;1.975;3.245;0.36;0.605;0.07;NaN;0.155
18TL13118_2016;861;47.904;-64.32167;397491;28.66;19-sep-13;03:43:00;29.7;8.9;286.40458;0.4;2.56;0.395;1.18;0.09;NaN;0.013
18TL13118_2016;861;47.904;-64.32167;397492;25.58;19-sep-13;03:43:00;29.46;9.21;292.47834;0.36;2.37;0.385;1.135;0.09;NaN;0.019
18TL13118_2016;861;47.904;-64.32167;397493;5.35;19-sep-13;03:43:00;28.66;11.39;296.49774;1.755;2.12;0.24;0.32;0.05;NaN;0.138
18TL13118_2017;871;47.78833;-64.295;397494;42.54;19-sep-13;06:40:00;30.08;7.33;299.62394;0.24;3.125;0.5;2.11;0.11;NaN;0.006
18TL13118_2017;871;47.78833;-64.295;397495;25.78;19-sep-13;06:40:00;29.94;7.67;301.05306;0.18;2.775;0.48;1.9;0.1;NaN;0.006
18TL13118_2017;871;47.78833;-64.295;397496;5.16;19-sep-13;06:40:00;29.14;11.19;296.36376;1.055;0.865;0.17;0.3;0.04;NaN;0.076
18TL13118_2018;881;47.72317;-64.247;397497;55.33;19-sep-13;10:30:00;30.77;4.65;304.08994;0.135;5.955;0.77;4.425;0.175;NaN;0.002
18TL13118_2018;881;47.72317;-64.247;397498;25.38;19-sep-13;10:30:00;30.04;9.12;290.91524;0.23;2.54;0.505;2.3;0.09;NaN;0.022
18TL13118_2018;881;47.72317;-64.247;397499;5.06;19-sep-13;10:30:00;29.18;11.41;293.05892;1.055;0.675;0.18;0;0.05;NaN;0.082
18TL13118_2019;891;47.632;-64.4355;397500;35.4;19-sep-13;12:19:00;30.05;7.66;292.61232;0.195;3.72;0.51;2.21;0.135;NaN;0.011
18TL13118_2019;891;47.632;-64.4355;397501;25.38;19-sep-13;12:19:00;29.85;9.33;294.66668;0.25;2.615;0.43;1.495;0.09;NaN;0.027
18TL13118_2019;891;47.632;-64.4355;397502;4.76;19-sep-13;12:19:00;29.05;10.57;300.74044;0.985;1.245;0.25;0.335;0.05;NaN;0.057
18TL13118_2020;901;47.56517;-64.23783;397503;62.56;19-sep-13;16:08:00;31.56;2.23;284.43954;0.24;13.73;1.165;8.585;0.21;NaN;0.016
18TL13118_2020;901;47.56517;-64.23783;397504;24.79;19-sep-13;16:08:00;30.04;8.29;293.37154;0.17;3.34;0.535;2.365;0.12;NaN;0.01
18TL13118_2020;901;47.56517;-64.23783;397505;5.45;19-sep-13;16:08:00;28.65;12.62;293.77348;1.78;2.56;0.33;0.455;0.06;NaN;0.148
18TL13118_2021;91;47.14517;-60.651;397272;176.44;06-sep-13;10:08:00;34.28;5.35;163.99152;0.015;20.28;1.455;19.595;0.06;3.8005;NaN
18TL13118_2021;91;47.14517;-60.651;397273;51.76;06-sep-13;10:08:00;32.32;1.55;322.6685;0.02;5.52;0.78;7.055;0.12;NaN;NaN
18TL13118_2021;91;47.14517;-60.651;397274;25.29;06-sep-13;10:08:00;31.57;2.3;313.5132;0.29;NaN;NaN;NaN;NaN;NaN;0.02
18TL13118_2021;91;47.14517;-60.651;397275;5.95;06-sep-13;10:08:00;29.59;14.48;270.77358;0.82;1.59;0.205;0;0.035;6.0645;0.076
18TL13118_2022;911;47.4585;-64.3865;397506;47.4;19-sep-13;18:28:00;31.08;3.58;281.04538;0.075;11.56;1.015;7.315;0.19;NaN;0.007
18TL13118_2022;911;47.4585;-64.3865;397507;24.79;19-sep-13;18:28:00;29.67;7.91;257.37558;0.16;7.845;0.78;5.44;0.15;NaN;0.012
18TL13118_2022;911;47.4585;-64.3865;397508;5.16;19-sep-13;18:28:00;28.4;13.59;279.30364;1.04;0.835;0.18;0.34;0.04;NaN;0.128
18TL13118_2023;921;47.47167;-64.55717;397509;33.71;19-sep-13;20:40:00;29.97;7.23;256.66102;0.165;8.17;0.815;4.59;0.24;NaN;0.014
18TL13118_2023;921;47.47167;-64.55717;397510;25.19;19-sep-13;20:40:00;29.87;7.89;255.58918;0.175;7.78;0.945;4.665;0.25;NaN;0.011
18TL13118_2023;921;47.47167;-64.55717;397511;4.96;19-sep-13;20:40:00;28.19;14.02;285.10944;2.65;0.82;0.22;0.675;0.05;NaN;0.202
18TL13118_2024;931;47.2415;-64.5045;397512;38.37;19-sep-13;23:44:00;30.6;4.02;235.17956;0.16;14.265;1.055;7.15;0.2;NaN;0.011
18TL13118_2024;931;47.2415;-64.5045;397513;25.78;19-sep-13;23:44:00;29.98;7.08;254.82996;0.1;10.32;0.915;5.985;0.24;NaN;0.008
18TL13118_2024;931;47.2415;-64.5045;397514;5.45;19-sep-13;23:44:00;28.43;13.37;279.08034;1.52;2.635;0.275;0.845;0.06;NaN;0.131
18TL13118_2025;941;46.974;-64.473;397515;34.61;20-sep-13;03:20:00;30.01;4.97;201.55058;0.13;20.185;1.285;8.03;0.14;NaN;0.02
18TL13118_2025;941;46.974;-64.473;397516;25.58;20-sep-13;03:20:00;29.77;6.16;208.02628;0.17;19.02;1.275;7.905;0.14;NaN;0.015
18TL13118_2025;941;46.974;-64.473;397517;5.36;20-sep-13;03:20:00;27.32;15.36;263.62798;0.77;2.25;0.245;0.545;0.06;NaN;0.111
18TL13118_2026;951;46.99617;-64.37417;397518;38.08;20-sep-13;05:03:00;30.35;3.52;211.0185;0.1;23.76;1.31;8.75;0.12;NaN;0.013
18TL13118_2026;951;46.99617;-64.37417;397519;25.19;20-sep-13;05:03:00;29.49;8.24;238.61838;0.13;13.47;0.91;5.21;0.17;NaN;0.011
18TL13118_2026;951;46.99617;-64.37417;397520;5.06;20-sep-13;05:03:00;27.66;15.24;265.36972;0.59;1.15;0.145;0;0.035;NaN;0.065
18TL13118_2027;961;47.0925;-64.27433;397521;41.15;20-sep-13;06:50:00;30.44;3.17;212.62626;0.09;24.745;1.305;8.75;0.11;NaN;0.012
18TL13118_2027;961;47.0925;-64.27433;397522;25.58;20-sep-13;06:50:00;29.76;6.49;240.4941;0.085;16.385;1.085;6.64;0.125;NaN;0.006
18TL13118_2027;961;47.0925;-64.27433;397523;5.55;20-sep-13;06:50:00;27.62;15.08;265.19108;0.495;1.005;0.15;0.175;0.015;NaN;0.067
18TL13118_2028;971;47.23233;-64.1545;397524;42.44;20-sep-13;09:17:00;30.75;3.07;227.23008;0.175;21.9;1.325;9.09;0.145;NaN;0.016
18TL13118_2028;971;47.23233;-64.1545;397525;24.99;20-sep-13;09:17:00;29.53;8.84;271.57746;0.17;8.41;0.76;4.325;0.22;NaN;0.012
18TL13118_2028;971;47.23233;-64.1545;397526;5.45;20-sep-13;09:17:00;27.93;14.15;268.31728;0.9;0.625;0.135;0.205;0.035;NaN;0.076
18TL13118_2029;981;47.13967;-64.0435;397527;32.52;20-sep-13;12:50:00;30.18;4.77;225.35436;0.07;18.95;1.13;7.91;0.15;NaN;0.01
18TL13118_2029;981;47.13967;-64.0435;397528;24.69;20-sep-13;12:50:00;30;8.31;275.28424;0.1;5.355;0.625;3.02;0.205;NaN;0.005
18TL13118_2029;981;47.13967;-64.0435;397529;4.76;20-sep-13;12:50:00;27.63;14.99;265.54836;0.59;0.65;0.12;0.26;0.035;NaN;0.064
18TL13118_2030;991;47.35633;-63.39183;397530;74.06;20-sep-13;20:02:00;31.92;0.36;245.49602;0.08;25.39;1.445;13.28;0.175;NaN;0.004
18TL13118_2030;991;47.35633;-63.39183;397531;25.19;20-sep-13;20:02:00;30.88;3.65;301.18704;0.125;7.045;0.845;6.525;0.175;NaN;0.004
18TL13118_2030;991;47.35633;-63.39183;397532;4.86;20-sep-13;20:02:00;28.98;14.06;272.6493;0.805;1.27;0.155;0.54;0.03;NaN;0.063
