CTD;CTD;CTD;CTD;CTD;CTD;CTD;CTD;CTD;CTD;CTD;CTD;labo;labo;labo;labo;labo;labo;labo
Fichier;Station;Latitude;Longitude;Echantillon;zbouteille;Date;Heure;PRES;PSAL;TEMP_XX;DOXY;CHL_01;Si_01;PO4_01;NOx_01;PSAL_BS;NO2_01;OXY_02
(nom);(nom/no);(degres);(degres);(no_unique);(dbar);(jj-mmm-yyyy);(GMT);(dbar);(psu);(celsius);(ml/l);(mg/m**3);(mmol/m**3);(mmol/m**3);(mmol/m**3);(PSU);(mmol/m**3);(ml/l)
18TL16003_002;1;42.25416;-65.55168;429213;109.83;10-mar-16;17:23:00;109.832;34.9493;11.6334;5.3675;0.77048;3.89667;0.62067;8.72667;34.947;0.23667;5.6
18TL16003_002;1;42.2544;-65.5506;429214;49.75;10-mar-16;17:26:00;49.751;34.6484;10.9044;5.6337;0.75898;3.57667;0.57733;7.7;NaN;0.23667;NaN
18TL16003_002;1;42.25444;-65.55006;429215;25.46;10-mar-16;17:27:00;25.469;32.762;6.0795;6.7413;NaN;NaN;NaN;NaN;NaN;NaN;NaN
18TL16003_002;1;42.2545;-65.54954;429216;6.1;10-mar-16;17:28:00;6.107;32.0915;4.6886;7.2634;1.37997;3.13333;0.56467;3.75;NaN;0.17;6.3035
18TL16003_003;8;43.81178;-63.92228;429247;211.44;15-mar-16;04:54:00;211.441;35.1369;10.5194;2.5015;0.03132;20.81667;1.59967;20.60667;35.13;0.07;2.681
18TL16003_003;8;43.81186;-63.92382;429248;50.48;15-mar-16;04:59:00;50.481;31.6368;2.8949;7.4338;1.43747;2.35333;0.604;2.87;NaN;0.12;NaN
18TL16003_003;8;43.81188;-63.92424;429249;24.73;15-mar-16;05:01:00;24.734;31.0142;1.4065;7.8288;0.55199;5.59333;0.74633;5.10333;NaN;0.15;NaN
18TL16003_003;8;43.81192;-63.92456;429250;5.09;15-mar-16;05:02:00;5.093;31.0121;1.4029;7.8442;0.57499;5.63;0.74433;5.13333;NaN;0.14;8.121
18TL16003_025;9;43.80387;-64.07472;429251;199.09;15-mar-16;17:21:00;199.099;34.9896;10.5515;2.9887;0.08416;15.86333;1.52567;18.25333;34.985;0.18333;3.487
18TL16003_025;9;43.80345;-64.07657;429252;50.07;15-mar-16;17:26:00;50.077;31.4923;2.5881;7.5211;1.27647;2.51;0.56067;2.86333;NaN;0.11333;NaN
18TL16003_025;9;43.80337;-64.07701;429253;24.68;15-mar-16;17:28:00;24.68;31.1501;1.7232;7.7995;0.74748;4.98;0.70333;4.68667;NaN;0.13333;NaN
18TL16003_025;9;43.80318;-64.07762;429254;4.6;15-mar-16;17:29:00;4.607;31.1496;1.7803;7.8272;0.64398;5.34333;0.70633;4.77667;NaN;0.13333;7.9335
18TL16003_036;10;43.36502;-64.35478;429255;179.93;15-mar-16;21:48:00;179.931;34.9061;10.2485;3.011;0.04216;15.94333;1.408;18.38;34.899;0.05;3.193
18TL16003_036;10;43.36622;-64.35652;429256;50.75;15-mar-16;21:54:00;50.754;31.8612;3.4633;7.2821;0.97748;1.96667;0.53867;2.18667;NaN;0.11667;NaN
18TL16003_036;10;43.36644;-64.35694;429257;24.95;15-mar-16;21:55:00;24.957;31.2036;2.3253;7.6802;0.67848;4.31;0.651;4.15667;NaN;0.14333;NaN
18TL16003_036;10;43.36656;-64.35724;429258;4.74;15-mar-16;21:56:00;4.741;31.2018;2.3345;7.6793;0.64398;4.23667;0.65967;4.10333;NaN;0.14667;7.8155
18TL16003_047;11;43.2367;-63.97243;429259;89.04;16-mar-16;01:16:00;89.044;32.6923;5.5852;6.4325;0.25163;2.65333;0.58167;3.19;32.716;0.17333;6.544
18TL16003_047;11;43.23676;-63.97347;429260;50.16;16-mar-16;01:18:00;50.162;31.6549;3.012;7.5624;2.43594;1.76333;0.54233;2.18333;NaN;0.11333;NaN
18TL16003_047;11;43.23684;-63.97434;429261;25.37;16-mar-16;01:20:00;25.379;31.6108;2.9229;7.6027;2.47942;1.84333;0.54333;2.23;NaN;0.11;NaN
18TL16003_047;11;43.23694;-63.97503;429262;4.76;16-mar-16;01:21:00;4.766;31.4841;2.6925;7.6863;2.30542;2.37667;0.564;2.54667;NaN;0.12;7.822
18TL16003_069;13;43.07736;-63.95948;429263;94.09;16-mar-16;04:35:00;94.096;33.6704;7.955;4.9338;0.18721;7;0.88633;9.39;33.64;0.13;5.1595
18TL16003_069;13;43.07796;-63.96077;429264;51.61;16-mar-16;04:37:00;51.617;32.1727;4.2752;6.9317;0.61232;1.80333;0.53267;2.01333;NaN;0.12;NaN
18TL16003_069;13;43.07846;-63.96155;429265;24.72;16-mar-16;04:38:00;24.729;31.6262;2.9378;7.5015;1.25347;2.23;0.56767;2.36;NaN;0.13;NaN
18TL16003_069;13;43.07882;-63.96214;429266;4.6;16-mar-16;04:39:00;4.605;31.512;2.7205;7.5576;1.25348;2.52667;0.59167;2.85333;NaN;0.15333;7.722
18TL16003_080;14;43.20816;-63.47292;429267;149.46;16-mar-16;08:58:00;149.467;35.1315;10.686;2.9256;0.05179;15.32333;1.40933;19.62;35.127;0.08333;3.086
18TL16003_080;14;43.20763;-63.47384;429268;50.09;16-mar-16;09:02:00;50.095;32.8379;5.7451;6.7888;0.35649;0.34333;0.417;1.43333;NaN;0.11333;NaN
18TL16003_080;14;43.20736;-63.47396;429269;25.27;16-mar-16;09:04:00;25.279;32.4338;4.774;7.0551;0.82798;0.8;0.452;1.44333;NaN;0.11667;NaN
18TL16003_080;14;43.2072;-63.47407;429270;4.81;16-mar-16;09:05:00;4.811;31.7287;3.2701;7.5289;1.94346;1.59667;0.51033;2.01333;NaN;0.12333;7.659
18TL16003_091;15;43.03396;-63.6156;429271;158.34;16-mar-16;11:47:00;158.346;35.0626;10.6814;3.0135;0.053;14.17333;1.34667;18.50667;35.058;0.06;3.2
18TL16003_091;15;43.03452;-63.615;429272;52.48;16-mar-16;11:52:00;52.485;32.6592;5.3506;6.8706;0.54049;0.76667;0.41967;1.48333;NaN;0.10333;NaN
18TL16003_091;15;43.03462;-63.61479;429273;26.22;16-mar-16;11:53:00;26.226;32.4839;5.0112;7.0466;0.77048;0.57667;0.42267;1.16667;NaN;0.09667;NaN
18TL16003_091;15;43.03476;-63.61485;429274;5;16-mar-16;11:54:00;5.001;32.4449;4.9406;7.0816;0.78198;0.64333;0.40633;1.28333;NaN;0.09667;7.24
18TL16003_113;2;42.43276;-65.33844;429217;107.06;10-mar-16;19:39:00;107.066;33.1198;6.6244;5.3562;0.41399;8.07333;0.902;11.2;33.12;0.13;5.0585
18TL16003_113;2;42.43157;-65.33698;429218;50.84;10-mar-16;19:42:00;50.848;32.2987;4.7453;6.8975;1.85146;2.28333;0.53267;4.08667;NaN;0.17;NaN
18TL16003_113;2;42.43092;-65.33626;429219;24.53;10-mar-16;19:43:00;24.531;31.9432;4.1383;7.2333;1.31097;2.47667;0.53733;3.90333;NaN;0.16333;NaN
18TL16003_113;2;42.43045;-65.33574;429220;5.39;10-mar-16;19:44:00;5.392;31.9258;4.1773;7.3119;1.78247;2.54;0.54;4.08667;NaN;0.16;6.7965
18TL16003_114;16;42.84158;-63.61037;429275;180.02;16-mar-16;15:20:00;180.028;35.3372;10.6718;3.3022;0.04095;11.13;1.342;20.55;35.341;0.07667;3.505
18TL16003_114;16;42.84317;-63.6135;429276;52;16-mar-16;15:26:00;52.004;33.9513;8.9203;6.2796;2.13143;1.88333;0.458;3.8;NaN;0.17667;NaN
18TL16003_114;16;42.84353;-63.61436;429277;25.77;16-mar-16;15:27:00;25.772;33.5004;7.6812;6.4687;0.93148;1.01667;0.437;2.60333;NaN;0.16;NaN
18TL16003_114;16;42.84382;-63.61497;429278;5.08;16-mar-16;15:28:00;5.086;33.4004;7.4847;6.4862;0.79348;1.08667;0.43433;2.71333;NaN;0.14333;6.6595
18TL16003_127;17;42.87686;-64.05066;429279;100.76;16-mar-16;19:20:00;100.765;34.7249;10.4814;3.6564;0.08552;10.2;1.12833;14.81;34.72;0.06;3.2725
18TL16003_127;17;42.8766;-64.05148;429280;48.33;16-mar-16;19:22:00;48.333;32.8421;5.7873;6.3625;0.29027;2.29333;0.55767;3.4;NaN;0.15;NaN
18TL16003_127;17;42.87675;-64.05226;429281;25.05;16-mar-16;19:23:00;25.053;32.4412;5.0047;7.0072;0.54049;0.78;0.43433;1.33667;NaN;0.10333;NaN
18TL16003_127;17;42.87704;-64.05276;429282;6.19;16-mar-16;19:24:00;6.197;32.4293;4.9982;7.0105;0.55199;0.89333;0.44733;1.24333;NaN;0.10667;7.186
18TL16003_138;18;42.72446;-64.25976;429283;139.38;16-mar-16;22:53:00;139.38;34.8446;10.4586;3.3731;0.06986;12.03;1.238;16.45333;34.841;0.05667;3.6
18TL16003_138;18;42.72449;-64.26074;429284;50.08;16-mar-16;22:57:00;50.088;32.9366;6.0584;6.6032;0.79348;1.61333;0.50533;2.77;NaN;0.15333;NaN
18TL16003_138;18;42.72444;-64.26129;429285;26.27;16-mar-16;22:58:00;26.277;32.6443;5.5102;6.8977;0.93148;1.41667;0.48167;2.15;NaN;0.14;NaN
18TL16003_138;18;42.72445;-64.26166;429286;6;16-mar-16;22:59:00;6.002;32.4896;5.3349;6.9623;1.03498;1.37333;0.471;1.61667;NaN;0.13667;7.143
18TL16003_149;19;42.66736;-64.4894;429287;129.29;17-mar-16;01:25:00;129.292;34.8125;10.4016;3.5813;NaN;NaN;NaN;NaN;NaN;NaN;NaN
18TL16003_149;19;42.66736;-64.49146;429288;52.76;17-mar-16;01:30:00;52.768;32.7166;5.5572;6.4627;NaN;NaN;NaN;NaN;NaN;NaN;NaN
18TL16003_149;19;42.66728;-64.49203;429289;24.7;17-mar-16;01:31:00;24.701;32.2771;4.7917;7.1106;NaN;NaN;NaN;NaN;NaN;NaN;NaN
18TL16003_149;19;42.66724;-64.49271;429290;4.93;17-mar-16;01:32:00;4.939;32.2748;4.7907;7.1029;NaN;NaN;NaN;NaN;NaN;NaN;NaN
18TL16003_160;20;42.69358;-64.46316;429291;123.87;17-mar-16;03:12:00;123.878;34.7662;10.2996;3.5535;1.43545;1.80333;0.468;2.05;34.763;0.14;3.7185
18TL16003_160;20;42.69306;-64.46506;429292;50.88;17-mar-16;03:15:00;50.886;32.4719;5.0843;6.7866;1.10398;1.645;0.4835;2.055;NaN;0.13;NaN
18TL16003_160;20;42.69278;-64.46585;429293;24.88;17-mar-16;03:16:00;24.885;32.2809;4.8567;7.0946;1.11548;2.36667;0.52267;2.96;NaN;0.14333;NaN
18TL16003_160;20;42.69257;-64.46636;429294;4.7;17-mar-16;03:17:00;4.705;32.2816;4.8643;7.0969;0.1271;11.26333;1.18433;15.82;NaN;0.07;7.258
18TL16003_171;21;42.94936;-64.58498;429295;91.42;17-mar-16;05:37:00;91.428;33.3254;7.041;5.1337;0.17863;7.78333;0.9;9.32667;33.322;0.11667;5.293
18TL16003_171;21;42.9495;-64.58626;429296;50.65;17-mar-16;05:39:00;50.657;32.4803;5.0878;6.8493;1.03498;1.58667;0.51533;2.02667;NaN;0.14;NaN
18TL16003_171;21;42.94966;-64.58696;429297;25.86;17-mar-16;05:41:00;25.861;32.0159;4.1797;7.2129;0.82798;1.39;0.51233;1.55667;NaN;0.11333;NaN
18TL16003_171;21;42.94976;-64.58752;429298;5.71;17-mar-16;05:42:00;5.718;31.9265;3.9585;7.2735;0.81648;1.66667;0.554;1.93;NaN;0.11667;7.42
18TL16003_182;22;42.91734;-64.65014;429299;88.64;17-mar-16;07:03:00;88.645;33.3254;7.0314;5.1588;0.18292;7.50333;0.94433;9.03667;33.323;0.12333;5.3335
18TL16003_182;22;42.91732;-64.65132;429300;49.99;17-mar-16;07:05:00;49.999;32.4535;4.9971;6.8389;1.39195;1.26667;0.538;2.03333;NaN;0.14;NaN
18TL16003_182;22;42.91732;-64.65208;429301;25.77;17-mar-16;07:06:00;25.772;31.9902;4.0741;7.2218;0.82798;1.78667;0.529;1.93333;NaN;0.12;NaN
18TL16003_182;22;42.91732;-64.65269;429302;4.78;17-mar-16;07:08:00;4.784;31.92;3.9609;7.2763;0.74748;1.98333;0.53033;1.82;NaN;0.11;7.448
18TL16003_193;23;42.92714;-64.83542;429303;89.05;17-mar-16;11:18:00;89.052;32.9265;6.1806;5.6546;0.26021;6.07667;0.843;7.38;32.923;0.14;5.8115
18TL16003_193;23;42.92723;-64.83566;429304;50.26;17-mar-16;11:19:00;50.269;32.6;5.4264;6.2254;0.38044;4.23;0.72833;5.31;NaN;0.16667;NaN
18TL16003_193;23;42.92728;-64.83575;429305;24.99;17-mar-16;11:21:00;24.999;31.3907;3.0782;7.5119;0.67848;2.98;0.61967;3.15667;NaN;0.15;NaN
18TL16003_193;23;42.92732;-64.83582;429306;4.9;17-mar-16;11:22:00;4.907;31.3819;3.1091;7.5271;0.70148;3.09333;0.61233;3.04333;NaN;0.15667;7.6
18TL16003_204;24;42.53301;-64.54648;429307;251.73;17-mar-16;15:50:00;251.731;35.2769;10.8564;3.2457;0.04938;10.77667;1.31433;18.73667;35.273;0.05667;3.458
18TL16003_204;24;42.53118;-64.54926;429308;101.45;17-mar-16;15:57:00;101.453;35.2481;12.2858;4.1195;0.06625;6.85333;0.92067;12.77333;NaN;0.06667;NaN
18TL16003_204;24;42.53056;-64.55019;429309;51.02;17-mar-16;15:59:00;51.027;34.3177;9.9502;5.6254;0.70148;3.41333;0.642;6.52333;NaN;0.20667;NaN
18TL16003_204;24;42.53015;-64.5506;429310;24.5;17-mar-16;16:00:00;24.503;33.237;7.1629;6.6249;4.13237;1.32333;0.501;2.94333;NaN;0.14;NaN
18TL16003_204;24;42.52976;-64.55091;429311;4.12;17-mar-16;16:01:00;4.125;33.123;6.8626;6.7187;3.74088;1.58;0.49233;2.60333;NaN;0.14;6.889
18TL16003_215;25;42.49664;-64.78493;429312;137.73;17-mar-16;18:18:00;137.73;34.7725;10.2495;3.9654;0.17433;9.26333;1.11833;14.67;34.723;0.10667;4.2175
18TL16003_215;25;42.49747;-64.78558;429313;50.14;17-mar-16;18:21:00;50.147;33.0865;6.5315;5.9721;1.03498;4.18667;0.68133;5.30667;NaN;0.15;NaN
18TL16003_215;25;42.49774;-64.78566;429314;25.14;17-mar-16;18:23:00;25.144;32.3352;4.8844;7.0249;1.40297;1.56;0.52133;2.08667;NaN;0.13667;NaN
18TL16003_215;25;42.49796;-64.78566;429315;4.63;17-mar-16;18:24:00;4.635;32.1966;4.739;7.1842;1.54097;1.02;0.496;1.42667;NaN;0.11667;7.3535
18TL16003_225;3;42.75853;-64.91929;429221;104.89;10-mar-16;23:52:00;104.893;33.8082;8.333;5.1153;0.27481;7.26;0.84067;13.92333;33.81;0.13667;4.76
18TL16003_225;3;42.7594;-64.92046;429222;50.94;10-mar-16;23:54:00;50.94;31.9527;3.9279;7.1692;0.69562;2.18333;0.54733;3.60667;NaN;0.15667;NaN
18TL16003_225;3;42.75986;-64.92089;429223;25.25;10-mar-16;23:55:00;25.253;31.6727;3.4819;7.3911;1.25347;3.14333;0.556;3.24;NaN;0.16;NaN
18TL16003_225;3;42.76024;-64.92128;429224;5.02;10-mar-16;23:56:00;5.022;31.5977;3.5718;7.4703;1.14998;3.05667;0.562;3.31333;NaN;0.16;5.905
18TL16003_237;26;42.62426;-65.32625;429316;93.36;17-mar-16;22:26:00;93.362;32.8973;6.1262;5.6744;0.28598;6.48667;0.872;7.78667;32.894;0.18333;5.8115
18TL16003_237;26;42.62438;-65.32624;429317;50.49;17-mar-16;22:28:00;50.491;32.8962;6.1206;5.6655;0.36327;6.37333;0.873;7.85667;NaN;0.18;NaN
18TL16003_237;26;42.62436;-65.32613;429318;24.28;17-mar-16;22:29:00;24.28;32.3308;4.8521;6.4581;0.72448;3.59333;0.708;4.80333;NaN;0.18667;NaN
18TL16003_237;26;42.6243;-65.32606;429319;4.76;17-mar-16;22:30:00;4.762;31.5964;3.9747;7.3818;1.13848;1.69667;0.56133;2.02333;NaN;0.15;7.558
18TL16003_243;27;42.46306;-65.7125;429320;89.18;18-mar-16;02:01:00;89.185;32.6143;5.5322;6.0423;0.36799;5.47333;0.82733;6.68333;32.611;0.18333;6.2035
18TL16003_243;27;42.4625;-65.71234;429321;51.12;18-mar-16;02:03:00;51.125;32.5521;5.3917;6.1467;0.35649;5.36667;0.79833;6.70667;NaN;0.16667;NaN
18TL16003_243;27;42.46226;-65.71226;429322;25.84;18-mar-16;02:04:00;25.842;31.7627;4.0094;7.311;0.91998;1.92333;0.56567;2.32333;NaN;0.14;NaN
18TL16003_243;27;42.46216;-65.71219;429323;4.9;18-mar-16;02:05:00;4.9;31.7496;4.076;7.3557;1.34547;1.79;0.56033;2.12667;NaN;0.13333;7.5055
18TL16003_244;28;42.43206;-65.85852;429324;151.96;18-mar-16;04:04:00;151.967;33.8295;8.4639;5.4133;0.39099;5.44667;0.836;8.67667;33.824;0.21667;5.5955
18TL16003_244;28;42.43166;-65.8589;429325;50.83;18-mar-16;04:08:00;50.833;32.289;4.8126;6.4646;0.44849;4.91333;0.77433;6.03333;NaN;0.17;NaN
18TL16003_244;28;42.43164;-65.85921;429326;25.61;18-mar-16;04:10:00;25.617;31.8109;4.1221;7.264;0.96598;2.37;0.55267;2.29333;NaN;0.13;NaN
18TL16003_244;28;42.43156;-65.85932;429327;5.5;18-mar-16;04:11:00;5.502;31.7867;4.1454;7.3289;1.02348;2.10333;0.56767;2.16;NaN;0.13;7.494
18TL16003_247;29;42.48412;-65.85746;429328;109.92;18-mar-16;05:54:00;109.922;33.4084;7.4575;5.6513;0.37949;5.65667;0.842;8.24;33.401;0.21333;5.854
18TL16003_247;29;42.48422;-65.85788;429329;51.2;18-mar-16;05:57:00;51.206;32.1496;4.5925;6.6632;0.39099;4.16;0.74467;5.53667;NaN;0.17333;NaN
18TL16003_247;29;42.48426;-65.85802;429330;24.38;18-mar-16;05:58:00;24.384;31.756;4.0223;7.247;0.58649;2.15;0.592;2.73;NaN;0.15667;NaN
18TL16003_247;29;42.48426;-65.85815;429331;4.97;18-mar-16;05:59:00;4.972;31.707;4.061;7.3116;0.73598;2.09667;0.575;2.33667;NaN;0.14;7.472
18TL16003_253;30;42.85666;-65.76696;429332;109.36;18-mar-16;09:51:00;109.367;32.3698;5.0279;6.3253;0.32462;5.46333;0.84533;7.05667;32.367;0.18333;6.494
18TL16003_253;30;42.85692;-65.76692;429333;49.62;18-mar-16;09:54:00;49.625;31.4377;3.1175;7.2905;0.19022;3.84667;0.67933;3.92;NaN;0.17667;NaN
18TL16003_253;30;42.85706;-65.767;429334;25.47;18-mar-16;09:55:00;25.474;31.2446;2.9964;7.4675;0.55199;3.35667;0.667;3.65667;NaN;0.17667;NaN
18TL16003_253;30;42.85722;-65.76709;429335;5.43;18-mar-16;09:56:00;5.431;31.2396;2.993;7.4573;0.58649;3.92667;0.659;3.67667;NaN;0.17667;7.642
18TL16003_257;31;42.84472;-65.88453;429336;89.5;18-mar-16;11:52:00;89.506;32.1398;4.5632;6.6227;0.33321;4.7;0.788;6.06333;32.137;0.18667;6.7085
18TL16003_257;31;42.84504;-65.88334;429337;50.02;18-mar-16;11:54:00;50.026;32.1179;4.5331;6.6534;0.29899;4.58667;0.78333;5.88333;NaN;0.17667;NaN
18TL16003_257;31;42.84522;-65.88264;429338;25.5;18-mar-16;11:55:00;25.505;31.5279;3.6985;7.3237;0.55199;2.93;0.66033;3.52;NaN;0.16667;NaN
18TL16003_257;31;42.84536;-65.88197;429339;4.68;18-mar-16;11:56:00;4.683;31.5274;3.7267;7.3269;0.67848;3.06;0.657;3.60333;NaN;0.16;7.4845
18TL16003_261;33;42.62012;-66.20336;429340;60.72;18-mar-16;16:47:00;60.726;32.209;4.8351;6.6297;0.33349;4.06667;0.76633;5.41667;32.198;0.17667;6.8195
18TL16003_261;33;42.62005;-66.20309;429341;49.65;18-mar-16;16:47:00;49.656;32.1166;4.673;6.758;0.41399;4.39;0.694;4.70333;NaN;0.17667;NaN
18TL16003_261;33;42.61998;-66.20278;429342;25.53;18-mar-16;16:48:00;25.537;31.9515;4.4068;6.9485;0.52899;4.01333;0.663;4.42;NaN;0.17333;NaN
18TL16003_261;33;42.61988;-66.20232;429343;4.39;18-mar-16;16:50:00;4.399;31.7781;4.3333;7.1431;0.60949;3.58333;0.61867;3.93333;NaN;0.15;7.2975
18TL16003_263;34;42.68656;-66.28238;429344;67.86;18-mar-16;18:44:00;67.862;32.3148;5.0455;6.5404;0.42549;4.25667;0.68967;5.62333;32.312;0.16333;6.634
18TL16003_263;34;42.6865;-66.28212;429345;49.88;18-mar-16;18:47:00;49.882;31.9851;4.4686;6.8842;0.43699;4.07333;0.676;5.03667;NaN;0.17667;NaN
18TL16003_263;34;42.68645;-66.2819;429346;25.85;18-mar-16;18:48:00;25.858;31.8744;4.3912;7.0791;0.60949;3.28667;0.59467;3.67333;NaN;0.16667;NaN
18TL16003_263;34;42.68634;-66.28166;429347;4.88;18-mar-16;18:49:00;4.887;31.8272;4.5353;7.1398;0.60949;3.00667;0.57867;3.30333;NaN;0.15333;7.322
18TL16003_264;4;43.2345;-64.21488;429225;83.34;11-mar-16;05:19:00;83.343;33.1437;6.6073;5.8491;0.51749;4.51;0.679;6.26667;33.126;0.18333;6.1385
18TL16003_264;4;43.23466;-64.215;429226;50.27;11-mar-16;05:21:00;50.276;31.9652;3.8731;7.2136;0.96598;2.66333;0.56367;2.47;NaN;0.15667;NaN
18TL16003_264;4;43.23468;-64.21516;429227;25.11;11-mar-16;05:22:00;25.119;31.6869;3.5375;7.4163;0.67848;2.93;0.559;2.74667;NaN;0.13333;NaN
18TL16003_264;4;43.23474;-64.21528;429228;5.09;11-mar-16;05:22:00;5.096;31.6467;3.4717;7.4262;0.67848;3.23333;0.56833;2.98333;NaN;0.13333;7.6115
18TL16003_275;35;42.73434;-66.59978;429348;157.97;18-mar-16;21:48:00;157.971;34.3348;9.0731;4.7179;0.23445;8.95333;1.02567;13.55667;34.329;0.11;4.901
18TL16003_275;35;42.7346;-66.60106;429349;49.99;18-mar-16;21:52:00;49.998;32.2218;4.8072;6.5772;0.39332;4.81667;0.74233;5.95333;NaN;0.16333;NaN
18TL16003_275;35;42.73476;-66.60186;429350;25.84;18-mar-16;21:54:00;25.849;31.9104;4.3795;6.9563;0.52214;4.13;0.71433;4.50667;NaN;0.16333;NaN
18TL16003_275;35;42.73494;-66.60237;429351;5.04;18-mar-16;21:55:00;5.04;31.8557;4.4718;7.0825;0.85098;3.94333;0.65167;4.38;NaN;0.16333;7.2775
18TL16003_276;36;42.55398;-66.36166;429352;202.21;19-mar-16;01:54:00;202.218;34.9903;9.6672;4.1038;0.07128;10.90667;1.202;17.29667;34.985;0.13;4.319
18TL16003_276;36;42.55306;-66.36086;429353;50.28;19-mar-16;01:59:00;50.283;32.765;5.8895;6.7572;0.54791;4.5;0.719;6.80667;NaN;0.24667;NaN
18TL16003_276;36;42.55274;-66.36084;429354;24.45;19-mar-16;02:01:00;24.453;32.5596;5.6501;6.8347;0.68998;4.08;0.666;5.29333;NaN;0.22667;NaN
18TL16003_276;36;42.55256;-66.36076;429355;4.87;19-mar-16;02:02:00;4.878;32.3496;5.456;6.889;0.66699;3.29667;0.62267;4.33;NaN;0.18667;7.082
18TL16003_277;37;42.40326;-66.45404;429356;279.48;19-mar-16;04:28:00;279.484;35.0824;8.9455;3.9725;0.03975;11.93333;1.29667;19.8;35.078;0.07667;4.144
18TL16003_277;37;42.40172;-66.45296;429357;100.93;19-mar-16;04:35:00;100.932;33.7706;8.0222;5.184;0.14428;7.70667;0.95033;11.54;NaN;0.09667;NaN
18TL16003_277;37;42.40122;-66.45237;429358;50.16;19-mar-16;04:37:00;50.165;32.783;5.9666;6.0158;0.33321;5.37667;0.767;6.92;NaN;0.17667;NaN
18TL16003_277;37;42.40092;-66.452;429359;24.73;19-mar-16;04:38:00;24.733;32.1363;4.805;6.8698;0.51356;3.33;0.616;3.86;NaN;0.17333;NaN
18TL16003_277;37;42.40067;-66.4517;429360;5.14;19-mar-16;04:39:00;5.142;32.0102;4.7585;7.013;0.60802;3.34333;0.61233;3.47667;NaN;0.16;7.1985
18TL16003_279;38;42.39228;-66.92474;429361;351.11;19-mar-16;09:03:00;351.118;35.1085;8.7036;3.8409;0.02048;13.09333;1.40333;20.64667;35.104;0.06333;4.0225
18TL16003_279;38;42.39096;-66.92602;429362;50.18;19-mar-16;09:12:00;50.182;32.8147;5.9553;6.654;0.29899;5.21;0.73567;7.55333;NaN;0.24667;NaN
18TL16003_279;38;42.39086;-66.92597;429363;25.02;19-mar-16;09:13:00;25.027;32.6731;5.9061;6.8927;1.20747;5.09333;0.723;6.49;NaN;0.24;NaN
18TL16003_279;38;42.39074;-66.92596;429364;5.14;19-mar-16;09:14:00;5.143;32.672;5.8863;6.8884;1.10398;5.03;0.70733;6.54333;NaN;0.23333;7.0955
18TL16003_280;39;42.45926;-67.12244;429365;350.19;19-mar-16;11:55:00;350.198;35.113;8.7844;3.8509;0.03493;13.02333;1.383;20.50667;35.109;0.04333;4.058
18TL16003_280;39;42.45608;-67.12379;429366;50.92;19-mar-16;12:05:00;50.924;32.8912;6.0414;6.6306;0.32892;4.95;0.74767;8.06333;NaN;0.24667;NaN
18TL16003_280;39;42.45586;-67.1242;429367;24.83;19-mar-16;12:06:00;24.835;32.688;5.8854;6.8962;1.23047;4.98333;0.70767;6.10333;NaN;0.24;NaN
18TL16003_280;39;42.45555;-67.12416;429368;5.07;19-mar-16;12:07:00;5.077;32.6869;5.8833;6.9317;1.24197;4.96667;0.70733;6.72333;NaN;0.22333;7.109
18TL16003_281;40;42.4686;-67.36896;429369;323.41;19-mar-16;14:46:00;323.41;35.1279;8.9844;3.6194;0.0277;13.7;1.44833;20.9;35.124;0.06;3.8035
18TL16003_281;40;42.46646;-67.36666;429370;100.96;19-mar-16;14:54:00;100.969;33.8409;8.0491;4.8629;0.06625;9.67333;1.10233;13.78;NaN;0.03667;NaN
18TL16003_281;40;42.46602;-67.36593;429371;50.81;19-mar-16;14:55:00;50.813;32.8175;5.9817;6.7047;0.35649;4.73;0.70433;6.54;NaN;0.26667;NaN
18TL16003_281;40;42.46571;-67.3656;429372;25.32;19-mar-16;14:57:00;25.322;32.7166;5.8833;6.865;1.13848;4.84;0.699;6.66667;NaN;0.25333;NaN
18TL16003_281;40;42.46546;-67.36537;429373;4.96;19-mar-16;14:58:00;4.965;32.7142;5.8788;6.8772;1.10398;4.93333;0.701;6.82;NaN;0.26;7.076
18TL16003_282;41;42.64397;-67.34116;429374;264.02;19-mar-16;18:07:00;264.021;35.1261;9.1712;3.5568;0.02168;13.74333;1.413;20.70333;35.122;0.06;3.722
18TL16003_282;41;42.6417;-67.33974;429375;50.17;19-mar-16;18:15:00;50.179;32.5425;5.5953;6.5537;0.51749;5.56;0.755;7.34333;NaN;0.16;NaN
18TL16003_282;41;42.6415;-67.33946;429376;24.03;19-mar-16;18:16:00;24.039;32.3866;5.396;6.828;0.68998;4.75667;0.69133;6.21667;NaN;0.17667;NaN
18TL16003_282;41;42.64118;-67.33922;429377;6.15;19-mar-16;18:17:00;6.156;32.3854;5.396;6.8202;0.77048;4.98;0.69533;6.34667;NaN;0.19;7.0245
18TL16003_283;42;42.90922;-67.12138;429378;250.49;20-mar-16;00:51:00;250.497;34.8718;9.2961;3.8084;0.02649;12.82;1.30033;18.95333;34.867;0.05;4.0375
18TL16003_283;42;42.90948;-67.12112;429379;50.56;20-mar-16;00:58:00;50.567;32.7951;5.9213;6.7552;0.45999;4.30667;0.715;6.41333;NaN;0.26;NaN
18TL16003_283;42;42.9095;-67.12102;429380;24.71;20-mar-16;00:59:00;24.715;32.3987;5.4417;6.946;0.94298;3.70667;0.619;4.83667;NaN;0.19667;NaN
18TL16003_283;42;42.90948;-67.12098;429381;4.98;20-mar-16;01:00:00;4.983;32.1931;5.0844;7.0041;0.41399;3.51667;0.60933;3.51667;NaN;0.17333;7.1945
18TL16003_284;HL_02;44.27362;-63.3305;429229;165.24;11-mar-16;12:56:00;165.246;34.3154;8.9536;3.6614;0.15458;15.19333;1.29033;15.77667;34.307;0.09667;3.2845
18TL16003_284;HL_02;44.27429;-63.33147;429230;100.11;11-mar-16;13:00:00;100.11;32.1014;3.6725;6.4267;0.41651;6.25;0.798;6.39333;NaN;0.13;NaN
18TL16003_284;HL_02;44.27446;-63.33186;429231;75.81;11-mar-16;13:01:00;75.81;31.8714;2.8786;6.5813;0.20611;7.51;0.862;7.37;NaN;0.07333;NaN
18TL16003_284;HL_02;44.27456;-63.33235;429232;50.21;11-mar-16;13:02:00;50.217;31.3288;2.0381;7.589;1.24197;4.23667;0.68267;4.38667;NaN;0.14333;NaN
18TL16003_284;HL_02;44.2746;-63.33258;429233;39.59;11-mar-16;13:03:00;39.596;31.1477;1.4559;7.7707;0.33349;6.16333;0.765;5.95;31.025;0.15667;5.6145
18TL16003_284;HL_02;44.27464;-63.3328;429234;30.14;11-mar-16;13:03:00;30.14;30.8992;1.1251;7.8535;0.44849;6.22;0.752;5.65333;NaN;0.16333;NaN
18TL16003_284;HL_02;44.27468;-63.33306;429235;20;11-mar-16;13:04:00;20.006;30.8907;1.1123;7.8777;0.52899;6.47333;0.779;5.94333;NaN;0.18;NaN
18TL16003_284;HL_02;44.27476;-63.33336;429236;10.33;11-mar-16;13:04:00;10.336;30.8871;1.1078;7.8738;0.51749;6.33333;0.768;5.81333;NaN;0.16;NaN
18TL16003_284;HL_02;44.27484;-63.33359;429237;5.22;11-mar-16;13:05:00;5.226;30.8846;1.0997;7.8794;0.47149;6.43;0.74167;5.45333;NaN;0.16;NaN
18TL16003_284;HL_02;44.27496;-63.33389;429238;2.3;11-mar-16;13:05:00;2.306;30.884;1.0982;7.8781;0.45999;6.42333;0.777;5.73333;30.886;0.17333;8.0615
18TL16003_295;43;42.94437;-67.27286;429382;257.07;20-mar-16;03:55:00;257.079;34.8042;9.2277;3.813;0.03854;13.05;1.30733;18.85;34.802;0.06;3.9735
18TL16003_295;43;42.94118;-67.27056;429383;51.05;20-mar-16;04:03:00;51.056;32.6818;5.8534;6.5269;0.59799;5.54333;0.76967;6.86333;NaN;0.18;NaN
18TL16003_295;43;42.9406;-67.27022;429384;24.94;20-mar-16;04:04:00;24.949;32.5461;5.6202;6.7415;0.63248;5.14667;0.73367;7.11;NaN;0.17;NaN
18TL16003_295;43;42.94012;-67.27006;429385;5.18;20-mar-16;04:05:00;5.189;32.4961;5.5137;6.815;0.70148;5.02667;0.73033;6.86333;NaN;0.17;7.0005
18TL16003_296;44;43.0936;-66.9534;429386;179.58;20-mar-16;07:45:00;179.582;34.1044;8.3439;4.6151;0.07588;10.55667;1.14367;14.65667;34.101;0.05667;4.811
18TL16003_296;44;43.09274;-66.95386;429387;50.67;20-mar-16;07:50:00;50.675;32.6342;5.7171;6.7994;0.67848;4.03333;0.67333;5.66667;NaN;0.22667;NaN
18TL16003_296;44;43.09256;-66.95396;429388;24.95;20-mar-16;07:51:00;24.957;32.5966;5.6313;6.8787;0.74748;4.42667;0.667;5.50667;NaN;0.22667;NaN
18TL16003_296;44;43.0924;-66.95398;429389;5.15;20-mar-16;07:52:00;5.152;32.5935;5.6033;6.8886;0.73598;3.86333;0.66067;5.44667;NaN;0.22333;7.0695
18TL16003_297;45;43.19316;-67.39964;429390;177.42;20-mar-16;12:08:00;177.427;34.2123;8.6343;4.2777;0.04216;12.17;1.23367;15.81;34.208;0.05;4.423
18TL16003_297;45;43.19342;-67.39976;429391;49.99;20-mar-16;12:12:00;49.993;32.4388;5.2267;6.8858;0.60948;5.37;0.713;6.52333;NaN;0.19667;NaN
18TL16003_297;45;43.19346;-67.3999;429392;25.08;20-mar-16;12:14:00;25.081;32.4285;5.2024;6.9063;0.64398;5.32333;0.71;6.41333;NaN;0.20333;NaN
18TL16003_297;45;43.1935;-67.39998;429393;5.38;20-mar-16;12:15:00;5.382;32.427;5.1905;6.9128;0.68998;5.26333;0.70933;6.61;NaN;0.2;7.126
18TL16003_298;46;43.29046;-67.45242;429394;204.65;20-mar-16;14:43:00;204.658;34.2646;8.638;4.0018;0.02288;16.04333;1.31633;16.84667;34.258;0.07;4.202
18TL16003_298;46;43.28956;-67.45208;429395;49.8;20-mar-16;14:48:00;49.804;32.568;5.4785;6.7309;0.36799;5.79;0.74733;7.28333;NaN;0.15667;NaN
18TL16003_298;46;43.28936;-67.45196;429396;25;20-mar-16;14:50:00;25.001;32.3839;5.128;6.9954;1.06948;4.97333;0.67233;5.93333;NaN;0.2;NaN
18TL16003_298;46;43.28916;-67.45184;429397;4.81;20-mar-16;14:51:00;4.812;32.3813;5.146;7.0085;1.01198;4.88;0.66767;5.68;NaN;0.2;7.205
18TL16003_299;47;43.3851;-66.86244;429398;211.29;20-mar-16;19:03:00;211.292;34.0334;8.2315;4.5976;0.12045;10.84;1.15433;14.54333;34.026;0.08333;4.76
18TL16003_299;47;43.38612;-66.86278;429399;50.39;20-mar-16;19:09:00;50.392;32.862;6.0076;6.2148;0.25592;5.77333;0.82767;8.21667;NaN;0.19;NaN
18TL16003_299;47;43.3864;-66.86274;429400;25.07;20-mar-16;19:10:00;25.075;32.2833;5.0278;6.8923;0.77048;3.66667;0.62667;4.25333;NaN;0.17667;NaN
18TL16003_299;47;43.38674;-66.8626;429401;5.25;20-mar-16;19:11:00;5.251;32.0946;4.9002;6.9785;0.43699;3.75667;0.62433;4.24;NaN;0.17667;7.1665
18TL16003_300;48;43.63925;-66.7502;429402;108.3;20-mar-16;22:32:00;108.309;32.8432;5.9736;6.1824;0.23874;5.76333;0.812;7.73333;32.831;0.19;6.4085
18TL16003_300;48;43.64052;-66.75046;429403;50.35;20-mar-16;22:34:00;50.359;32.0517;4.5261;6.8417;0.41909;4.64;0.71633;5.20333;NaN;0.18333;NaN
18TL16003_300;48;43.64103;-66.75034;429404;24.93;20-mar-16;22:36:00;24.935;31.8935;4.1853;7.049;0.48779;4.41667;0.70233;4.9;NaN;0.17;NaN
18TL16003_300;48;43.64126;-66.75022;429405;5.07;20-mar-16;22:37:00;5.071;31.8942;4.292;7.0575;0.50067;4.35;0.714;4.95;NaN;0.16333;7.234
18TL16003_302;49;43.63302;-66.93622;429406;155.9;21-mar-16;01:35:00;155.908;33.9121;8.0609;4.7777;0.10134;10.16333;1.107;13.90333;33.9;0.07;4.967
18TL16003_302;49;43.63402;-66.93546;429407;50.18;21-mar-16;01:39:00;50.189;32.6988;5.7326;6.5537;0.58655;5.42667;0.776;7.53;NaN;0.19667;NaN
18TL16003_302;49;43.63426;-66.9354;429408;24.84;21-mar-16;01:40:00;24.843;32.4604;5.2598;6.9067;0.87398;4.72667;0.702;6.02667;NaN;0.20667;NaN
18TL16003_302;49;43.6344;-66.93548;429409;4.84;21-mar-16;01:41:00;4.843;32.4596;5.3452;6.9145;0.75898;4.97;0.69267;5.8;NaN;0.19;7.0975
18TL16003_303;51;43.64604;-67.39162;429410;214.45;21-mar-16;06:26:00;214.45;34.4804;9.0072;4.0243;0.04457;12.66667;1.28467;16.83333;34.477;0.08;4.2285
18TL16003_303;51;43.64604;-67.39226;429411;100.77;21-mar-16;06:30:00;100.775;33.6268;7.5672;5.0786;0.12888;9.38667;1.04233;12.99333;NaN;0.07;NaN
18TL16003_303;51;43.64604;-67.39258;429412;50.64;21-mar-16;06:32:00;50.64;33.1027;6.5124;5.7625;0.28168;7.14667;0.89533;9.73;NaN;0.14667;NaN
18TL16003_303;51;43.64604;-67.39278;429413;25.11;21-mar-16;06:33:00;25.118;32.5913;5.5369;6.7421;0.63248;5.27667;0.76167;7.13333;NaN;0.21;NaN
18TL16003_303;51;43.64604;-67.39294;429414;5.1;21-mar-16;06:34:00;5.104;32.5298;5.3473;6.8393;0.55199;4.83667;0.71;6.22333;NaN;0.19333;7.0445
18TL16003_306;52;43.75202;-67.12372;429415;172.28;21-mar-16;10:35:00;172.289;34.2516;8.6451;4.297;0.06745;11.52667;1.19933;15.48333;34.247;0.07333;4.464
18TL16003_306;52;43.75244;-67.12452;429416;51.85;21-mar-16;10:39:00;51.85;32.7251;5.7638;6.4905;0.40249;5.53667;0.77067;7.62;NaN;0.19667;NaN
18TL16003_306;52;43.75258;-67.12488;429417;25.14;21-mar-16;10:41:00;25.142;32.4031;5.1423;6.92;0.65549;4.45;0.66967;5.62;NaN;0.17333;NaN
18TL16003_306;52;43.75272;-67.1252;429418;5.28;21-mar-16;10:42:00;5.289;32.3352;4.9147;6.9684;0.79348;3.95333;0.65433;5.29333;NaN;0.17667;7.151
18TL16003_307;53;44.09696;-67.00126;429419;159.38;21-mar-16;14:25:00;159.38;33.5809;7.472;5.1278;0.17862;8.84333;1.07533;12.56333;33.574;0.14667;5.32
18TL16003_307;53;44.09602;-67.00266;429420;51.24;21-mar-16;14:29:00;51.244;32.2786;4.9226;6.8611;0.57367;5.16667;0.7;6.08667;NaN;0.15333;NaN
18TL16003_307;53;44.09583;-67.00303;429421;25.38;21-mar-16;14:30:00;25.386;32.1399;4.6461;6.9174;0.59514;5.20333;0.704;5.68667;NaN;0.16;NaN
18TL16003_307;53;44.09576;-67.00332;429422;5.16;21-mar-16;14:31:00;5.165;32.114;4.5792;6.9401;0.6252;4.62;0.684;5.30667;NaN;0.16;7.118
18TL16003_308;54;44.26655;-66.65224;429423;190.6;21-mar-16;17:45:00;190.601;33.1308;6.6778;5.6385;0.17433;7.67;0.937;10.01;33.137;0.12667;5.8845
18TL16003_308;54;44.2663;-66.65247;429424;177.92;21-mar-16;17:45:00;177.928;32.9806;6.3698;5.7819;NaN;NaN;NaN;NaN;NaN;NaN;NaN
18TL16003_308;54;44.26425;-66.65451;429425;50.21;21-mar-16;17:50:00;50.21;32.202;4.9507;6.6506;0.24304;5.37333;0.75267;6.42;NaN;0.15667;NaN
18TL16003_308;54;44.2637;-66.65507;429426;24.24;21-mar-16;17:51:00;24.24;32.1711;4.8988;6.6652;0.3375;5.25;0.738;6.37333;NaN;0.15333;NaN
18TL16003_308;54;44.26326;-66.65556;429427;5.07;21-mar-16;17:52:00;5.07;32.0835;4.7108;6.7744;0.39762;5.33667;0.73767;6.37333;NaN;0.16;6.9475
18TL16003_310;55;44.80044;-66.41912;429428;155.03;22-mar-16;00:18:00;155.035;32.2488;5.0209;6.7599;0.26451;6.23333;0.847;7.12333;32.241;0.15667;6.9665
18TL16003_310;55;44.8004;-66.41906;429429;50.68;22-mar-16;00:22:00;50.68;32.1597;4.7427;6.8996;0.40621;6.15667;0.74933;6.81667;NaN;0.11333;NaN
18TL16003_310;55;44.80053;-66.41914;429430;24.83;22-mar-16;00:23:00;24.832;32.1545;4.7153;6.9252;0.45344;6.15667;0.75333;6.80667;NaN;0.11667;NaN
18TL16003_310;55;44.80054;-66.41902;429431;4.57;22-mar-16;00:24:00;4.573;32.1541;4.7094;6.9263;0.46203;5.82667;0.733;6.48;NaN;0.11667;7.097
18TL16003_311;56;44.92174;-66.54677;429432;80.54;22-mar-16;02:52:00;80.546;32.1193;4.5713;6.8258;0.28168;7.35;0.93167;8.16667;32.117;0.20333;6.961
18TL16003_311;56;44.92114;-66.54601;429433;51.49;22-mar-16;02:54:00;51.494;32.1117;4.5625;6.8358;0.22157;7.27333;0.88767;8.22667;NaN;0.16;NaN
18TL16003_311;56;44.92089;-66.54549;429434;25.38;22-mar-16;02:56:00;25.388;31.4926;3.7847;7.131;0.2688;8.00667;0.84933;8.45333;NaN;0.14333;NaN
18TL16003_311;56;44.92074;-66.54513;429435;5.14;22-mar-16;02:56:00;5.145;30.3954;2.8674;7.3607;0.36756;10.52667;0.83367;8.82;NaN;0.17;7.5315
18TL16003_312;57;45.06204;-66.33278;429436;56.86;22-mar-16;05:36:00;56.867;31.8669;4.1893;6.948;0.35649;7.73;1.026;8.2;31.866;0.29;7.153
18TL16003_312;57;45.06172;-66.33281;429437;50.32;22-mar-16;05:37:00;50.32;31.8748;4.2006;6.9554;0.28749;7.71;0.994;8.12333;NaN;0.26667;NaN
18TL16003_312;57;45.06146;-66.33284;429438;25.28;22-mar-16;05:39:00;25.285;31.7419;4.0274;7.0091;0.31603;7.91;0.90433;8.31667;NaN;0.17;NaN
18TL16003_312;57;45.06128;-66.33288;429439;4.99;22-mar-16;05:40:00;4.994;28.3474;2.1407;7.5383;0.27739;13.56667;0.817;9.86;NaN;0.18667;7.65
18TL16003_313;58;44.96986;-66.15152;429440;103.24;22-mar-16;08:03:00;103.244;31.9846;4.3377;6.9321;0.35038;6.48333;0.82733;7.48667;31.98;0.13333;7.074
18TL16003_313;58;44.96886;-66.15154;429441;49.93;22-mar-16;08:05:00;49.931;31.9822;4.3087;6.9488;0.38474;6.63;0.838;7.62667;NaN;0.14333;NaN
18TL16003_313;58;44.96832;-66.15156;429442;25.17;22-mar-16;08:07:00;25.171;31.9796;4.2898;6.9605;0.37185;6.51667;0.83667;7.60667;NaN;0.14;NaN
18TL16003_313;58;44.96779;-66.1517;429443;5.35;22-mar-16;08:08:00;5.353;31.98;4.2788;6.9677;0.38044;6.59667;0.84;7.37;NaN;0.15;7.139
18TL16003_314;59;45.06178;-66.09894;429444;86.19;22-mar-16;10:26:00;86.196;31.8918;3.9775;7.0139;0.32892;6.96333;0.89133;7.96667;31.886;0.2;7.222
18TL16003_314;59;45.06138;-66.09868;429445;51.55;22-mar-16;10:28:00;51.551;31.888;3.9543;7.0402;0.23874;6.97667;0.87533;7.88;NaN;0.17333;NaN
18TL16003_314;59;45.0615;-66.09876;429446;24.88;22-mar-16;10:29:00;24.88;31.8653;3.8395;7.0675;0.30744;6.96;0.86733;8.01;NaN;0.16667;NaN
18TL16003_314;59;45.06146;-66.09847;429447;4.72;22-mar-16;10:30:00;4.728;29.5902;2.6448;7.419;0.3418;11.90667;0.86533;9.68667;NaN;0.21;7.5675
18TL16003_316;60;45.22844;-65.63379;429448;56.42;22-mar-16;14:17:00;56.425;31.7486;2.4737;7.4223;0.5636;7.17667;0.96533;8.54333;31.745;0.27667;7.578
18TL16003_316;60;45.22832;-65.63308;429449;25.89;22-mar-16;14:19:00;25.896;31.7469;2.468;7.4299;0.52899;7.17;0.97967;8.49667;NaN;0.27333;NaN
18TL16003_316;60;45.22826;-65.63269;429450;5.93;22-mar-16;14:20:00;5.933;31.7409;2.4555;7.4382;0.45999;6.81;0.94367;8.23;NaN;0.26333;7.528
18TL16003_317;61;45.10709;-65.6687;429451;80.32;22-mar-16;16:36:00;80.328;31.8562;2.6334;7.3876;0.57499;6.94333;1.103;8.28667;31.852;0.39333;7.5565
18TL16003_317;61;45.10648;-65.66894;429452;50.5;22-mar-16;16:38:00;50.5;31.8012;2.571;7.4017;0.44849;7.12;0.96033;8.60667;NaN;0.26;NaN
18TL16003_317;61;45.10606;-65.66894;429453;24.43;22-mar-16;16:39:00;24.439;31.7524;2.521;7.4178;0.41399;7.29;0.97667;8.61667;NaN;0.26333;NaN
18TL16003_317;61;45.10569;-65.66894;429454;4.98;22-mar-16;16:40:00;4.981;31.7446;2.5308;7.4135;0.45999;7.13333;0.92967;8.38;NaN;0.23333;7.5755
18TL16003_318;62;45.03566;-65.32884;429455;65.3;22-mar-16;20:36:00;65.307;32.0301;3.9154;7.15;0.74748;5.03333;0.73867;6.83;32.028;0.17;7.3165
18TL16003_318;62;45.03518;-65.3294;429456;26.05;22-mar-16;20:38:00;26.051;32.0345;3.9085;7.1485;0.70148;4.87333;0.72333;6.56667;NaN;0.15;NaN
18TL16003_318;62;45.03476;-65.32944;429457;5.91;22-mar-16;20:40:00;5.913;32.0345;3.9068;7.1602;0.64399;5.15333;0.72467;6.64;NaN;0.17333;7.272
18TL16003_319;63;44.99846;-65.65854;429458;86.57;22-mar-16;23:57:00;86.575;31.9316;3.6942;7.1764;0.48299;5.85;0.78567;7.21333;31.927;0.18;7.3545
18TL16003_319;63;44.9985;-65.65751;429459;49.94;22-mar-16;23:58:00;49.94;31.9359;3.7363;7.1618;0.55199;5.60333;0.76333;7.31;NaN;0.17667;NaN
18TL16003_319;63;44.99852;-65.65704;429460;24.39;23-mar-16;00:00:00;24.392;31.938;3.7525;7.1586;0.51749;5.5;0.75033;7.23333;NaN;0.16667;NaN
18TL16003_319;63;44.99878;-65.65682;429461;4.54;23-mar-16;00:00:00;4.548;31.9383;3.7366;7.1548;0.48299;5.71667;0.76333;7.23;NaN;0.16667;7.3
18TL16003_320;64;44.8431;-65.87795;429462;104.04;23-mar-16;03:56:00;104.043;32.0364;4.5073;6.9673;0.47149;5.49;0.744;6.61667;32.039;0.18;7.1565
18TL16003_320;64;44.84276;-65.87746;429463;50.46;23-mar-16;03:58:00;50.463;32.0372;4.5002;6.9787;0.41399;5.44;0.734;6.57333;NaN;0.16667;NaN
18TL16003_320;64;44.84254;-65.87736;429464;24.89;23-mar-16;03:59:00;24.89;32.0387;4.4957;6.9907;0.42549;5.54;0.733;6.66;NaN;0.16667;NaN
18TL16003_320;64;44.84234;-65.87734;429465;4.56;23-mar-16;04:00:00;4.565;32.0384;4.4901;6.9917;0.47149;5.68333;0.756;5.95667;NaN;0.17667;7.109
18TL16003_321;65;44.70206;-65.98412;429466;89.26;23-mar-16;07:08:00;89.267;31.9776;4.519;6.9421;0.44849;5.19;0.72333;6.16667;31.976;0.18;7.1405
18TL16003_321;65;44.70181;-65.98514;429467;50.57;23-mar-16;07:10:00;50.572;31.9744;4.5107;6.9527;0.44849;5.63333;0.752;6.79333;NaN;0.17667;NaN
18TL16003_321;65;44.70162;-65.98576;429468;25.17;23-mar-16;07:11:00;25.173;31.9738;4.5076;6.9504;0.43699;5.88667;0.78967;5.08667;NaN;0.19333;NaN
18TL16003_321;65;44.70144;-65.98631;429469;5.05;23-mar-16;07:12:00;5.054;31.9719;4.4927;6.95;0.42549;5.42;0.732;4.96667;NaN;0.16667;7.127
18TL16003_322;66;44.86328;-66.09154;429470;107.19;23-mar-16;10:19:00;107.194;32.0124;4.3359;7.0146;0.49449;NaN;NaN;NaN;NaN;NaN;NaN
18TL16003_322;66;44.86348;-66.09106;429471;50.47;23-mar-16;10:21:00;50.474;32.01;4.3189;7.0282;0.40249;5.49667;0.75733;6.04333;32.008;0.14333;7.209
18TL16003_322;66;44.86356;-66.0908;429472;24.91;23-mar-16;10:22:00;24.915;32.0083;4.3133;7.02;0.37949;5.39;0.73867;5.22;NaN;0.14333;NaN
18TL16003_322;66;44.86362;-66.09056;429473;4.6;23-mar-16;10:23:00;4.605;31.9927;4.2603;7.041;0.40249;5.74333;0.74567;6.21667;NaN;0.14333;7.173
18TL16003_324;67;43.56946;-66.59194;429474;109.24;24-mar-16;02:46:00;109.24;32.8056;5.9244;6.2582;0.23015;5.63;0.80667;6.96667;32.801;0.18667;6.476
18TL16003_324;67;43.57078;-66.59218;429475;50.87;24-mar-16;02:49:00;50.873;32.1711;4.7177;6.8968;0.56079;4.54667;0.71733;5.56;NaN;0.18667;NaN
18TL16003_324;67;43.57121;-66.59226;429476;24.64;24-mar-16;02:50:00;24.643;31.9308;4.3212;7.0244;0.49449;4.36333;0.69433;5.29333;NaN;0.18333;NaN
18TL16003_324;67;43.57157;-66.59232;429477;4.23;24-mar-16;02:51:00;4.239;31.6506;3.9167;7.1703;0.50599;4.16;0.68433;4.44333;NaN;0.18667;7.355
18TL16003_325;68;43.39106;-64.97819;429478;162.52;24-mar-16;13:27:00;162.529;33.5582;7.4797;4.5274;0.10133;11.47667;1.11067;11.56;33.559;0.13;4.7235
18TL16003_325;68;43.38976;-64.98033;429479;50.87;24-mar-16;13:31:00;50.878;31.2328;2.3508;7.4775;0.16446;4.79333;0.689;4.19;NaN;0.19;NaN
18TL16003_325;68;43.38944;-64.98078;429480;25.06;24-mar-16;13:32:00;25.065;30.8194;2.2856;7.593;0.40191;5.18333;0.679;4.12;NaN;0.18667;NaN
18TL16003_325;68;43.3891;-64.98122;429481;5.42;24-mar-16;13:33:00;5.42;30.7901;2.2994;7.5996;0.65548;5.15;0.671;4.11333;NaN;0.18333;7.691
18TL16003_326;6;44.17866;-63.48748;429239;144.68;14-mar-16;23:39:00;144.686;34.2389;8.9502;3.9153;0.1958;12.87667;1.189;14.14333;34.106;0.13667;4.19
18TL16003_326;6;44.1789;-63.48918;429240;50.59;14-mar-16;23:43:00;50.594;31.5535;2.1041;7.0612;0.19151;6.99;0.84267;7.01;NaN;0.07333;NaN
18TL16003_326;6;44.17894;-63.48968;429241;25.3;14-mar-16;23:44:00;25.305;31.0773;1.5364;7.8185;0.88548;5.55667;0.73367;4.98;NaN;0.14333;NaN
18TL16003_326;6;44.17892;-63.49006;429242;4.92;14-mar-16;23:45:00;4.923;31.0728;1.4964;7.8437;0.81648;5.6;0.751;5.04667;NaN;0.15667;7.9775
18TL16003_328;69;43.45264;-64.79116;429482;93.26;24-mar-16;16:20:00;93.261;32.2367;4.5904;6.4619;0.1958;4.75333;0.708;5.02667;32.22;0.18667;6.678
18TL16003_328;69;43.45276;-64.79146;429483;50.65;24-mar-16;16:22:00;50.653;31.4643;2.9858;7.4319;0.65821;3.29;0.588;3.07333;NaN;0.16667;NaN
18TL16003_328;69;43.45286;-64.79166;429484;24.22;24-mar-16;16:23:00;24.223;31.3486;2.7252;7.5487;0.68998;3.66;0.61567;3.1;NaN;0.16;NaN
18TL16003_328;69;43.45296;-64.79186;429485;5;24-mar-16;16:24:00;5.004;31.344;2.7127;7.57;0.89698;3.52333;0.62533;3.04333;NaN;0.16;7.7205
18TL16003_330;71;43.25106;-64.84014;429486;109.44;24-mar-16;21:43:00;109.445;33.2772;6.9325;5.6461;0.1228;5.19;0.73067;6.46667;33.274;0.16333;5.8625
18TL16003_330;71;43.25161;-64.84086;429487;50.32;24-mar-16;21:45:00;50.323;32.2677;4.671;6.9734;0.4792;1.75333;0.495;1.9;NaN;0.14333;NaN
18TL16003_330;71;43.2519;-64.84116;429488;24.9;24-mar-16;21:47:00;24.906;31.5646;3.2643;7.4686;0.71298;2.92333;0.576;2.48333;NaN;0.14667;NaN
18TL16003_330;71;43.25214;-64.8414;429489;4.9;24-mar-16;21:48:00;4.9;31.5611;3.2498;7.4815;0.68998;2.77667;0.591;2.46333;NaN;0.14333;7.5645
18TL16003_333;72;44.27516;-63.32707;429490;180.37;25-mar-16;08:16:00;180.375;34.6223;9.7906;3.2948;0.06986;14.92;1.37233;16.09;34.62;0.08;3.525
18TL16003_333;72;44.27588;-63.32889;429491;102.3;25-mar-16;08:20:00;102.307;33.6105;8.0522;5.4347;0.09877;3.07;0.684;6.18333;NaN;0.19667;NaN
18TL16003_333;72;44.27616;-63.32956;429492;75.88;25-mar-16;08:21:00;75.884;32.908;6.0286;6.3;0.18721;2.18333;0.57133;3.09;NaN;0.17;NaN
18TL16003_333;72;44.27646;-63.33034;429493;50.92;25-mar-16;08:23:00;50.928;32.3164;4.3928;7.0378;0.68961;0.86667;0.497;0.96667;NaN;0.10333;NaN
18TL16003_333;72;44.27661;-63.33083;429494;41.19;25-mar-16;08:23:00;41.191;32.2942;4.3331;7.0805;0.68998;0.77667;0.44533;0.93667;32.297;0.11333;7.2615
18TL16003_333;72;44.27676;-63.33132;429495;29.51;25-mar-16;08:24:00;29.513;32.2589;4.3367;7.0476;0.81648;0.87667;0.46733;1.09667;NaN;0.12667;NaN
18TL16003_333;72;44.27686;-63.33178;429496;19.89;25-mar-16;08:25:00;19.894;32.1941;4.0408;7.1684;1.13848;0.65667;0.473;0.71667;NaN;0.10333;NaN
18TL16003_333;72;44.27696;-63.33222;429497;9.9;25-mar-16;08:26:00;9.908;32.1881;4.0328;7.1774;1.19598;0.64667;0.45567;0.75667;NaN;0.11;NaN
18TL16003_333;72;44.27705;-63.33256;429498;5.16;25-mar-16;08:26:00;5.162;32.1909;4.0379;7.1625;1.18447;0.72667;0.455;0.78333;NaN;0.10667;NaN
18TL16003_333;72;44.2771;-63.33282;429499;2.19;25-mar-16;08:27:00;2.198;32.2103;4.0986;7.1526;0.87398;0.71;0.451;0.82;32.212;0.1;7.2755
18TL16003_339;7;44.13544;-63.4481;429243;144.71;15-mar-16;01:47:00;144.712;34.3253;9.296;3.8308;0.13569;11.77;1.17533;14.9;34.313;0.08;4.03
18TL16003_339;7;44.13564;-63.44979;429244;50.15;15-mar-16;01:51:00;50.155;31.7548;3.151;7.3924;1.63297;2.45667;0.58733;2.96667;NaN;0.12;NaN
18TL16003_339;7;44.13582;-63.4502;429245;25.04;15-mar-16;01:52:00;25.043;31.4492;2.4063;7.7611;2.60992;2.89667;0.60067;2.70333;NaN;0.13;NaN
18TL16003_339;7;44.13586;-63.4508;429246;4.72;15-mar-16;01:54:00;4.728;31.4479;2.4242;7.7742;NaN;NaN;NaN;NaN;NaN;NaN;NaN
