CTD;CTD;CTD;CTD;CTD;CTD;CTD;CTD;CTD;CTD;CTD;labo;labo;labo;labo;labo;labo;CTD;labo
Fichier;Station;Latitude;Longitude;Echantillon;zbouteille;Date;Heure;PSAL;TE90;DOXY;OXYM_01;Si_01;NO2_01;NOx_01;PO4_01;CHL_01;FLOR;CHL_04
(nom);(nom/no);(degres);(degres);(no_unique);(dbar);(jj-mmm-yyyy);(GMT);(psu);(celsius);(ml/l);(mmol/m**3);(mmol/m**3);(mmol/m**3);(mmol/m**3);(mmol/m**3);(mg/m**3);(mg/m**3);(mg/m**3)
18TL17008_1596;1001;46.837;-64.6755;421515;20.03;11-jun-17;15:04:00;28.54;4.78;308.91322;6.8865;11.375;0.12;5.32333;0.57;NaN;0.451;1.65
18TL17008_1596;1001;46.837;-64.6755;421516;2.38;11-jun-17;15:04:00;25.78;11.98;326.2413;7.097;6.605;0.04333;1.46667;0.15333;NaN;1.209;4.12
18TL17008_1597;1021;47.16733;-64.24667;421517;37.68;11-jun-17;19:09:00;30.04;1.46;312.30738;6.735;6.305;0.08333;2.36;0.69667;NaN;0.287;0.37
18TL17008_1597;1021;47.16733;-64.24667;421518;26.48;11-jun-17;19:09:00;29.73;3.87;349.55382;7.7115;3.195;0.06;1.82333;0.36333;NaN;0.251;0.67
18TL17008_1597;1021;47.16733;-64.24667;421519;2.08;11-jun-17;19:09:00;27.37;10.7;365.36346;8.2485;0.105;0.01;0.09;0.01333;NaN;2.398;3.935
18TL17008_1598;1041;47.5005;-63.76217;421520;61.08;11-jun-17;23:50:00;31.02;-1.24;300.1152;6.5575;10.475;0.155;7.72;1.175;NaN;0.18;0.185
18TL17008_1598;1041;47.5005;-63.76217;421521;25.38;11-jun-17;23:50:00;30.06;1.93;342.58686;7.6485;4.94;0.16;3.68;0.625;NaN;0.2;0.2
18TL17008_1598;1041;47.5005;-63.76217;421522;1.59;11-jun-17;23:50:00;26.66;10.89;349.37518;7.885;2.425;0.02;0.14667;0.02;NaN;4.677;7.455
18TL17008_1599;1061;46.85967;-63.7575;421523;30.94;12-jun-17;04:06:00;30.11;1.81;321.59666;7.3075;3.265;0.03;0.235;0.33;NaN;0.939;3.28
18TL17008_1599;1061;46.85967;-63.7575;421524;2.08;12-jun-17;04:06:00;28.05;10.45;331.33254;7.519;0.13;0.01667;0.08;0.02333;NaN;2.745;3.355
18TL17008_1600;1071;46.5005;-63.25083;421525;20.23;12-jun-17;07:46:00;28.45;10.16;303.42004;6.8725;0.84;0.02;0.08667;0.1;NaN;1.258;1.905
18TL17008_1600;1071;46.5005;-63.25083;421526;1.98;12-jun-17;07:46:00;28.39;10.42;298.90938;6.8145;0.895;0.01;0.105;0.085;NaN;1.213;1.78
18TL17008_1601;1091;47.1675;-63.2385;421527;60.19;12-jun-17;12:19:00;30.97;-1.2;311.86078;6.8295;3.955;0.115;6.65;1.03;NaN;0.344;0.485
18TL17008_1601;1091;47.1675;-63.2385;421528;26.28;12-jun-17;12:19:00;30.2;3.04;361.87998;7.9185;0.97;0.05;1.26;0.32;NaN;1.711;1.89
18TL17008_1601;1091;47.1675;-63.2385;421529;2.58;12-jun-17;12:19:00;29.89;7.88;339.416;7.6;0.765;0.005;0.13;0.025;NaN;0.438;1.845
18TL17008_1602;1131;46.836;-62.7495;421530;51.17;12-jun-17;21:53:00;31.08;-1.08;318.11318;7.0905;3.57;0.09667;5.56;0.92667;NaN;0.298;0.69
18TL17008_1602;1131;46.836;-62.7495;421531;24.69;12-jun-17;21:53:00;30.38;5.98;357.63728;8.0275;0.085;0.01;0.175;0.095;NaN;1.758;2.68
18TL17008_1602;1131;46.836;-62.7495;421532;2.48;12-jun-17;21:53:00;30.27;7.07;348.1247;7.817;0.08;0.015;0.085;0.03;NaN;1.071;1.75
18TL17008_1603;1151;46.56917;-62.25167;421533;38.67;13-jun-17;02:25:00;30.48;1.52;340.39852;7.546;2.55;0.04;0.36;0.365;NaN;0.68;1.915
18TL17008_1603;1151;46.56917;-62.25167;421534;25.09;13-jun-17;02:25:00;30.03;3.45;334.63738;7.5255;2.15;0.035;0.22;0.32;NaN;0.942;2.335
18TL17008_1603;1151;46.56917;-62.25167;421535;1.88;13-jun-17;02:25:00;28.66;10.66;297.4356;6.933;1.5;0.02;0.24;0.115;NaN;0.96;1.71
18TL17008_1604;1181;47.1605;-61.752;421536;25.88;13-jun-17;09:17:00;30.78;4.74;345.2218;7.755;0.42;0.02;0.065;0.215;NaN;2.139;2.795
18TL17008_1604;1181;47.1605;-61.752;421537;2.08;13-jun-17;09:17:00;30.61;8.09;320.6588;7.3435;0.205;0.01;0.075;0.155;NaN;0.882;1.27
18TL17008_1605;1221;45.83717;-62.24633;421538;25.39;13-jun-17;19:41:00;29.48;4.53;319.5423;7.188;3.71;0.03;0.445;0.405;NaN;0.574;1.28
18TL17008_1605;1221;45.83717;-62.24633;421539;2.38;13-jun-17;19:41:00;29.18;10.28;309.35982;7.053;1.05;0.01667;0.10667;0.17667;NaN;0.451;0.605
18TL17008_1606;1241;46.1665;-61.746;421540;46.71;14-jun-17;00:37:00;30.66;0.91;342.00628;7.6325;3.65;0.04;1.07;0.535;NaN;0.793;1.195
18TL17008_1606;1241;46.1665;-61.746;421541;24.69;14-jun-17;00:37:00;29.99;5.26;350.49168;7.886;0.89;0.01333;0.09667;0.17;NaN;1.31;3.1
18TL17008_1606;1241;46.1665;-61.746;421542;1.59;14-jun-17;00:37:00;29.57;10.01;316.6394;7.2635;0.6;0.00667;0.08667;0.06333;NaN;0.742;0.94
18TL17008_1607;1251;46.49833;-61.24783;421543;50.67;14-jun-17;03:38:00;30.65;0.36;344.23928;7.735;3.43;0.045;1.24;0.535;NaN;0.423;0.74
18TL17008_1607;1251;46.49833;-61.24783;421544;25.68;14-jun-17;03:38:00;30.13;3.26;345.17714;7.735;2.465;0.035;0.545;0.405;NaN;1.336;1.71
18TL17008_1607;1251;46.49833;-61.24783;421545;0.2;14-jun-17;03:38:00;29.55;9.85;313.64718;7.3905;0.855;0.01333;0.1;0.12;NaN;0.377;1.185
18TL17008_1608;1271;47.1695;-61.247;421546;43.43;14-jun-17;08:38:00;31.82;0.27;304.98314;6.845;9.23;0.15;5.605;0.93;NaN;0.266;NaN
18TL17008_1608;1271;47.1695;-61.247;421547;25.19;14-jun-17;08:38:00;31.21;-0.24;350.22372;7.7015;1.62;0.08;2.71;0.7;NaN;0.353;NaN
18TL17008_1608;1271;47.1695;-61.247;421548;2.88;14-jun-17;08:38:00;30.46;7.63;329.50148;7.461;0.085;0.00667;0.07;0.05;NaN;0.923;NaN
18TL17008_1609;1291;47.49867;-60.757;421549;49.68;14-jun-17;13:53:00;31.72;0.35;310.87826;6.917;6.12;0.1;4.555;0.86;NaN;0.366;0.655
18TL17008_1609;1291;47.49867;-60.757;421550;26.57;14-jun-17;13:53:00;31.02;1.3;363.979;8.138;0.33;0.03;0.405;0.365;NaN;3.605;5.71
18TL17008_1609;1291;47.49867;-60.757;421551;1.98;14-jun-17;13:53:00;30.66;7.21;327.49178;7.4115;0.095;0.005;0.085;0.095;NaN;0.357;1.135
18TL17008_1610;1311;47.83933;-61.25183;421552;16.16;14-jun-17;19:11:00;31.02;6.66;330.9306;7.4835;0.615;0.00667;0.12;0.27333;NaN;0.577;0.735
18TL17008_1610;1311;47.83933;-61.25183;421553;3.47;14-jun-17;19:11:00;31.01;6.83;328.6976;7.449;0.58;0.01;0.095;0.27667;NaN;0.282;0.725
18TL17008_1611;1381;47.58333;-61.83233;421557;27.57;15-jun-17;12:21:00;31.13;4.54;314.27242;7.062;0.775;0.015;0.14;0.55;NaN;1.925;2.985
18TL17008_1611;1381;47.58333;-61.83233;421558;1.78;15-jun-17;12:21:00;30.93;7.91;317.35396;7.2625;0.21;0.00333;0.08;0.2;NaN;0.536;1.04
18TL17008_1612;1401;47.83117;-62.2485;421559;54.33;15-jun-17;17:25:00;32.15;-0.1;267.20078;6.324;7.965;0.115;7.195;1.13667;NaN;0.134;0.265
18TL17008_1612;1401;47.83117;-62.2485;421560;25.58;15-jun-17;17:25:00;30.91;4.22;359.2897;7.7555;2.145;0.04;1.965;0.5;NaN;3.282;2.49
18TL17008_1612;1401;47.83117;-62.2485;421561;2.28;15-jun-17;17:25:00;30.38;8.11;328.9209;7.4305;1.08;0.005;0.08;0.145;NaN;0.321;1.37
18TL17008_1613;1471;47.833;-63.2595;421577;77.73;16-jun-17;10:33:00;31.55;-0.87;309.4938;6.8275;11.77;0.13;7.765;1.15;NaN;0.119;0.17
18TL17008_1613;1471;47.833;-63.2595;421578;25.09;16-jun-17;10:33:00;30.01;2.32;356.8334;7.903;4.02;0.205;3.725;0.605;NaN;0.579;0.855
18TL17008_1613;1471;47.833;-63.2595;421579;2.97;16-jun-17;10:33:00;27.79;10.61;334.95;7.467;1.84;0.025;0.11;0.02;NaN;1.251;2.355
18TL17008_1614;1481;47.79167;-64.03033;421580;79.41;16-jun-17;14:10:00;31.69;-0.26;276.892;6.1815;20.79;0.14;10.86;1.32;NaN;0.114;0.155
18TL17008_1614;1481;47.79167;-64.03033;421581;50.27;16-jun-17;14:10:00;30.84;-0.41;330.484;7.2265;9.95;0.205;7.86;1.03;NaN;0.134;0.105
18TL17008_1614;1481;47.79167;-64.03033;421582;25.09;16-jun-17;14:10:00;29.45;3.63;332.9403;NaN;7.735;0.185;6.08;0.845;NaN;0.42;0.27
18TL17008_1614;1481;47.79167;-64.03033;421583;15.57;16-jun-17;14:10:00;28.32;4.63;327.40246;NaN;7.75;0.15;4.685;0.56;NaN;2.715;1.305
18TL17008_1614;1481;47.79167;-64.03033;421584;5.55;16-jun-17;14:10:00;26.68;10.82;341.2024;7.639;3.905;0.02333;0.37;0.04333;NaN;2.242;3.465
18TL17008_1614;1481;47.79167;-64.03033;421585;2.48;16-jun-17;14:10:00;26.67;11.23;337.13834;NaN;3.42;0.01333;0.1;0.01667;NaN;1.333;3.045
18TL17008_1615;1661;47.91967;-69.77317;421670;108.26;19-jun-17;00:27:00;30.84;1.57;293.14824;6.4865;16.365;0.105;11.305;1.095;NaN;0.203;NaN
18TL17008_1615;1661;47.91967;-69.77317;421671;99.63;19-jun-17;00:27:00;30.83;1.57;293.23756;NaN;16.395;0.11;11.27;1.095;0.255;0.197;NaN
18TL17008_1615;1661;47.91967;-69.77317;421672;52.15;19-jun-17;00:27:00;29.86;1.87;304.08994;6.668;16.145;0.12;10.86;1.035;0.3;0.232;NaN
18TL17008_1615;1661;47.91967;-69.77317;421673;24.79;19-jun-17;00:27:00;27.82;3.22;308.95788;NaN;16.855;0.13;10.8;0.98;0.39;0.355;NaN
18TL17008_1615;1661;47.91967;-69.77317;421674;15.77;19-jun-17;00:27:00;24.56;4.97;309.62778;NaN;19.575;0.135;11.56;0.88;0.25;0.398;NaN
18TL17008_1615;1661;47.91967;-69.77317;421675;4.76;19-jun-17;00:27:00;17.89;9.35;304.67052;6.7945;24.255;0.13;14.595;0.69;0.39;0.571;NaN
18TL17008_1615;1661;47.91967;-69.77317;421676;2.18;19-jun-17;00:27:00;16.95;10.4;303.37538;NaN;25.205;0.13;15.255;0.64;0.47;0.592;NaN
18TL17008_1616;1671;47.7065;-69.9165;421677;91.41;19-jun-17;02:24:00;29.95;1.75;306.05498;6.7685;15.79;0.13;10.555;1.01;0.305;0.251;NaN
18TL17008_1616;1671;47.7065;-69.9165;421678;50.17;19-jun-17;02:24:00;29.56;1.93;307.43944;6.932;16.125;0.14;10.575;1;0.28;0.252;NaN
18TL17008_1616;1671;47.7065;-69.9165;421679;25.68;19-jun-17;02:24:00;26.6;3.64;307.9307;NaN;18.54;0.145;11.29;0.92;0.175;0.32;NaN
18TL17008_1616;1671;47.7065;-69.9165;421680;15.77;19-jun-17;02:24:00;25.05;4.4;306.23362;NaN;19.045;0.145;11.675;0.905;0.145;0.339;NaN
18TL17008_1616;1671;47.7065;-69.9165;421681;5.55;19-jun-17;02:24:00;20.51;6.98;304.1346;6.7035;22.335;0.135;13.625;0.775;0.15;0.445;NaN
18TL17008_1616;1671;47.7065;-69.9165;421682;1.69;19-jun-17;02:24:00;16.34;9.43;299.6686;NaN;24.72;0.135;15.27;0.675;0.195;0.566;NaN
18TL17008_1617;1681;47.53183;-70.1705;421683;82.29;19-jun-17;03:57:00;27.96;2.83;306.94818;6.773;17.52;0.14;11.25;0.955;0.485;0.333;NaN
18TL17008_1617;1681;47.53183;-70.1705;421684;50.57;19-jun-17;03:57:00;25.8;4.05;306.23362;6.7475;18.74;0.13;11.855;0.915;0.65;0.438;NaN
18TL17008_1617;1681;47.53183;-70.1705;421685;25.58;19-jun-17;03:57:00;24.03;5.05;304.8045;NaN;20.235;0.13;12.565;0.86;0.375;0.4;NaN
18TL17008_1617;1681;47.53183;-70.1705;421686;15.77;19-jun-17;03:57:00;20.17;7.49;303.0181;NaN;22.05;0.125;13.775;0.775;0.43;0.469;NaN
18TL17008_1617;1681;47.53183;-70.1705;421687;5.45;19-jun-17;03:57:00;17.5;9.54;303.0181;6.7115;24.065;0.125;14.835;0.705;0.4;0.498;NaN
18TL17008_1617;1681;47.53183;-70.1705;421688;1.69;19-jun-17;03:57:00;17.42;9.7;301.36568;NaN;24.195;0.13;15.23;0.685;0.345;0.508;NaN
18TL17008_1618;1691;47.44983;-70.14767;421689;17.35;19-jun-17;05:03:00;26.64;3.54;305.78702;6.739;18.83;0.125;11.93;0.92;0.505;0.439;NaN
18TL17008_1618;1691;47.44983;-70.14767;421690;5.16;19-jun-17;05:03:00;15.78;9.75;295.2026;6.6115;21.955;0.12667;16.60333;0.66667;0.31;0.569;NaN
18TL17008_1618;1691;47.44983;-70.14767;421691;2.08;19-jun-17;05:03:00;15.74;9.78;295.02396;NaN;24.775;0.12333;16.54333;0.62667;0.37;0.583;NaN
18TL17008_1619;1701;47.605;-69.95583;421692;26.18;19-jun-17;06:20:00;29.21;2.12;306.8142;6.754;16.475;0.135;10.79;0.99;0.225;0.277;NaN
18TL17008_1619;1701;47.605;-69.95583;421693;15.96;19-jun-17;06:20:00;27.5;3.03;306.41226;NaN;16.845;0.13;10.97;0.975;0.235;0.28;NaN
18TL17008_1619;1701;47.605;-69.95583;421694;5.65;19-jun-17;06:20:00;15.59;9.89;297.25696;6.632;25.085;0.13;16.085;0.64;0.295;0.576;NaN
18TL17008_1619;1701;47.605;-69.95583;421695;1.78;19-jun-17;06:20:00;12.69;11.85;295.2026;NaN;24.475;0.12667;17.13667;0.62333;0.355;0.654;NaN
18TL17008_1620;1711;47.9555;-69.59;421696;30.64;19-jun-17;08:33:00;28.77;2.68;303.06276;6.675;16.535;0.12333;11.35667;0.99667;0.535;0.346;NaN
18TL17008_1620;1711;47.9555;-69.59;421697;15.27;19-jun-17;08:33:00;23.69;5.92;306.01032;NaN;19.175;0.13;11.985;0.88;0.485;0.525;NaN
18TL17008_1620;1711;47.9555;-69.59;421698;4.66;19-jun-17;08:33:00;18.93;8.84;304.89382;6.7735;20.705;0.11;14.1;0.715;0.8;0.669;NaN
18TL17008_1620;1711;47.9555;-69.59;421699;1.78;19-jun-17;08:33:00;18.72;9.21;301.85694;NaN;22.02;0.12667;14.39;0.69333;0.875;0.73;NaN
18TL17008_1621;321;47.83617;-64.2475;421196;37.18;02-jun-17;16:22:00;29.61;3.28;348.7946;7.807;4.045;0.045;2.24;0.345;NaN;0.275;0.325
18TL17008_1621;321;47.83617;-64.2475;421197;25.19;02-jun-17;16:22:00;29;5.48;338.47814;NaN;5.875;0.07;3.1;0.4;NaN;0.321;0.395
18TL17008_1621;321;47.83617;-64.2475;421198;15.27;02-jun-17;16:22:00;28.44;5.83;338.2995;NaN;10.635;0.115;5.5;0.495;NaN;0.426;0.56
18TL17008_1621;321;47.83617;-64.2475;421199;4.96;02-jun-17;16:22:00;27.92;7.24;333.65486;7.5595;11.865;0.11;5.11333;0.42667;NaN;1.143;1.9
18TL17008_1621;321;47.83617;-64.2475;421200;1.98;02-jun-17;16:22:00;27.61;7.71;330.75196;NaN;13.24;0.115;5.645;0.415;NaN;1.988;2.98
18TL17008_1622;331;47.785;-64.03033;421201;76.84;02-jun-17;17:45:00;31.87;-0.01;282.6978;6.3265;19.665;0.13;11.145;1.28;NaN;0.122;0.14
18TL17008_1622;331;47.785;-64.03033;421202;50.17;02-jun-17;17:45:00;30.83;-0.35;303.82198;6.811;12.425;0.14;8.445;1.165;NaN;0.217;0.215
18TL17008_1622;331;47.785;-64.03033;421203;25.19;02-jun-17;17:45:00;29.23;6.15;339.28202;NaN;3.45;0.045;1.675;0.325;NaN;0.44;0.75
18TL17008_1622;331;47.785;-64.03033;421204;15.47;02-jun-17;17:45:00;28.39;5.72;337.67426;NaN;8.095;0.08;4.1;0.42;NaN;0.494;0.915
18TL17008_1622;331;47.785;-64.03033;421205;5.16;02-jun-17;17:45:00;27.55;7.34;336.5131;7.1245;12.65;0.105;5.51;0.43;NaN;1.387;1.92
18TL17008_1622;331;47.785;-64.03033;421206;2.08;02-jun-17;17:45:00;27.44;7.52;334.0568;NaN;13.575;0.11;5.62;0.405;NaN;1.021;2.485
18TL17008_1623;341;47.66617;-63.749;421207;60.38;02-jun-17;19:35:00;30.79;-0.91;320.52482;7.1845;7.63;0.13;7.265;1.03;NaN;0.217;0.225
18TL17008_1623;341;47.66617;-63.749;421208;50.27;02-jun-17;19:35:00;30.53;-0.39;335.75388;7.392;4.23;0.14;6.19;0.95;NaN;0.195;0.185
18TL17008_1623;341;47.66617;-63.749;421209;25.48;02-jun-17;19:35:00;29.61;3.58;344.37326;NaN;7.075;0.1;4.04;0.55;NaN;0.291;0.215
18TL17008_1623;341;47.66617;-63.749;421210;14.97;02-jun-17;19:35:00;28.47;3.57;339.99658;NaN;10.655;0.125;6.14;0.625;NaN;0.255;0.22
18TL17008_1623;341;47.66617;-63.749;421211;5.65;02-jun-17;19:35:00;27.84;4.58;336.46844;7.5715;13.705;0.145;7.635;0.645;NaN;0.55;0.575
18TL17008_1623;341;47.66617;-63.749;421212;1.98;02-jun-17;19:35:00;27.71;4.69;337.09368;NaN;14.075;0.145;7.51;0.615;NaN;0.852;1.13
18TL17008_1624;351;47.50067;-63.24783;421213;73.77;02-jun-17;22:02:00;31.27;-1.17;315.70154;7.0585;5.59;0.095;6.785;1.065;NaN;0.525;0.58
18TL17008_1624;351;47.50067;-63.24783;421214;49.97;02-jun-17;22:02:00;31.01;-1.19;345.08782;7.3955;4.48;0.105;7.23;1.05;NaN;0.471;0.485
18TL17008_1624;351;47.50067;-63.24783;421215;25.38;02-jun-17;22:02:00;30.36;4.16;363.57706;NaN;0.35;0.02;1.1;0.325;NaN;1.403;1.57
18TL17008_1624;351;47.50067;-63.24783;421216;15.97;02-jun-17;22:02:00;30.27;4.16;367.59646;NaN;0.13;0.01;0.08;0.175;NaN;1.258;2.04
18TL17008_1624;351;47.50067;-63.24783;421217;5.35;02-jun-17;22:02:00;29.65;6.39;344.19462;7.8535;2.335;0.035;1.075;0.25;NaN;0.757;1.425
18TL17008_1624;351;47.50067;-63.24783;421218;2.28;02-jun-17;22:02:00;29.61;6.59;340.57716;NaN;3.185;0.05;1.515;0.29;NaN;0.764;1.07
18TL17008_1625;371;47.33483;-62.758;421219;45.02;03-jun-17;00:57:00;31.12;-0.95;309.22584;6.972;2.135;0.09;5.05;1.045;NaN;0.557;0.945
18TL17008_1625;371;47.33483;-62.758;421220;24.89;03-jun-17;00:57:00;30.38;3.51;359.513;NaN;0.295;0.025;0.445;0.28;NaN;1.467;1.895
18TL17008_1625;371;47.33483;-62.758;421221;15.17;03-jun-17;00:57:00;30.35;4.1;368.93626;NaN;NaN;NaN;NaN;NaN;NaN;1.512;2.19
18TL17008_1625;371;47.33483;-62.758;421222;5.16;03-jun-17;00:57:00;30.23;6.14;347.6781;8.0285;0.15;0.005;0.075;0.15;NaN;0.761;1.81
18TL17008_1625;371;47.33483;-62.758;421223;1.69;03-jun-17;00:57:00;30.23;6.33;344.06064;NaN;0.145;0.005;0.085;0.165;NaN;0.743;1.265
18TL17008_1626;381;47.16683;-62.24833;421224;33.52;03-jun-17;03:40:00;31.21;2.18;327.08984;7.3785;0.915;0.03;0.97;0.515;NaN;1.135;1.51
18TL17008_1626;381;47.16683;-62.24833;421225;25.39;03-jun-17;03:40:00;31.07;3.21;334.19078;NaN;1.03;0.035;1.055;0.535;NaN;1.416;2.21
18TL17008_1626;381;47.16683;-62.24833;421226;15.47;03-jun-17;03:40:00;30.87;4.57;349.77712;NaN;0.455;0.015;0.375;0.37;NaN;1.74;2.605
18TL17008_1626;381;47.16683;-62.24833;421227;5.45;03-jun-17;03:40:00;30.73;5.69;354.19846;7.9545;0.115;0.005;0.085;0.19;NaN;0.957;1.34
18TL17008_1626;381;47.16683;-62.24833;421228;2.38;03-jun-17;03:40:00;30.7;6.34;345.31112;NaN;0.1;0.005;0.075;0.19;NaN;0.648;1.02
18TL17008_1627;391;46.99917;-61.74867;421229;35.7;03-jun-17;06:18:00;31.3;1.3;324.81218;7.283;3.045;0.06;2.135;0.665;NaN;0.931;1.745
18TL17008_1627;391;46.99917;-61.74867;421230;25.58;03-jun-17;06:18:00;31.06;2.32;333.07428;NaN;2.04;0.045;1.315;0.565;NaN;1.184;1.905
18TL17008_1627;391;46.99917;-61.74867;421231;14.68;03-jun-17;06:18:00;30.47;5.7;356.29748;NaN;0.865;0.02;0.515;0.365;NaN;1.063;2.045
18TL17008_1627;391;46.99917;-61.74867;421232;5.36;03-jun-17;06:18:00;30.34;6.71;344.68588;7.833;0.125;0.005;0.08;0.115;NaN;0.742;1.045
18TL17008_1627;391;46.99917;-61.74867;421233;1.88;03-jun-17;06:18:00;30.33;6.75;342.22958;NaN;0.135;0.005;0.08;0.095;NaN;0.746;1
18TL17008_1628;411;46.91567;-61.5005;421234;51.26;03-jun-17;08:01:00;32.04;0.22;299.75792;6.892;6.95;0.12;6.135;0.965;NaN;0.481;1.5
18TL17008_1628;411;46.91567;-61.5005;421235;25.68;03-jun-17;08:01:00;31.22;0.63;376.0372;NaN;0.105;0.055;1.15;0.555;NaN;0.956;1.375
18TL17008_1628;411;46.91567;-61.5005;421236;15.87;03-jun-17;08:01:00;30.74;5.74;354.42176;NaN;0.14;0.015;0.125;0.29;NaN;1.35;2.08
18TL17008_1628;411;46.91567;-61.5005;421237;5.26;03-jun-17;08:01:00;30.68;7.18;339.50532;7.772;0.045;0.005;0.08;0.13;NaN;0.666;1.195
18TL17008_1628;411;46.91567;-61.5005;421238;1.88;03-jun-17;08:01:00;30.67;7.31;336.11116;NaN;0.14;0.00667;0.07333;0.15333;NaN;0.625;0.985
18TL17008_1629;431;46.83617;-61.25217;421239;56.72;03-jun-17;14:44:00;32.15;0.47;305.2511;6.9495;8.98;0.15;7.185;0.955;NaN;0.297;1.105
18TL17008_1629;431;46.83617;-61.25217;421240;50.08;03-jun-17;14:44:00;32.08;0.35;310.47632;6.903;9.775;0.16;7.545;0.985;NaN;0.287;0.345
18TL17008_1629;431;46.83617;-61.25217;421241;25.19;03-jun-17;14:44:00;31.11;1.39;369.69548;NaN;0.12;0.03;0.345;0.455;NaN;2.025;1.9
18TL17008_1629;431;46.83617;-61.25217;421242;15.67;03-jun-17;14:44:00;30.75;5.78;359.02174;NaN;0.1;0.005;0.1;0.21;NaN;1.153;2.365
18TL17008_1629;431;46.83617;-61.25217;421243;5.75;03-jun-17;14:44:00;30.55;6.56;345.75772;7.9815;0.09;0.01;0.1;0.16667;NaN;0.291;2.075
18TL17008_1629;431;46.83617;-61.25217;421244;2.28;03-jun-17;14:44:00;30.47;7.12;339.46066;NaN;0.095;0;0.085;0.135;NaN;0.178;1.385
18TL17008_1630;441;46.74533;-60.99567;421245;56.32;03-jun-17;16:17:00;31.37;-0.41;337.8529;7.595;2.265;0.08;3.195;0.72;NaN;0.25;0.845
18TL17008_1630;441;46.74533;-60.99567;421246;51.46;03-jun-17;16:17:00;31.26;-0.42;341.91696;7.5935;2.5;0.085;3.71;0.805;NaN;0.31;0.65
18TL17008_1630;441;46.74533;-60.99567;421247;25.98;03-jun-17;16:17:00;30.67;4.64;377.68962;NaN;0.64;0.02;0.57;0.255;NaN;2.05;2.15
18TL17008_1630;441;46.74533;-60.99567;421248;15.47;03-jun-17;16:17:00;29.85;4.67;372.82168;NaN;0.64;0.005;0.08;0.165;NaN;1.408;2.265
18TL17008_1630;441;46.74533;-60.99567;421249;5.26;03-jun-17;16:17:00;29.54;8.4;334.7267;7.757;0.71;0;0.065;0.185;NaN;0.197;0.755
18TL17008_1630;441;46.74533;-60.99567;421250;1.79;03-jun-17;16:17:00;29.47;7.3;343.39074;NaN;0.705;0;0.065;0.185;NaN;0.255;0.735
18TL17008_1631;451;46.95967;-60.21433;421251;76.84;03-jun-17;20:27:00;32.16;1.16;303.42004;6.7955;8.61;0.135;7.77;0.97;NaN;0.151;0.235
18TL17008_1631;451;46.95967;-60.21433;421252;49.98;03-jun-17;20:27:00;31.35;2.75;354.51108;7.8355;1.1;0.025;1.045;0.43;NaN;0.186;0.265
18TL17008_1631;451;46.95967;-60.21433;421253;24.99;03-jun-17;20:27:00;30.63;2.85;355.047;NaN;1.22;0.03;0.945;0.38;NaN;0.952;1.48
18TL17008_1631;451;46.95967;-60.21433;421254;15.27;03-jun-17;20:27:00;30.25;4.77;358.93242;NaN;0.555;0.01;0.13;0.215;NaN;1.406;2.285
18TL17008_1631;451;46.95967;-60.21433;421255;5.26;03-jun-17;20:27:00;29.74;7.38;340.3092;7.763;0.45;0.005;0.095;0.255;NaN;0.807;1.26
18TL17008_1631;451;46.95967;-60.21433;421256;1.79;03-jun-17;20:27:00;29.73;7.52;337.45096;NaN;0.48;0.01333;0.085;0.19333;NaN;0.756;1.19
18TL17008_1632;461;47.016;-60.133;421257;161.88;03-jun-17;21:22:00;33.55;3.78;201.6399;4.6635;18.095;0.15;15.365;1.335;NaN;0.074;NaN
18TL17008_1632;461;47.016;-60.133;421258;99.84;03-jun-17;21:22:00;32.4;1;318.2025;NaN;7.795;0.12;8.335;0.92;NaN;0.119;0.195
18TL17008_1632;461;47.016;-60.133;421259;49.78;03-jun-17;21:22:00;31.5;2.85;353.2606;7.854;1.2;0.035;1.39;0.46;NaN;0.22;0.28
18TL17008_1632;461;47.016;-60.133;421260;24.39;03-jun-17;21:22:00;31.21;4.18;350.31304;NaN;0.245;0.01;0.135;0.31;NaN;0.48;0.58
18TL17008_1632;461;47.016;-60.133;421261;14.68;03-jun-17;21:22:00;30.96;4.68;347.9014;NaN;0.37;0.015;0.215;0.305;NaN;0.647;0.91
18TL17008_1632;461;47.016;-60.133;421262;4.56;03-jun-17;21:22:00;30.2;5.61;350.75964;8.062;0.73;0.01;0.165;0.245;NaN;0.815;1.55
18TL17008_1632;461;47.016;-60.133;421263;2.18;03-jun-17;21:22:00;30.18;5.74;348.97324;NaN;0.715;0.01;0.135;0.245;NaN;0.791;1.38
18TL17008_1633;481;47.11133;-60.01217;421264;312.84;03-jun-17;23:34:00;34.81;6.29;133.7567;3.0185;31.125;0.025;23.36;1.755;NaN;0.04;NaN
18TL17008_1633;481;47.11133;-60.01217;421265;300.16;03-jun-17;23:34:00;34.81;6.34;133.22078;NaN;30.795;0.025;23.36;1.75;NaN;0.041;NaN
18TL17008_1633;481;47.11133;-60.01217;421266;200.03;03-jun-17;23:34:00;34.41;6.31;146.35082;NaN;23.645;0.015;21.1;1.58;NaN;0.043;NaN
18TL17008_1633;481;47.11133;-60.01217;421267;100.14;03-jun-17;23:34:00;32.02;0.53;348.97324;NaN;3.09;0.09;4.165;0.69;NaN;0.133;0.235
18TL17008_1633;481;47.11133;-60.01217;421268;50.57;03-jun-17;23:34:00;31.48;1.95;363.93434;8.1465;0.32;0.02;0.49;0.415;NaN;0.541;1.055
18TL17008_1633;481;47.11133;-60.01217;421269;25.19;03-jun-17;23:34:00;31.31;3.82;354.33244;NaN;0.195;0.01;0.145;0.325;NaN;0.522;0.84
18TL17008_1633;481;47.11133;-60.01217;421270;15.57;03-jun-17;23:34:00;31.23;4.24;349.86644;NaN;0.285;0.005;0.215;0.33;NaN;0.434;0.54
18TL17008_1633;481;47.11133;-60.01217;421271;4.76;03-jun-17;23:34:00;31.08;5.56;343.74802;7.7815;0.275;0.005;0.125;0.285;NaN;0.484;0.82
18TL17008_1634;491;47.26683;-59.785;421273;448.74;04-jun-17;01:13:00;34.95;5.93;152.15662;3.4515;32.955;0.01;22.845;1.735;NaN;0.07;NaN
18TL17008_1634;491;47.26683;-59.785;421274;400.25;04-jun-17;01:13:00;34.93;6.2;147.6013;NaN;29.36;0;23.36;1.71;NaN;0.043;NaN
18TL17008_1634;491;47.26683;-59.785;421275;300.55;04-jun-17;01:13:00;34.79;6.89;127.63828;NaN;26.77;0.01;23.38;1.68;NaN;0.044;NaN
18TL17008_1634;491;47.26683;-59.785;421276;199.92;04-jun-17;01:13:00;34.01;5.3;188.06326;NaN;17.165;0.02;17.365;1.36;NaN;0.044;NaN
18TL17008_1634;491;47.26683;-59.785;421277;100.04;04-jun-17;01:13:00;32.15;0.45;345.04316;NaN;3.57;0.11;5.48;0.78;NaN;0.11;0.235
18TL17008_1634;491;47.26683;-59.785;421278;50.17;04-jun-17;01:13:00;31.54;1.9;360.22756;8.0525;0.535;0.025;0.735;0.425;NaN;0.165;0.275
18TL17008_1634;491;47.26683;-59.785;421279;25.19;04-jun-17;01:13:00;31.31;3.77;350.31304;NaN;0.2;0.01;0.135;0.33;NaN;0.234;0.285
18TL17008_1634;491;47.26683;-59.785;421280;15.17;04-jun-17;01:13:00;31.25;4.73;344.81986;NaN;0.23;0.005;0.125;0.315;NaN;0.391;0.6
18TL17008_1634;491;47.26683;-59.785;421281;4.86;04-jun-17;01:13:00;31.21;5.44;340.44318;7.7055;0.31;0.01;0.16;0.32;NaN;0.323;0.55
18TL17008_1634;491;47.26683;-59.785;421282;1.69;04-jun-17;01:13:00;31.04;5.34;340.13056;NaN;NaN;NaN;NaN;NaN;NaN;0.292;NaN
18TL17008_1635;501;47.432;-59.5595;421283;456.15;04-jun-17;03:49:00;34.96;5.92;156.84592;3.544;31.98;0.005;22.78;1.725;NaN;0.05;NaN
18TL17008_1635;501;47.432;-59.5595;421284;400.24;04-jun-17;03:49:00;34.94;5.98;148.13722;NaN;31.885;0.01;23.185;1.735;NaN;0.035;NaN
18TL17008_1635;501;47.432;-59.5595;421285;301.14;04-jun-17;03:49:00;34.84;7.1;135.7664;NaN;24.53;0.01;23.18;1.635;NaN;0.044;NaN
18TL17008_1635;501;47.432;-59.5595;421286;200.61;04-jun-17;03:49:00;33.94;5.18;205.74862;NaN;15.275;0.03;16.145;1.265;NaN;0.043;NaN
18TL17008_1635;501;47.432;-59.5595;421287;100.63;04-jun-17;03:49:00;32.21;0.47;346.07034;NaN;4.12;0.095;5.685;0.76;NaN;0.088;0.21
18TL17008_1635;501;47.432;-59.5595;421288;51.06;04-jun-17;03:49:00;31.53;2.15;357.59262;7.982;0.7;0.03;0.81;0.42;NaN;0.202;0.395
18TL17008_1635;501;47.432;-59.5595;421289;25.58;04-jun-17;03:49:00;31.28;3.8;351.83148;NaN;0.23;0.01;0.12;0.335;NaN;0.233;0.265
18TL17008_1635;501;47.432;-59.5595;421290;15.67;04-jun-17;03:49:00;30.82;1.82;360.76348;NaN;0.68;0.03;0.7;0.395;NaN;0.56;1.305
18TL17008_1635;501;47.432;-59.5595;421291;5.95;04-jun-17;03:49:00;30.67;4.94;347.54412;7.7845;0.495;0.02;0.315;0.305;NaN;0.821;1.31
18TL17008_1635;501;47.432;-59.5595;421292;2.28;04-jun-17;03:49:00;30.64;5.48;342.9888;NaN;0.33;0.005;0.095;0.225;NaN;0.777;0.74
18TL17008_1636;521;47.58467;-59.34433;421293;248.75;04-jun-17;07:19:00;34.71;7.02;153.36244;3.4905;20.45;0.045;20.66;1.495;NaN;0.044;NaN
18TL17008_1636;521;47.58467;-59.34433;421294;201.01;04-jun-17;07:19:00;34.29;6.13;179.80116;NaN;17.485;0.07;18.67;1.375;NaN;0.066;NaN
18TL17008_1636;521;47.58467;-59.34433;421295;100.92;04-jun-17;07:19:00;32.28;0.81;335.93252;NaN;4.44;0.085;6.045;0.785;NaN;0.206;0.405
18TL17008_1636;521;47.58467;-59.34433;421296;50.47;04-jun-17;07:19:00;31.95;2.09;351.38488;7.8555;1.255;0.045;1.965;0.48;NaN;0.302;0.66
18TL17008_1636;521;47.58467;-59.34433;421297;25.38;04-jun-17;07:19:00;31.76;4.85;342.27424;NaN;0.46;0.015;0.55;0.3;NaN;0.267;0.385
18TL17008_1636;521;47.58467;-59.34433;421298;15.77;04-jun-17;07:19:00;31.75;5.46;336.91504;NaN;0.175;0;0.105;0.245;NaN;0.394;0.455
18TL17008_1636;521;47.58467;-59.34433;421299;5.65;04-jun-17;07:19:00;31.36;5.68;338.47814;7.626;0.2;0.005;0.11;0.23;NaN;0.535;0.59
18TL17008_1636;521;47.58467;-59.34433;421300;1.98;04-jun-17;07:19:00;30.76;5.87;336.87038;NaN;0.19;0.005;0.09;0.205;NaN;0.682;0.79
18TL17008_1637;531;47.6675;-59.86567;421301;515.7;04-jun-17;09:38:00;34.95;5.92;155.6401;3.524;32.445;0.005;22.885;1.72;NaN;0.03;NaN
18TL17008_1637;531;47.6675;-59.86567;421302;400.53;04-jun-17;09:38:00;34.93;6.15;146.66344;NaN;29.76;0.005;23.52;1.705;NaN;0.031;NaN
18TL17008_1637;531;47.6675;-59.86567;421303;300.64;04-jun-17;09:38:00;34.75;6.59;123.88684;NaN;29.55;0.01;23.73;1.73;NaN;0.047;NaN
18TL17008_1637;531;47.6675;-59.86567;421304;200.81;04-jun-17;09:38:00;34.11;5.62;181.5429;NaN;18.22;0.015;17.985;1.375;NaN;0.047;NaN
18TL17008_1637;531;47.6675;-59.86567;421305;100.73;04-jun-17;09:38:00;32.36;0.74;332.31506;NaN;6.325;0.075;7.165;0.83;NaN;0.063;0.095
18TL17008_1637;531;47.6675;-59.86567;421306;50.37;04-jun-17;09:38:00;31.62;1.52;355.89554;8.0255;1.165;0.045;1.525;0.515;NaN;0.445;1.085
18TL17008_1637;531;47.6675;-59.86567;421307;25.58;04-jun-17;09:38:00;31.29;2.56;365.94404;NaN;0.36;0.015;0.275;0.365;NaN;0.888;1.145
18TL17008_1637;531;47.6675;-59.86567;421308;15.47;04-jun-17;09:38:00;31.12;4.75;346.29364;NaN;0.415;0.005;0.09;0.325;NaN;0.822;0.93
18TL17008_1637;531;47.6675;-59.86567;421309;4.86;04-jun-17;09:38:00;30.44;5.24;349.73246;7.8255;0.345;0.005;0.08;0.215;NaN;0.659;1.075
18TL17008_1637;531;47.6675;-59.86567;421310;1.88;04-jun-17;09:38:00;30.39;5.64;345.6684;NaN;0.36;0;0.08;0.2;NaN;0.684;1.12
18TL17008_1638;921;47.933;-65.24833;421507;65.73;10-jun-17;18:21:00;31.58;0.08;268.13864;5.988;19.91;0.155;11.475;1.395;NaN;0.168;0.2
18TL17008_1638;921;47.933;-65.24833;421508;26.38;10-jun-17;18:21:00;29.42;1.42;352.3674;7.244;8.945;0.145;6.015;0.855;NaN;0.173;0.2
18TL17008_1638;921;47.933;-65.24833;421509;2.28;10-jun-17;18:21:00;23.05;12.24;317.04134;7.2365;17.905;0.02;0.13333;0.03;NaN;0.901;2.01
18TL17008_1639;981;47.50083;-64.67083;421513;21.12;11-jun-17;10:06:00;28.56;4.81;301.99092;6.7975;13.22;0.145;5.98;0.685;NaN;0.484;0.995
18TL17008_1639;981;47.50083;-64.67083;421514;2.38;11-jun-17;10:06:00;26.1;10.35;329.54614;6.728;14.345;0.105;1.75;0.13;NaN;2.3;4.67
