CTD;CTD;CTD;CTD;CTD;CTD;CTD;CTD;CTD;CTD;CTD;CTD;labo;labo;labo;labo;labo;labo;labo;labo;labo;labo;CTD
Fichier;Station;Latitude;Longitude;Echantillon;zbouteille;Date;Heure;PSAL;TE90;DOXY;PHPH;Si_01;PO4_01;NOx_01;NO2_01;OXYM_01;Si_01;NO2_01;NOx_01;PO4_01;CHL_01;FLOR
(nom);(nom/no);(degres);(degres);(no_unique);(dbar);(jj-mmm-yyyy);(GMT);(psu);(celsius);(ml/l);((none));(mmol/m**3);(mmol/m**3);(mmol/m**3);(mmol/m**3);(mmol/m**3);(mmol/m**3);(mmol/m**3);(mmol/m**3);(mmol/m**3);(mg/m**3);(mg/m**3)
18VA16668_1711;11;47.78333;-64.03333;329921;72.18;12-may-16;18:26:00;31.11;-1.09;316.59474;8.553;13.23667;1.21667;9.59667;0.13;NaN;NaN;NaN;NaN;NaN;0.225;0.436
18VA16668_1711;11;47.78333;-64.03333;329922;67.42;12-may-16;18:26:00;31.03;-1.13;319.67628;8.583;7.38667;1.00667;7.04333;0.11;NaN;NaN;NaN;NaN;NaN;0.3;0.5
18VA16668_1711;11;47.78333;-64.03333;329923;57.31;12-may-16;18:26:00;30.75;-1.1;341.91696;8.607;6.28667;0.96;6.76;0.11;NaN;NaN;NaN;NaN;NaN;0.38;0.792
18VA16668_1711;11;47.78333;-64.03333;329924;47.39;12-may-16;18:26:00;30.63;-0.99;343.34608;8.691;3.34667;0.77667;4.29333;0.09333;NaN;NaN;NaN;NaN;NaN;0.505;0.779
18VA16668_1711;11;47.78333;-64.03333;329925;37.48;12-may-16;18:26:00;30.51;-0.09;362.01396;8.812;0.59;0.46333;0.79333;0.04667;NaN;NaN;NaN;NaN;NaN;0.405;0.648
18VA16668_1711;11;47.78333;-64.03333;329926;27.57;12-may-16;18:26:00;30.18;1.89;368.17704;8.84;0.65;0.39;0.65667;0.03333;NaN;NaN;NaN;NaN;NaN;0.98;0.672
18VA16668_1711;11;47.78333;-64.03333;329927;17.65;12-may-16;18:26:00;29.98;2.41;364.38094;8.86;0.48333;0.36;0.51667;0.04333;NaN;NaN;NaN;NaN;NaN;1.32;1.751
18VA16668_1711;11;47.78333;-64.03333;329928;7.73;12-may-16;18:26:00;29.69;3.02;363.26444;8.865;0.55333;0.36333;0.59333;0.05;NaN;NaN;NaN;NaN;NaN;1.41;0.543
18VA16668_1711;11;47.78333;-64.03333;329929;2.78;12-may-16;18:26:00;28.84;4.62;355.22564;8.875;0.5;0.31333;0.55333;0.05;NaN;NaN;NaN;NaN;NaN;0.65;0.244
18VA16668_1711;11;47.78333;-64.03333;329930;1.49;12-may-16;18:26:00;28.61;5.02;355.44894;8.875;0.55;0.26;0.58333;0.06667;NaN;NaN;NaN;NaN;NaN;0.335;0.169
18VA16668_1712;12;47.78333;-64.03333;329931;79.81;27-may-16;13:19:00;32.16;0.59;254.20472;8.444;16.12;1.395;9.945;0.23;NaN;NaN;NaN;NaN;NaN;0.2;0.36
18VA16668_1712;12;47.78333;-64.03333;329932;71.19;27-may-16;13:19:00;31.99;0.25;270.32698;8.511;10.895;1.185;8.225;0.155;NaN;NaN;NaN;NaN;NaN;0.11;0.305
18VA16668_1712;12;47.78333;-64.03333;329933;61.27;27-may-16;13:19:00;31.48;-0.15;310.69962;8.555;8.905;1.145;7.515;0.135;NaN;NaN;NaN;NaN;NaN;0.11;0.355
18VA16668_1712;12;47.78333;-64.03333;329934;51.86;27-may-16;13:19:00;31.28;-0.33;315.5229;8.576;7.51;1.09;7.34;0.135;NaN;NaN;NaN;NaN;NaN;0.115;0.396
18VA16668_1712;12;47.78333;-64.03333;329935;41.64;27-may-16;13:19:00;31.01;-0.58;321.68598;8.612;5.02;1;5.52;0.115;NaN;NaN;NaN;NaN;NaN;0.11;0.421
18VA16668_1712;12;47.78333;-64.03333;329936;31.53;27-may-16;13:19:00;30.64;1.33;328.87624;8.718;4.25;0.78;4.675;0.09;NaN;NaN;NaN;NaN;NaN;0.14;0.498
18VA16668_1712;12;47.78333;-64.03333;329937;21.12;27-may-16;13:19:00;30.06;2.47;315.16562;8.738;4.675;0.625;5.525;0.105;NaN;NaN;NaN;NaN;NaN;0.325;0.593
18VA16668_1712;12;47.78333;-64.03333;329938;11.7;27-may-16;13:19:00;29.16;6.1;323.82966;8.857;0.78;0.3;0.89;0.08;NaN;NaN;NaN;NaN;NaN;1.09;1.212
18VA16668_1712;12;47.78333;-64.03333;329939;6.74;27-may-16;13:19:00;29.11;6.71;317.84522;8.856;0.58;0.27;0.81;0.085;NaN;NaN;NaN;NaN;NaN;1.12;0.666
18VA16668_1712;12;47.78333;-64.03333;329940;1.98;27-may-16;13:19:00;29.11;6.74;318.38114;8.855;0.555;0.255;0.705;0.095;NaN;NaN;NaN;NaN;NaN;1;0.617
18VA16668_1713;13;47.78333;-64.03333;329941;74.16;07-jul-16;15:48:00;31.81;0.11;240.18148;8.446;21.14;1.44;9.30667;0.35333;NaN;NaN;NaN;NaN;NaN;0.265;0.315
18VA16668_1713;13;47.78333;-64.03333;329942;72.18;07-jul-16;15:48:00;31.81;0.11;240.0475;8.495;5.76667;0.94667;5.39667;0.19667;NaN;NaN;NaN;NaN;NaN;0.21;0.301
18VA16668_1713;13;47.78333;-64.03333;329943;61.97;07-jul-16;15:48:00;31.37;0.39;312.26272;8.666;3.51667;0.72667;3.51;0.14667;NaN;NaN;NaN;NaN;NaN;0.465;0.234
18VA16668_1713;13;47.78333;-64.03333;329944;53.34;07-jul-16;15:48:00;31.07;1.71;327.40246;8.703;3.32333;0.59333;2.47;0.14;NaN;NaN;NaN;NaN;NaN;0.28;0.294
18VA16668_1713;13;47.78333;-64.03333;329945;41.94;07-jul-16;15:48:00;30.56;4.24;301.9016;8.717;2.56667;0.55667;1.93333;0.11333;NaN;NaN;NaN;NaN;NaN;0.635;0.314
18VA16668_1713;13;47.78333;-64.03333;329946;32.03;07-jul-16;15:48:00;30;5.7;294.62202;8.763;2.42;0.47;1.47333;0.09333;NaN;NaN;NaN;NaN;NaN;0.36;0.504
18VA16668_1713;13;47.78333;-64.03333;329947;22.61;07-jul-16;15:48:00;29.15;7.61;285.824;8.775;1.48333;0.30667;0.59333;0.06;NaN;NaN;NaN;NaN;NaN;0.605;0.719
18VA16668_1713;13;47.78333;-64.03333;329948;12.39;07-jul-16;15:48:00;27.64;11.78;266.57554;8.799;1.78333;0.19333;0.14667;0.04667;NaN;NaN;NaN;NaN;NaN;1.965;1.939
18VA16668_1713;13;47.78333;-64.03333;329949;7.24;07-jul-16;15:48:00;27.44;12.31;265.99496;8.81;1.11667;0.21333;0.1;0.04333;NaN;NaN;NaN;NaN;NaN;1.405;2.397
18VA16668_1713;13;47.78333;-64.03333;329950;1.49;07-jul-16;15:48:00;27.32;12.61;264.02992;8.817;1.06667;0.18667;0.13333;0.06;NaN;NaN;NaN;NaN;NaN;1.18;1.086
18VA16668_1714;14;47.76667;-64.03333;423694;78.13;21-jul-16;14:15:00;32.01;0.54;268.8532;NaN;NaN;NaN;NaN;NaN;6.0525;19.615;0.2;9.89667;1.33667;0.15;0.107
18VA16668_1714;14;47.76667;-64.03333;423695;49.58;21-jul-16;14:15:00;31.13;0.71;303.59868;NaN;NaN;NaN;NaN;NaN;6.923;11.64;0.325;6.785;1.065;0.125;0.113
18VA16668_1714;14;47.76667;-64.03333;423696;24.79;21-jul-16;14:15:00;29.46;4.73;295.33658;NaN;NaN;NaN;NaN;NaN;NaN;5.7;0.29;3.43;0.66;0.72;0.469
18VA16668_1714;14;47.76667;-64.03333;423697;14.87;21-jul-16;14:15:00;28.59;9.13;286.9405;NaN;NaN;NaN;NaN;NaN;NaN;2.76;0.135;1.555;0.38;1.28;1.345
18VA16668_1714;14;47.76667;-64.03333;423698;4.96;21-jul-16;14:15:00;27.25;14.31;272.11338;NaN;NaN;NaN;NaN;NaN;6.421;0.65;0.01333;0.08667;0.065;1.31;1.022
18VA16668_1714;14;47.76667;-64.03333;423699;1.49;21-jul-16;14:15:00;27.28;14.66;235.44752;NaN;NaN;NaN;NaN;NaN;NaN;0.66;0.01333;0.04;0.07;1;0.541
18VA16668_1715;15;47.783;-64.02392;423805;79.31;01-oct-16;14:46:00;32.03;0.79;260.5911;NaN;NaN;NaN;NaN;NaN;5.7665;24.15;0.13;11.44;1.37;0.245;0.126
18VA16668_1715;15;47.783;-64.02392;423806;49.58;01-oct-16;14:46:00;31.42;2.61;313.0666;NaN;NaN;NaN;NaN;NaN;6.8795;6.64;0.14;5.95;0.89;0.17;0.099
18VA16668_1715;15;47.783;-64.02392;423807;24.79;01-oct-16;14:46:00;30.37;8.73;291.04922;NaN;NaN;NaN;NaN;NaN;NaN;2.5;0.09;1.3;0.46;0.78;0.452
18VA16668_1715;15;47.783;-64.02392;423808;14.87;01-oct-16;14:46:00;30.19;10.36;287.34244;NaN;NaN;NaN;NaN;NaN;NaN;1.88;0.03;0.27;0.3;1.61;0.718
18VA16668_1715;15;47.783;-64.02392;423809;4.96;01-oct-16;14:46:00;29.83;10.97;290.91524;NaN;NaN;NaN;NaN;NaN;6.581;2.28;0.03;0.12;0.26;2.395;0.623
18VA16668_1715;15;47.783;-64.02392;423810;2.28;01-oct-16;14:46:00;29.83;11.14;290.78126;NaN;NaN;NaN;NaN;NaN;NaN;2.07;0.06;0.17;0.24;1.36;0.388
