CTD;CTD;CTD;CTD;CTD;CTD;CTD;CTD;labo;labo;labo;terrain;labo;labo;labo
Fichier;Station;Latitude;Longitude;Echantillon;zbouteille;Date;Heure;CHL_01;OXYM_01;SSAL_XX;TEMP_XX;PO4_01;NOx_01;Si_01
(nom);(nom/no);(degres);(degres);(no_unique);(dbar);(jj-mmm-yyyy);(GMT);(mg/m**3);(mmol/m**3);((none));(celsius);(mmol/m**3);(mmol/m**3);(mmol/m**3)
18VA70002_1853;11;47.09861;-60.25;11_39;0;05-may-70;01:00:00;3.12;8.87;31.16;1.19;0.41;0.28;1.14
18VA70002_1853;11;47.09861;-60.25;11_40;5;05-may-70;01:00:00;6.28;8.94;31.38;1;0.41;0.36;1.2
18VA70002_1853;11;47.09861;-60.25;11_41;15;05-may-70;01:00:00;7.18;8.11;31.57;0.75;0.4;0.78;1.37
18VA70002_1853;11;47.09861;-60.25;11_42;25;05-may-70;01:00:00;4.73;8.49;31.58;0.62;0.59;3.05;1.69
18VA70002_1853;11;47.09861;-60.25;11_43;50;05-may-70;01:00:00;NaN;8.11;31.64;0.11;0.69;5.59;3.7
18VA70002_1853;11;47.09861;-60.25;11_44;100;05-may-70;01:00:00;NaN;6.97;32.55;1.38;0.87;7.05;4.86
18VA70002_1853;11;47.09861;-60.25;11_45;150;05-may-70;01:00:00;NaN;5.33;33.75;3.71;1.16;14.11;13.61
18VA70002_1854;12;47.09861;-60.25;12_46;0;14-may-70;12:00:00;0.11;NaN;NaN;3.3;0.3;0.17;0.54
18VA70002_1854;12;47.09861;-60.25;12_47;5;14-may-70;12:00:00;0.14;NaN;NaN;2.2;0.36;0.09;0.24
18VA70002_1854;12;47.09861;-60.25;12_49;15;14-may-70;12:00:00;2.27;NaN;NaN;0.7;0.58;1.21;0.88
18VA70002_1854;12;47.09861;-60.25;12_50;25;14-may-70;12:00:00;1.09;NaN;NaN;0.6;0.64;0.89;0.73
18VA70002_1854;12;47.09861;-60.25;12_52;50;14-may-70;12:00:00;NaN;NaN;NaN;1;0.64;1.4;1.26
18VA70002_1854;12;47.09861;-60.25;12_53;100;14-may-70;12:00:00;NaN;NaN;NaN;2.1;0.92;8.61;6.73
18VA70002_1854;12;47.09861;-60.25;12_54;150;14-may-70;12:00:00;NaN;NaN;NaN;4.8;1.15;12.87;9.73
18VA70002_1855;13;47.09861;-60.25;13_80;0;01-jul-70;15:30:00;0.23;6.64;26.81;12.16;0.3;0.4;1.16
18VA70002_1855;13;47.09861;-60.25;13_81;5;01-jul-70;15:30:00;0.22;6.57;26.93;11.93;0.28;0.13;0.52
18VA70002_1855;13;47.09861;-60.25;13_82;15;01-jul-70;15:30:00;0.33;6.67;27.14;11.54;0.44;0.18;0.65
18VA70002_1855;13;47.09861;-60.25;13_83;25;01-jul-70;15:30:00;0.31;6.92;27.49;11.2;0.67;0.18;1.31
18VA70002_1855;13;47.09861;-60.25;13_84;50;01-jul-70;15:30:00;NaN;7.56;28.95;2.85;0.57;0.99;2.81
18VA70002_1855;13;47.09861;-60.25;13_85;75;01-jul-70;15:30:00;NaN;7.42;29.73;1.42;0.58;4.22;3.13
18VA70002_1855;13;47.09861;-60.25;13_86;150;01-jul-70;15:30:00;NaN;4.61;30.59;4.88;1.18;16.37;15.37
18VA70002_1856;14;47.09861;-60.25;14_87;0;28-jul-70;12:10:00;0.26;NaN;28.52;18.8;0.2;0.38;2.07
18VA70002_1856;14;47.09861;-60.25;14_88;5;28-jul-70;12:10:00;0.28;NaN;28.61;18.7;0.25;0.12;1.68
18VA70002_1856;14;47.09861;-60.25;14_90;15;28-jul-70;12:10:00;0.46;NaN;28.77;17.6;0.17;0.12;1.04
18VA70002_1856;14;47.09861;-60.25;14_92;25;28-jul-70;12:10:00;0.56;NaN;29.99;6.3;0.4;0.34;1.32
18VA70002_1856;14;47.09861;-60.25;14_94;50;28-jul-70;12:10:00;0.6;NaN;32.04;3.2;0.51;0.58;2.23
18VA70002_1856;14;47.09861;-60.25;14_95;75;28-jul-70;12:10:00;NaN;NaN;32.4;2.7;0.56;4.02;3.91
18VA70002_1856;14;47.09861;-60.25;14_96;100;28-jul-70;12:10:00;NaN;NaN;32.76;2.6;0.78;9.4;9.24
18VA70002_1856;14;47.09861;-60.25;14_97;150;28-jul-70;12:10:00;NaN;NaN;33.59;NaN;1.04;10.65;9.37
18VA70002_1857;15;47.09861;-60.25;130;0;03-sep-70;12:30:00;1.07;5.9;28.11;15.95;0.31;0.35;2
18VA70002_1857;15;47.09861;-60.25;132;5;03-sep-70;12:30:00;1.54;5.94;28.14;15.87;0.24;0.06;2.07
18VA70002_1857;15;47.09861;-60.25;134;15;03-sep-70;12:30:00;1.34;5.9;28.24;15.7;0.27;0;2.17
18VA70002_1857;15;47.09861;-60.25;135;25;03-sep-70;12:30:00;1.54;6.03;29.22;14.1;0.27;0.11;1.52
18VA70002_1857;15;47.09861;-60.25;136;50;03-sep-70;12:30:00;NaN;6.03;31.42;1.5;0.68;3.8;7.28
18VA70002_1857;15;47.09861;-60.25;137;75;03-sep-70;12:30:00;NaN;NaN;32.59;1.84;0.53;2.87;2.16
18VA70002_1857;15;47.09861;-60.25;138;100;03-sep-70;12:30:00;NaN;6.83;32.91;1.55;0.69;7.84;4.1
18VA70002_1857;15;47.09861;-60.25;139;150;03-sep-70;12:30:00;NaN;4.86;34.12;4.6;1.3;11.66;14.51
18VA70002_1858;16;47.09861;-60.25;140;0;02-nov-70;13:36:00;0.7;NaN;NaN;NaN;0.77;1.08;3.63
18VA70002_1858;16;47.09861;-60.25;142;5;02-nov-70;13:36:00;0.68;NaN;NaN;NaN;0.58;1.45;4.02
18VA70002_1858;16;47.09861;-60.25;145;15;02-nov-70;13:36:00;0.55;NaN;NaN;NaN;0.64;1.36;3.99
18VA70002_1858;16;47.09861;-60.25;146;25;02-nov-70;13:36:00;0.56;NaN;NaN;NaN;0.81;1.88;4.23
18VA70002_1858;16;47.09861;-60.25;148;50;02-nov-70;13:36:00;0.46;NaN;30.05;7;1.06;2.26;6.16
18VA70002_1859;1611;47.94444;-62.71667;2503;0;27-oct-70;18:40:00;0.6;NaN;NaN;NaN;0.48;1.3;2.98
18VA70002_1859;1611;47.94444;-62.71667;2504;5;27-oct-70;18:40:00;0.69;NaN;30.35;7.4;0.42;1.01;1.96
18VA70002_1859;1611;47.94444;-62.71667;2505;15;27-oct-70;18:40:00;0.64;NaN;30.36;7.44;0.48;1.2;3.02
18VA70002_1859;1611;47.94444;-62.71667;2506;25;27-oct-70;18:40:00;0.56;NaN;30.44;7.32;0.4;1.1;2.09
18VA70002_1859;1611;47.94444;-62.71667;2507;50;27-oct-70;18:40:00;0.09;NaN;32.15;1.11;0.89;6.8;5.65
18VA70002_1860;1661;46.72667;-62.725;2550;0;11-nov-70;13:32:00;0.3;NaN;NaN;NaN;0.6;3.03;5.68
18VA70002_1860;1661;46.72667;-62.725;2552;5;11-nov-70;13:32:00;0.3;NaN;29.62;6.78;0.63;2.65;6.2
18VA70002_1860;1661;46.72667;-62.725;2555;15;11-nov-70;13:32:00;0.27;NaN;29.71;6.79;0.66;1.67;6.04
18VA70002_1860;1661;46.72667;-62.725;2556;25;11-nov-70;13:32:00;0.18;NaN;30.1;6.94;0.73;3.49;6.33
18VA70002_1860;1661;46.72667;-62.725;2558;45;11-nov-70;13:32:00;0.17;NaN;NaN;NaN;0.99;9.26;13.62
18VA70002_1861;1671;47.59667;-59.34;154;0;02-nov-70;20:25:00;0.4;NaN;NaN;NaN;0.33;0.79;1.42
18VA70002_1861;1671;47.59667;-59.34;155;5;02-nov-70;20:25:00;0.48;NaN;NaN;NaN;0.36;0.69;1.22
18VA70002_1861;1671;47.59667;-59.34;156;15;02-nov-70;20:25:00;0.45;NaN;NaN;NaN;0.42;0.73;1.22
18VA70002_1861;1671;47.59667;-59.34;157;25;02-nov-70;20:25:00;0.3;NaN;31.39;7.9;0.39;0.94;1.72
18VA70002_1861;1671;47.59667;-59.34;158;50;02-nov-70;20:25:00;0.26;NaN;31.83;5.69;0.53;1.5;3.65
18VA70002_1862;1691;48;-59.5;164;0;05-nov-70;16:43:00;0.48;NaN;NaN;NaN;0.45;0.57;1.29
18VA70002_1862;1691;48;-59.5;165;5;05-nov-70;16:43:00;0.44;NaN;NaN;NaN;0.33;0.46;0.92
18VA70002_1862;1691;48;-59.5;166;15;05-nov-70;16:43:00;0.46;NaN;31.6;8.08;0.29;0.57;1.42
18VA70002_1862;1691;48;-59.5;167;25;05-nov-70;16:43:00;0.42;NaN;31.63;7.93;0.28;1.02;1.65
18VA70002_1862;1691;48;-59.5;168;50;05-nov-70;16:43:00;0.15;NaN;32.12;5.36;0.56;2.66;2.13
18VA70002_1863;21;47.24306;-59.95972;21_1;0;10-apr-70;20:15:00;NaN;NaN;30.91;-1;0.46;4.05;8.2
18VA70002_1863;21;47.24306;-59.95972;21_10;200;10-apr-70;20:15:00;NaN;5.24;33.1;4.2;0.93;10.4;6.88
18VA70002_1863;21;47.24306;-59.95972;21_11;250;10-apr-70;20:15:00;NaN;NaN;NaN;4.7;NaN;NaN;NaN
18VA70002_1863;21;47.24306;-59.95972;21_12;300;10-apr-70;20:15:00;NaN;3.96;34.35;NaN;1.46;16.89;14.95
18VA70002_1863;21;47.24306;-59.95972;21_13;400;10-apr-70;20:15:00;NaN;3.14;NaN;NaN;1.82;18.29;NaN
18VA70002_1863;21;47.24306;-59.95972;21_2;10;10-apr-70;20:15:00;NaN;7.32;31.73;-0.8;0.42;0.41;1.58
18VA70002_1863;21;47.24306;-59.95972;21_3;15;10-apr-70;20:15:00;NaN;7.53;31.59;-0.5;0.42;0.66;1.54
18VA70002_1863;21;47.24306;-59.95972;21_4;20;10-apr-70;20:15:00;NaN;7.28;31.62;-0.3;0.53;0.76;1.8
18VA70002_1863;21;47.24306;-59.95972;21_5;25;10-apr-70;20:15:00;NaN;6.83;31.61;0;0.58;0.47;1.54
18VA70002_1863;21;47.24306;-59.95972;21_6;50;10-apr-70;20:15:00;NaN;7;31.71;0.5;0.32;2.14;2.28
18VA70002_1863;21;47.24306;-59.95972;21_7;75;10-apr-70;20:15:00;NaN;6.17;31.93;0.7;0.6;3.27;3.56
18VA70002_1863;21;47.24306;-59.95972;21_8;100;10-apr-70;20:15:00;NaN;6.1;32.41;1.3;0.48;6.44;5.21
18VA70002_1863;21;47.24306;-59.95972;21_9;150;10-apr-70;20:15:00;NaN;6.38;32.23;2.4;0.81;5.59;5.3
18VA70002_1864;22;47.24306;-59.95972;22_14;0;22-apr-70;17:30:00;2.21;8.16;31.87;1.86;0.32;0.24;0.6
18VA70002_1864;22;47.24306;-59.95972;22_15;5;22-apr-70;17:30:00;2.17;8.29;31.86;1.83;0.39;0.13;0.75
18VA70002_1864;22;47.24306;-59.95972;22_16;15;22-apr-70;17:30:00;2.62;8.3;31.95;1.43;0.39;0.02;0.45
18VA70002_1864;22;47.24306;-59.95972;22_17;25;22-apr-70;17:30:00;2.86;8.24;31.99;1.43;0.42;0;0.68
18VA70002_1864;22;47.24306;-59.95972;22_18;100;22-apr-70;17:30:00;NaN;7.35;33.02;1.9;0.95;7.25;7.33
18VA70002_1864;22;47.24306;-59.95972;22_19;300;22-apr-70;17:30:00;NaN;4.1;34.55;5.02;1.65;19.65;19.25
18VA70002_1864;22;47.24306;-59.95972;22_20;400;22-apr-70;17:30:00;NaN;4.1;34.69;4.51;1.77;19.72;28.53
18VA70002_1865;221;47.38472;-62.61667;2098;0;04-may-70;11:00:00;0.85;NaN;30.65;1.39;0.32;0.07;0.23
18VA70002_1865;221;47.38472;-62.61667;2100;5;04-may-70;11:00:00;0.85;NaN;30.65;1.37;0.4;0;0.11
18VA70002_1865;221;47.38472;-62.61667;2102;15;04-may-70;11:00:00;1.51;NaN;30.8;1.04;0.21;0;0.17
18VA70002_1865;221;47.38472;-62.61667;2103;25;04-may-70;11:00:00;2.22;NaN;30.8;0.98;0.3;0;0.17
18VA70002_1865;221;47.38472;-62.61667;2104;50;04-may-70;11:00:00;NaN;NaN;31.01;-0.31;0.54;1.33;1.2
18VA70002_1865;221;47.38472;-62.61667;2105;75;04-may-70;11:00:00;NaN;NaN;31.21;-0.58;1.05;6.51;8.24
18VA70002_1866;222;47.38472;-62.61667;2246;0;16-jul-70;01:35:00;0.48;NaN;27.55;14.7;0.13;0.43;2.31
18VA70002_1866;222;47.38472;-62.61667;2247;5;16-jul-70;01:35:00;0.54;NaN;27.57;14.7;0.13;0.07;1.97
18VA70002_1866;222;47.38472;-62.61667;2248;15;16-jul-70;01:35:00;0.57;NaN;29.68;7.77;0.38;0.53;0.97
18VA70002_1866;222;47.38472;-62.61667;2249;25;16-jul-70;01:35:00;0.16;NaN;30.64;1.83;0.47;2.16;1.02
18VA70002_1866;222;47.38472;-62.61667;2250;50;16-jul-70;01:35:00;NaN;NaN;31.81;0.06;0.91;3.81;9.81
18VA70002_1867;223;47.38472;-62.61667;2317;0;26-aug-70;02:05:00;0.48;NaN;28.08;17.5;0.21;0.25;2.52
18VA70002_1867;223;47.38472;-62.61667;2318;5;26-aug-70;02:05:00;0.48;NaN;28.07;17.5;0.17;0.63;2.19
18VA70002_1867;223;47.38472;-62.61667;2319;15;26-aug-70;02:05:00;0.86;NaN;28.88;13.5;0.17;0.23;2.43
18VA70002_1867;223;47.38472;-62.61667;2320;25;26-aug-70;02:05:00;0.42;NaN;31.89;2.65;0.33;0.91;0.92
18VA70002_1867;223;47.38472;-62.61667;2321;50;26-aug-70;02:05:00;NaN;NaN;32.07;0.2;1.06;9.61;18.16
18VA70002_1868;224;47.38472;-62.61667;2467;0;29-oct-70;21:39:00;1.38;NaN;NaN;NaN;0.52;1.25;3.91
18VA70002_1868;224;47.38472;-62.61667;2468;5;29-oct-70;21:39:00;1.14;NaN;NaN;NaN;0.5;1.5;3.86
18VA70002_1868;224;47.38472;-62.61667;2469;15;29-oct-70;21:39:00;1.26;NaN;30.04;7.91;0.43;1.1;2.33
18VA70002_1868;224;47.38472;-62.61667;2470;25;29-oct-70;21:39:00;0.54;NaN;30.22;7.24;0.74;5.39;4.78
18VA70002_1868;224;47.38472;-62.61667;2471;50;29-oct-70;21:39:00;0.19;NaN;32.28;0.66;1.29;10.82;16.38
18VA70002_1869;225;47.38472;-62.61667;2472;0;30-oct-70;12:21:00;1.31;NaN;NaN;NaN;3.46;1.43;4.08
18VA70002_1869;225;47.38472;-62.61667;2473;5;30-oct-70;12:21:00;1.13;NaN;NaN;NaN;0.52;1.38;3.93
18VA70002_1869;225;47.38472;-62.61667;2474;15;30-oct-70;12:21:00;0.85;NaN;NaN;NaN;0.41;1.52;3.06
18VA70002_1869;225;47.38472;-62.61667;2475;25;30-oct-70;12:21:00;0.98;NaN;NaN;NaN;0.47;0.9;2.85
18VA70002_1869;225;47.38472;-62.61667;2476;50;30-oct-70;12:21:00;0.32;NaN;NaN;NaN;1.29;11.12;12.26
18VA70002_1870;23;47.24306;-59.95972;100;15;01-jul-70;20:15:00;0.22;7.13;31.44;8.6;0.37;0.66;0.61
18VA70002_1870;23;47.24306;-59.95972;101;25;01-jul-70;20:15:00;0.21;NaN;31.46;5.5;0.42;0.26;0.7
18VA70002_1870;23;47.24306;-59.95972;102;50;01-jul-70;20:15:00;NaN;7.84;32.38;1.7;0.68;3.32;1.87
18VA70002_1870;23;47.24306;-59.95972;103;100;01-jul-70;20:15:00;NaN;6.35;33.1;1.95;1.03;10.07;8.59
18VA70002_1870;23;47.24306;-59.95972;104;400;01-jul-70;20:15:00;NaN;4.39;NaN;NaN;1.09;18.53;16.11
18VA70002_1870;23;47.24306;-59.95972;23_98;0;01-jul-70;20:15:00;0.28;6.98;NaN;NaN;0.33;0.4;1.7
18VA70002_1870;23;47.24306;-59.95972;23_99;5;01-jul-70;20:15:00;0.22;7.03;31.53;9.02;0.4;0.11;0.89
18VA70002_1871;231;46.61667;-62;2139;0;12-jun-70;09:00:00;0.15;NaN;29.76;9.19;0.29;0.61;0.82
18VA70002_1871;231;46.61667;-62;2140;5;12-jun-70;09:00:00;0.1;NaN;29.77;9.19;0.32;0.09;0.52
18VA70002_1871;231;46.61667;-62;2141;15;12-jun-70;09:00:00;0.18;NaN;29.83;8.83;0.32;0.09;0.58
18VA70002_1871;231;46.61667;-62;2142;25;12-jun-70;09:00:00;0.31;NaN;30.58;5.65;0.29;0.05;0.19
18VA70002_1871;231;46.61667;-62;2143;50;12-jun-70;09:00:00;NaN;NaN;30.72;0.5;0.72;1.38;2.49
18VA70002_1872;232;46.61667;-62;2251;0;16-jul-70;10:00:00;0.39;NaN;28.28;15.95;0.18;0.13;1.58
18VA70002_1872;232;46.61667;-62;2252;5;16-jul-70;10:00:00;0.38;NaN;28.31;15.94;0.13;0;0.97
18VA70002_1872;232;46.61667;-62;2253;15;16-jul-70;10:00:00;0.72;NaN;28.73;13.52;0.21;0;1.34
18VA70002_1872;232;46.61667;-62;2254;25;16-jul-70;10:00:00;0.91;NaN;30.24;3.4;0.58;0.46;2.96
18VA70002_1872;232;46.61667;-62;2255;40;16-jul-70;10:00:00;NaN;NaN;30.65;0.6;0.65;1.46;3.67
18VA70002_1873;233;46.61667;-62;2322;0;22-aug-70;07:30:00;0.91;NaN;27.83;19.35;0.16;0.27;2.74
18VA70002_1873;233;46.61667;-62;2323;5;22-aug-70;07:30:00;0.8;NaN;27.83;19.35;0.11;0.18;2.19
18VA70002_1873;233;46.61667;-62;2324;15;22-aug-70;07:30:00;0.93;NaN;27.88;19.25;0.12;0.2;1.91
18VA70002_1873;233;46.61667;-62;2325;25;22-aug-70;07:30:00;0.48;NaN;31.57;2.5;0.51;0.63;2.78
18VA70002_1873;233;46.61667;-62;2326;50;22-aug-70;07:30:00;NaN;NaN;NaN;NaN;1;3.98;6.68
18VA70002_1874;234;46.61667;-62;2523;0;11-nov-70;18:17:00;0.36;NaN;NaN;NaN;0.54;0.75;4.55
18VA70002_1874;234;46.61667;-62;2524;5;11-nov-70;18:17:00;0.38;NaN;NaN;NaN;0.63;1.75;4.87
18VA70002_1874;234;46.61667;-62;2525;15;11-nov-70;18:17:00;0.41;NaN;30.22;6.69;0.46;1.96;2.25
18VA70002_1874;234;46.61667;-62;2526;25;11-nov-70;18:17:00;0.32;NaN;30.26;6.54;0.54;1.76;4.27
18VA70002_1874;234;46.61667;-62;2527;50;11-nov-70;18:17:00;0.24;NaN;NaN;NaN;1.38;12.53;16.27
18VA70002_1875;241;46.93333;-61.91389;2106;0;04-may-70;16:25:00;1.76;8.99;30.69;1.47;0.38;0.02;0.28
18VA70002_1875;241;46.93333;-61.91389;2107;5;04-may-70;16:25:00;1.89;9.02;30.69;1.19;0.31;0;0.21
18VA70002_1875;241;46.93333;-61.91389;2109;15;04-may-70;16:25:00;3.21;8.83;30.69;0.71;0.41;0;0.28
18VA70002_1875;241;46.93333;-61.91389;2110;25;04-may-70;16:25:00;2.65;8.83;30.75;0.31;0.41;0.07;0.42
18VA70002_1875;241;46.93333;-61.91389;2111;50;04-may-70;16:25:00;NaN;8.37;30.81;0.05;0.4;0.2;0.44
18VA70002_1876;242;46.93333;-61.91389;2256;0;16-jul-70;12:43:00;0.43;8.99;29.63;14.54;0.23;0.22;1.6
18VA70002_1876;242;46.93333;-61.91389;2257;3;16-jul-70;12:43:00;0.47;NaN;NaN;NaN;NaN;NaN;NaN
18VA70002_1876;242;46.93333;-61.91389;2258;5;16-jul-70;12:43:00;0.44;9.02;29.64;14.46;0.19;0.09;2.23
18VA70002_1876;242;46.93333;-61.91389;2259;10;16-jul-70;12:43:00;0.63;NaN;NaN;NaN;NaN;NaN;NaN
18VA70002_1876;242;46.93333;-61.91389;2260;15;16-jul-70;12:43:00;NaN;8.83;30.62;5.96;0.45;0.22;2.1
18VA70002_1876;242;46.93333;-61.91389;2261;20;16-jul-70;12:43:00;1.2;NaN;NaN;NaN;NaN;NaN;NaN
18VA70002_1876;242;46.93333;-61.91389;2262;25;16-jul-70;12:43:00;NaN;8.83;30.85;0.54;0.91;2.69;1.69
18VA70002_1876;242;46.93333;-61.91389;2263;50;16-jul-70;12:43:00;NaN;8.37;31.05;2.71;0.79;4.15;2.74
18VA70002_1877;243;46.93333;-61.91389;2327;0;25-aug-70;20:47:00;0.93;NaN;28.12;17.5;0.32;0.52;1.64
18VA70002_1877;243;46.93333;-61.91389;2328;5;25-aug-70;20:47:00;0.93;NaN;28.14;17.38;0.2;0.28;1.53
18VA70002_1877;243;46.93333;-61.91389;2329;15;25-aug-70;20:47:00;1.01;NaN;30.44;5.1;0.42;0.23;2.06
18VA70002_1877;243;46.93333;-61.91389;2330;25;25-aug-70;20:47:00;0.19;NaN;30.84;1.1;0.66;1.96;1.34
18VA70002_1877;243;46.93333;-61.91389;2331;50;25-aug-70;20:47:00;NaN;NaN;NaN;NaN;1.13;6.37;6.94
18VA70002_1878;244;46.93333;-61.91389;2528;0;12-nov-70;13:49:00;0.51;NaN;NaN;NaN;0.36;1.33;3.64
18VA70002_1878;244;46.93333;-61.91389;2530;5;12-nov-70;13:49:00;0.55;NaN;NaN;NaN;0.32;1.17;3.7
18VA70002_1878;244;46.93333;-61.91389;2533;15;12-nov-70;13:49:00;0.54;NaN;NaN;NaN;0.33;1.57;3.88
18VA70002_1878;244;46.93333;-61.91389;2534;25;12-nov-70;13:49:00;0.35;NaN;30.37;5.6;0.58;2.19;3.92
18VA70002_1878;244;46.93333;-61.91389;2536;50;12-nov-70;13:49:00;0.24;NaN;NaN;NaN;0.87;10.91;7.88
18VA70002_1879;31;47.40833;-59.65;31_21;0;22-apr-70;11:20:00;1.88;NaN;31.89;NaN;0.31;0.02;0.47
18VA70002_1879;31;47.40833;-59.65;31_22;5;22-apr-70;11:20:00;2.25;NaN;31.89;1.5;0.36;0.02;0.66
18VA70002_1879;31;47.40833;-59.65;31_24;15;22-apr-70;11:20:00;2.32;NaN;31.89;1.49;0.26;0.02;0.21
18VA70002_1879;31;47.40833;-59.65;31_25;25;22-apr-70;11:20:00;2;NaN;31.89;1.54;0.42;0;0.45
18VA70002_1879;31;47.40833;-59.65;31_26;100;22-apr-70;11:20:00;NaN;NaN;32.93;1.7;1.02;9.1;6.76
18VA70002_1879;31;47.40833;-59.65;31_27;300;22-apr-70;11:20:00;NaN;NaN;34.56;5.28;1.4;9.4;13.11
18VA70002_1879;31;47.40833;-59.65;31_28;400;22-apr-70;11:20:00;NaN;NaN;34.72;4.61;1.25;13.1;19.89
18VA70002_1880;32;47.40833;-59.65;32_55;0;14-may-70;20:50:00;0.39;NaN;31.5;3.99;0.65;0.11;0.66
18VA70002_1880;32;47.40833;-59.65;32_56;5;14-may-70;20:50:00;0.27;NaN;31.49;3.97;0.56;0.11;4.27
18VA70002_1880;32;47.40833;-59.65;32_57;15;14-may-70;20:50:00;0.23;NaN;31.68;3.01;0.34;0.18;0.32
18VA70002_1880;32;47.40833;-59.65;32_58;25;14-may-70;20:50:00;0.39;NaN;31.67;2.55;0.39;0.2;0.62
18VA70002_1880;32;47.40833;-59.65;32_59;100;14-may-70;20:50:00;NaN;NaN;32.37;1.38;0.53;4.89;4.91
18VA70002_1880;32;47.40833;-59.65;32_60;300;14-may-70;20:50:00;NaN;NaN;34.5;5.15;1.5;19.5;15.75
18VA70002_1880;32;47.40833;-59.65;32_61;400;14-may-70;20:50:00;NaN;NaN;34.7;4.56;1.34;19.99;26.04
18VA70002_1881;33;47.40833;-59.65;105;0;02-jul-70;10:15:00;0.19;NaN;31.59;9.41;0.38;0.22;0.98
18VA70002_1881;33;47.40833;-59.65;106;5;02-jul-70;10:15:00;0.17;NaN;31.61;9.39;0.38;0.11;0.65
18VA70002_1881;33;47.40833;-59.65;107;15;02-jul-70;10:15:00;0.23;NaN;31.73;8.43;0.37;0.26;0.63
18VA70002_1881;33;47.40833;-59.65;108;25;02-jul-70;10:15:00;0.5;NaN;32.16;3.67;0.46;0.79;1.15
18VA70002_1881;33;47.40833;-59.65;109;35;02-jul-70;10:15:00;0.33;NaN;32.31;2.24;0.51;2.43;3.24
18VA70002_1881;33;47.40833;-59.65;110;50;02-jul-70;10:15:00;NaN;NaN;32.32;1.52;0.69;3.19;2.7
18VA70002_1881;33;47.40833;-59.65;111;100;02-jul-70;10:15:00;NaN;NaN;33.22;2.16;1.13;10.37;10.79
18VA70002_1881;33;47.40833;-59.65;112;400;02-jul-70;10:15:00;NaN;NaN;NaN;NaN;1.62;19.74;22.83
18VA70002_1882;34;47.40833;-59.65;113;0;28-jul-70;18:00:00;0.1;NaN;31.37;16.5;0.36;0.24;0.84
18VA70002_1882;34;47.40833;-59.65;114;5;28-jul-70;18:00:00;0.1;NaN;31.33;16;0.31;0;0.97
18VA70002_1882;34;47.40833;-59.65;115;15;28-jul-70;18:00:00;0.26;NaN;31.62;13;0.36;0.02;0.95
18VA70002_1882;34;47.40833;-59.65;116;25;28-jul-70;18:00:00;0.23;NaN;31.89;6.6;0.39;0.02;0.95
18VA70002_1882;34;47.40833;-59.65;117;50;28-jul-70;18:00:00;NaN;NaN;32.38;2.4;0.82;4.68;3.44
18VA70002_1882;34;47.40833;-59.65;118;75;28-jul-70;18:00:00;NaN;NaN;32.66;2.5;0.91;9.45;5.65
18VA70002_1882;34;47.40833;-59.65;119;100;28-jul-70;18:00:00;NaN;NaN;33;2.6;1.04;10.95;9.52
18VA70002_1882;34;47.40833;-59.65;120;400;28-jul-70;18:00:00;NaN;NaN;34.73;NaN;1.65;19.99;26.63
18VA70002_1883;35;47.40833;-59.65;149;0;02-nov-70;17:31:00;0.57;NaN;NaN;NaN;0.24;0.35;0.9
18VA70002_1883;35;47.40833;-59.65;150;5;02-nov-70;17:31:00;0.57;NaN;NaN;NaN;0.3;0.42;1.14
18VA70002_1883;35;47.40833;-59.65;151;15;02-nov-70;17:31:00;0.57;NaN;NaN;NaN;0.39;0.35;1.29
18VA70002_1883;35;47.40833;-59.65;152;25;02-nov-70;17:31:00;0.55;NaN;NaN;NaN;0.51;0.44;1.4
18VA70002_1883;35;47.40833;-59.65;153;50;02-nov-70;17:31:00;0.11;NaN;32.3;2.28;0.75;4.66;4.1
18VA70002_1884;41;47.57861;-59.425;41_29;0;21-apr-70;14:00:00;2.08;8.17;31.86;NaN;0.65;0.17;0.58
18VA70002_1884;41;47.57861;-59.425;41_31;5;21-apr-70;14:00:00;2;8.24;31.86;NaN;1.59;0.04;0.66
18VA70002_1884;41;47.57861;-59.425;41_33;15;21-apr-70;14:00:00;2.15;8.21;31.81;1.62;NaN;0.77;1.15
18VA70002_1884;41;47.57861;-59.425;41_35;25;21-apr-70;14:00:00;2.26;8.24;31.88;1.59;0.57;0.73;1.19
18VA70002_1884;41;47.57861;-59.425;41_36;100;21-apr-70;14:00:00;NaN;7.96;32.13;1.4;0.79;1.46;1.05
18VA70002_1884;41;47.57861;-59.425;41_37;200;21-apr-70;14:00:00;NaN;5.73;NaN;3.06;1.26;11.04;8.34
18VA70002_1884;41;47.57861;-59.425;41_38;300;21-apr-70;14:00:00;NaN;4.59;34.49;5.46;1.81;14.86;8.55
18VA70002_1885;42;47.57861;-59.425;121;0;02-jul-70;14:25:00;0.31;7.05;31.19;8.91;0.39;0.37;1.76
18VA70002_1885;42;47.57861;-59.425;122;5;02-jul-70;14:25:00;0.5;7.1;31.16;8.7;0.37;0.15;1
18VA70002_1885;42;47.57861;-59.425;123;15;02-jul-70;14:25:00;0.75;7.4;31.41;5.62;0.41;0.51;1.48
18VA70002_1885;42;47.57861;-59.425;124;25;02-jul-70;14:25:00;0.77;7.81;31.92;4.88;0.39;0.31;0.96
18VA70002_1885;42;47.57861;-59.425;126;50;02-jul-70;14:25:00;NaN;NaN;32.3;2.33;0.45;2.67;1.65
18VA70002_1885;42;47.57861;-59.425;127;100;02-jul-70;14:25:00;NaN;7.13;32.71;1.22;0.94;6.04;4.41
18VA70002_1885;42;47.57861;-59.425;128;200;02-jul-70;14:25:00;NaN;4.7;34.45;5.52;1.18;11.45;11.31
18VA70002_1885;42;47.57861;-59.425;129;300;02-jul-70;14:25:00;NaN;4.42;34.9;5.03;1.53;14.09;16.46
18VA70002_1886;821;47.71667;-63.71667;2159;0;04-jun-70;09:00:00;3.25;NaN;NaN;8.1;0.19;1.02;1.65
18VA70002_1886;821;47.71667;-63.71667;2160;5;04-jun-70;09:00:00;3.62;NaN;NaN;8.1;0.24;0.76;2.17
18VA70002_1886;821;47.71667;-63.71667;2161;15;04-jun-70;09:00:00;0.43;NaN;NaN;6.2;0.33;0.65;1.35
18VA70002_1886;821;47.71667;-63.71667;2162;25;04-jun-70;09:00:00;0.15;NaN;NaN;2.5;0.47;0.18;0.33
18VA70002_1886;821;47.71667;-63.71667;2163;45;04-jun-70;09:00:00;NaN;NaN;NaN;0.4;0.94;2.7;1.91
18VA70002_1887;822;47.71667;-63.71667;2356;0;21-aug-70;14:30:00;0.56;NaN;28.42;15.72;0.22;0.17;3.63
18VA70002_1887;822;47.71667;-63.71667;2357;5;21-aug-70;14:30:00;0.64;NaN;28.44;15.7;0.22;0.05;2.86
18VA70002_1887;822;47.71667;-63.71667;2358;15;21-aug-70;14:30:00;0.87;NaN;30.38;7.1;0.55;0.08;1.79
18VA70002_1887;822;47.71667;-63.71667;2359;25;21-aug-70;14:30:00;0.39;NaN;31.34;1.04;1.07;7.34;7.04
18VA70002_1887;822;47.71667;-63.71667;2360;50;21-aug-70;14:30:00;NaN;NaN;32.19;0.3;1.01;12.49;17.51
18VA70002_1888;823;47.71667;-63.71667;2482;0;28-oct-70;12:40:00;0.54;NaN;NaN;NaN;1.59;3.25;7.06
18VA70002_1888;823;47.71667;-63.71667;2484;5;28-oct-70;12:40:00;0.41;NaN;28.97;7.79;0.54;3.04;3.17
18VA70002_1888;823;47.71667;-63.71667;2487;15;28-oct-70;12:40:00;0.45;NaN;28.99;7.79;0.61;2.4;5.72
18VA70002_1888;823;47.71667;-63.71667;2489;25;28-oct-70;12:40:00;0.51;NaN;29.4;7.81;1.11;8.89;9.95
18VA70002_1888;823;47.71667;-63.71667;2490;50;28-oct-70;12:40:00;0.11;NaN;31.49;2.75;0.77;10.31;5.74
18VA70002_1889;831;47.48889;-63.6;2164;0;04-jun-70;10:50:00;0.68;NaN;NaN;7.7;0.19;0.28;1.02
18VA70002_1889;831;47.48889;-63.6;2166;5;04-jun-70;10:50:00;0.63;NaN;NaN;7.7;0.25;0.11;1.46
18VA70002_1889;831;47.48889;-63.6;2169;15;04-jun-70;10:50:00;0.32;NaN;NaN;5.6;0.29;0;0.22
18VA70002_1889;831;47.48889;-63.6;2171;25;04-jun-70;10:50:00;0.16;NaN;NaN;1.9;0.32;0.02;0.11
18VA70002_1889;831;47.48889;-63.6;2172;50;04-jun-70;10:50:00;NaN;NaN;NaN;0.4;0.64;1.06;0.3
18VA70002_1890;841;47.23056;-63.55;2173;0;04-jun-70;13:05:00;0.18;NaN;NaN;7.5;0.24;0.11;0.48
18VA70002_1890;841;47.23056;-63.55;2174;5;04-jun-70;13:05:00;0.18;NaN;NaN;7.5;0.23;0;0.24
18VA70002_1890;841;47.23056;-63.55;2175;15;04-jun-70;13:05:00;0.16;NaN;NaN;7.3;0.24;0;0.13
18VA70002_1890;841;47.23056;-63.55;2176;25;04-jun-70;13:05:00;0.4;NaN;NaN;5.4;0.25;0.05;0.22
18VA70002_1890;841;47.23056;-63.55;2177;45;04-jun-70;13:05:00;NaN;NaN;NaN;1.2;1.22;5.72;5.04
18VA70002_1891;842;47.23056;-63.55;2361;0;21-aug-70;19:35:00;0.76;NaN;NaN;17.6;0.26;0.25;2.51
18VA70002_1891;842;47.23056;-63.55;2362;5;21-aug-70;19:35:00;0.85;NaN;NaN;17.5;0.22;0.22;2.71
18VA70002_1891;842;47.23056;-63.55;2363;15;21-aug-70;19:35:00;1.26;NaN;NaN;9.5;0.56;0.31;3.94
18VA70002_1891;842;47.23056;-63.55;2364;25;21-aug-70;19:35:00;0.26;NaN;NaN;3.7;0.91;4.55;5.99
18VA70002_1892;843;47.23056;-63.55;2537;0;13-nov-70;14:33:00;0.46;NaN;NaN;NaN;0.47;1.94;5.44
18VA70002_1892;843;47.23056;-63.55;2539;5;13-nov-70;14:33:00;0.37;NaN;NaN;NaN;0.6;2.12;3.81
18VA70002_1892;843;47.23056;-63.55;2541;15;13-nov-70;14:33:00;0.28;NaN;NaN;NaN;0.37;1.61;2.86
18VA70002_1892;843;47.23056;-63.55;2543;25;13-nov-70;14:33:00;0.12;NaN;29.96;6.61;0.51;2.13;4.33
18VA70002_1892;843;47.23056;-63.55;2544;50;13-nov-70;14:33:00;0.03;NaN;31.2;4.11;0.58;3.74;3.57
18VA70002_1893;851;46.91667;-63.57778;2178;0;04-jun-70;14:20:00;0.24;NaN;NaN;9.1;0.26;0.41;1.04
18VA70002_1893;851;46.91667;-63.57778;2179;5;04-jun-70;14:20:00;0.24;NaN;NaN;9;0.29;0.07;1.07
18VA70002_1893;851;46.91667;-63.57778;2180;15;04-jun-70;14:20:00;0.27;NaN;NaN;4;0.29;0.11;0.2
18VA70002_1893;851;46.91667;-63.57778;2181;25;04-jun-70;14:20:00;0.08;NaN;NaN;1;0.69;0.45;0.33
18VA70002_1893;851;46.91667;-63.57778;2182;30;04-jun-70;14:20:00;NaN;NaN;NaN;0.4;0.69;0.86;0.98
18VA70002_1894;852;46.91667;-63.57778;2491;0;31-oct-70;12:17:00;0.83;NaN;NaN;NaN;0.77;1.25;4.32
18VA70002_1894;852;46.91667;-63.57778;2493;5;31-oct-70;12:17:00;0.81;NaN;NaN;NaN;0.5;1.89;4.83
18VA70002_1894;852;46.91667;-63.57778;2496;15;31-oct-70;12:17:00;0.44;NaN;NaN;NaN;0.56;1.99;4.34
18VA70002_1894;852;46.91667;-63.57778;2498;25;31-oct-70;12:17:00;0.33;NaN;NaN;NaN;0.56;2.53;6.65
18VA70002_1894;852;46.91667;-63.57778;2499;46;31-oct-70;12:17:00;0.3;NaN;NaN;NaN;0.93;5.71;12.67
18VA70002_1895;861;46.66944;-63.60833;2183;0;04-jun-70;17:00:00;0.12;NaN;NaN;9.5;0.32;0.18;1.7
18VA70002_1895;861;46.66944;-63.60833;2184;5;04-jun-70;17:00:00;0.14;NaN;NaN;9.4;0.27;0.07;1.05
18VA70002_1895;861;46.66944;-63.60833;2186;15;04-jun-70;17:00:00;0.48;NaN;NaN;5.2;0.32;0.09;0.88
18VA70002_1895;861;46.66944;-63.60833;2187;25;04-jun-70;17:00:00;0.23;NaN;NaN;2.5;0.64;0.7;3.71
18VA70002_1896;862;46.66944;-63.60833;2365;0;21-aug-70;23:35:00;1.35;NaN;27.73;18.45;0.2;0.26;1.97
18VA70002_1896;862;46.66944;-63.60833;2366;5;21-aug-70;23:35:00;1.71;NaN;27.7;18.45;0.2;0.28;1.2
18VA70002_1896;862;46.66944;-63.60833;2367;15;21-aug-70;23:35:00;0.79;NaN;29.88;6.85;0.6;2.24;12.83
18VA70002_1896;862;46.66944;-63.60833;2368;25;21-aug-70;23:35:00;0.36;NaN;30.91;1.75;0.87;3.51;10.64
18VA70002_1897;871;46.90556;-60.93333;2188;0;12-jun-70;22:50:00;0.11;NaN;30.28;9;0.36;0.16;0.34
18VA70002_1897;871;46.90556;-60.93333;2189;5;12-jun-70;22:50:00;0.13;NaN;30.41;9;0.34;0.07;0.3
18VA70002_1897;871;46.90556;-60.93333;2190;15;12-jun-70;22:50:00;0.28;NaN;30.5;8.5;0.35;0.05;0.26
18VA70002_1897;871;46.90556;-60.93333;2191;25;12-jun-70;22:50:00;0.33;NaN;30.59;6.2;0.34;0.05;0.67
18VA70002_1897;871;46.90556;-60.93333;2192;125;12-jun-70;22:50:00;NaN;NaN;33.4;NaN;1.39;13.18;13.87
18VA70002_1898;881;47.15556;-60.56667;881_62;0;13-jun-70;01:30:00;0.07;NaN;NaN;9.6;0.4;0.31;0.77
18VA70002_1898;881;47.15556;-60.56667;881_63;5;13-jun-70;01:30:00;0.12;NaN;NaN;9.5;0.37;0.05;0.62
18VA70002_1898;881;47.15556;-60.56667;881_64;15;13-jun-70;01:30:00;0.19;NaN;NaN;6.6;0.3;0.11;0.45
18VA70002_1898;881;47.15556;-60.56667;881_65;25;13-jun-70;01:30:00;0.2;NaN;NaN;5.2;0.29;0.31;0.64
18VA70002_1898;881;47.15556;-60.56667;881_66;160;13-jun-70;01:30:00;NaN;NaN;NaN;5;1.46;16.58;14.77
18VA70002_1899;891;47.49444;-60.48333;891_67;0;13-jun-70;13:30:00;0.09;NaN;NaN;6.7;0.36;0.34;0.9
18VA70002_1899;891;47.49444;-60.48333;891_68;5;13-jun-70;13:30:00;0.13;NaN;NaN;6.6;0.39;0.02;0.64
18VA70002_1899;891;47.49444;-60.48333;891_70;15;13-jun-70;13:30:00;0.17;NaN;NaN;6.5;0.39;0.04;0.34
18VA70002_1899;891;47.49444;-60.48333;891_71;25;13-jun-70;13:30:00;0.15;NaN;NaN;6.1;0.41;0.07;0.43
18VA70002_1899;891;47.49444;-60.48333;891_74;135;13-jun-70;13:30:00;NaN;NaN;NaN;NaN;1;9.88;9.21
18VA70002_1900;901;47.81111;-60.72222;901_75;0;13-jun-70;16:43:00;0.13;NaN;NaN;7;0.34;0.2;0.66
18VA70002_1900;901;47.81111;-60.72222;901_76;5;13-jun-70;16:43:00;0.22;NaN;NaN;6.5;0.34;0.09;0.49
18VA70002_1900;901;47.81111;-60.72222;901_77;15;13-jun-70;16:43:00;0.26;NaN;NaN;6.1;0.36;0.11;0.47
18VA70002_1900;901;47.81111;-60.72222;901_78;25;13-jun-70;16:43:00;0.42;NaN;NaN;5.4;0.35;0.07;0.57
18VA70002_1900;901;47.81111;-60.72222;901_79;100;13-jun-70;16:43:00;NaN;NaN;NaN;3.1;1.22;11.59;11.13
18VA70002_1901;Ellerslie_PEI1;46.65;-63.65;2087;0;23-apr-70;14:05:00;0.36;NaN;NaN;1.05;0.28;0.08;0.22
18VA70002_1901;Ellerslie_PEI1;46.65;-63.65;2088;5;23-apr-70;14:05:00;0.6;NaN;NaN;0.8;0.27;0.15;0.26
18VA70002_1901;Ellerslie_PEI1;46.65;-63.65;2089;10;23-apr-70;14:05:00;NaN;NaN;NaN;-0.1;0.32;0.04;0.15
18VA70002_1901;Ellerslie_PEI1;46.65;-63.65;2090;15;23-apr-70;14:05:00;0.97;NaN;NaN;-0.25;0.24;0.04;0.22
18VA70002_1901;Ellerslie_PEI1;46.65;-63.65;2091;25;23-apr-70;14:05:00;3.19;NaN;NaN;-0.3;0.38;0.04;0.17
18VA70002_1902;Ellerslie_PEI10;46.65;-63.65;2304;0;18-jul-70;14:50:00;0.75;NaN;26.96;16;0.08;0.17;1.22
18VA70002_1902;Ellerslie_PEI10;46.65;-63.65;2305;5;18-jul-70;14:50:00;0.88;NaN;26.95;16;0.08;0.05;0.87
18VA70002_1902;Ellerslie_PEI10;46.65;-63.65;2306;10;18-jul-70;14:50:00;0.93;NaN;27.33;15.2;0.08;0.02;1.41
18VA70002_1902;Ellerslie_PEI10;46.65;-63.65;2307;15;18-jul-70;14:50:00;0.92;NaN;28.79;8.1;0.25;0.3;0.56
18VA70002_1902;Ellerslie_PEI10;46.65;-63.65;2308;25;18-jul-70;14:50:00;0.45;NaN;29.69;7.7;0.58;1.28;3.99
18VA70002_1903;Ellerslie_PEI11;46.65;-63.65;2427;0;03-aug-70;13:35:00;1.17;NaN;26.94;20.4;0.11;0.05;3.03
18VA70002_1903;Ellerslie_PEI11;46.65;-63.65;2428;5;03-aug-70;13:35:00;1.65;NaN;26.95;20.1;0.12;0;2.81
18VA70002_1903;Ellerslie_PEI11;46.65;-63.65;2429;10;03-aug-70;13:35:00;1.38;NaN;27.44;15;0.26;0;3.07
18VA70002_1903;Ellerslie_PEI11;46.65;-63.65;2430;15;03-aug-70;13:35:00;0.88;NaN;28.69;9.2;0.55;0.53;4.2
18VA70002_1903;Ellerslie_PEI11;46.65;-63.65;2431;25;03-aug-70;13:35:00;0.46;NaN;29.91;4.7;0.62;2.59;3.03
18VA70002_1904;Ellerslie_PEI12;46.65;-63.65;2432;0;10-aug-70;13:50:00;0.37;NaN;27.14;21.3;0.05;0.14;1.22
18VA70002_1904;Ellerslie_PEI12;46.65;-63.65;2433;5;10-aug-70;13:50:00;0.64;NaN;27.14;21;0.07;0.1;2.03
18VA70002_1904;Ellerslie_PEI12;46.65;-63.65;2434;10;10-aug-70;13:50:00;1.74;NaN;27.13;17;0.07;0.14;1.18
18VA70002_1904;Ellerslie_PEI12;46.65;-63.65;2435;15;10-aug-70;13:50:00;1.61;NaN;28.19;10;0.37;0.17;3.03
18VA70002_1904;Ellerslie_PEI12;46.65;-63.65;2436;25;10-aug-70;13:50:00;0.48;NaN;30.21;3.4;0.82;1.28;7.43
18VA70002_1905;Ellerslie_PEI13;46.65;-63.65;2437;0;21-aug-70;13:20:00;1.07;NaN;27.62;18.8;0.11;0.36;2.18
18VA70002_1905;Ellerslie_PEI13;46.65;-63.65;2438;5;21-aug-70;13:20:00;1.19;NaN;27.61;18.7;0.14;0.18;1.07
18VA70002_1905;Ellerslie_PEI13;46.65;-63.65;2439;10;21-aug-70;13:20:00;1;NaN;27.62;18.6;0.11;0.12;0.92
18VA70002_1905;Ellerslie_PEI13;46.65;-63.65;2440;15;21-aug-70;13:20:00;0.67;NaN;29.25;14;0.5;1.8;2.16
18VA70002_1905;Ellerslie_PEI13;46.65;-63.65;2441;25;21-aug-70;13:20:00;0.76;NaN;28.96;7.6;0.51;0.77;4.16
18VA70002_1906;Ellerslie_PEI14;46.65;-63.65;2442;0;04-sep-70;13:35:00;1.99;NaN;28.31;13.6;0.33;0.42;3.03
18VA70002_1906;Ellerslie_PEI14;46.65;-63.65;2443;5;04-sep-70;13:35:00;1.16;NaN;28.31;13.5;0.2;0.39;2.37
18VA70002_1906;Ellerslie_PEI14;46.65;-63.65;2444;10;04-sep-70;13:35:00;1.46;NaN;28.48;12.6;0.25;0.63;3.1
18VA70002_1906;Ellerslie_PEI14;46.65;-63.65;2445;15;04-sep-70;13:35:00;1.35;NaN;28.52;12.5;0.17;0.31;1.61
18VA70002_1906;Ellerslie_PEI14;46.65;-63.65;2446;25;04-sep-70;13:35:00;0.91;NaN;28.65;12;0.22;0.71;1.87
18VA70002_1907;Ellerslie_PEI15;46.65;-63.65;2447;0;09-sep-70;13:00:00;2.07;NaN;28.24;13.1;0.27;0.64;2.05
18VA70002_1907;Ellerslie_PEI15;46.65;-63.65;2448;5;09-sep-70;13:00:00;1.7;NaN;28.23;12.9;0.39;0.64;2.4
18VA70002_1907;Ellerslie_PEI15;46.65;-63.65;2449;10;09-sep-70;13:00:00;0.94;NaN;28.3;12.8;0.47;1.05;3.55
18VA70002_1907;Ellerslie_PEI15;46.65;-63.65;2450;15;09-sep-70;13:00:00;0.71;NaN;28.42;5.6;0.4;0.8;3.11
18VA70002_1907;Ellerslie_PEI15;46.65;-63.65;2451;25;09-sep-70;13:00:00;1.07;NaN;29.69;12.6;0.98;3.31;8.71
18VA70002_1908;Ellerslie_PEI16;46.65;-63.65;2452;0;12-sep-70;13:00:00;1.29;NaN;28.3;13.7;0.19;1.35;1.27
18VA70002_1908;Ellerslie_PEI16;46.65;-63.65;2453;5;12-sep-70;13:00:00;1.25;NaN;28.29;13.7;0.37;1.56;2.86
18VA70002_1908;Ellerslie_PEI16;46.65;-63.65;2454;10;12-sep-70;13:00:00;1.57;NaN;28.35;13.5;0.19;1.93;1.62
18VA70002_1908;Ellerslie_PEI16;46.65;-63.65;2455;15;12-sep-70;13:00:00;0.84;NaN;28.56;13;0.28;0.78;1.64
18VA70002_1908;Ellerslie_PEI16;46.65;-63.65;2456;25;12-sep-70;13:00:00;0.48;NaN;29.93;5.7;1.11;4.07;8.94
18VA70002_1909;Ellerslie_PEI17;46.65;-63.65;2457;0;19-sep-70;00:00:00;1.21;NaN;28.55;13;0.15;0.79;0.66
18VA70002_1909;Ellerslie_PEI17;46.65;-63.65;2458;5;19-sep-70;00:00:00;1.3;NaN;28.55;13;0.23;0.23;1.57
18VA70002_1909;Ellerslie_PEI17;46.65;-63.65;2459;10;19-sep-70;00:00:00;1.34;NaN;28.55;13;0.22;0.85;0.9
18VA70002_1909;Ellerslie_PEI17;46.65;-63.65;2460;15;19-sep-70;00:00:00;1.4;NaN;28.69;13;0.19;1.04;1.57
18VA70002_1909;Ellerslie_PEI17;46.65;-63.65;2461;25;19-sep-70;00:00:00;0.67;NaN;28.54;10.4;0.42;1.58;2.19
18VA70002_1910;Ellerslie_PEI18;46.65;-63.65;2462;0;23-sep-70;15:50:00;NaN;NaN;28.52;13.1;0.07;0.07;0.26
18VA70002_1910;Ellerslie_PEI18;46.65;-63.65;2463;5;23-sep-70;15:50:00;NaN;NaN;28.51;13;0.07;0.05;0.07
18VA70002_1910;Ellerslie_PEI18;46.65;-63.65;2464;10;23-sep-70;15:50:00;NaN;NaN;28.6;12.9;0.2;0.02;0.04
18VA70002_1910;Ellerslie_PEI18;46.65;-63.65;2465;15;23-sep-70;15:50:00;NaN;NaN;28.62;12.7;0.15;0.02;0.15
18VA70002_1910;Ellerslie_PEI18;46.65;-63.65;2466;25;23-sep-70;15:50:00;NaN;NaN;28.6;10.5;0.11;0;0.13
18VA70002_1911;Ellerslie_PEI19;46.65;-63.65;2513;0;08-oct-70;14:20:00;0.69;NaN;28.57;12.8;0.2;0.07;0.42
18VA70002_1911;Ellerslie_PEI19;46.65;-63.65;2514;5;08-oct-70;14:20:00;0.61;NaN;28.57;12.8;0.2;0.1;0.66
18VA70002_1911;Ellerslie_PEI19;46.65;-63.65;2515;10;08-oct-70;14:20:00;0.67;NaN;28.57;12.8;0.17;0;0.53
18VA70002_1911;Ellerslie_PEI19;46.65;-63.65;2516;15;08-oct-70;14:20:00;0.57;NaN;28.58;12.5;0.17;0.05;0.35
18VA70002_1911;Ellerslie_PEI19;46.65;-63.65;2517;25;08-oct-70;14:20:00;0.73;NaN;28.58;8.3;0.19;0.38;0.53
18VA70002_1912;Ellerslie_PEI2;46.65;-63.65;2124;0;06-may-70;19:20:00;0.29;NaN;30.09;5.3;0.46;0.11;0.25
18VA70002_1912;Ellerslie_PEI2;46.65;-63.65;2125;5;06-may-70;19:20:00;0.22;NaN;30.1;4.7;0.46;0.04;0.3
18VA70002_1912;Ellerslie_PEI2;46.65;-63.65;2126;10;06-may-70;19:20:00;0.12;NaN;30.13;3.7;0.45;0.22;0.25
18VA70002_1912;Ellerslie_PEI2;46.65;-63.65;2127;15;06-may-70;19:20:00;0.15;NaN;30.19;2.5;0.42;0.09;0.23
18VA70002_1912;Ellerslie_PEI2;46.65;-63.65;2128;25;06-may-70;19:20:00;0.4;NaN;30.37;0.9;0.5;0.11;0.53
18VA70002_1913;Ellerslie_PEI20;46.65;-63.65;2518;0;13-oct-70;14:20:00;0.74;NaN;28.55;12.9;0.27;0.12;1.18
18VA70002_1913;Ellerslie_PEI20;46.65;-63.65;2519;5;13-oct-70;14:20:00;0.81;NaN;28.58;12.9;0.14;0.07;1.01
18VA70002_1913;Ellerslie_PEI20;46.65;-63.65;2520;10;13-oct-70;14:20:00;0.91;NaN;28.58;12.8;0.22;0.07;0.94
18VA70002_1913;Ellerslie_PEI20;46.65;-63.65;2521;15;13-oct-70;14:20:00;0.88;NaN;28.83;11.9;0.15;1.68;0.87
18VA70002_1913;Ellerslie_PEI20;46.65;-63.65;2522;25;13-oct-70;14:20:00;0.39;NaN;29.71;8.9;0.43;2.15;3.06
18VA70002_1914;Ellerslie_PEI21;46.65;-63.65;2559;0;06-nov-70;14:05:00;1.19;NaN;29.07;9.4;0.33;0.81;3.76
18VA70002_1914;Ellerslie_PEI21;46.65;-63.65;2560;5;06-nov-70;14:05:00;1.23;NaN;29.07;9.3;0.37;1.05;3.19
18VA70002_1914;Ellerslie_PEI21;46.65;-63.65;2561;10;06-nov-70;14:05:00;1.19;NaN;29.07;9.3;0.35;0.92;2.75
18VA70002_1914;Ellerslie_PEI21;46.65;-63.65;2562;15;06-nov-70;14:05:00;1.23;NaN;29.07;9.3;0.38;1.05;3.04
18VA70002_1914;Ellerslie_PEI21;46.65;-63.65;2563;25;06-nov-70;14:05:00;1.18;NaN;29.08;9.2;0.22;1.41;2.34
18VA70002_1915;Ellerslie_PEI3;46.65;-63.65;2129;0;12-may-70;19:20:00;0.73;NaN;29.59;6.1;0.36;0.07;1.31
18VA70002_1915;Ellerslie_PEI3;46.65;-63.65;2130;5;12-may-70;19:20:00;0.6;NaN;29.62;6;0.47;0.2;0.49
18VA70002_1915;Ellerslie_PEI3;46.65;-63.65;2131;10;12-may-70;19:20:00;0.12;NaN;29.76;4.15;0.22;0.09;0.46
18VA70002_1915;Ellerslie_PEI3;46.65;-63.65;2132;15;12-may-70;19:20:00;0.1;NaN;30.08;3.1;0.4;0.07;0.46
18VA70002_1915;Ellerslie_PEI3;46.65;-63.65;2133;25;12-may-70;19:20:00;0.52;NaN;30.15;2.8;0.36;0.09;1.18
18VA70002_1916;Ellerslie_PEI4;46.65;-63.65;2134;0;16-may-70;16:35:00;0.13;NaN;29.29;7.2;0.41;0.18;0.51
18VA70002_1916;Ellerslie_PEI4;46.65;-63.65;2135;5;16-may-70;16:35:00;0.04;NaN;29.34;6.6;0.68;0.07;0.36
18VA70002_1916;Ellerslie_PEI4;46.65;-63.65;2136;10;16-may-70;16:35:00;0.05;NaN;29.5;5.6;0.65;0.09;0.53
18VA70002_1916;Ellerslie_PEI4;46.65;-63.65;2137;15;16-may-70;16:35:00;0.08;NaN;29.7;4.9;0.43;0.07;0.32
18VA70002_1916;Ellerslie_PEI4;46.65;-63.65;2138;25;16-may-70;16:35:00;0.14;NaN;29.98;4.1;0.53;0.11;0.93
18VA70002_1917;Ellerslie_PEI5;46.65;-63.65;2225;0;06-jun-70;20:20:00;0.6;NaN;28.81;9.5;0.31;0.28;1.28
18VA70002_1917;Ellerslie_PEI5;46.65;-63.65;2226;5;06-jun-70;20:20:00;0.53;NaN;28.94;9.1;0.25;0.2;1.32
18VA70002_1917;Ellerslie_PEI5;46.65;-63.65;2227;10;06-jun-70;20:20:00;0.48;NaN;29.14;8.7;0.26;0.22;1.17
18VA70002_1917;Ellerslie_PEI5;46.65;-63.65;2228;15;06-jun-70;20:20:00;0.52;NaN;29.57;3.8;0.24;0.14;0.48
18VA70002_1917;Ellerslie_PEI5;46.65;-63.65;2229;25;06-jun-70;20:20:00;0.33;NaN;30.33;2.4;0.61;0.74;4.25
18VA70002_1918;Ellerslie_PEI6;46.65;-63.65;2230;0;14-jun-70;20:20:00;0.47;NaN;28.44;14;0.09;0.2;0.87
18VA70002_1918;Ellerslie_PEI6;46.65;-63.65;2231;5;14-jun-70;20:20:00;0.24;NaN;28.91;11.6;0.18;0;0.54
18VA70002_1918;Ellerslie_PEI6;46.65;-63.65;2232;10;14-jun-70;20:20:00;0.26;NaN;29.22;10.7;0.15;0.04;0.59
18VA70002_1918;Ellerslie_PEI6;46.65;-63.65;2233;15;14-jun-70;20:20:00;0.39;NaN;29.29;7;0.19;0.02;0.72
18VA70002_1918;Ellerslie_PEI6;46.65;-63.65;2234;25;14-jun-70;20:20:00;0.25;NaN;30.16;5;0.43;0.53;2.06
18VA70002_1919;Ellerslie_PEI7;46.65;-63.65;2235;0;22-jun-70;15:50:00;0.29;NaN;27.85;NaN;0.25;0.11;1.19
18VA70002_1919;Ellerslie_PEI7;46.65;-63.65;2236;5;22-jun-70;15:50:00;0.46;NaN;27.83;NaN;0.17;0.04;0.61
18VA70002_1919;Ellerslie_PEI7;46.65;-63.65;2237;10;22-jun-70;15:50:00;0.57;NaN;28.56;NaN;0.15;0.04;0.87
18VA70002_1919;Ellerslie_PEI7;46.65;-63.65;2238;15;22-jun-70;15:50:00;0.54;NaN;29.37;NaN;0.16;0.24;0.63
18VA70002_1919;Ellerslie_PEI7;46.65;-63.65;2239;25;22-jun-70;15:50:00;0.27;NaN;29.53;NaN;0.3;0.31;1.54
18VA70002_1920;Ellerslie_PEI8;46.65;-63.65;2294;0;03-jul-70;13:35:00;NaN;NaN;28.18;13.9;0.14;0.09;0.91
18VA70002_1920;Ellerslie_PEI8;46.65;-63.65;2295;5;03-jul-70;13:35:00;0.64;NaN;28.18;13.9;0.12;0.04;0.89
18VA70002_1920;Ellerslie_PEI8;46.65;-63.65;2296;10;03-jul-70;13:35:00;0.6;NaN;28.19;13.8;0.13;0;0.61
18VA70002_1920;Ellerslie_PEI8;46.65;-63.65;2297;15;03-jul-70;13:35:00;0.79;NaN;28.34;10.8;0.23;0.04;0.63
18VA70002_1920;Ellerslie_PEI8;46.65;-63.65;2298;25;03-jul-70;13:35:00;0.39;NaN;29.45;6.2;0.48;0.75;2.39
18VA70002_1921;Ellerslie_PEI9;46.65;-63.65;2299;0;11-jul-70;13:50:00;0.56;NaN;27.95;15.9;0.15;0.03;1.82
18VA70002_1921;Ellerslie_PEI9;46.65;-63.65;2300;5;11-jul-70;13:50:00;0.59;NaN;27.98;15.2;0.11;0.02;0.96
18VA70002_1921;Ellerslie_PEI9;46.65;-63.65;2301;10;11-jul-70;13:50:00;1.24;NaN;28.07;14.3;0.09;0.02;0.83
18VA70002_1921;Ellerslie_PEI9;46.65;-63.65;2302;15;11-jul-70;13:50:00;1.07;NaN;28.24;12.1;0.24;0.16;1.54
18VA70002_1921;Ellerslie_PEI9;46.65;-63.65;2303;25;11-jul-70;13:50:00;0.59;NaN;28.85;8.6;0.25;0.3;1.23
18VA70002_1922;Shediac_NB1;46.3;-64.16667;2217;0;06-jun-70;15:20:00;0.62;NaN;28.43;NaN;0.36;0.22;2.29
18VA70002_1922;Shediac_NB1;46.3;-64.16667;2218;5;06-jun-70;15:20:00;0.75;NaN;28.43;NaN;0.39;0.24;2.29
18VA70002_1922;Shediac_NB1;46.3;-64.16667;2219;15;06-jun-70;15:20:00;0.66;NaN;28.47;NaN;0.31;0.2;1.64
18VA70002_1922;Shediac_NB1;46.3;-64.16667;2220;25;06-jun-70;15:20:00;0.75;NaN;28.45;NaN;0.53;0.91;1.42
18VA70002_1923;Shediac_NB2;46.3;-64.16667;2221;0;16-jun-70;14:00:00;0.33;NaN;27.88;NaN;0.23;0.11;1.8
18VA70002_1923;Shediac_NB2;46.3;-64.16667;2222;5;16-jun-70;14:00:00;0.46;NaN;28;NaN;0.2;0.13;1.87
18VA70002_1923;Shediac_NB2;46.3;-64.16667;2223;15;16-jun-70;14:00:00;0.46;NaN;28.48;NaN;0.37;0.46;2
18VA70002_1923;Shediac_NB2;46.3;-64.16667;2224;25;16-jun-70;14:00:00;0.45;NaN;28.49;NaN;0.43;0.52;1.09
18VA70002_1924;Shediac_NB3;46.3;-64.16667;2282;0;02-jul-70;14:30:00;0.69;NaN;28.05;NaN;0.34;0.85;3.07
18VA70002_1924;Shediac_NB3;46.3;-64.16667;2283;5;02-jul-70;14:30:00;0.76;NaN;28.11;NaN;0.37;1.01;2
18VA70002_1924;Shediac_NB3;46.3;-64.16667;2284;15;02-jul-70;14:30:00;0.7;NaN;28.15;NaN;0.42;0.92;3.16
18VA70002_1924;Shediac_NB3;46.3;-64.16667;2285;25;02-jul-70;14:30:00;0.62;NaN;28.14;NaN;0.58;0.87;2.51
18VA70002_1925;Shediac_NB4;46.3;-64.16667;2286;0;07-jul-70;13:45:00;0.58;NaN;28.17;NaN;0.28;0.35;2.89
18VA70002_1925;Shediac_NB4;46.3;-64.16667;2287;5;07-jul-70;13:45:00;1.85;NaN;28.07;NaN;0.58;0.32;1.94
18VA70002_1925;Shediac_NB4;46.3;-64.16667;2288;15;07-jul-70;13:45:00;0.75;NaN;28.01;NaN;0.3;0.81;3.1
18VA70002_1925;Shediac_NB4;46.3;-64.16667;2289;25;07-jul-70;13:45:00;0.81;NaN;28.03;NaN;0.34;0.45;2.89
18VA70002_1926;Shediac_NB5;46.3;-64.16667;2290;0;30-jul-70;14:27:00;1.05;NaN;27.73;NaN;0.14;0.72;1.88
18VA70002_1926;Shediac_NB5;46.3;-64.16667;2291;5;30-jul-70;14:27:00;1.09;NaN;27.91;NaN;0.17;0.45;1.94
18VA70002_1926;Shediac_NB5;46.3;-64.16667;2292;15;30-jul-70;14:27:00;1.08;NaN;28.46;NaN;0.48;1.01;5.65
18VA70002_1926;Shediac_NB5;46.3;-64.16667;2293;25;30-jul-70;14:27:00;0.92;NaN;28.46;NaN;0.49;1.45;5.04
18VA70002_1927;Shediac_NB6;46.3;-64.16667;2423;0;04-aug-70;14:50:00;1.19;NaN;27.9;NaN;0.37;0.07;3.62
18VA70002_1927;Shediac_NB6;46.3;-64.16667;2424;5;04-aug-70;14:50:00;1.3;NaN;27.91;NaN;1.03;0.04;5.99
18VA70002_1927;Shediac_NB6;46.3;-64.16667;2425;15;04-aug-70;14:50:00;0.8;NaN;28.33;NaN;0.41;0.57;3.25
18VA70002_1927;Shediac_NB6;46.3;-64.16667;2426;25;04-aug-70;14:50:00;1.15;NaN;28.19;NaN;0.59;0.3;4.61
18VA70002_1928;Shediac_NB7;46.3;-64.16667;2564;0;04-aug-70;13:40:00;0.92;NaN;27.92;NaN;0.6;0.89;2.85
18VA70002_1928;Shediac_NB7;46.3;-64.16667;2565;5;04-aug-70;13:40:00;0.78;NaN;27.91;NaN;0.46;1.16;2.82
18VA70002_1928;Shediac_NB7;46.3;-64.16667;2566;15;04-aug-70;13:40:00;0.33;NaN;27.92;NaN;0.52;1.57;3.06
18VA70002_1928;Shediac_NB7;46.3;-64.16667;2567;25;04-aug-70;13:40:00;1.3;NaN;27.91;NaN;0.52;1.05;2.33
