CTD;CTD;CTD;CTD;CTD;CTD;CTD;CTD;CTD;CTD;labo;labo;labo;labo;labo
Fichier;Station;Latitude;Longitude;Echantillon;zbouteille;Date;Heure;PRES;TEMP_XX;PSAL_BS;OXYM_01;Si_01;PO4_01;NOx_01
(nom);(nom/no);(degres);(degres);(no_unique);(dbar);(jj-mmm-yyyy);(GMT);(dbar);(celsius);(PSU);(mmol/m**3);(mmol/m**3);(mmol/m**3);(mmol/m**3)
89037_003;10;43.84;-48.86;66348;1784;13-jan-90;14:22:00;1806;3.208;34.856;6.671;10.54;0.96;16.72
89037_003;10;43.84;-48.86;66349;1570;13-jan-90;14:22:00;1589;3.203;34.843;6.737;10.72;1.03;16.55
89037_003;10;43.84;-48.86;66350;1389;13-jan-90;14:22:00;1405;3.195;34.837;6.747;9.95;0.97;16.59
89037_003;10;43.84;-48.86;66351;1194;13-jan-90;14:22:00;1207;3.185;34.833;6.743;9.71;0.99;16.84
89037_003;10;43.84;-48.86;66352;999;13-jan-90;14:22:00;1010;3.185;34.827;6.745;9.82;0.97;16.57
89037_003;10;43.84;-48.86;66353;804;13-jan-90;14:22:00;812;3.197;34.828;NaN;9.73;0.97;17.04
89037_003;10;43.84;-48.86;66354;601;13-jan-90;14:22:00;607;3.285;34.823;6.711;9.52;0.96;16.12
89037_003;10;43.84;-48.86;66355;400;13-jan-90;14:22:00;404;3.526;34.802;6.629;9.34;0.98;16.63
89037_003;10;43.84;-48.86;66356;206;13-jan-90;14:22:00;208;2.53;34.404;6.822;8.26;0.84;14.02
89037_003;10;43.84;-48.86;66357;105;13-jan-90;14:22:00;106;0.839;33.897;7.213;8.38;0.78;11.21
89037_003;10;43.84;-48.86;66358;56;13-jan-90;14:22:00;56;0.678;NaN;7.793;NaN;NaN;NaN
89037_003;10;43.84;-48.86;66359;17;13-jan-90;14:22:00;17;0.68;33.774;7.813;6.16;0.68;9.55
89037_014;11;43.8;-48.67;66360;2754;13-jan-90;19:01:00;2795;2.697;34.926;6.391;14.5;1;16.85
89037_014;11;43.8;-48.67;66361;2356;13-jan-90;19:01:00;2389;3.109;34.931;6.366;13.31;1.03;17.4
89037_014;11;43.8;-48.67;66362;2185;13-jan-90;19:01:00;2214;3.194;34.929;6.378;12.73;1.02;17.07
89037_014;11;43.8;-48.67;66363;1985;13-jan-90;19:01:00;2011;3.325;34.92;6.404;11.99;1.03;17.13
89037_014;11;43.8;-48.67;66364;1788;13-jan-90;19:01:00;1810;3.292;34.894;6.534;NaN;NaN;NaN
89037_014;11;43.8;-48.67;66365;1592;13-jan-90;19:01:00;1611;3.243;34.879;6.614;10.94;1.06;17.19
89037_014;11;43.8;-48.67;66366;1387;13-jan-90;19:01:00;1403;3.169;34.859;6.723;10.46;1.01;16.38
89037_014;11;43.8;-48.67;66367;1192;13-jan-90;19:01:00;1205;3.146;34.85;6.763;10.24;1.04;16.62
89037_014;11;43.8;-48.67;66368;998;13-jan-90;19:01:00;1009;3.159;34.836;6.755;9.67;1.07;16.46
89037_014;11;43.8;-48.67;66369;794;13-jan-90;19:01:00;802;3.233;34.842;6.704;10.1;1.06;16.71
89037_014;11;43.8;-48.67;66370;583;13-jan-90;19:01:00;589;3.508;34.858;6.506;10.03;1.03;16.38
89037_014;11;43.8;-48.67;66371;396;13-jan-90;19:01:00;400;3.969;34.891;6.172;10.52;1.15;18.08
89037_014;11;43.8;-48.67;66372;201;13-jan-90;19:01:00;203;3.947;34.779;5.979;10.76;1.14;17.96
89037_014;11;43.8;-48.67;66373;106;13-jan-90;19:01:00;107;2.657;34.145;7.104;6.34;0.82;11.4
89037_014;11;43.8;-48.67;66374;58;13-jan-90;19:01:00;58;2.28;33.915;7.52;5.14;0.71;9.33
89037_014;11;43.8;-48.67;66375;17;13-jan-90;19:01:00;17;1.88;33.75;7.609;5.58;0.75;9.13
89037_025;12;43.68;-48.32;66376;3283;13-jan-90;23:30:00;3336;2.236;34.906;6.503;14.11;1.04;14.85
89037_025;12;43.68;-48.32;66377;2991;13-jan-90;23:30:00;3037;2.479;34.914;6.449;14.31;1.04;16.08
89037_025;12;43.68;-48.32;66378;2804;13-jan-90;23:30:00;2846;2.606;34.921;6.423;13.48;1.07;15.08
89037_025;12;43.68;-48.32;66379;2506;13-jan-90;23:30:00;2541;2.825;34.927;6.403;13.13;1.03;14.36
89037_025;12;43.68;-48.32;66380;2204;13-jan-90;23:30:00;2234;3.056;34.931;6.337;13.57;1.08;15.72
89037_025;12;43.68;-48.32;66381;2002;13-jan-90;23:30:00;2028;3.206;34.93;6.338;NaN;NaN;NaN
89037_025;12;43.68;-48.32;66382;1702;13-jan-90;23:30:00;1723;3.334;34.919;6.399;11.28;1.05;16.47
89037_025;12;43.68;-48.32;66383;1394;13-jan-90;23:30:00;1410;3.322;34.89;6.556;9.83;0.96;15.46
89037_025;12;43.68;-48.32;66384;1088;13-jan-90;23:30:00;1100;3.378;NaN;6.615;NaN;NaN;NaN
89037_025;12;43.68;-48.32;66385;887;13-jan-90;23:30:00;896;3.479;NaN;6.489;NaN;NaN;NaN
89037_025;12;43.68;-48.32;66386;786;13-jan-90;23:30:00;794;3.589;34.896;6.461;9.49;0.96;16.14
89037_025;12;43.68;-48.32;66387;678;13-jan-90;23:30:00;685;3.667;34.899;6.397;11.3;0.98;18.91
89037_025;12;43.68;-48.32;66388;572;13-jan-90;23:30:00;577;3.821;34.91;6.303;NaN;NaN;NaN
89037_025;12;43.68;-48.32;66389;498;13-jan-90;23:30:00;503;3.943;34.914;6.22;12.22;1.12;19.49
89037_025;12;43.68;-48.32;66390;405;13-jan-90;23:30:00;409;3.961;34.892;6.196;9.72;1;16.93
89037_025;12;43.68;-48.32;66391;307;13-jan-90;23:30:00;310;4.079;34.847;6.022;9.33;0.97;16.46
89037_025;12;43.68;-48.32;66392;206;13-jan-90;23:30:00;208;4.224;34.727;5.727;8.49;0.97;14.37
89037_025;12;43.68;-48.32;66393;108;13-jan-90;23:30:00;109;4.269;34.375;6.139;8.18;0.93;14.26
89037_025;12;43.68;-48.32;66394;58;13-jan-90;23:30:00;58;2.81;33.872;7.449;4.47;0.59;8.19
89037_025;12;43.68;-48.32;66395;17;13-jan-90;23:30:00;17;3.35;33.868;7.363;4.29;0.58;7.96
89037_182;26;42.68;-48.56;66536;494;22-jan-90;01:03:00;499;5.093;34.997;5.604;11.18;1.24;18.21
89037_182;26;42.68;-48.56;66537;246;22-jan-90;01:03:00;248;7.164;35.004;4.11;13.73;1.51;23.24
89037_182;26;42.68;-48.56;66538;97;22-jan-90;01:03:00;98;10.022;35.021;4.549;7.11;1.03;14.7
89037_182;26;42.68;-48.56;66539;50;22-jan-90;01:03:00;50;7.189;33.924;6.663;3.13;0.54;5.52
89037_182;26;42.68;-48.56;66540;14;22-jan-90;01:03:00;14;7.191;33.926;6.681;3.07;0.52;5.41
89037_193;27;43;-50.26;66541;69;22-jan-90;08:49:00;70;0.32;33.24;7.819;6.47;0.81;7.67
89037_193;27;43;-50.26;66542;69;22-jan-90;08:49:00;70;0.32;33.24;7.787;6.61;0.78;7.65
89037_193;27;43;-50.26;66543;55;22-jan-90;08:49:00;55;0.724;33.123;7.767;5.85;0.73;6.56
89037_193;27;43;-50.26;66544;55;22-jan-90;08:49:00;55;0.724;33.123;7.756;6.03;0.76;6.66
89037_193;27;43;-50.26;66545;17;22-jan-90;08:49:00;17;3.883;32.566;7.44;3.61;0.46;2.07
89037_204;28;42.83;-50.26;66546;542;22-jan-90;10:28:00;547;3.219;34.72;6.573;9.91;1.1;15.99
89037_204;28;42.83;-50.26;66547;148;22-jan-90;10:28:00;149;0.115;33.538;7.535;8;0.89;9.53
89037_204;28;42.83;-50.26;66548;100;22-jan-90;10:28:00;101;-0.221;33.316;7.828;6.68;0.83;7.92
89037_204;28;42.83;-50.26;66549;56;22-jan-90;10:28:00;56;0.698;NaN;7.813;5.29;0.69;5.46
89037_204;28;42.83;-50.26;66550;17;22-jan-90;10:28:00;17;2.01;32.734;7.736;4.38;0.61;4.08
89037_215;29;42.65;-50.28;66551;1791;22-jan-90;13:03:00;1813;3.255;34.853;6.682;9.96;1.09;16.42
89037_215;29;42.65;-50.28;66552;1652;22-jan-90;13:03:00;1672;3.259;34.837;6.72;9.86;1.12;16.49
89037_215;29;42.65;-50.28;66553;1382;22-jan-90;13:03:00;1398;3.336;34.833;6.69;9.55;1.15;16.59
89037_215;29;42.65;-50.28;66554;1171;22-jan-90;13:03:00;1184;3.341;34.825;6.683;9.35;1.11;16.64
89037_215;29;42.65;-50.28;66555;963;22-jan-90;13:03:00;973;3.4;34.815;6.654;9.28;1.11;16.29
89037_215;29;42.65;-50.28;66556;738;22-jan-90;13:03:00;745;3.511;34.799;6.603;9.46;1.12;16.43
89037_215;29;42.65;-50.28;66557;501;22-jan-90;13:03:00;506;3.525;34.754;6.514;9.73;1.1;16.4
89037_215;29;42.65;-50.28;66558;257;22-jan-90;13:03:00;259;2.06;34.29;6.55;11.2;1.06;14.55
89037_215;29;42.65;-50.28;66559;106;22-jan-90;13:03:00;107;0.106;33.611;NaN;6.72;0.79;7.82
89037_215;29;42.65;-50.28;66560;17;22-jan-90;13:03:00;17;-0.343;33.145;8.109;6.11;0.76;7.13
89037_226;30;42.5;-50.27;66561;2204;22-jan-90;15:43:00;2233;3.144;34.925;6.39;13.21;1.12;16.75
89037_226;30;42.5;-50.27;66562;1620;22-jan-90;15:43:00;1639;3.364;34.862;6.639;9.94;1.09;16.11
89037_226;30;42.5;-50.27;66563;1426;22-jan-90;15:43:00;1442;3.223;34.837;6.72;9.56;1.06;16.29
89037_226;30;42.5;-50.27;66564;1191;22-jan-90;15:43:00;1204;3.205;34.827;6.742;9.36;1.07;16.22
89037_226;30;42.5;-50.27;66565;970;22-jan-90;15:43:00;980;3.221;34.825;6.735;9.33;1.07;16.41
89037_226;30;42.5;-50.27;66566;748;22-jan-90;15:43:00;755;3.275;34.828;6.671;9.6;1.06;16.68
89037_226;30;42.5;-50.27;66567;498;22-jan-90;15:43:00;503;3.378;34.816;NaN;9.3;1.08;16.59
89037_226;30;42.5;-50.27;66568;254;22-jan-90;15:43:00;256;3.321;34.655;NaN;9.64;1.06;15.71
89037_226;30;42.5;-50.27;66569;100;22-jan-90;15:43:00;101;1.171;33.899;7.607;5.78;0.78;9.95
89037_226;30;42.5;-50.27;66570;16;22-jan-90;15:43:00;16;-0.214;33.147;8.107;6.01;0.78;7.4
89037_237;31;42.33;-50.2;66571;2921;22-jan-90;20:13:00;2965;2.587;34.915;6.452;14.85;1.09;16.54
89037_237;31;42.33;-50.2;66572;2460;22-jan-90;20:13:00;2494;2.96;34.926;6.406;13.38;1.11;16.75
89037_237;31;42.33;-50.2;66573;1897;22-jan-90;20:13:00;1921;3.538;34.926;6.379;12.04;1.15;17.21
89037_237;31;42.33;-50.2;66574;1457;22-jan-90;20:13:00;1474;3.581;34.91;6.419;11.13;1.14;17.48
89037_237;31;42.33;-50.2;66575;947;22-jan-90;20:13:00;957;3.157;34.828;6.79;9.35;1.08;16.32
89037_237;31;42.33;-50.2;66576;738;22-jan-90;20:13:00;745;3.214;34.829;6.76;9.31;1.09;16.59
89037_237;31;42.33;-50.2;66577;505;22-jan-90;20:13:00;510;4.349;34.978;5.853;11.48;1.22;18.56
89037_237;31;42.33;-50.2;66578;269;22-jan-90;20:13:00;271;4.9;34.907;5.392;11.71;1.28;19.41
89037_237;31;42.33;-50.2;66579;106;22-jan-90;20:13:00;107;1.375;33.993;7.505;5.75;0.78;10.63
89037_237;31;42.33;-50.2;66580;16;22-jan-90;20:13:00;16;2.359;NaN;7.663;4.91;0.67;5.97
89037_239;32;42.16;-50.23;66581;3217;22-jan-90;23:40:00;3268;2.174;34.899;6.425;NaN;NaN;NaN
89037_239;32;42.16;-50.23;66582;2500;22-jan-90;23:40:00;2535;3.123;34.933;6.336;13.7;1.12;16.84
89037_239;32;42.16;-50.23;66583;2000;22-jan-90;23:40:00;2026;3.427;34.923;6.382;11.84;1.13;17.31
89037_239;32;42.16;-50.23;66584;1500;22-jan-90;23:40:00;1517;3.202;34.856;6.729;10.01;1.08;16.55
89037_239;32;42.16;-50.23;66585;999;22-jan-90;23:40:00;1009;3.283;34.851;6.692;9.32;1.07;16.55
89037_239;32;42.16;-50.23;66586;754;22-jan-90;23:40:00;761;3.696;34.876;6.432;9.76;1.19;17.12
89037_239;32;42.16;-50.23;66587;504;22-jan-90;23:40:00;509;3.956;34.83;6.226;12.25;1.13;17.54
89037_239;32;42.16;-50.23;66588;260;22-jan-90;23:40:00;262;7.262;34.984;4.039;13.64;1.47;22.66
89037_239;32;42.16;-50.23;66589;107;22-jan-90;23:40:00;108;8.841;34.852;4.563;8.56;1.04;15.77
89037_239;32;42.16;-50.23;66590;20;22-jan-90;23:40:00;20;4.93;33.01;7.219;3.61;0.55;3.85
89037_243;33;42;-50.22;66591;3547;23-jan-90;03:27:00;3605;2.229;34.903;6.472;18.8;1.21;16.38
89037_243;33;42;-50.22;66592;2993;23-jan-90;03:27:00;3038;2.561;34.919;6.412;15.64;1.1;16.92
89037_243;33;42;-50.22;66593;2462;23-jan-90;03:27:00;2496;3.133;34.934;6.337;13.61;1.12;17.21
89037_243;33;42;-50.22;66594;1673;23-jan-90;03:27:00;1693;3.659;34.946;6.083;12.2;1.2;17.45
89037_243;33;42;-50.22;66595;1002;23-jan-90;03:27:00;1012;3.299;34.837;6.67;9.31;1.09;16.62
89037_243;33;42;-50.22;66596;756;23-jan-90;03:27:00;763;3.438;34.823;6.568;10.27;1.11;16.84
89037_243;33;42;-50.22;66597;501;23-jan-90;03:27:00;506;5.516;35.025;5.047;13.03;1.34;20.84
89037_243;33;42;-50.22;66598;245;23-jan-90;03:27:00;247;9.376;35.22;3.263;14.02;1.58;24.67
89037_243;33;42;-50.22;66599;103;23-jan-90;03:27:00;104;13.374;35.448;4.759;3.92;0.63;9.09
89037_243;33;42;-50.22;66600;16;23-jan-90;03:27:00;16;6.073;33.328;7.055;3.77;0.55;3.73
89037_244;34;41.68;-50.25;66601;3866;23-jan-90;08:31:00;3933;2.218;34.898;6.349;23.07;1.22;17.58
89037_244;34;41.68;-50.25;66602;3435;23-jan-90;08:31:00;3491;2.251;34.903;6.345;21.82;1.23;17.46
89037_244;34;41.68;-50.25;66603;2934;23-jan-90;08:31:00;2978;2.588;34.922;6.355;16.64;1.15;16.95
89037_244;34;41.68;-50.25;66604;1966;23-jan-90;08:31:00;1991;3.535;34.955;6.183;13.67;1.22;17.58
89037_244;34;41.68;-50.25;66605;966;23-jan-90;08:31:00;976;4.392;34.99;5.89;11.34;1.18;18.05
89037_244;34;41.68;-50.25;66606;741;23-jan-90;08:31:00;748;4.887;35.006;5.576;12.34;1.31;19.5
89037_244;34;41.68;-50.25;66607;474;23-jan-90;08:31:00;478;6.546;NaN;NaN;13.82;1.49;22.76
89037_244;34;41.68;-50.25;66608;243;23-jan-90;08:31:00;245;10.966;35.347;3.415;10.84;1.36;21.41
89037_244;34;41.68;-50.25;66609;93;23-jan-90;08:31:00;94;13.138;35.265;5.725;3.54;0.41;5.41
89037_244;34;41.68;-50.25;66610;14;23-jan-90;08:31:00;14;13.15;35.249;5.742;2.57;0.45;5.46
89037_247;35;41.34;-50.23;66611;3640;23-jan-90;13:18:00;3701;2.184;34.9;6.45;20.82;1.18;17.29
89037_247;35;41.34;-50.23;66612;3489;23-jan-90;13:18:00;3546;2.251;34.903;6.395;21.1;1.16;18.76
89037_247;35;41.34;-50.23;66613;2983;23-jan-90;13:18:00;3028;2.672;34.922;6.389;14.81;1.11;16.33
89037_247;35;41.34;-50.23;66614;1993;23-jan-90;13:18:00;2018;3.587;34.965;6.173;13.71;1.19;17.49
89037_247;35;41.34;-50.23;66615;981;23-jan-90;13:18:00;991;4.47;35.005;5.864;13.26;1.26;21.28
89037_247;35;41.34;-50.23;66616;750;23-jan-90;13:18:00;757;5.004;35.014;5.484;NaN;NaN;NaN
89037_247;35;41.34;-50.23;66617;498;23-jan-90;13:18:00;503;6.504;35.027;4.433;13.81;1.48;22.69
89037_247;35;41.34;-50.23;66618;255;23-jan-90;13:18:00;257;10.988;35.36;3.471;10.26;1.34;20.19
89037_247;35;41.34;-50.23;66619;105;23-jan-90;13:18:00;106;12.567;NaN;5.803;2.62;0.41;5.73
89037_247;35;41.34;-50.23;66620;16;23-jan-90;13:18:00;16;5.48;33.054;7.208;3.12;0.55;3.65
89037_253;36;41;-50.21;66621;3789;23-jan-90;18:02:00;3853;2.218;34.901;6.466;18.51;1.18;17.12
89037_253;36;41;-50.21;66622;3271;23-jan-90;18:02:00;3322;2.474;34.912;6.404;18.05;1.15;17.18
89037_253;36;41;-50.21;66623;2817;23-jan-90;18:02:00;2858;2.94;34.947;6.26;15.8;1.13;16.89
89037_253;36;41;-50.21;66624;1913;23-jan-90;18:02:00;1937;3.712;34.968;6.156;13.65;1.21;17.78
89037_253;36;41;-50.21;66625;983;23-jan-90;18:02:00;993;4.808;35.017;5.625;11.86;1.28;19.48
89037_253;36;41;-50.21;66626;735;23-jan-90;18:02:00;742;5.854;35.012;4.841;12.93;1.33;21.29
89037_253;36;41;-50.21;66627;480;23-jan-90;18:02:00;484;10.718;35.406;3.653;10.21;1.28;20.46
89037_253;36;41;-50.21;66628;234;23-jan-90;18:02:00;236;16.16;NaN;4.378;3.15;0.54;8.63
89037_253;36;41;-50.21;66629;94;23-jan-90;18:02:00;95;15.957;35.883;5.256;2.07;0.34;4.69
89037_253;36;41;-50.21;66630;14;23-jan-90;18:02:00;14;18.143;36.362;5.051;1.53;0.23;3.56
89037_257;37;40.65;-50.15;66631;3211;24-jan-90;04:00:00;3261;2.53;34.916;6.432;15.57;1.12;16.8
89037_257;37;40.65;-50.15;66632;3201;24-jan-90;04:00:00;3251;2.53;34.916;6.434;15.51;1.14;16.67
89037_257;37;40.65;-50.15;66633;3190;24-jan-90;04:00:00;3239;2.529;34.934;6.412;15.21;1.11;16.73
89037_257;37;40.65;-50.15;66634;611;24-jan-90;04:00:00;617;11.033;35.404;3.365;10.64;1.31;21.26
89037_257;37;40.65;-50.15;66635;514;24-jan-90;04:00:00;519;13.756;35.802;3.862;7.04;0.93;15.91
89037_257;37;40.65;-50.15;66636;409;24-jan-90;04:00:00;413;16.167;36.18;4.1;3.42;0.56;9.89
89037_257;37;40.65;-50.15;66637;292;24-jan-90;04:00:00;294;17.706;36.44;4.474;1.77;0.32;5.53
89037_257;37;40.65;-50.15;66638;167;24-jan-90;04:00:00;168;18.772;36.555;4.426;1.48;0.24;4.26
89037_257;37;40.65;-50.15;66639;87;24-jan-90;04:00:00;88;18.981;36.487;4.946;1.74;0.18;2.97
89037_257;37;40.65;-50.15;66640;10;24-jan-90;04:00:00;10;19.788;36.564;5.053;1.04;0.1;1.59
89037_261;38;40.32;-50.22;66641;4310;24-jan-90;15:27:00;4388;2.227;34.896;6.332;23.69;1.17;17.62
89037_261;38;40.32;-50.22;66642;3690;24-jan-90;15:27:00;3752;2.422;34.911;6.246;18.33;1.13;17.09
89037_261;38;40.32;-50.22;66643;3195;24-jan-90;15:27:00;3245;2.852;34.939;6.247;17.11;1.16;17.53
89037_261;38;40.32;-50.22;66644;1846;24-jan-90;15:27:00;1869;3.968;34.964;6.163;12.03;1.18;18.17
89037_261;38;40.32;-50.22;66645;975;24-jan-90;15:27:00;985;6.906;35.071;4.181;13.82;1.46;22.82
89037_261;38;40.32;-50.22;66646;737;24-jan-90;15:27:00;744;11.975;35.538;3.676;8.77;1.16;18.7
89037_261;38;40.32;-50.22;66647;503;24-jan-90;15:27:00;508;16.907;36.322;4.349;2.58;0.43;7.29
89037_261;38;40.32;-50.22;66648;255;24-jan-90;15:27:00;257;19.003;36.584;4.8;0.96;0.13;2.17
89037_261;38;40.32;-50.22;66649;104;24-jan-90;15:27:00;105;19.496;36.589;5.047;1.3;0.09;1.23
89037_261;38;40.32;-50.22;66650;15;24-jan-90;15:27:00;15;19.703;36.545;5.076;1.17;0.14;1.8
89037_263;39;40;-50.22;66651;5346;24-jan-90;20:37:00;5456;2.307;34.888;6.099;30.36;1.23;17.47
89037_263;39;40;-50.22;66652;4826;24-jan-90;20:37:00;4919;2.312;34.894;6.187;27.18;1.22;18.11
89037_263;39;40;-50.22;66653;4383;24-jan-90;20:37:00;4463;2.333;34.909;6.217;25.95;1.23;18.45
89037_263;39;40;-50.22;66654;3911;24-jan-90;20:37:00;3978;2.492;34.914;6.257;22.65;1.19;18.02
89037_263;39;40;-50.22;66655;1957;24-jan-90;20:37:00;1981;3.956;34.963;6.161;12.04;1.17;18.1
89037_263;39;40;-50.22;66656;999;24-jan-90;20:37:00;1009;7.888;35.113;3.766;14.27;1.55;23.86
89037_263;39;40;-50.22;66657;729;24-jan-90;20:37:00;736;13.199;35.694;3.845;6.88;0.99;15.97
89037_263;39;40;-50.22;66658;477;24-jan-90;20:37:00;481;17.193;36.363;4.383;2.17;0.39;6.71
89037_263;39;40;-50.22;66659;240;24-jan-90;20:37:00;242;18.519;36.56;5.006;1.11;0.16;2.23
89037_263;39;40;-50.22;66660;20;24-jan-90;20:37:00;20;18.626;36.577;5.188;1.04;0.15;1.75
89037_265;40;39.67;-50.24;66661;5382;25-jan-90;01:27:00;5493;2.277;34.876;6.095;35.7;1.16;17.56
89037_265;40;39.67;-50.24;66662;4482;25-jan-90;01:27:00;4565;2.322;34.895;6.224;26.66;1.27;18.42
89037_265;40;39.67;-50.24;66663;3976;25-jan-90;01:27:00;4045;2.447;34.912;6.269;23;1.25;18.16
89037_265;40;39.67;-50.24;66664;2977;25-jan-90;01:27:00;3021;3.262;34.954;6.143;17.11;1.22;18.57
89037_265;40;39.67;-50.24;66665;1982;25-jan-90;01:27:00;2007;3.952;34.962;6.141;12.46;1.19;18.45
89037_265;40;39.67;-50.24;66666;1052;25-jan-90;01:27:00;1063;7.092;NaN;NaN;NaN;NaN;NaN
89037_265;40;39.67;-50.24;66667;757;25-jan-90;01:27:00;764;12.877;NaN;NaN;13.72;1.19;17.45
89037_265;40;39.67;-50.24;66668;504;25-jan-90;01:27:00;508;16.637;36.274;4.451;2.54;0.43;7.33
89037_265;40;39.67;-50.24;66669;260;25-jan-90;01:27:00;262;18.459;36.543;4.659;1.18;0.18;3.16
89037_265;40;39.67;-50.24;66670;19;25-jan-90;01:27:00;19;18.696;36.544;5.147;0.96;0.12;1.49
89037_275;41;39.43;-50.24;66671;5358;25-jan-90;06:48:00;5468;2.289;34.885;6.008;36.83;1.36;20.39
89037_275;41;39.43;-50.24;66672;4796;25-jan-90;06:48:00;4888;2.301;34.897;6.115;31.22;1.3;19.24
89037_275;41;39.43;-50.24;66673;4263;25-jan-90;06:48:00;4340;2.34;34.908;6.213;25.4;1.21;18.18
89037_275;41;39.43;-50.24;66674;1772;25-jan-90;06:48:00;1793;4.132;34.983;6.014;11.7;1.21;18.64
89037_275;41;39.43;-50.24;66675;988;25-jan-90;06:48:00;998;8.336;35.164;4.025;12.21;1.31;21.78
89037_275;41;39.43;-50.24;66676;697;25-jan-90;06:48:00;704;13.187;35.693;4.03;4.61;0.68;11.19
89037_275;41;39.43;-50.24;66677;533;25-jan-90;06:48:00;538;15.721;36.122;4.473;2.78;0.43;7.64
89037_275;41;39.43;-50.24;66678;220;25-jan-90;06:48:00;222;18.534;36.543;4.841;1.15;0.13;2.62
89037_275;41;39.43;-50.24;66679;102;25-jan-90;06:48:00;103;18.741;36.54;5.151;1;0.1;1.53
89037_275;41;39.43;-50.24;66680;16;25-jan-90;06:48:00;16;18.73;36.539;5.154;0.93;0.09;1.38
89037_276;42;39.02;-50.26;66681;5347;25-jan-90;12:00:00;5456;2.288;34.888;6.054;35.22;1.32;18.65
89037_276;42;39.02;-50.26;66682;4966;25-jan-90;12:00:00;5063;2.287;34.889;6.111;35.17;1.42;19.97
89037_276;42;39.02;-50.26;66683;4415;25-jan-90;12:00:00;4496;2.311;34.9;6.197;29.27;1.27;19.43
89037_276;42;39.02;-50.26;66684;1958;25-jan-90;12:00:00;1982;4.131;35.002;6.059;12.8;1.18;18.84
89037_276;42;39.02;-50.26;66685;982;25-jan-90;12:00:00;992;8.376;35.186;4.038;12.59;1.39;22.51
89037_276;42;39.02;-50.26;66686;736;25-jan-90;12:00:00;743;13.01;35.682;4.036;6.64;0.91;15.65
89037_276;42;39.02;-50.26;66687;479;25-jan-90;12:00:00;483;16.503;36.248;4.396;2.81;0.39;8.02
89037_276;42;39.02;-50.26;66688;248;25-jan-90;12:00:00;250;18.583;36.531;4.707;1.27;0.15;3
89037_276;42;39.02;-50.26;66689;99;25-jan-90;12:00:00;100;18.837;NaN;5.181;0.95;0.08;1.33
89037_276;42;39.02;-50.26;66690;16;25-jan-90;12:00:00;16;18.825;36.538;5.174;0.92;0.1;1.27
89037_277;43;38.53;-50.25;66691;5350;25-jan-90;18:09:00;5459;2.278;34.891;5.996;37.36;1.49;18.9
89037_277;43;38.53;-50.25;66692;4823;25-jan-90;18:09:00;4916;2.278;34.888;6.105;32.47;1.3;20.07
89037_277;43;38.53;-50.25;66693;4378;25-jan-90;18:09:00;4457;2.303;34.905;6.172;29.55;1.21;19.33
89037_277;43;38.53;-50.25;66694;1892;25-jan-90;18:09:00;1915;4.081;34.978;6.143;11.96;1.13;18.05
89037_277;43;38.53;-50.25;66695;960;25-jan-90;18:09:00;970;8.195;35.158;4.02;12.78;1.44;22.52
89037_277;43;38.53;-50.25;66696;730;25-jan-90;18:09:00;737;13.278;35.687;4.121;5.55;0.8;13.61
89037_277;43;38.53;-50.25;66697;484;25-jan-90;18:09:00;488;16.735;36.287;4.316;2.54;0.36;7.47
89037_277;43;38.53;-50.25;66698;246;25-jan-90;18:09:00;248;18.643;36.546;4.736;1.35;0.16;2.75
89037_277;43;38.53;-50.25;66699;102;25-jan-90;18:09:00;103;19.167;36.525;5.21;0.8;0.07;0.93
89037_277;43;38.53;-50.25;66700;17;25-jan-90;18:09:00;17;19.198;36.526;5.273;0.93;0.06;0.79
89037_278;44;38.02;-50.25;66701;5405;25-jan-90;23:56:00;5516;2.278;34.88;6.003;39.15;1.35;21.18
89037_278;44;38.02;-50.25;66702;4984;25-jan-90;23:56:00;5081;2.304;34.904;6.109;30.73;1.33;19.7
89037_278;44;38.02;-50.25;66703;4480;25-jan-90;23:56:00;4562;2.327;34.901;6.193;29.2;1.31;19.27
89037_278;44;38.02;-50.25;66704;1963;25-jan-90;23:56:00;1987;3.95;34.969;NaN;12.19;1.18;18.03
89037_278;44;38.02;-50.25;66705;972;25-jan-90;23:56:00;982;7.613;35.123;4.176;12.86;1.4;21.61
89037_278;44;38.02;-50.25;66706;718;25-jan-90;23:56:00;725;12.35;35.6;4.069;7.26;0.99;16.49
89037_278;44;38.02;-50.25;66707;476;25-jan-90;23:56:00;480;15.924;36.161;4.536;2.85;0.47;8.3
89037_278;44;38.02;-50.25;66708;243;25-jan-90;23:56:00;245;18.302;36.526;4.597;1.4;0.2;3.93
89037_278;44;38.02;-50.25;66709;102;25-jan-90;23:56:00;103;19.229;36.557;5.085;NaN;NaN;NaN
89037_278;44;38.02;-50.25;66710;17;25-jan-90;23:56:00;17;19.273;36.554;5.276;NaN;NaN;NaN
89037_315;7;43.99;-49.2;66331;49;13-jan-90;06:26:00;49;-0.122;33.248;8.112;6.71;0.75;7.83
89037_315;7;43.99;-49.2;66332;46;13-jan-90;06:26:00;46;-0.121;33.229;7.939;NaN;NaN;NaN
89037_315;7;43.99;-49.2;66333;46;13-jan-90;06:26:00;46;-0.121;33.228;7.922;6.49;0.76;7.81
89037_315;7;43.99;-49.2;66334;12;13-jan-90;06:26:00;12;-0.014;33.166;7.977;6.5;0.73;7.45
89037_315;7;43.99;-49.2;66335;13;13-jan-90;06:26:00;13;-0.013;33.166;8.004;6.27;0.71;7.36
89037_326;8;43.9;-49.16;66336;138;13-jan-90;08:35:00;139;0.306;33.672;7.452;8.12;0.77;10.09
89037_326;8;43.9;-49.16;66337;138;13-jan-90;08:35:00;139;0.306;33.678;7.459;7.69;0.77;10.21
89037_326;8;43.9;-49.16;66338;106;13-jan-90;08:35:00;107;0.231;33.644;7.454;7.9;0.76;9.98
89037_326;8;43.9;-49.16;66339;57;13-jan-90;08:35:00;57;0.049;NaN;7.586;7.59;0.7;9.74
89037_326;8;43.9;-49.16;66340;18;13-jan-90;08:35:00;18;-0.114;33.334;7.853;7.18;0.69;8.57
89037_339;9;43.86;-48.98;66341;414;13-jan-90;10:32:00;418;3.253;34.679;6.482;10.64;0.95;16.1
89037_339;9;43.86;-48.98;66342;382;13-jan-90;10:32:00;385;3.229;34.651;6.465;10.88;0.95;16.05
89037_339;9;43.86;-48.98;66343;305;13-jan-90;10:32:00;308;2.467;34.436;6.415;11.7;0.96;15.49
89037_339;9;43.86;-48.98;66344;203;13-jan-90;10:32:00;205;1.569;34.189;6.593;10.66;0.82;12.34
89037_339;9;43.86;-48.98;66345;108;13-jan-90;10:32:00;109;0.73;33.858;7.387;7.54;0.7;10.7
89037_339;9;43.86;-48.98;66346;58;13-jan-90;10:32:00;58;0.264;33.66;7.785;6.46;0.65;9.37
89037_339;9;43.86;-48.98;66347;18;13-jan-90;10:32:00;18;-0.001;33.465;7.813;6.92;0.64;8.48
