CTD;CTD;CTD;CTD;CTD;CTD;CTD;CTD;CTD;CTD;labo;labo;labo;labo;labo
Fichier;Station;Latitude;Longitude;Echantillon;zbouteille;Date;Heure;PSAL;TEMP_XX;OXYM_01;SSAL_XX;Si_01;PO4_01;NOx_01
(nom);(nom/no);(degres);(degres);(no_unique);(dbar);(jj-mmm-yyyy);(GMT);(psu);(celsius);(mmol/m**3);((none));(mmol/m**3);(mmol/m**3);(mmol/m**3)
18PZ94029_002;CAST#1;44.41;-63.445;123701;75;24-oct-94;18:50:00;31.889;4.31;292.0764;NaN;6.2455;0.9365;6.025
18PZ94029_002;CAST#1;44.41;-63.445;123702;50;24-oct-94;18:50:00;30.394;9.094;331.51118;NaN;2.7845;0.5335;2.0835
18PZ94029_002;CAST#1;44.41;-63.445;123703;30;24-oct-94;18:50:00;29.842;11.088;313.0666;NaN;1.1015;0.3415;0.4255
18PZ94029_002;CAST#1;44.41;-63.445;123704;20;24-oct-94;18:50:00;29.759;10.745;294.3094;NaN;0.9825;0.329;0.3475
18PZ94029_002;CAST#1;44.41;-63.445;123705;10;24-oct-94;18:50:00;29.485;10.868;296.27444;NaN;1.0105;0.3375;0.355
18PZ94029_002;CAST#1;44.41;-63.445;123706;1;24-oct-94;18:50:00;29.384;10.985;294.01911;NaN;0.9895;0.352;0.5225
18PZ94029_002;CAST#1;44.41;-63.445;123707;75;24-oct-94;18:50:00;31.889;4.31;NaN;31.701;5.97;0.874;5.8585
18PZ94029_002;1;44.41;-63.445;123707;75;24-oct-94;20:29:00;31.889;4.31;NaN;31.701;5.97;0.874;5.8585
18PZ94029_002;CAST#1;44.41;-63.445;123708;50;24-oct-94;18:50:00;30.394;9.094;NaN;30.259;2.1535;0.463;1.6065
18PZ94029_002;1;44.41;-63.445;123708;50;24-oct-94;20:29:00;30.394;9.094;NaN;30.259;2.1535;0.463;1.6065
18PZ94029_002;1;44.41;-63.445;123709;25;24-oct-94;20:29:00;29.722;10.926;NaN;29.733;0.9835;0.3725;0.4365
18PZ94029_002;CAST#1;44.41;-63.445;123709;25;24-oct-94;18:50:00;29.722;10.926;NaN;29.733;0.9835;0.3725;0.4365
18PZ94029_002;1;44.41;-63.445;123710;10;24-oct-94;20:29:00;29.485;10.868;NaN;29.435;0.995;0.3725;0.5365
18PZ94029_002;CAST#1;44.41;-63.445;123710;10;24-oct-94;18:50:00;29.485;10.868;NaN;29.435;0.995;0.3725;0.5365
18PZ94029_002;CAST#1;44.41;-63.445;123711;5;24-oct-94;18:50:00;29.431;10.862;NaN;29.294;0.9575;0.4115;0.562
18PZ94029_002;1;44.41;-63.445;123711;5;24-oct-94;20:29:00;29.431;10.862;NaN;29.294;0.9575;0.4115;0.562
18PZ94029_002;CAST#1;44.41;-63.445;123712;15;24-oct-94;18:50:00;29.703;10.785;NaN;NaN;1.0345;0.3385;0.486
18PZ94029_002;CAST#1;44.41;-63.445;123713;15;24-oct-94;18:50:00;29.703;10.785;NaN;NaN;NaN;NaN;NaN
18PZ94029_002;CAST#1;44.41;-63.445;123714;15;24-oct-94;18:50:00;29.703;10.785;NaN;NaN;NaN;NaN;NaN
18PZ94029_002;CAST#1;44.41;-63.445;123715;15;24-oct-94;18:50:00;29.703;10.785;NaN;NaN;NaN;NaN;NaN
18PZ94029_002;CAST#1;44.41;-63.445;123716;15;24-oct-94;18:50:00;29.703;10.785;NaN;NaN;NaN;NaN;NaN
18PZ94029_002;CAST#1;44.41;-63.445;123717;15;24-oct-94;18:50:00;29.703;10.785;NaN;NaN;NaN;NaN;NaN
18PZ94029_002;CAST#1;44.41;-63.445;123718;15;24-oct-94;18:50:00;29.703;10.785;NaN;NaN;NaN;NaN;NaN
18PZ94029_003;CAST#1;43.85;-60.8767;123823;38;27-oct-94;10:10:00;31.106;9.092;NaN;NaN;2.8985;0.602;2.0635
18PZ94029_003;CAST#1;43.85;-60.8767;123824;19;27-oct-94;10:10:00;30.547;11.052;NaN;NaN;1.356;0.361;0.1545
18PZ94029_003;CAST#1;43.85;-60.8767;123825;1;27-oct-94;10:10:00;30.545;11.191;NaN;NaN;1.2325;0.379;0
18PZ94029_014;CAST#1;43.8502;-60.6603;123826;32;27-oct-94;13:57:00;30.664;10.456;NaN;NaN;1.361;0.3815;0.216
18PZ94029_014;CAST#1;43.8502;-60.6603;123827;20;27-oct-94;13:57:00;30.566;10.698;NaN;NaN;1.5535;0.3715;0.163
18PZ94029_014;CAST#1;43.8502;-60.6603;123828;1;27-oct-94;13:57:00;30.512;10.912;NaN;NaN;1.3985;0.3605;0
18PZ94029_025;CAST#1;43.872;-60.6278;123829;30;27-oct-94;15:50:00;30.789;10.053;NaN;NaN;1.8425;0.436;0.678
18PZ94029_025;CAST#1;43.872;-60.6278;123830;15;27-oct-94;15:50:00;30.668;10.41;NaN;NaN;1.688;0.416;0.482
18PZ94029_025;CAST#1;43.872;-60.6278;123831;1;27-oct-94;15:50:00;30.477;10.892;NaN;NaN;1.488;0.4225;0.202
18PZ94029_047;CAST#1;43.895;-60.6283;123833;35;28-oct-94;01:00:00;30.762;10.108;NaN;NaN;1.799;0.4565;0.6995
18PZ94029_047;CAST#1;43.895;-60.6283;123834;20;28-oct-94;01:00:00;30.458;10.795;NaN;NaN;1.456;0.399;0.255
18PZ94029_047;CAST#1;43.895;-60.6283;123835;1;28-oct-94;01:00:00;30.417;10.777;NaN;NaN;1.289;0.385;0.0865
18PZ94029_058;CAST#1;43.9417;-60.6283;123836;25;28-oct-94;03:09:00;30.371;10.83;NaN;NaN;1.233;0.3535;0.0415
18PZ94029_058;CAST#1;43.9417;-60.6283;123837;12;28-oct-94;03:09:00;30.37;10.828;NaN;NaN;1.209;0.353;0.0505
18PZ94029_058;CAST#1;43.9417;-60.6283;123838;1;28-oct-94;03:09:00;30.349;10.817;NaN;NaN;1.5205;0.3475;0.0415
18PZ94029_069;CAST#1;43.85;-61.1367;123839;51;28-oct-94;06:42:00;31.591;7.341;NaN;NaN;4.0045;0.6705;3.3035
18PZ94029_069;CAST#1;43.85;-61.1367;123840;27;28-oct-94;06:42:00;31.02;9.6;NaN;NaN;2.16;0.4845;1.29
18PZ94029_069;CAST#1;43.85;-61.1367;123841;2;28-oct-94;06:42:00;30.6;11.119;NaN;NaN;1.242;0.331;0
18PZ94029_080;CAST#1;43.4833;-62.45;123842;80;28-oct-94;17:15:00;33.884;7.028;236.38538;NaN;8.0955;1.0005;11.4265
18PZ94029_080;CAST#1;43.4833;-62.45;123843;50;28-oct-94;17:15:00;32.998;5.206;269.9697;NaN;5.734;0.8685;8.0065
18PZ94029_080;CAST#1;43.4833;-62.45;123844;35;28-oct-94;17:15:00;33.296;14.227;275.23958;NaN;2.097;0.3605;1.093
18PZ94029_080;CAST#1;43.4833;-62.45;123845;20;28-oct-94;17:15:00;31.702;13.103;277.69588;NaN;1.083;0.278;0.0695
18PZ94029_080;CAST#1;43.4833;-62.45;123846;12;28-oct-94;17:15:00;31.666;13.073;281.73761;NaN;0.963;0.2635;0.04
18PZ94029_080;CAST#1;43.4833;-62.45;123847;2;28-oct-94;17:15:00;31.65;13.065;291.8531;NaN;0.939;0.239;0
18PZ94029_080;CAST#1;43.4833;-62.45;123848;75;28-oct-94;17:15:00;33.884;7.027;NaN;33.91;8.352;1.0075;10.9955
18PZ94029_080;17;43.48333;-63.45;123848;75;28-oct-94;17:42:00;33.884;7.027;NaN;33.91;8.352;1.0075;10.9955
18PZ94029_080;17;43.48333;-63.45;123849;50;28-oct-94;17:42:00;32.998;5.206;NaN;32.958;4.73;0.8185;6.0705
18PZ94029_080;CAST#1;43.4833;-62.45;123849;50;28-oct-94;17:15:00;32.998;5.206;NaN;32.958;4.73;0.8185;6.0705
18PZ94029_080;17;43.48333;-63.45;123850;25;28-oct-94;17:42:00;31.852;12.83;NaN;31.792;1.027;0.2725;0.116
18PZ94029_080;CAST#1;43.4833;-62.45;123850;25;28-oct-94;17:15:00;31.852;12.83;NaN;31.792;1.027;0.2725;0.116
18PZ94029_080;CAST#1;43.4833;-62.45;123851;10;28-oct-94;17:15:00;31.65;13.07;NaN;31.669;0.9715;0.259;0.0565
18PZ94029_080;17;43.48333;-63.45;123851;10;28-oct-94;17:42:00;31.65;13.07;NaN;31.669;0.9715;0.259;0.0565
18PZ94029_091;CAST#1;43.18;-62.0983;123852;80;28-oct-94;20:06:00;33.873;7.412;252.06104;NaN;6.725;0.9035;10.07
18PZ94029_091;CAST#1;43.18;-62.0983;123853;50;28-oct-94;20:06:00;32.718;4.708;289.93272;NaN;4.9715;0.7965;6.4055
18PZ94029_091;CAST#1;43.18;-62.0983;123854;25;28-oct-94;20:06:00;31.78;12.62;282.2512;NaN;1.811;0.3845;1.347
18PZ94029_091;CAST#1;43.18;-62.0983;123855;20;28-oct-94;20:06:00;30.982;12.088;278.41044;NaN;1.196;0.297;0.286
18PZ94029_091;CAST#1;43.18;-62.0983;123856;10;28-oct-94;20:06:00;30.865;12.001;291.22786;NaN;1.14;0.291;0.034
18PZ94029_091;CAST#1;43.18;-62.0983;123857;1;28-oct-94;20:06:00;30.865;12.002;381.1731;NaN;1.052;0.2735;0
18PZ94029_091;CAST#1;43.18;-62.0983;123858;10;28-oct-94;20:06:00;30.865;12.001;NaN;30.886;1.076;0.256;0
18PZ94029_091;18;43.18;-62.09833;123858;10;28-oct-94;20:30:00;30.865;12.001;NaN;30.886;1.076;0.256;0
18PZ94029_091;18;43.18;-62.09833;123859;25;28-oct-94;20:30:00;31.78;12.62;NaN;30.969;1.1;0.262;0
18PZ94029_091;CAST#1;43.18;-62.0983;123859;25;28-oct-94;20:06:00;31.78;12.62;NaN;30.969;1.1;0.262;0
18PZ94029_091;CAST#1;43.18;-62.0983;123860;98;28-oct-94;20:06:00;33.872;6.882;NaN;32.49;4.535;0.711;5.3595
18PZ94029_091;18;43.18;-62.09833;123860;50;28-oct-94;20:30:00;33.872;6.882;NaN;32.49;4.535;0.711;5.3595
18PZ94029_091;18;43.18;-62.09833;123861;75;28-oct-94;20:30:00;33.654;6.407;NaN;33.839;6.002;0.822;9.027
18PZ94029_091;CAST#1;43.18;-62.0983;123861;75;28-oct-94;20:06:00;33.654;6.407;NaN;33.839;6.002;0.822;9.027
18PZ94029_091;CAST#1;43.18;-62.0983;123862;25;28-oct-94;20:06:00;31.78;12.62;NaN;NaN;1.317;0.276;0.277
18PZ94029_091;CAST#1;43.18;-62.0983;123863;25;28-oct-94;20:06:00;31.78;12.62;NaN;NaN;NaN;NaN;NaN
18PZ94029_091;CAST#1;43.18;-62.0983;123864;25;28-oct-94;20:06:00;31.78;12.62;NaN;NaN;NaN;NaN;NaN
18PZ94029_091;CAST#1;43.18;-62.0983;123865;25;28-oct-94;20:06:00;31.78;12.62;NaN;NaN;NaN;NaN;NaN
18PZ94029_091;CAST#1;43.18;-62.0983;123866;25;28-oct-94;20:06:00;31.78;12.62;NaN;NaN;NaN;NaN;NaN
18PZ94029_091;CAST#1;43.18;-62.0983;123867;25;28-oct-94;20:06:00;31.78;12.62;NaN;NaN;NaN;NaN;NaN
18PZ94029_091;CAST#1;43.18;-62.0983;123868;25;28-oct-94;20:06:00;31.78;12.62;NaN;NaN;NaN;NaN;NaN
18PZ94029_091;CAST#1;43.18;-62.0983;123869;29;28-oct-94;20:06:00;31.944;12.121;NaN;NaN;NaN;NaN;NaN
18PZ94029_091;CAST#1;43.18;-62.0983;123870;25;28-oct-94;20:06:00;31.78;12.62;NaN;NaN;NaN;NaN;NaN
18PZ94029_102;CAST#1;42.85;-61.7333;123871;800;29-oct-94;05:12:00;34.941;4.211;268.98718;NaN;10.0465;1.0605;15.1375
18PZ94029_102;CAST#1;42.85;-61.7333;123872;500;29-oct-94;05:12:00;34.962;5.179;225.91261;NaN;13.7815;1.335;21.198
18PZ94029_102;CAST#1;42.85;-61.7333;123874;295;29-oct-94;05:12:00;35.148;8.851;172.74488;NaN;13.4045;1.4325;22.5975
18PZ94029_102;CAST#1;42.85;-61.7333;123875;200;29-oct-94;05:12:00;34.389;6.951;276.80268;NaN;8.5005;1.038;12.7805
18PZ94029_102;CAST#1;42.85;-61.7333;123876;150;29-oct-94;05:12:00;33.925;5.162;240.00284;NaN;9.5845;1.1205;13.3035
18PZ94029_102;CAST#1;42.85;-61.7333;123877;100;29-oct-94;05:12:00;33.297;2.401;269.38912;NaN;8.6945;1.0635;9.889
18PZ94029_102;CAST#1;42.85;-61.7333;123878;72;29-oct-94;05:12:00;32.923;1.009;291.13854;NaN;8.719;1.104;9.152
18PZ94029_102;CAST#1;42.85;-61.7333;123879;20;29-oct-94;05:12:00;32.522;10.857;287.78904;NaN;2.3275;0.458;1.759
18PZ94029_102;CAST#1;42.85;-61.7333;123880;1;29-oct-94;05:12:00;31.533;13.032;280.64344;NaN;0.957;0.258;0
18PZ94029_102;CAST#1;42.85;-61.7333;123881;500;29-oct-94;05:12:00;34.962;5.179;NaN;34.987;13.6615;1.326;20.6505
18PZ94029_102;19;42.85;-61.73333;123881;500;28-oct-94;07:08:00;34.962;5.179;NaN;34.987;13.6615;1.326;20.6505
18PZ94029_102;19;42.85;-61.73333;123882;300;28-oct-94;07:08:00;35.142;8.726;NaN;35.198;13.622;1.48;22.847
18PZ94029_102;CAST#1;42.85;-61.7333;123882;300;29-oct-94;05:12:00;35.142;8.726;NaN;35.198;13.622;1.48;22.847
18PZ94029_102;CAST#1;42.85;-61.7333;123883;200;29-oct-94;05:12:00;34.389;6.951;NaN;34.07;9.9845;1.093;13.1545
18PZ94029_102;19;42.85;-61.73333;123883;200;28-oct-94;07:08:00;34.389;6.951;NaN;34.07;9.9845;1.093;13.1545
18PZ94029_102;CAST#1;42.85;-61.7333;123884;100;29-oct-94;05:12:00;33.297;2.401;NaN;33.02;9.3185;1.1095;9.662
18PZ94029_102;19;42.85;-61.73333;123884;100;28-oct-94;07:08:00;33.297;2.401;NaN;33.02;9.3185;1.1095;9.662
18PZ94029_102;19;42.85;-61.73333;123885;70;28-oct-94;07:08:00;32.94;1.324;NaN;32.855;5.266;0.898;6.1235
18PZ94029_102;CAST#1;42.85;-61.7333;123885;70;29-oct-94;05:12:00;32.94;1.324;NaN;32.855;5.266;0.898;6.1235
18PZ94029_102;CAST#1;42.85;-61.7333;123886;10;29-oct-94;05:12:00;31.848;13.285;NaN;31.635;1.278;0.257;0
18PZ94029_102;19;42.85;-61.73333;123886;10;28-oct-94;07:08:00;31.848;13.285;NaN;31.635;1.278;0.257;0
18PZ94029_113;CAST#1;44.2667;-63.32;123719;140;25-oct-94;02:46:00;33.284;6.726;212.09034;NaN;12.356;1.1935;12.2255
18PZ94029_113;CAST#1;44.2667;-63.32;123720;125;25-oct-94;02:46:00;32.891;3.894;243.57564;NaN;12.5935;1.156;11.552
18PZ94029_113;CAST#1;44.2667;-63.32;123721;100;25-oct-94;02:46:00;32.758;2.508;267.69204;NaN;11.1885;1.152;10.628
18PZ94029_113;CAST#1;44.2667;-63.32;123722;75;25-oct-94;02:46:00;32.739;2.309;279.7949;NaN;9.6535;1.127;9.4585
18PZ94029_113;CAST#1;44.2667;-63.32;123723;50;25-oct-94;02:46:00;31.02;7.319;285.1541;NaN;4.84;0.84;4.4505
18PZ94029_113;CAST#1;44.2667;-63.32;123724;25;25-oct-94;02:46:00;29.533;10.207;288.2803;NaN;1.941;0.463;1.3065
18PZ94029_113;CAST#1;44.2667;-63.32;123725;10;25-oct-94;02:46:00;29.35;10.59;291.58514;NaN;1.384;0.4245;0.8665
18PZ94029_113;CAST#1;44.2667;-63.32;123726;0;25-oct-94;02:46:00;NaN;NaN;291.22786;NaN;1.428;0.4295;0.8095
18PZ94029_113;2;44.26666;-63.32;123727;125;25-oct-94;03:50:00;32.891;3.894;NaN;33.454;13.059;1.1895;12.0165
18PZ94029_113;CAST#2;44.2667;-63.32;123727;125;25-oct-94;03:50:00;32.891;3.894;NaN;33.454;13.059;1.1895;12.0165
18PZ94029_113;2;44.26666;-63.32;123728;75;25-oct-94;03:50:00;32.739;2.309;NaN;32.379;7.9995;1.037;8.535
18PZ94029_113;CAST#2;44.2667;-63.32;123728;75;25-oct-94;03:50:00;32.739;2.309;NaN;32.379;7.9995;1.037;8.535
18PZ94029_113;2;44.26666;-63.32;123729;25;25-oct-94;03:50:00;29.533;10.207;NaN;29.582;2.1125;0.462;1.1615
18PZ94029_113;CAST#2;44.2667;-63.32;123729;25;25-oct-94;03:50:00;29.533;10.207;NaN;29.582;2.1125;0.462;1.1615
18PZ94029_113;2;44.26666;-63.32;123730;10;25-oct-94;03:50:00;29.35;10.59;NaN;29.382;1.523;0.7015;0.862
18PZ94029_113;CAST#2;44.2667;-63.32;123730;10;25-oct-94;03:50:00;29.35;10.59;NaN;29.382;1.523;0.7015;0.862
18PZ94029_113;2;44.26666;-63.32;123731;5;25-oct-94;03:50:00;29.351;10.594;NaN;29.378;1.5095;0.48;0.8455
18PZ94029_113;CAST#2;44.2667;-63.32;123731;5;25-oct-94;03:50:00;29.351;10.594;NaN;29.378;1.5095;0.48;0.8455
18PZ94029_114;CAST#1;42.5333;-61.3983;123887;1000;29-oct-94;12:55:00;34.931;4.029;279.48228;NaN;12.333;1.1585;17.7585
18PZ94029_114;CAST#1;42.5333;-61.3983;123888;500;29-oct-94;12:55:00;34.98;5.66;223.12136;NaN;14.2535;1.3765;20.784
18PZ94029_114;CAST#1;42.5333;-61.3983;123889;400;29-oct-94;12:55:00;35.072;7.366;186.99142;NaN;14.6155;1.575;22.7755
18PZ94029_114;CAST#1;42.5333;-61.3983;123890;300;29-oct-94;12:55:00;35.155;9.011;163.6789;NaN;13.5845;1.517;23.351
18PZ94029_114;CAST#1;42.5333;-61.3983;123891;200;29-oct-94;12:55:00;35.499;11.864;163.18764;NaN;9.4975;1.26;18.7565
18PZ94029_114;CAST#1;42.5333;-61.3983;123892;150;29-oct-94;12:55:00;35.673;13.098;179.7565;NaN;6.9945;1.034;15.484
18PZ94029_114;CAST#1;42.5333;-61.3983;123893;77;29-oct-94;12:55:00;36.004;15.878;176.36234;NaN;4.4015;0.7645;11.3345
18PZ94029_114;CAST#1;42.5333;-61.3983;123894;33;29-oct-94;12:55:00;34.132;13.841;254.69598;NaN;3.2675;0.5615;4.3215
18PZ94029_114;CAST#1;42.5333;-61.3983;123895;20;29-oct-94;12:55:00;33.924;15.285;260.68042;NaN;1.8025;0.319;1.227
18PZ94029_114;CAST#1;42.5333;-61.3983;123896;1;29-oct-94;12:55:00;33.207;14.579;271.17552;NaN;1.128;0.208;0.2385
18PZ94029_114;CAST#1;42.5333;-61.3983;123897;20;29-oct-94;12:55:00;33.924;15.285;NaN;NaN;1.2845;0.219;0.527
18PZ94029_114;CAST#1;42.5333;-61.3983;123898;20;29-oct-94;12:55:00;33.924;15.285;NaN;NaN;NaN;NaN;NaN
18PZ94029_114;CAST#1;42.5333;-61.3983;123899;20;29-oct-94;12:55:00;33.924;15.285;NaN;NaN;NaN;NaN;NaN
18PZ94029_114;CAST#1;42.5333;-61.3983;123900;20;29-oct-94;12:55:00;33.924;15.285;NaN;NaN;NaN;NaN;NaN
18PZ94029_114;CAST#1;42.5333;-61.3983;123901;20;29-oct-94;12:55:00;33.924;15.285;NaN;NaN;NaN;NaN;NaN
18PZ94029_114;CAST#1;42.5333;-61.3983;123902;20;29-oct-94;12:55:00;33.924;15.285;NaN;NaN;NaN;NaN;NaN
18PZ94029_114;CAST#1;42.5333;-61.3983;123903;20;29-oct-94;12:55:00;33.924;15.285;NaN;NaN;NaN;NaN;NaN
18PZ94029_114;CAST#1;42.5333;-61.3983;123904;100;29-oct-94;12:55:00;35.914;14.943;NaN;NaN;5.946;0.8805;14.3705
18PZ94029_114;CAST#1;42.5333;-61.3983;123905;100;29-oct-94;12:55:00;35.914;14.943;NaN;NaN;NaN;NaN;NaN
18PZ94029_114;CAST#1;42.5333;-61.3983;123906;100;29-oct-94;12:55:00;35.914;14.943;NaN;NaN;NaN;NaN;NaN
18PZ94029_114;CAST#1;42.5333;-61.3983;123907;100;29-oct-94;12:55:00;35.914;14.943;NaN;NaN;NaN;NaN;NaN
18PZ94029_114;CAST#1;42.5333;-61.3983;123908;100;29-oct-94;12:55:00;35.914;14.943;NaN;NaN;NaN;NaN;NaN
18PZ94029_114;CAST#1;42.5333;-61.3983;123909;100;29-oct-94;12:55:00;35.914;14.943;NaN;NaN;NaN;NaN;NaN
18PZ94029_114;CAST#1;42.5333;-61.3983;123910;100;29-oct-94;12:55:00;35.914;14.943;NaN;NaN;NaN;NaN;NaN
18PZ94029_114;20;42.53333;-61.4;123911;500;29-oct-94;15:33:00;34.98;5.66;NaN;35.031;13.8815;1.4055;21.7795
18PZ94029_114;CAST#1;42.5333;-61.3983;123911;500;29-oct-94;12:55:00;34.98;5.66;NaN;35.031;13.8815;1.4055;21.7795
18PZ94029_114;20;42.53333;-61.4;123912;300;29-oct-94;15:33:00;35.155;9.011;NaN;35.229;12.531;1.471;22.373
18PZ94029_114;CAST#1;42.5333;-61.3983;123912;300;29-oct-94;12:55:00;35.155;9.011;NaN;35.229;12.531;1.471;22.373
18PZ94029_114;CAST#1;42.5333;-61.3983;123913;200;29-oct-94;12:55:00;35.499;11.864;NaN;35.578;9.3975;1.23;19.2345
18PZ94029_114;20;42.53333;-61.4;123913;200;29-oct-94;15:33:00;35.499;11.864;NaN;35.578;9.3975;1.23;19.2345
18PZ94029_114;20;42.53333;-61.4;123914;100;29-oct-94;15:33:00;35.914;14.943;NaN;36.001;5.3335;0.849;13.2525
18PZ94029_114;CAST#1;42.5333;-61.3983;123914;100;29-oct-94;12:55:00;35.914;14.943;NaN;36.001;5.3335;0.849;13.2525
18PZ94029_114;CAST#1;42.5333;-61.3983;123915;50;29-oct-94;12:55:00;34.139;11.301;NaN;33.883;4.863;0.7465;6.754
18PZ94029_114;20;42.53333;-61.4;123915;50;29-oct-94;15:33:00;34.139;11.301;NaN;33.883;4.863;0.7465;6.754
18PZ94029_114;20;42.53333;-61.4;123916;20;29-oct-94;15:33:00;33.924;15.285;NaN;33.485;1.412;0.261;0.226
18PZ94029_114;CAST#1;42.5333;-61.3983;123916;20;29-oct-94;12:55:00;33.924;15.285;NaN;33.485;1.412;0.261;0.226
18PZ94029_114;CAST#1;42.5333;-61.3983;123917;2000;29-oct-94;12:55:00;34.923;3.448;NaN;NaN;NaN;NaN;NaN
18PZ94029_114;CAST#1;42.5333;-61.3983;123918;100;29-oct-94;12:55:00;35.914;14.943;NaN;NaN;NaN;NaN;NaN
18PZ94029_114;CAST#1;42.5333;-61.3983;123919;20;29-oct-94;12:55:00;33.924;15.285;NaN;NaN;NaN;NaN;NaN
18PZ94029_114;CAST#1;42.5333;-61.3983;123920;10;29-oct-94;12:55:00;33.284;14.199;NaN;NaN;NaN;NaN;NaN
18PZ94029_114;CAST#1;42.5333;-61.3983;123921;7;29-oct-94;12:55:00;33.229;14.585;NaN;NaN;1.252;0.2335;0.129
18PZ94029_114;CAST#1;42.5333;-61.3983;123922;7;29-oct-94;12:55:00;33.229;14.585;NaN;NaN;NaN;NaN;NaN
18PZ94029_114;CAST#1;42.5333;-61.3983;123923;7;29-oct-94;12:55:00;33.229;14.585;NaN;NaN;NaN;NaN;NaN
18PZ94029_114;CAST#1;42.5333;-61.3983;123924;7;29-oct-94;12:55:00;33.229;14.585;NaN;NaN;NaN;NaN;NaN
18PZ94029_114;CAST#1;42.5333;-61.3983;123925;7;29-oct-94;12:55:00;33.229;14.585;NaN;NaN;NaN;NaN;NaN
18PZ94029_114;CAST#1;42.5333;-61.3983;123926;7;29-oct-94;12:55:00;33.229;14.585;NaN;NaN;NaN;NaN;NaN
18PZ94029_114;CAST#1;42.5333;-61.3983;123927;7;29-oct-94;12:55:00;33.229;14.585;NaN;NaN;NaN;NaN;NaN
18PZ94029_114;CAST#1;42.5333;-61.3983;123928;20;29-oct-94;12:55:00;33.924;15.285;NaN;NaN;1.3675;0.2215;0.174
18PZ94029_114;CAST#1;42.5333;-61.3983;123929;20;29-oct-94;12:55:00;33.924;15.285;NaN;NaN;NaN;NaN;NaN
18PZ94029_114;CAST#1;42.5333;-61.3983;123930;20;29-oct-94;12:55:00;33.924;15.285;NaN;NaN;NaN;NaN;NaN
18PZ94029_114;CAST#1;42.5333;-61.3983;123931;20;29-oct-94;12:55:00;33.924;15.285;NaN;NaN;NaN;NaN;NaN
18PZ94029_114;CAST#1;42.5333;-61.3983;123932;20;29-oct-94;12:55:00;33.924;15.285;NaN;NaN;NaN;NaN;NaN
18PZ94029_114;CAST#1;42.5333;-61.3983;123933;20;29-oct-94;12:55:00;33.924;15.285;NaN;NaN;NaN;NaN;NaN
18PZ94029_114;CAST#1;42.5333;-61.3983;123934;20;29-oct-94;12:55:00;33.924;15.285;NaN;NaN;NaN;NaN;NaN
18PZ94029_127;CAST#1;42.0017;-60.7967;123935;4000;30-oct-94;04:50:00;34.882;2.327;NaN;NaN;NaN;NaN;NaN
18PZ94029_127;CAST#1;42.0017;-60.7967;123936;200;30-oct-94;04:50:00;35.683;13.25;NaN;NaN;NaN;NaN;NaN
18PZ94029_127;CAST#1;42.0017;-60.7967;123937;40;30-oct-94;04:50:00;35.486;19.247;NaN;NaN;NaN;NaN;NaN
18PZ94029_127;CAST#1;42.0017;-60.7967;123938;20;30-oct-94;04:50:00;35.486;19.244;NaN;NaN;NaN;NaN;NaN
18PZ94029_127;CAST#1;42.0017;-60.7967;123939;20;30-oct-94;04:50:00;35.486;19.244;NaN;NaN;0.7225;0.0845;0.1705
18PZ94029_127;CAST#1;42.0017;-60.7967;123940;20;30-oct-94;04:50:00;35.486;19.244;NaN;NaN;NaN;NaN;NaN
18PZ94029_127;CAST#1;42.0017;-60.7967;123941;20;30-oct-94;04:50:00;35.486;19.244;NaN;NaN;NaN;NaN;NaN
18PZ94029_127;CAST#1;42.0017;-60.7967;123942;20;30-oct-94;04:50:00;35.486;19.244;NaN;NaN;NaN;NaN;NaN
18PZ94029_127;CAST#1;42.0017;-60.7967;123943;20;30-oct-94;04:50:00;35.486;19.244;NaN;NaN;NaN;NaN;NaN
18PZ94029_127;CAST#1;42.0017;-60.7967;123944;20;30-oct-94;04:50:00;35.486;19.244;NaN;NaN;NaN;NaN;NaN
18PZ94029_127;CAST#1;42.0017;-60.7967;123945;20;30-oct-94;04:50:00;35.486;19.244;NaN;NaN;NaN;NaN;NaN
18PZ94029_138;CAST#1;43.7833;-57.8333;123946;1000;31-oct-94;13:10:00;34.931;3.999;278.41044;NaN;11.6065;1.18;17.8655
18PZ94029_138;CAST#1;43.7833;-57.8333;123947;500;31-oct-94;13:10:00;34.936;4.97;245.54068;NaN;12.8745;1.3255;19.5815
18PZ94029_138;CAST#1;43.7833;-57.8333;123948;400;31-oct-94;13:10:00;34.901;5.332;226.8728;NaN;13.7685;1.4185;19.729
18PZ94029_138;CAST#1;43.7833;-57.8333;123949;30;31-oct-94;13:10:00;33.374;14.558;209.85734;NaN;12.0425;1.346;17.811
18PZ94029_138;CAST#1;43.7833;-57.8333;123950;200;31-oct-94;13:10:00;34.962;8.067;182.74872;NaN;11.8565;1.4045;19.28
18PZ94029_138;CAST#1;43.7833;-57.8333;123951;150;31-oct-94;13:10:00;34.719;7.703;214.50198;NaN;10.2785;1.2465;16.524
18PZ94029_138;CAST#1;43.7833;-57.8333;123952;4;31-oct-94;13:10:00;31.957;12.844;295.51522;NaN;4.85;0.9205;6.893
18PZ94029_138;CAST#1;43.7833;-57.8333;123953;72;31-oct-94;13:10:00;33.29;4.593;260.85906;NaN;1.7375;0.357;1.552
18PZ94029_138;CAST#1;43.7833;-57.8333;123954;20;31-oct-94;13:10:00;32.429;13.243;278.54442;NaN;0.979;0.2515;0
18PZ94029_138;CAST#1;43.7833;-57.8333;123955;1;31-oct-94;13:10:00;31.958;12.848;281.04538;NaN;0.9045;0.243;0
18PZ94029_149;CAST#1;44.1333;-58.175;123956;700;31-oct-94;17:05:00;34.933;4.326;268.58524;NaN;12.0195;1.231;17.8245
18PZ94029_149;CAST#1;44.1333;-58.175;123957;500;31-oct-94;17:05:00;34.935;4.681;254.1154;NaN;12.5215;1.3;18.4965
18PZ94029_149;CAST#1;44.1333;-58.175;123958;400;31-oct-94;17:05:00;34.898;5.232;232.63394;NaN;13.7115;1.3965;19.13
18PZ94029_149;CAST#1;44.1333;-58.175;123959;250;31-oct-94;17:05:00;35.008;7.594;178.68466;NaN;14.4995;1.535;21.888
18PZ94029_149;CAST#1;44.1333;-58.175;123960;200;31-oct-94;17:05:00;34.761;7.472;205.34668;NaN;11.2595;1.347;17.718
18PZ94029_149;CAST#1;44.1333;-58.175;123961;163;31-oct-94;17:05:00;34.782;8.432;210.48258;NaN;9.6515;1.2475;15.564
18PZ94029_149;CAST#1;44.1333;-58.175;123962;100;31-oct-94;17:05:00;33.766;6.157;269.79106;NaN;6.0485;1.012;9.206
18PZ94029_149;CAST#1;44.1333;-58.175;123963;76;31-oct-94;17:05:00;33.238;5.249;291.89776;NaN;4.044;0.886;6.09
18PZ94029_149;CAST#1;44.1333;-58.175;123964;35;31-oct-94;17:05:00;34.195;16.602;255.14258;NaN;1.019;0.191;0
18PZ94029_149;CAST#1;44.1333;-58.175;123965;1;31-oct-94;17:05:00;31.545;9.857;306.45692;NaN;0.847;0.373;0
18PZ94029_149;23;44.13333;-58.175;123966;500;31-oct-94;19:04:00;34.935;4.681;NaN;34.95;12.562;1.3115;18.072
18PZ94029_149;CAST#1;44.1333;-58.175;123966;500;31-oct-94;17:05:00;34.935;4.681;NaN;34.95;12.562;1.3115;18.072
18PZ94029_149;CAST#1;44.1333;-58.175;123967;200;31-oct-94;17:05:00;34.761;7.472;NaN;34.803;11.2055;1.333;17.55
18PZ94029_149;23;44.13333;-58.175;123967;200;31-oct-94;19:04:00;34.761;7.472;NaN;34.803;11.2055;1.333;17.55
18PZ94029_149;23;44.13333;-58.175;123968;150;31-oct-94;19:04:00;34.499;7.541;NaN;34.476;8.5725;1.1405;12.9525
18PZ94029_149;CAST#1;44.1333;-58.175;123968;150;31-oct-94;17:05:00;34.499;7.541;NaN;34.476;8.5725;1.1405;12.9525
18PZ94029_149;CAST#1;44.1333;-58.175;123969;75;31-oct-94;17:05:00;33.236;5.366;NaN;33.22;3.463;0.822;4.8355
18PZ94029_149;23;44.13333;-58.175;123969;75;31-oct-94;19:04:00;33.236;5.366;NaN;33.22;3.463;0.822;4.8355
18PZ94029_149;CAST#1;44.1333;-58.175;123970;35;31-oct-94;17:05:00;34.195;16.602;NaN;34.07;0.992;0.16;0
18PZ94029_149;23;44.13333;-58.175;123970;35;31-oct-94;19:04:00;34.195;16.602;NaN;34.07;0.992;0.16;0
18PZ94029_149;23;44.13333;-58.175;123971;10;31-oct-94;19:04:00;34.935;4.647;NaN;32.199;0.917;0.2875;0
18PZ94029_149;CAST#1;44.1333;-58.175;123971;510;31-oct-94;17:05:00;34.935;4.647;NaN;32.199;0.917;0.2875;0
18PZ94029_160;CAST#1;44.475;-58.51;123974;57;01-nov-94;01:55:00;32.304;2.02;288.7269;NaN;7.957;1.03;6.7395
18PZ94029_160;CAST#1;44.475;-58.51;123975;30;01-nov-94;01:55:00;31.338;8.1;312.57534;NaN;1.0225;0.4715;0.3785
18PZ94029_160;CAST#1;44.475;-58.51;123976;15;01-nov-94;01:55:00;30.935;8.336;316.99668;NaN;1.171;0.44;0
18PZ94029_160;CAST#1;44.475;-58.51;123977;2;01-nov-94;01:55:00;30.934;8.489;318.6491;NaN;1.033;0.4175;0.263
18PZ94029_171;CAST#1;44.8167;-58.85;123978;225;01-nov-94;04:51:00;32.914;1.667;267.69204;NaN;12.388;1.2295;11.616
18PZ94029_171;CAST#1;44.8167;-58.85;123979;200;01-nov-94;04:51:00;32.899;1.648;267.37942;NaN;12.5885;1.242;11.911
18PZ94029_171;CAST#1;44.8167;-58.85;123980;150;01-nov-94;04:51:00;32.803;1.494;334.36942;NaN;11.807;1.2685;11.668
18PZ94029_171;CAST#1;44.8167;-58.85;123981;125;01-nov-94;04:51:00;32.734;1.402;272.91726;NaN;10.879;1.194;10.5245
18PZ94029_171;CAST#1;44.8167;-58.85;123982;100;01-nov-94;04:51:00;32.661;1.35;276.57938;NaN;11.177;1.223;11.217
18PZ94029_171;CAST#1;44.8167;-58.85;123983;75;01-nov-94;04:51:00;32.59;1.304;279.25898;NaN;10.577;1.201;10.6945
18PZ94029_171;CAST#1;44.8167;-58.85;123984;50;01-nov-94;04:51:00;32.444;1.337;284.35022;NaN;9.7;1.178;10.054
18PZ94029_171;CAST#1;44.8167;-58.85;123985;20;01-nov-94;04:51:00;30.981;7.648;364.38094;NaN;1.924;0.5865;2.193
18PZ94029_171;CAST#1;44.8167;-58.85;123986;10;01-nov-94;04:51:00;30.658;8.65;308.10934;NaN;1.493;0.4605;1.0765
18PZ94029_171;CAST#1;44.8167;-58.85;123987;1;01-nov-94;04:51:00;30.613;8.674;312.30738;NaN;1.386;0.4105;0.6135
18PZ94029_171;CAST#1;44.8167;-58.85;123988;220;01-nov-94;04:51:00;32.91;1.663;NaN;32.93;12.648;1.2545;11.9975
18PZ94029_171;25;44.81666;-58.85833;123988;220;01-nov-94;05:47:00;32.91;1.663;NaN;32.93;12.648;1.2545;11.9975
18PZ94029_171;CAST#1;44.8167;-58.85;123989;100;01-nov-94;04:51:00;32.661;1.35;NaN;32.702;11.2645;1.185;11.235
18PZ94029_171;25;44.81666;-58.85833;123989;100;01-nov-94;05:47:00;32.661;1.35;NaN;32.702;11.2645;1.185;11.235
18PZ94029_171;25;44.81666;-58.85833;123990;50;01-nov-94;05:47:00;32.444;1.337;NaN;32.389;8.19;1.0605;8.82
18PZ94029_171;CAST#1;44.8167;-58.85;123990;50;01-nov-94;04:51:00;32.444;1.337;NaN;32.389;8.19;1.0605;8.82
18PZ94029_171;25;44.81666;-58.85833;123991;25;01-nov-94;05:47:00;31.103;7.106;NaN;30.965;1.6055;0.4995;1.303
18PZ94029_171;CAST#1;44.8167;-58.85;123991;25;01-nov-94;04:51:00;31.103;7.106;NaN;30.965;1.6055;0.4995;1.303
18PZ94029_171;CAST#1;44.8167;-58.85;123992;10;01-nov-94;04:51:00;30.658;8.65;NaN;30.675;1.4015;0.439;0.635
18PZ94029_171;25;44.81666;-58.85833;123992;10;01-nov-94;05:47:00;30.658;8.65;NaN;30.675;1.4015;0.439;0.635
18PZ94029_182;CAST#1;45.1567;-59.175;123993;80;01-nov-94;08:32:00;32.658;0.773;NaN;NaN;8.2955;1.1325;8.9085
18PZ94029_182;CAST#1;45.1567;-59.175;123994;50;01-nov-94;08:32:00;32.203;1.726;326.41994;NaN;4.389;0.8835;5.657
18PZ94029_182;CAST#1;45.1567;-59.175;123995;35;01-nov-94;08:32:00;31.595;4.103;305.65304;NaN;4.9945;0.8235;4.846
18PZ94029_182;CAST#1;45.1567;-59.175;123996;25;01-nov-94;08:32:00;31.585;7.569;302.52684;NaN;3.639;0.617;2.704
18PZ94029_182;CAST#1;45.1567;-59.175;123997;10;01-nov-94;08:32:00;30.29;8.633;311.81612;NaN;1.8985;0.4495;0.6765
18PZ94029_182;CAST#1;45.1567;-59.175;123998;1;01-nov-94;08:32:00;30.259;8.658;394.1245;NaN;2.179;0.45;0.986
18PZ94029_182;CAST#1;45.1567;-59.175;123999;10;01-nov-94;08:32:00;30.29;8.633;NaN;30.301;2.3795;0.477;1.197
18PZ94029_182;26;45.15833;-59.175;123999;10;01-nov-94;08:00:00;30.29;8.633;NaN;30.301;2.3795;0.477;1.197
18PZ94029_182;CAST#1;45.1567;-59.175;124000;25;01-nov-94;08:32:00;31.585;7.569;NaN;31.556;1.998;0.4635;0.9155
18PZ94029_182;26;45.15833;-59.175;124000;25;01-nov-94;08:00:00;31.585;7.569;NaN;31.556;1.998;0.4635;0.9155
18PZ94029_182;26;45.15833;-59.175;124101;50;01-nov-94;08:00:00;32.203;1.726;NaN;32.214;4.246;0.885;5.247
18PZ94029_182;CAST#1;45.1567;-59.175;124101;50;01-nov-94;08:32:00;32.203;1.726;NaN;32.214;4.246;0.885;5.247
18PZ94029_182;26;45.15833;-59.175;124102;75;01-nov-94;08:00:00;32.651;0.778;NaN;32.639;7.6995;1.099;8.4585
18PZ94029_182;CAST#1;45.1567;-59.175;124102;75;01-nov-94;08:32:00;32.651;0.778;NaN;32.639;7.6995;1.099;8.4585
18PZ94029_193;CAST#1;45.4917;-59.5167;124103;125;01-nov-94;11:37:00;32.959;1.644;268.22796;NaN;12.8035;1.2965;11.9945
18PZ94029_193;CAST#1;45.4917;-59.5167;124104;100;01-nov-94;11:37:00;32.835;1.547;271.5328;NaN;12.0595;1.242;11.3955
18PZ94029_193;CAST#1;45.4917;-59.5167;124105;75;01-nov-94;11:37:00;32.374;1.418;315.65688;NaN;6.1765;1.035;7.323
18PZ94029_193;CAST#1;45.4917;-59.5167;124106;55;01-nov-94;11:37:00;32.033;2.245;310.72195;NaN;5.826;0.933;5.7655
18PZ94029_193;CAST#1;45.4917;-59.5167;124107;30;01-nov-94;11:37:00;31.427;7.513;298.90938;NaN;5.2335;0.818;4.6975
18PZ94029_193;CAST#1;45.4917;-59.5167;124108;20;01-nov-94;11:37:00;31.16;7.638;300.51714;NaN;2.898;0.589;2.0085
18PZ94029_193;CAST#1;45.4917;-59.5167;124109;10;01-nov-94;11:37:00;29.554;9.014;304.8045;NaN;2.562;0.5435;1.5575
18PZ94029_193;CAST#1;45.4917;-59.5167;124110;1;01-nov-94;11:37:00;29.549;9.013;309.58312;NaN;2.6805;0.5055;1.4405
18PZ94029_193;CAST#1;45.4917;-59.5167;124111;100;01-nov-94;11:37:00;32.835;1.547;NaN;32.787;11.155;1.2475;10.8105
18PZ94029_193;27;45.49166;-59.51666;124111;100;01-nov-94;14:33:00;32.835;1.547;NaN;32.787;11.155;1.2475;10.8105
18PZ94029_193;27;45.49166;-59.51666;124112;50;01-nov-94;14:33:00;31.786;2.114;NaN;31.794;8.9565;1.112;8.2755
18PZ94029_193;CAST#1;45.4917;-59.5167;124112;50;01-nov-94;11:37:00;31.786;2.114;NaN;31.794;8.9565;1.112;8.2755
18PZ94029_193;CAST#1;45.4917;-59.5167;124113;25;01-nov-94;11:37:00;31.328;7.351;NaN;31.337;2.8275;0.57;1.86
18PZ94029_193;27;45.49166;-59.51666;124113;25;01-nov-94;14:33:00;31.328;7.351;NaN;31.337;2.8275;0.57;1.86
18PZ94029_193;27;45.49166;-59.51666;124114;10;01-nov-94;14:33:00;29.554;9.014;NaN;29.576;2.785;0.5265;1.4145
18PZ94029_193;CAST#1;45.4917;-59.5167;124114;10;01-nov-94;11:37:00;29.554;9.014;NaN;29.576;2.785;0.5265;1.4145
18PZ94029_204;CAST#1;45.6583;-59.7017;124115;125;01-nov-94;13:46:00;32.825;0.683;306.45692;NaN;8.744;1.1905;9.5955
18PZ94029_204;CAST#1;45.6583;-59.7017;124116;100;01-nov-94;13:46:00;32.585;0.633;321.68598;NaN;6.1485;1.071;7.315
18PZ94029_204;CAST#1;45.6583;-59.7017;124117;75;01-nov-94;13:46:00;32.244;1.308;323.38306;NaN;5.1165;0.974;5.7875
18PZ94029_204;CAST#1;45.6583;-59.7017;124118;50;01-nov-94;13:46:00;31.652;2.878;298.68608;NaN;9.1065;1.1345;7.981
18PZ94029_204;CAST#1;45.6583;-59.7017;124119;30;01-nov-94;13:46:00;31.023;6.322;292.2997;NaN;6.981;0.924;5.5735
18PZ94029_204;CAST#1;45.6583;-59.7017;124120;20;01-nov-94;13:46:00;30.415;7.653;294.0861;NaN;4.8595;0.752;3.467
18PZ94029_204;CAST#1;45.6583;-59.7017;124121;10;01-nov-94;13:46:00;29.353;9.089;303.77732;NaN;2.8875;0.5545;1.7285
18PZ94029_204;CAST#1;45.6583;-59.7017;124122;1;01-nov-94;13:46:00;29.346;9.097;306.72488;NaN;2.7005;0.599;1.423
18PZ94029_204;CAST#1;45.6583;-59.7017;124123;25;01-nov-94;13:46:00;30.887;7.127;NaN;30.229;3.526;0.6165;2.2165
18PZ94029_204;28;45.65833;-59.70166;124123;25;01-nov-94;14:33:00;30.887;7.127;NaN;30.229;3.526;0.6165;2.2165
18PZ94029_204;CAST#1;45.6583;-59.7017;124124;10;01-nov-94;13:46:00;29.353;9.089;NaN;29.406;2.5205;0.485;1.3445
18PZ94029_204;28;45.65833;-59.70166;124124;10;01-nov-94;14:33:00;29.353;9.089;NaN;29.406;2.5205;0.485;1.3445
18PZ94029_204;CAST#1;45.6583;-59.7017;124125;5;01-nov-94;13:46:00;29.347;9.094;NaN;29.405;2.8595;0.5405;1.4845
18PZ94029_204;28;45.65833;-59.70166;124125;5;01-nov-94;14:33:00;29.347;9.094;NaN;29.405;2.8595;0.5405;1.4845
18PZ94029_215;CAST#1;45.825;-59.85;124126;80;01-nov-94;16:10:00;32.304;1.644;305.74236;NaN;7.9765;1.0945;7.6465
18PZ94029_215;CAST#1;45.825;-59.85;124127;50;01-nov-94;16:10:00;31.479;6.5;296.94434;NaN;4.894;0.7415;3.4765
18PZ94029_215;CAST#1;45.825;-59.85;124128;30;01-nov-94;16:10:00;30.709;7.253;298.06084;NaN;3.647;0.6575;2.4615
18PZ94029_215;CAST#1;45.825;-59.85;124129;20;01-nov-94;16:10:00;29.37;9.156;297.56958;NaN;3.765;0.6515;2.4835
18PZ94029_215;CAST#1;45.825;-59.85;124130;10;01-nov-94;16:10:00;29.32;9.251;305.87634;NaN;3.0655;0.5585;1.6525
18PZ94029_215;CAST#1;45.825;-59.85;124131;1;01-nov-94;16:10:00;29.317;9.292;306.18896;NaN;2.7995;0.5445;1.552
18PZ94029_215;29;45.825;-59.85;124132;10;01-nov-94;16:27:00;29.32;9.251;NaN;29.343;2.8055;0.5365;1.55
18PZ94029_215;CAST#1;45.825;-59.85;124132;10;01-nov-94;16:10:00;29.32;9.251;NaN;29.343;2.8055;0.5365;1.55
18PZ94029_215;29;45.825;-59.85;124133;5;01-nov-94;16:27:00;29.319;9.263;NaN;29.342;3.1915;0.5665;1.5505
18PZ94029_215;CAST#1;45.825;-59.85;124133;5;01-nov-94;16:10:00;29.319;9.263;NaN;29.342;3.1915;0.5665;1.5505
18PZ94029_225;CAST#1;43.8817;-62.8817;123732;1;25-oct-94;06:36:00;30.497;12.303;284.59585;NaN;1.2285;0.3055;0.099
18PZ94029_225;CAST#1;43.8817;-62.8817;123733;10;25-oct-94;06:36:00;30.621;12.297;285.06478;NaN;1.224;0.3105;0.0895
18PZ94029_225;CAST#1;43.8817;-62.8817;123734;20;25-oct-94;06:36:00;30.98;12.245;290.78126;NaN;1.593;0.361;0.2295
18PZ94029_225;CAST#1;43.8817;-62.8817;123735;50;25-oct-94;06:36:00;32.806;4.154;278.81238;NaN;5.8405;0.931;6.786
18PZ94029_225;CAST#1;43.8817;-62.8817;123736;75;25-oct-94;06:36:00;33.36;6.133;219.81652;NaN;9.7625;1.138;11.885
18PZ94029_225;CAST#1;43.8817;-62.8817;123737;100;25-oct-94;06:36:00;33.997;7.91;182.07882;NaN;12.5965;1.2395;16.046
18PZ94029_225;CAST#1;43.8817;-62.8817;123738;125;25-oct-94;06:36:00;34.591;9.049;183.23998;NaN;11.682;1.2425;15.4565
18PZ94029_225;CAST#1;43.8817;-62.8817;123739;150;25-oct-94;06:36:00;34.802;9.882;153.27312;NaN;14.129;1.3865;18.0985
18PZ94029_225;CAST#1;43.8817;-62.8817;123740;200;25-oct-94;06:36:00;35.107;10.226;129.11206;NaN;15.209;1.411;17.8155
18PZ94029_225;CAST#1;43.8817;-62.8817;123741;250;25-oct-94;06:36:00;35.143;9.969;131.83632;NaN;17.667;1.574;22.4275
18PZ94029_225;CAST#1;43.8817;-62.8817;123742;36;25-oct-94;06:36:00;32.719;9.722;NaN;NaN;1.498;0.5205;0.2805
18PZ94029_225;CAST#1;43.8817;-62.8817;123743;36;25-oct-94;06:36:00;32.719;9.722;NaN;NaN;NaN;NaN;NaN
18PZ94029_225;CAST#1;43.8817;-62.8817;123744;36;25-oct-94;06:36:00;32.719;9.722;NaN;NaN;NaN;NaN;NaN
18PZ94029_225;CAST#1;43.8817;-62.8817;123745;36;25-oct-94;06:36:00;32.719;9.722;NaN;NaN;NaN;NaN;NaN
18PZ94029_225;CAST#1;43.8817;-62.8817;123746;36;25-oct-94;06:36:00;32.719;9.722;NaN;NaN;NaN;NaN;NaN
18PZ94029_225;CAST#1;43.8817;-62.8817;123747;36;25-oct-94;06:36:00;32.719;9.722;NaN;NaN;NaN;NaN;NaN
18PZ94029_225;CAST#1;43.8817;-62.8817;123748;36;25-oct-94;06:36:00;32.719;9.722;NaN;NaN;NaN;NaN;NaN
18PZ94029_225;CAST#1;43.8817;-62.8817;123749;36;25-oct-94;06:36:00;32.719;9.722;NaN;NaN;NaN;NaN;NaN
18PZ94029_225;CAST#1;43.8817;-62.8817;123750;36;25-oct-94;06:36:00;32.719;9.722;NaN;NaN;NaN;NaN;NaN
18PZ94029_225;CAST#1;43.8817;-62.8817;123751;200;25-oct-94;06:36:00;35.107;10.226;NaN;NaN;17.184;1.5565;20.6245
18PZ94029_225;CAST#1;43.8817;-62.8817;123752;200;25-oct-94;06:36:00;35.107;10.226;NaN;NaN;17.6795;1.589;21.9825
18PZ94029_225;CAST#1;43.8817;-62.8817;123753;20;25-oct-94;06:36:00;30.98;12.245;NaN;NaN;0.9175;0.2925;0.2275
18PZ94029_225;CAST#1;43.8817;-62.8817;123754;20;25-oct-94;06:36:00;30.98;12.245;NaN;NaN;NaN;NaN;NaN
18PZ94029_225;CAST#1;43.8817;-62.8817;123755;20;25-oct-94;06:36:00;30.98;12.245;NaN;NaN;NaN;NaN;NaN
18PZ94029_225;CAST#1;43.8817;-62.8817;123756;20;25-oct-94;06:36:00;30.98;12.245;NaN;NaN;NaN;NaN;NaN
18PZ94029_225;CAST#1;43.8817;-62.8817;123757;20;25-oct-94;06:36:00;30.98;12.245;NaN;NaN;NaN;NaN;NaN
18PZ94029_225;CAST#1;43.8817;-62.8817;123758;20;25-oct-94;06:36:00;30.98;12.245;NaN;NaN;NaN;NaN;NaN
18PZ94029_225;CAST#1;43.8817;-62.8817;123759;20;25-oct-94;06:36:00;30.98;12.245;NaN;NaN;NaN;NaN;NaN
18PZ94029_225;CAST#1;43.8817;-62.8817;123760;200;25-oct-94;06:36:00;35.107;10.226;NaN;NaN;15.2035;1.484;18.415
18PZ94029_225;CAST#1;43.8817;-62.8817;123761;20;25-oct-94;06:36:00;30.98;12.245;NaN;NaN;17.364;1.502;21.4015
18PZ94029_225;CAST#1;43.8817;-62.8817;123762;200;25-oct-94;06:36:00;35.107;10.226;NaN;NaN;15.924;1.461;20.702
18PZ94029_225;CAST#1;43.8817;-62.8817;123763;200;25-oct-94;06:36:00;35.107;10.226;NaN;NaN;15.658;1.5425;19.8895
18PZ94029_225;CAST#1;43.8817;-62.8817;123764;200;25-oct-94;06:36:00;35.107;10.226;NaN;NaN;15.661;1.465;20.819
18PZ94029_225;CAST#1;43.8817;-62.8817;123765;200;25-oct-94;06:36:00;35.107;10.226;NaN;NaN;15.205;1.4655;21.342
18PZ94029_225;3;43.88333;-62.885;123767;250;25-oct-94;18:50:00;35.143;9.969;NaN;35.117;19.062;1.621;22.0835
18PZ94029_225;CAST#1;43.8817;-62.8817;123767;250;25-oct-94;06:36:00;35.143;9.969;NaN;35.117;19.062;1.621;22.0835
18PZ94029_225;3;43.88333;-62.885;123768;240;25-oct-94;18:50:00;35.141;10.153;NaN;33.516;10.402;1.0895;12.943
18PZ94029_225;CAST#1;43.8817;-62.8817;123768;240;25-oct-94;06:36:00;35.141;10.153;NaN;33.516;10.402;1.0895;12.943
18PZ94029_225;3;43.88333;-62.885;123769;200;25-oct-94;18:50:00;35.107;10.226;NaN;35.049;15.4205;1.5015;20.68
18PZ94029_225;CAST#1;43.8817;-62.8817;123769;200;25-oct-94;06:36:00;35.107;10.226;NaN;35.049;15.4205;1.5015;20.68
18PZ94029_225;CAST#1;43.8817;-62.8817;123770;100;25-oct-94;06:36:00;33.997;7.91;NaN;34.424;12.8175;1.2755;16.459
18PZ94029_225;3;43.88333;-62.885;123770;100;25-oct-94;18:50:00;33.997;7.91;NaN;34.424;12.8175;1.2755;16.459
18PZ94029_225;CAST#1;43.8817;-62.8817;123771;96;25-oct-94;06:36:00;34.048;7.712;NaN;31.072;1.1525;0.2815;0
18PZ94029_225;3;43.88333;-62.885;123771;25;25-oct-94;18:50:00;34.048;7.712;NaN;31.072;1.1525;0.2815;0
18PZ94029_225;3;43.88333;-62.885;123772;10;25-oct-94;18:50:00;30.621;12.297;NaN;31.008;1.171;0.2715;0
18PZ94029_225;CAST#1;43.8817;-62.8817;123772;10;25-oct-94;06:36:00;30.621;12.297;NaN;31.008;1.171;0.2715;0
18PZ94029_225;CAST#1;43.8817;-62.8817;123773;200;25-oct-94;06:36:00;35.107;10.226;NaN;NaN;NaN;NaN;NaN
18PZ94029_225;CAST#1;43.8817;-62.8817;123774;100;25-oct-94;06:36:00;33.997;7.91;NaN;NaN;NaN;NaN;NaN
18PZ94029_225;CAST#1;43.8817;-62.8817;123775;36;25-oct-94;06:36:00;32.719;9.722;NaN;NaN;NaN;NaN;NaN
18PZ94029_225;CAST#1;43.8817;-62.8817;123776;20;25-oct-94;06:36:00;30.98;12.245;NaN;NaN;NaN;NaN;NaN
18PZ94029_225;CAST#1;43.8817;-62.8817;123777;200;25-oct-94;06:36:00;35.107;10.226;NaN;NaN;NaN;NaN;NaN
18PZ94029_225;CAST#2;43.8833;-62.8833;123778;100;26-oct-94;00:23:00;NaN;NaN;NaN;NaN;12.8905;1.2625;16.3365
18PZ94029_225;CAST#2;43.8833;-62.8833;123792;250;26-oct-94;00:23:00;NaN;NaN;132.46156;NaN;18.5345;1.5705;22.271
18PZ94029_225;CAST#2;43.8833;-62.8833;123793;200;26-oct-94;00:23:00;NaN;NaN;137.01688;NaN;17.158;1.5115;21.522
18PZ94029_225;CAST#2;43.8833;-62.8833;123794;150;26-oct-94;00:23:00;NaN;NaN;152.64788;NaN;14.6735;1.388;18.819
18PZ94029_225;CAST#2;43.8833;-62.8833;123795;125;26-oct-94;00:23:00;NaN;NaN;182.83804;NaN;12.255;1.28;16.87
18PZ94029_225;CAST#2;43.8833;-62.8833;123796;100;26-oct-94;00:23:00;NaN;NaN;175.11186;NaN;12.7705;1.2855;16.5405
18PZ94029_225;CAST#2;43.8833;-62.8833;123797;75;26-oct-94;00:23:00;NaN;NaN;208.7855;NaN;10.0865;1.22;14.0215
18PZ94029_225;CAST#2;43.8833;-62.8833;123798;50;26-oct-94;00:23:00;NaN;NaN;342.85482;NaN;4.977;0.943;6.792
18PZ94029_225;CAST#2;43.8833;-62.8833;123799;20;26-oct-94;00:23:00;NaN;NaN;290.15602;NaN;0.9805;0.307;0
18PZ94029_225;CAST#2;43.8833;-62.8833;123800;10;26-oct-94;00:23:00;NaN;NaN;285.19876;NaN;1.125;0.281;0
18PZ94029_225;CAST#2;43.8833;-62.8833;123801;1;26-oct-94;00:23:00;NaN;NaN;357.0567;NaN;1.0645;0.262;0
18PZ94029_264;CAST#1;43.8495;-60.63;123803;1;26-oct-94;17:40:00;30.55;10.753;NaN;NaN;1.4925;0.3435;0.032
18PZ94029_264;CAST#1;43.8495;-60.63;123804;20;26-oct-94;17:40:00;30.966;9.717;NaN;NaN;1.7945;0.4065;0.6865
18PZ94029_264;CAST#1;43.8495;-60.63;123805;40;26-oct-94;17:40:00;31.001;9.603;NaN;NaN;1.944;0.45;0.8435
18PZ94029_284;CAST#1;43.8483;-60.6333;123806;32;26-oct-94;22:04:00;30.816;10.105;NaN;NaN;1.868;0.4255;0.718
18PZ94029_284;CAST#1;43.8483;-60.6333;123807;20;26-oct-94;22:04:00;30.709;10.356;NaN;NaN;1.5245;0.3755;0.3555
18PZ94029_284;CAST#1;43.8483;-60.6333;123808;1;26-oct-94;22:04:00;NaN;NaN;NaN;NaN;1.228;0.322;0
18PZ94029_304;CAST#1;43.8483;-60.64;123810;35;27-oct-94;01:42:00;30.871;9.943;NaN;NaN;1.9395;0.4365;0.775
18PZ94029_304;CAST#1;43.8483;-60.64;123811;20;27-oct-94;01:42:00;30.708;10.361;NaN;NaN;1.6745;0.405;0.447
18PZ94029_304;CAST#1;43.8483;-60.64;123812;1;27-oct-94;01:42:00;30.534;10.946;NaN;NaN;1.331;0.3645;0
18PZ94029_315;CAST#1;43.85;-60.6583;123813;32;27-oct-94;03:30:00;30.716;10.349;NaN;NaN;1.7745;0.4;0.4935
18PZ94029_315;CAST#1;43.85;-60.6583;123814;17;27-oct-94;03:30:00;30.646;10.516;NaN;NaN;1.5465;0.4015;0.309
18PZ94029_315;CAST#1;43.85;-60.6583;123815;1;27-oct-94;03:30:00;30.398;10.949;NaN;NaN;1.2975;0.361;0.034
18PZ94029_326;CAST#1;43.85;-60.69;123816;30;27-oct-94;05:40:00;30.699;10.41;NaN;NaN;1.93;0.4365;0.7305
18PZ94029_326;CAST#1;43.85;-60.69;123817;16;27-oct-94;05:40:00;30.521;10.79;NaN;NaN;1.555;0.3855;0.3625
18PZ94029_326;CAST#1;43.85;-60.69;123818;1;27-oct-94;05:40:00;30.374;10.97;NaN;NaN;1.447;0.3725;0.147
18PZ94029_339;CAST#1;43.85;-60.7533;123819;32;27-oct-94;07:34:00;30.729;10.375;NaN;NaN;2.0015;0.445;0.7925
18PZ94029_339;CAST#1;43.85;-60.7533;123820;16;27-oct-94;07:34:00;30.38;11.096;NaN;NaN;1.7995;0.38;0.2395
18PZ94029_339;CAST#1;43.85;-60.7533;123821;1;27-oct-94;07:34:00;30.344;11.074;NaN;NaN;1.361;0.3715;0
18PZ94029_339;CAST#1;43.85;-60.7533;123822;21;27-oct-94;07:34:00;30.541;10.811;NaN;NaN;NaN;NaN;NaN
