CTD;CTD;CTD;CTD;CTD;CTD;CTD;CTD;CTD;CTD;CTD;labo;labo;labo;labo;labo;labo;CTD
Fichier;Station;Latitude;Longitude;Echantillon;zbouteille;Date;Heure;PSAL;TE90;DOXY;CHL_01;Si_01;PO4_01;NOx_01;NO2_01;OXYM_01;FLOR
(nom);(nom/no);(degres);(degres);(no_unique);(dbar);(jj-mmm-yyyy);(GMT);(psu);(celsius);(ml/l);(mg/m**3);(mmol/m**3);(mmol/m**3);(mmol/m**3);(mmol/m**3);(mmol/m**3);(mg/m**3)
18TL16161_2287;1001;47.93217;-61.843;436552;59.69;20-sep-16;01:55:00;31.55;0.08;278.81238;0.09;17.02;1.265;8.315;0.25;275.15026;0.069
18TL16161_2287;1001;47.93217;-61.843;436553;26.18;20-sep-16;01:55:00;30.69;3.66;305.56372;0.55;5.105;0.72;3.66;0.3;NaN;0.168
18TL16161_2287;1001;47.93217;-61.843;436554;5.55;20-sep-16;01:55:00;29.53;14.41;266.3969;0.885;1.895;0.18;0;0;268.65223;0.291
18TL16161_2288;101;45.78717;-61.818;436285;23.6;08-sep-16;05:36:00;29.1;13.35;190.2516;1.15;8.28;0.525;0.74;0.1;212.24665;0.201
18TL16161_2288;101;45.78717;-61.818;436286;5.06;08-sep-16;05:36:00;28.53;19.62;250.58726;0.97;2.875;0.17;0.35;0.04;258.20179;0.203
18TL16161_2289;1011;47.89183;-61.72617;436555;58.99;20-sep-16;04:09:00;31.38;0.12;286.22594;0.06;14.365;1.195;7.175;0.375;285.13177;0.073
18TL16161_2289;1011;47.89183;-61.72617;436556;25.68;20-sep-16;04:09:00;30.7;2.91;307.75206;0.46;6.92;0.81;5.3;0.195;NaN;0.143
18TL16161_2289;1011;47.89183;-61.72617;436557;5.06;20-sep-16;04:09:00;29.13;14.92;263.31536;0.91;1.73;0.155;0;0;235.49218;0.278
18TL16161_2290;1021;47.77083;-61.6875;436558;37.88;20-sep-16;06:28:00;30.88;2.84;264.1639;0.125;9.26;1.1;3.23;0.435;254.20472;0.107
18TL16161_2290;1021;47.77083;-61.6875;436559;25.38;20-sep-16;06:28:00;29.53;11.62;205.436;0.38;7.015;0.84;1.41;0.245;NaN;0.294
18TL16161_2290;1021;47.77083;-61.6875;436560;5.45;20-sep-16;06:28:00;29.05;15.11;261.66294;0.885;1.85;0.16;0;0;263.11439;0.246
18TL16161_2291;1031;47.72017;-61.77167;436561;36.59;20-sep-16;08:24:00;30.81;3.85;240.53876;0.12;9.24;1.12;3.4;0.395;NaN;0.115
18TL16161_2291;1031;47.72017;-61.77167;436562;24.79;20-sep-16;08:24:00;30.46;6.92;226.24756;0.18;9.19;1.075;2.64;0.32;NaN;0.122
18TL16161_2291;1031;47.72017;-61.77167;436563;5.35;20-sep-16;08:24:00;28.93;15.2;260.32314;0.85;1.845;0.165;0;0;NaN;0.229
18TL16161_2292;1041;47.63633;-61.94833;436564;35.8;20-sep-16;10:58:00;30.93;2.77;266.8435;0.195;9.055;1.01;3.18;0.405;NaN;0.114
18TL16161_2292;1041;47.63633;-61.94833;436565;24.39;20-sep-16;10:58:00;30.07;9.28;237.01062;0.275;7.52;0.885;2.015;0.27;NaN;0.112
18TL16161_2292;1041;47.63633;-61.94833;436566;5.26;20-sep-16;10:58:00;28.95;15.39;259.51926;1.03;1.685;0.155;0;0;NaN;0.27
18TL16161_2293;1051;47.686;-62.28883;436567;55.43;20-sep-16;13:55:00;31.39;0.33;293.81814;0.085;12.105;1.035;6.21;0.14;NaN;0.062
18TL16161_2293;1051;47.686;-62.28883;436568;32.52;20-sep-16;13:55:00;31.1;2.05;310.02972;0.295;7.61;0.845;6.75;0.095;NaN;0.089
18TL16161_2293;1051;47.686;-62.28883;436569;4.76;20-sep-16;13:55:00;29.02;15.17;261.9309;1.1;1.77;0.165;0.35;0;NaN;0.332
18TL16161_2294;1061;47.506;-62.67783;436570;57.51;20-sep-16;16:40:00;31.54;0.44;288.057;0.06;14.72;1.135;8.03;0.11;NaN;0.059
18TL16161_2294;1061;47.506;-62.67783;436571;24.99;20-sep-16;16:40:00;30;5.69;278.05316;0.31;5.445;0.6;2.575;0.285;NaN;0.109
18TL16161_2294;1061;47.506;-62.67783;436572;5.06;20-sep-16;16:40:00;28.23;16.23;259.38528;1.495;1.19;0.16;0.385;0;NaN;0.325
18TL16161_2295;1071;47.657;-63.00683;436573;55.62;20-sep-16;19:06:00;31.69;0.35;250.89988;0.06;20.735;1.33;9.505;0;NaN;0.063
18TL16161_2295;1071;47.657;-63.00683;436574;24.49;20-sep-16;19:06:00;30.44;4.82;265.90564;0.18;9.205;0.825;4.845;0.14;NaN;0.08
18TL16161_2295;1071;47.657;-63.00683;436575;5.16;20-sep-16;19:06:00;28.59;14.68;268.58524;0.74;1.325;0.175;0.425;0;NaN;0.286
18TL16161_2296;1081;47.81333;-62.49;436576;72.57;20-sep-16;22:08:00;32.21;0.71;272.47066;0.055;18.13;1.24;10.665;0.105;274.2124;0.059
18TL16161_2296;1081;47.81333;-62.49;436577;50.57;20-sep-16;22:08:00;31.97;0.28;276.62404;0.05;17.65;1.25;9.715;0.1;NaN;0.054
18TL16161_2296;1081;47.81333;-62.49;436578;25.58;20-sep-16;22:08:00;30.81;3.63;308.24332;0.355;6.82;0.76;4;0.225;NaN;0.118
18TL16161_2296;1081;47.81333;-62.49;436579;5.45;20-sep-16;22:08:00;28.74;15.19;268.54058;1.415;1.8;0.28;0;0;270.59494;0.357
18TL16161_2297;1091;47.8655;-62.79167;436580;70.69;21-sep-16;00:18:00;32.19;0.5;273.0959;0.06;19.745;1.255;11.23;0.15;266.97748;0.053
18TL16161_2297;1091;47.8655;-62.79167;436581;50.07;21-sep-16;00:18:00;32.02;0.28;284.08226;0.03;16.33;1.165;9.305;0.125;NaN;0.049
18TL16161_2297;1091;47.8655;-62.79167;436582;25.09;21-sep-16;00:18:00;30.79;3.82;327.31314;0.46;4.125;0.745;3.295;0.43;NaN;0.212
18TL16161_2297;1091;47.8655;-62.79167;436583;5.35;21-sep-16;00:18:00;28.48;15.32;267.91534;1.03;1.64;0.195;0;0;268.98718;0.387
18TL16161_2298;11;46.10067;-63.35283;436265;17.16;07-sep-16;00:13:00;28.79;16.99;155.37214;8.265;7.23;0.805;0.405;0.12;172.1643;0.934
18TL16161_2298;11;46.10067;-63.35283;436266;4.96;07-sep-16;00:13:00;28.62;19.33;251.97172;2.22;1.88;0.415;0.26;0.06;244.78146;0.278
18TL16161_2299;111;45.811;-61.69517;436287;35.11;08-sep-16;06:59:00;30.14;4.92;201.72922;0.21;22.49;1.14;2.795;0.515;203.71659;0.113
18TL16161_2299;111;45.811;-61.69517;436288;24.6;08-sep-16;06:59:00;28.93;14.85;172.29828;0.585;15.525;0.835;1.575;0.29;NaN;0.27
18TL16161_2299;111;45.811;-61.69517;436289;4.76;08-sep-16;06:59:00;28.55;19.5;248.39892;0.92;2.545;0.165;0.21;0.045;244.91544;0.206
18TL16161_2300;1111;47.8995;-62.93983;436584;70.39;21-sep-16;04:11:00;32.22;0.57;276.35608;0.035;18.605;1.225;11.64;0;274.54735;0.049
18TL16161_2300;1111;47.8995;-62.93983;436585;50.27;21-sep-16;04:11:00;32.01;0.31;301.18704;0.04;14.29;1.105;9.225;0.12;NaN;0.045
18TL16161_2300;1111;47.8995;-62.93983;436586;25.28;21-sep-16;04:11:00;31.31;1.23;337.8529;0.41;4.975;0.865;4.9;0.39;NaN;0.166
18TL16161_2300;1111;47.8995;-62.93983;436587;5.35;21-sep-16;04:11:00;29.1;14.11;271.62212;0.81;1.93;0.225;0.55;0;274.94929;0.363
18TL16161_2301;1141;47.81667;-63.373;436596;75.35;21-sep-16;11:46:00;32.26;0.77;264.6105;0.035;15.49;1.15;9.165;0.12;NaN;0.049
18TL16161_2301;1141;47.81667;-63.373;436597;49.97;21-sep-16;11:46:00;31.98;0.29;288.10166;0.03;19.49;1.345;12.17;0.12;NaN;0.045
18TL16161_2301;1141;47.81667;-63.373;436598;24.69;21-sep-16;11:46:00;31.25;2.17;324.6782;0.27;6.185;0.855;5.315;0.155;NaN;0.11
18TL16161_2301;1141;47.81667;-63.373;436599;4.86;21-sep-16;11:46:00;29.14;13.07;278.63374;0.83;1.585;0.195;0;0;NaN;0.309
18TL16161_2302;1151;47.949;-63.56583;436600;67.82;21-sep-16;13:53:00;32.19;0.69;264.11924;0.04;20.16;1.315;11.65;0.105;NaN;0.053
18TL16161_2302;1151;47.949;-63.56583;436601;50.17;21-sep-16;13:53:00;31.9;0.31;296.18512;0.03;10.83;1.065;8.215;0.115;NaN;0.041
18TL16161_2302;1151;47.949;-63.56583;436602;24.49;21-sep-16;13:53:00;31.21;3.07;320.16754;0.11;5.57;0.81;4.445;0.19;NaN;0.069
18TL16161_2302;1151;47.949;-63.56583;436603;5.16;21-sep-16;13:53:00;29;12.86;280.4648;0.91;1.68;0.205;0;0;NaN;0.356
18TL16161_2303;1161;47.96733;-63.76083;436604;97.35;21-sep-16;16:08:00;32.38;1.16;254.02608;0.07;21.22;1.425;12.51;0.15;NaN;0.07
18TL16161_2303;1161;47.96733;-63.76083;436605;50.07;21-sep-16;16:08:00;31.86;0.76;309.9404;0.055;10.81;1.07;8.36;0.13;NaN;0.044
18TL16161_2303;1161;47.96733;-63.76083;436606;25.09;21-sep-16;16:08:00;30.58;5.69;302.30354;0.15;4.97;0.805;4.34;0.185;NaN;0.099
18TL16161_2303;1161;47.96733;-63.76083;436607;4.96;21-sep-16;16:08:00;29.38;13.22;277.69588;0.725;1.425;0.19;0;0;NaN;0.234
18TL16161_2304;1171;47.94517;-63.821;436608;85.76;21-sep-16;17:55:00;32.18;1.48;276.75802;0.145;14.945;1.22;10.66;0.165;NaN;0.068
18TL16161_2304;1171;47.94517;-63.821;436609;49.97;21-sep-16;17:55:00;31.78;0.42;327.40246;0.065;6.65;0.965;6.7;0.155;NaN;0.046
18TL16161_2304;1171;47.94517;-63.821;436610;24.89;21-sep-16;17:55:00;30.32;7.32;291.67446;0.28;3.765;0.71;3.875;0.225;NaN;0.148
18TL16161_2304;1171;47.94517;-63.821;436611;5.06;21-sep-16;17:55:00;29.38;13.27;277.51724;0.62;1.53;0.19;0.425;0;NaN;0.248
18TL16161_2305;1181;47.80433;-63.85433;436612;82.09;21-sep-16;19:15:00;32.13;0.66;259.11732;0.065;23.31;1.455;14.22;0.175;NaN;0.066
18TL16161_2305;1181;47.80433;-63.85433;436613;49.97;21-sep-16;19:15:00;31.74;1.69;305.51906;0.09;10.285;1.045;9.695;0.15;NaN;0.057
18TL16161_2305;1181;47.80433;-63.85433;436614;25.28;21-sep-16;19:15:00;30.25;7.4;294.80066;0.275;4.365;0.755;5.21;0.195;NaN;0.149
18TL16161_2305;1181;47.80433;-63.85433;436615;5.06;21-sep-16;19:15:00;29.36;13.72;275.46288;0.56;1.485;0.185;0.435;0;NaN;0.206
18TL16161_2306;1191;47.78033;-64.0295;436616;81.59;21-sep-16;21:28:00;32.13;0.68;266.66486;0.045;18.715;1.26;14.215;0.18;NaN;0.07
18TL16161_2306;1191;47.78033;-64.0295;436617;70.2;21-sep-16;21:28:00;32.04;0.68;268.71922;0.06;18.035;1.285;14.635;0.175;NaN;0.052
18TL16161_2306;1191;47.78033;-64.0295;436618;60.48;21-sep-16;21:28:00;31.84;1.8;290.37932;0.095;13.02;1.135;12.105;0.155;NaN;0.058
18TL16161_2306;1191;47.78033;-64.0295;436619;50.37;21-sep-16;21:28:00;31.62;2.18;301.9016;0.13;10.03;1.05;10.51;0.17;NaN;0.068
18TL16161_2306;1191;47.78033;-64.0295;436620;41.05;21-sep-16;21:28:00;31.32;2.97;300.02588;0.105;9.09;0.995;9.34;0.16;NaN;0.068
18TL16161_2306;1191;47.78033;-64.0295;436621;30.54;21-sep-16;21:28:00;30.59;5.89;296.5424;0.29;4.25;0.71;5.275;0.21;NaN;0.107
18TL16161_2306;1191;47.78033;-64.0295;436622;20.33;21-sep-16;21:28:00;29.23;13.29;274.48036;0.655;1.66;0.23;0.44;0;NaN;0.271
18TL16161_2306;1191;47.78033;-64.0295;436623;10.21;21-sep-16;21:28:00;29.26;13.7;275.95414;0.53;1.515;0.195;0;0;NaN;0.227
18TL16161_2306;1191;47.78033;-64.0295;436624;5.35;21-sep-16;21:28:00;29.27;13.72;276.35608;0.53;1.415;0.2;0.95;0;NaN;0.225
18TL16161_2306;1191;47.78033;-64.0295;436625;1.88;21-sep-16;21:28:00;29.28;13.72;276.17744;0.47;1.46;0.21;1.335;0;NaN;0.224
18TL16161_2307;1201;47.6585;-64.139;436626;70.39;21-sep-16;23:53:00;32.11;0.67;273.18522;0.07;20.31;1.355;11.965;0.16;NaN;0.097
18TL16161_2307;1201;47.6585;-64.139;436627;50.47;21-sep-16;23:53:00;31.62;1.26;317.35396;0.065;8.665;1.01;7.77;0.105;NaN;0.047
18TL16161_2307;1201;47.6585;-64.139;436628;25.09;21-sep-16;23:53:00;30.1;7.95;292.16572;0.37;2.605;0.565;2.825;0.16;NaN;0.112
18TL16161_2307;1201;47.6585;-64.139;436629;5.06;21-sep-16;23:53:00;28.64;14.13;276.31142;0.655;1.425;0.225;1.32;0;NaN;0.33
18TL16161_2308;121;45.96867;-61.65017;436290;40.36;08-sep-16;10:01:00;31.12;1.35;269.56776;0.115;16.895;1.165;4.71;0.31;NaN;0.085
18TL16161_2308;121;45.96867;-61.65017;436291;24.79;08-sep-16;10:01:00;28.69;14.96;179.57786;1.825;6.525;0.445;0.425;0.105;NaN;0.729
18TL16161_2308;121;45.96867;-61.65017;436292;4.76;08-sep-16;10:01:00;28.37;19.39;250.00668;0.875;1.495;0.135;0.045;0.045;NaN;0.22
18TL16161_2309;1211;47.51467;-63.9745;436630;46.5;22-sep-16;01:36:00;31.52;1.67;300.29384;0.06;11.99;1.05;8.475;0.11;NaN;0.057
18TL16161_2309;1211;47.51467;-63.9745;436631;25.29;22-sep-16;01:36:00;31.11;3.3;303.2414;0.09;9.92;0.985;7.645;0.11;NaN;0.071
18TL16161_2309;1211;47.51467;-63.9745;436632;5.06;22-sep-16;01:36:00;28.7;13.76;279.83956;0.76;2.215;0.25;0.975;0.035;NaN;0.424
18TL16161_2310;1221;47.35383;-64.35833;436633;51.86;22-sep-16;05:01:00;31.68;1.12;290.42398;0.18;15.67;1.15;8.61;0.15;NaN;0.087
18TL16161_2310;1221;47.35383;-64.35833;436634;24.79;22-sep-16;05:01:00;30.18;7.88;277.38326;0.29;4.945;0.655;3.485;0.16;NaN;0.109
18TL16161_2310;1221;47.35383;-64.35833;436635;5.45;22-sep-16;05:01:00;28.6;14.48;271.57746;0.53;1.59;0.23;0.765;0.04;NaN;0.297
18TL16161_2311;1231;47.41167;-64.15983;436636;47.99;22-sep-16;06:48:00;31.81;0.95;270.14834;0.1;20.6;1.28;9.51;0.13;NaN;0.074
18TL16161_2311;1231;47.41167;-64.15983;436637;25.38;22-sep-16;06:48:00;30.16;6.47;276.49006;0.2;8;0.805;5.625;0.15;NaN;0.09
18TL16161_2311;1231;47.41167;-64.15983;436638;5.35;22-sep-16;06:48:00;28.55;14.31;272.6493;0.53;2.345;0.3;1.4;0.05;NaN;0.303
18TL16161_2312;1241;47.5635;-63.7725;436639;70.99;22-sep-16;11:12:00;32.03;0.54;271.80076;0.39;18.97;1.28;11.24;0.12;NaN;0.055
18TL16161_2312;1241;47.5635;-63.7725;436640;49.87;22-sep-16;11:12:00;31.89;0.42;288.7269;0.045;13.91;1.15;9.71;0.105;NaN;0.046
18TL16161_2312;1241;47.5635;-63.7725;436641;24.79;22-sep-16;11:12:00;30.8;4.35;312.48602;0.24;4.07;0.695;4.995;0.225;NaN;0.094
18TL16161_2312;1241;47.5635;-63.7725;436642;4.86;22-sep-16;11:12:00;28.69;13.96;274.03376;0.57;1.51;0.205;1.35;0.03;NaN;0.249
18TL16161_2313;1251;47.61867;-63.61967;436643;66.03;22-sep-16;12:15:00;32.06;0.68;280.59878;0.055;17.475;1.235;11.76;0.135;NaN;0.052
18TL16161_2313;1251;47.61867;-63.61967;436644;49.77;22-sep-16;12:15:00;32.02;0.7;282.83178;0.06;16.47;1.22;11.165;0.135;NaN;0.052
18TL16161_2313;1251;47.61867;-63.61967;436645;24.99;22-sep-16;12:15:00;30.96;4.32;311.45884;0.195;4.2;0.745;4.215;0.15;NaN;0.076
18TL16161_2313;1251;47.61867;-63.61967;436646;5.06;22-sep-16;12:15:00;28.93;13.64;275.7755;0.56;1.41;0.185;0.945;0;NaN;0.228
18TL16161_2314;1261;47.46933;-63.66617;436647;68.41;22-sep-16;14:38:00;32.04;0.49;259.38528;0.03;21.37;1.375;11.69;0.11;NaN;0.058
18TL16161_2314;1261;47.46933;-63.66617;436648;50.37;22-sep-16;14:38:00;31.98;0.47;267.64738;0.04;17.08;1.19;9.995;0.095;NaN;0.049
18TL16161_2314;1261;47.46933;-63.66617;436649;24.99;22-sep-16;14:38:00;30.46;6.4;304.40256;0.305;3.16;0.605;3.23;0.185;NaN;0.124
18TL16161_2314;1261;47.46933;-63.66617;436650;5.26;22-sep-16;14:38:00;28.76;13.93;275.59686;0.585;1.535;0.19;0.63;0;NaN;0.201
18TL16161_2315;1271;47.38817;-63.3695;436651;74.06;22-sep-16;18:58:00;32.02;0.47;247.863;0.06;24.685;1.44;12.065;0.115;NaN;0.063
18TL16161_2315;1271;47.38817;-63.3695;436652;49.68;22-sep-16;18:58:00;31.89;0.58;261.08236;0.07;20.73;1.32;10.865;0.1;NaN;0.056
18TL16161_2315;1271;47.38817;-63.3695;436653;25.19;22-sep-16;18:58:00;30.25;7.1;268.22796;0.355;4.1;0.66;3.425;0.165;NaN;0.102
18TL16161_2315;1271;47.38817;-63.3695;436654;5.16;22-sep-16;18:58:00;28.73;14.04;274.56968;0.55;1.155;0.19;0.805;0.03;NaN;0.242
18TL16161_2316;1281;47.27033;-63.46083;436655;58.8;22-sep-16;21:13:00;31.87;0.44;254.3387;0.09;23.515;1.435;11.575;0.1;NaN;0.065
18TL16161_2316;1281;47.27033;-63.46083;436656;24.59;22-sep-16;21:13:00;29.34;9.89;257.4649;0.44;5.365;0.595;3.135;0.155;NaN;0.158
18TL16161_2316;1281;47.27033;-63.46083;436657;4.96;22-sep-16;21:13:00;28.55;14.27;273.5425;0.61;1.56;0.2;0.835;0;NaN;0.283
18TL16161_2317;1291;47.10167;-63.62117;436658;51.56;22-sep-16;22:45:00;31.51;0.99;259.29596;0.155;17.98;1.195;9.13;0.1;NaN;0.092
18TL16161_2317;1291;47.10167;-63.62117;436659;24.29;22-sep-16;22:45:00;28.74;12.23;237.8145;0.6;4.115;0.465;1.81;0.12;NaN;0.142
18TL16161_2317;1291;47.10167;-63.62117;436660;5.26;22-sep-16;22:45:00;28.06;16.51;256.1251;1.74;0.6;0.18;0.735;0.03;NaN;0.463
18TL16161_2318;1301;47.084;-63.1325;436661;59.49;23-sep-16;02:30:00;31.25;-0.11;271.7561;0.07;17.79;1.32;8.055;0.415;NaN;0.083
18TL16161_2318;1301;47.084;-63.1325;436662;25.48;23-sep-16;02:30:00;29.73;5.35;250.00668;0.275;12.315;0.925;5.385;0.14;NaN;0.104
18TL16161_2318;1301;47.084;-63.1325;436663;5.45;23-sep-16;02:30:00;28.26;16.27;257.50956;0.77;1.04;0.145;0.605;0;NaN;0.292
18TL16161_2319;131;46.081;-61.70383;436293;51.47;08-sep-16;13:56:00;31.59;1.2;262.1542;0.1;15.745;1.175;6.045;0.31;NaN;0.09
18TL16161_2319;131;46.081;-61.70383;436294;25.09;08-sep-16;13:56:00;28.56;16.07;199.22826;0.265;10.525;0.67;0.92;0.2;NaN;0.169
18TL16161_2319;131;46.081;-61.70383;436295;5.06;08-sep-16;13:56:00;28.35;19.42;248.9795;0.82;1.405;0.135;0.045;0.045;NaN;0.216
18TL16161_2320;1311;47.30967;-63.12467;436664;63.95;23-sep-16;04:13:00;31.91;0.41;246.34456;0.07;24.67;1.465;11.77;0.09;NaN;0.067
18TL16161_2320;1311;47.30967;-63.12467;436665;49.87;23-sep-16;04:13:00;31.73;0.36;245.58534;0.11;24.355;1.485;11.445;0.08;NaN;0.07
18TL16161_2320;1311;47.30967;-63.12467;436666;25.09;23-sep-16;04:13:00;30.43;4.68;280.77742;0.215;8.25;0.85;5.535;0.11;NaN;0.085
18TL16161_2320;1311;47.30967;-63.12467;436667;4.76;23-sep-16;04:13:00;28.4;15.21;265.0571;0.55;0.84;0.16;0.76;0;NaN;0.241
18TL16161_2321;1321;47.3195;-62.977;436668;61.38;23-sep-16;06:44:00;31.84;0.35;248.7562;0.09;23.79;1.47;11.045;0.11;NaN;0.07
18TL16161_2321;1321;47.3195;-62.977;436669;50.17;23-sep-16;06:44:00;31.55;0.14;250.3193;0.085;22.695;1.46;10.005;0.15;NaN;0.076
18TL16161_2321;1321;47.3195;-62.977;436670;24.89;23-sep-16;06:44:00;29.89;5.88;272.78328;0.18;7.01;0.78;3.905;0.18;NaN;0.09
18TL16161_2321;1321;47.3195;-62.977;436671;5.45;23-sep-16;06:44:00;28.43;15.1;263.36002;0.585;0.815;0.18;0;0;NaN;0.222
18TL16161_2322;1341;47.19383;-62.86517;436672;59.19;23-sep-16;13:58:00;31.19;0.63;286.67254;0.08;15.385;1.17;7.53;0.15;NaN;0.07
18TL16161_2322;1341;47.19383;-62.86517;436673;24.89;23-sep-16;13:58:00;29.6;7.81;267.96;0.25;5.38;0.625;3.045;0.2;NaN;0.088
18TL16161_2322;1341;47.19383;-62.86517;436674;4.96;23-sep-16;13:58:00;28.27;15.82;259.87654;0.67;0.975;0.165;0.04;0.04;NaN;0.251
18TL16161_2323;1351;47.1865;-62.7195;436675;62.86;23-sep-16;16:41:00;31.65;0.15;265.32506;0.065;21.14;1.37;9.295;0.115;NaN;0.077
18TL16161_2323;1351;47.1865;-62.7195;436676;24.89;23-sep-16;16:41:00;29.17;10.8;257.19694;0.32;4.455;0.515;1.995;0.235;NaN;0.121
18TL16161_2323;1351;47.1865;-62.7195;436677;4.96;23-sep-16;16:41:00;28.34;15.7;260.09984;0.875;1.185;0.16;0.9;0;NaN;0.32
18TL16161_2324;1361;47.29767;-62.48083;436678;60.48;23-sep-16;20:52:00;31.59;0.05;266.3969;0.07;18.565;1.315;8.4;0.185;NaN;0.074
18TL16161_2324;1361;47.29767;-62.48083;436679;25.48;23-sep-16;20:52:00;30.12;6.62;279.61626;0.385;5.955;0.735;3.945;0.23;NaN;0.126
18TL16161_2324;1361;47.29767;-62.48083;436680;5.26;23-sep-16;20:52:00;28.41;15.61;261.35032;0.77;1.145;0.165;0.915;0;NaN;0.29
18TL16161_2325;1381;47.1225;-62.523;436681;62.47;24-sep-16;00:46:00;31.27;0.11;287.65506;0.05;14.62;1.2;7.125;0.37;288.7269;0.1
18TL16161_2325;1381;47.1225;-62.523;436682;25.39;24-sep-16;00:46:00;30.52;4.82;292.7463;0.69;6.05;0.93;3.935;0.325;NaN;0.231
18TL16161_2325;1381;47.1225;-62.523;436683;5.36;24-sep-16;00:46:00;29.29;15.38;259.51926;0.98;2.4;0.27;0.92;0;263.60565;0.259
18TL16161_2326;1391;46.72017;-62.732;436684;51.96;24-sep-16;04:48:00;30.89;0.43;278.94636;0.1;13.72;1.03;5.64;0.395;278.96869;0.09
18TL16161_2326;1391;46.72017;-62.732;436685;25.88;24-sep-16;04:48:00;29.63;6.79;264.43186;0.39;5.665;0.7;3.28;0.29;NaN;0.099
18TL16161_2326;1391;46.72017;-62.732;436686;5.36;24-sep-16;04:48:00;28.23;16.11;255.76782;0.805;1.06;0.16;0.795;0;257.95616;0.265
18TL16161_2327;1401;46.5865;-63.10917;436687;43.93;24-sep-16;08:22:00;30.69;1.2;234.73296;0.21;21.075;1.23;6.87;0.56;NaN;0.121
18TL16161_2327;1401;46.5865;-63.10917;436688;24.99;24-sep-16;08:22:00;28.09;16;221.02234;0.52;6.665;0.665;2.605;0.305;NaN;0.233
18TL16161_2327;1401;46.5865;-63.10917;436689;5.36;24-sep-16;08:22:00;28.17;16.6;252.01638;1.03;0.58;0.135;0.7;0.015;NaN;0.282
18TL16161_2328;141;46.23667;-61.61483;436296;59;08-sep-16;16:36:00;32.49;2.07;240.22614;0.09;16.6;1.245;9.84;0.22;NaN;0.073
18TL16161_2328;141;46.23667;-61.61483;436297;25.29;08-sep-16;16:36:00;28.49;17.05;214.01072;0.49;5.86;0.45;0.31;0.085;NaN;0.178
18TL16161_2328;141;46.23667;-61.61483;436298;5.06;08-sep-16;16:36:00;28.13;19.48;252.50764;1.1;0.87;0.09;0.2;0;NaN;0.224
18TL16161_2329;1411;46.55633;-63.26317;436690;33.42;24-sep-16;09:42:00;NaN;NaN;NaN;0.725;17.08;1.22;7.345;0.5;NaN;NaN
18TL16161_2329;1411;46.55633;-63.26317;436691;5.75;24-sep-16;09:42:00;28.12;16.96;199.58554;1.31;0.285;0.155;0.485;0;NaN;0.313
18TL16161_2330;1421;46.48917;-63.01583;436692;31.83;24-sep-16;13:07:00;29.64;7.74;168.85946;1.135;14.045;1.045;6.865;0.445;NaN;0.253
18TL16161_2330;1421;46.48917;-63.01583;436693;4.36;24-sep-16;13:07:00;28.12;16.83;251.92706;2.215;0.305;0.15;0.745;0.05;NaN;0.446
18TL16161_2331;1431;46.6105;-62.6155;436694;48.59;24-sep-16;17:44:00;30.62;1.33;267.02214;1.91;2.81;0.365;1.82;0.18;NaN;0.106
18TL16161_2331;1431;46.6105;-62.6155;436695;24.89;24-sep-16;17:44:00;28;16.71;226.15824;0.28;14.69;1.065;5.865;0.47;NaN;0.381
18TL16161_2331;1431;46.6105;-62.6155;436696;5.16;24-sep-16;17:44:00;28.1;17.41;250.49794;2.17;0.105;0.105;0.365;0.01;NaN;0.408
18TL16161_2332;1451;46.56433;-62.4835;436697;47.2;24-sep-16;21:11:00;30.54;2.05;263.22604;0.33;13.615;1.045;5.7;0.49;NaN;0.104
18TL16161_2332;1451;46.56433;-62.4835;436698;24.89;24-sep-16;21:11:00;28;16.94;243.66496;1.335;0.735;0.15;0.595;0.04;NaN;0.332
18TL16161_2332;1451;46.56433;-62.4835;436699;5.26;24-sep-16;21:11:00;28.17;17.05;254.38336;1.36;0.115;0.09;0.425;0.015;NaN;0.347
18TL16161_2333;1461;46.68633;-62.4485;436700;60.68;24-sep-16;23:24:00;30.99;0.59;280.50946;0.3;14.52;1.075;5.925;0.4;280.77742;0.098
18TL16161_2333;1461;46.68633;-62.4485;436701;24.99;24-sep-16;23:24:00;28.36;13.62;222.67476;1.06;2.6;0.29;0.775;0.1;NaN;0.234
18TL16161_2333;1461;46.68633;-62.4485;436702;5.36;24-sep-16;23:24:00;28.26;16.27;252.86492;1.09;0.78;0.155;0.34;0.02;258.15713;0.279
18TL16161_2334;1471;46.64217;-62.09417;436703;56.42;25-sep-16;01:08:00;30.98;0.83;281.00072;0.21;13.21;1.045;5.71;0.36;280.86674;0.097
18TL16161_2334;1471;46.64217;-62.09417;436704;24.99;25-sep-16;01:08:00;28.36;14.23;221.64758;0.98;2.645;0.33;0.845;0.13;NaN;0.193
18TL16161_2334;1471;46.64217;-62.09417;436705;5.65;25-sep-16;01:08:00;28.1;17.08;250.9892;1.22;0.15;0.08;0.385;0.01;254.58433;0.307
18TL16161_2335;1491;46.8035;-61.91233;436706;78.53;25-sep-16;05:04:00;31.92;1.28;259.74256;0.055;16.12;1.19;8.915;0.095;257.93383;0.075
18TL16161_2335;1491;46.8035;-61.91233;436707;50.97;25-sep-16;05:04:00;31.55;0.84;269.03184;0.09;14.985;1.155;7.265;0.105;NaN;0.069
18TL16161_2335;1491;46.8035;-61.91233;436708;25.58;25-sep-16;05:04:00;30.47;3.04;305.83168;0.515;5.24;0.8;3.605;0.455;NaN;0.197
18TL16161_2335;1491;46.8035;-61.91233;436709;5.16;25-sep-16;05:04:00;28.76;15.2;260.3678;0.735;1.785;0.275;0.44;0.02;260.72508;0.244
18TL16161_2336;1501;47.14117;-61.77967;436710;30.94;25-sep-16;10:22:00;29.97;11.61;231.60676;0.355;6.215;0.64;1.675;0.16;NaN;0.146
18TL16161_2336;1501;47.14117;-61.77967;436711;4.96;25-sep-16;10:22:00;29.46;14.39;255.0086;2.13;3.29;0.455;0.865;0.09;NaN;0.375
18TL16161_2337;151;46.24183;-61.86283;436299;48.99;08-sep-16;19:27:00;31.07;1.15;288.63758;0.145;13.08;1.055;4.155;0.37;NaN;0.091
18TL16161_2337;151;46.24183;-61.86283;436300;25.09;08-sep-16;19:27:00;28.26;16.68;226.73882;0.76;7.21;0.555;0.68;0.13;NaN;0.275
18TL16161_2337;151;46.24183;-61.86283;436301;5.26;08-sep-16;19:27:00;28.1;19.45;254.29404;1.135;1.275;0.12;0;0;NaN;0.293
18TL16161_2338;1511;46.97133;-61.4585;436712;46.8;25-sep-16;12:43:00;31.54;1.46;278.4551;0.105;12.88;1.08;5.84;0.235;NaN;0.077
18TL16161_2338;1511;46.97133;-61.4585;436713;24.59;25-sep-16;12:43:00;29.6;14.73;253.26686;0.495;3.67;0.455;1.015;0.175;NaN;0.142
18TL16161_2338;1511;46.97133;-61.4585;436714;4.86;25-sep-16;12:43:00;29.53;15.08;258.3581;0.81;1.76;0.25;0.235;0.03;NaN;0.25
18TL16161_2339;1521;46.86017;-61.39767;436715;60.39;25-sep-16;13:47:00;31.92;1.33;264.87846;0.05;14.63;1.16;8.21;0.1;NaN;0.068
18TL16161_2339;1521;46.86017;-61.39767;436716;25.09;25-sep-16;13:47:00;29.76;8.14;269.21048;0.45;4.615;0.645;2.215;0.295;NaN;0.159
18TL16161_2339;1521;46.86017;-61.39767;436717;5.16;25-sep-16;13:47:00;29.12;15.2;258.44742;1.07;0.94;0.19;0.31;0.03;NaN;0.243
18TL16161_2340;1531;46.66633;-61.432;436718;64.55;25-sep-16;17:36:00;31.73;1.1;266.12894;0.11;15.32;1.155;7.515;0.1;NaN;0.08
18TL16161_2340;1531;46.66633;-61.432;436719;24.3;25-sep-16;17:36:00;29.39;12.41;257.77752;0.62;2.465;0.315;0.625;0.075;NaN;0.209
18TL16161_2340;1531;46.66633;-61.432;436720;4.56;25-sep-16;17:36:00;28.41;16.26;255.6785;1.06;0.6;0.115;0.415;0.025;NaN;0.345
18TL16161_2341;1541;46.65533;-61.27667;436721;90.53;25-sep-16;19:37:00;32.33;1.97;244.5135;0.15;16.525;1.225;10.365;0.145;NaN;0.088
18TL16161_2341;1541;46.65533;-61.27667;436722;49.88;25-sep-16;19:37:00;31.13;0.74;294.48804;0.115;10.26;1.03;4.945;0.305;NaN;0.071
18TL16161_2341;1541;46.65533;-61.27667;436723;24.89;25-sep-16;19:37:00;28.59;14.67;236.87664;0.6;3.93;0.485;1.63;0.225;NaN;0.188
18TL16161_2341;1541;46.65533;-61.27667;436724;4.76;25-sep-16;19:37:00;28.38;17.02;252.95424;2.48;0.11;0.135;0.37;0.055;NaN;0.399
18TL16161_2342;1551;46.82817;-61.03033;436725;153.16;25-sep-16;21:53:00;33.79;4.93;196.41468;0.13;18.38;1.34;15.4;0.13;NaN;0.061
18TL16161_2342;1551;46.82817;-61.03033;436726;99.84;25-sep-16;21:53:00;32.4;1.95;245.1834;0.09;16.53;1.235;10.565;0.12;NaN;0.059
18TL16161_2342;1551;46.82817;-61.03033;436727;50.27;25-sep-16;21:53:00;30.85;1.52;301.9016;0.14;7.03;0.855;3.55;0.37;NaN;0.077
18TL16161_2342;1551;46.82817;-61.03033;436728;25.39;25-sep-16;21:53:00;29.38;15.05;251.79308;0.38;1.965;0.275;0.475;0.045;NaN;0.159
18TL16161_2342;1551;46.82817;-61.03033;436729;5.55;25-sep-16;21:53:00;29.29;15.18;259.60858;1.195;1.135;0.25;0.32;0;NaN;0.296
18TL16161_2343;1561;46.936;-60.9465;436730;109.46;25-sep-16;23:05:00;33.12;3.33;242.54846;0.055;14.545;1.215;11.955;0.14;246.79116;0.053
18TL16161_2343;1561;46.936;-60.9465;436731;100.34;25-sep-16;23:05:00;32.68;2.34;259.83188;0.06;12.495;1.12;10.47;0.025;NaN;0.046
18TL16161_2343;1561;46.936;-60.9465;436732;50.57;25-sep-16;23:05:00;31.19;0.98;291.27252;0.07;10.095;1.005;5.03;0.205;NaN;0.067
18TL16161_2343;1561;46.936;-60.9465;436733;25.39;25-sep-16;23:05:00;29.72;8.31;271.22018;0.67;4.235;0.63;2.175;0.275;NaN;0.187
18TL16161_2343;1561;46.936;-60.9465;436734;4.76;25-sep-16;23:05:00;28.93;15.41;257.6882;1.15;0.875;0.225;0.51;0;260.74741;0.298
18TL16161_2344;1571;47.02167;-60.82317;436735;129.97;26-sep-16;01:50:00;33.7;4.74;212.26898;0.08;16.805;1.305;13.83;0.11;220.75438;0.052
18TL16161_2344;1571;47.02167;-60.82317;436736;99.74;26-sep-16;01:50:00;32.52;2.06;261.08236;0.09;12.715;1.11;9.745;0.05;NaN;0.052
18TL16161_2344;1571;47.02167;-60.82317;436737;50.27;26-sep-16;01:50:00;31.04;1.78;287.02982;0.05;9.99;0.955;4.655;0.19;NaN;0.065
18TL16161_2344;1571;47.02167;-60.82317;436738;24.3;26-sep-16;01:50:00;29.72;12.09;250.14066;0.46;2.48;0.39;0.61;0.08;NaN;0.141
18TL16161_2344;1571;47.02167;-60.82317;436739;4.96;26-sep-16;01:50:00;28.78;15.42;259.29596;1.52;0.595;0.17;0.33;0;264.85613;0.329
18TL16161_2345;1581;47.12933;-61.1175;436740;61.18;26-sep-16;05:43:00;32;1.47;294.3094;0.1;10.515;1.05;6.35;0.19;NaN;0.077
18TL16161_2345;1581;47.12933;-61.1175;436741;25.78;26-sep-16;05:43:00;30.05;11.57;261.61828;0.44;2.305;0.415;0.965;0.14;NaN;0.142
18TL16161_2345;1581;47.12933;-61.1175;436742;5.06;26-sep-16;05:43:00;29.82;13.74;264.87846;0.69;1.45;0.235;0.4;0;NaN;0.174
18TL16161_2346;1591;47.189;-61.13567;436743;56.12;26-sep-16;06:27:00;31.72;1.24;296.27444;0.145;11.305;1.05;5.995;0.26;NaN;0.088
18TL16161_2346;1591;47.189;-61.13567;436744;25.39;26-sep-16;06:27:00;29.86;12.85;251.16784;0.39;2.91;0.45;1.01;0.15;NaN;0.147
18TL16161_2346;1591;47.189;-61.13567;436745;4.66;26-sep-16;06:27:00;29.61;14.05;264.78914;1.44;1.635;0.265;0.37;0;NaN;0.281
18TL16161_2347;1601;47.22367;-61.45367;436746;36.19;26-sep-16;09:50:00;30.88;4.35;249.91736;0.125;13.445;1.12;4.69;0.52;NaN;0.106
18TL16161_2347;1601;47.22367;-61.45367;436747;24.49;26-sep-16;09:50:00;29.49;14.19;243.97758;0.56;3.175;0.4;0.745;0.105;NaN;0.252
18TL16161_2347;1601;47.22367;-61.45367;436748;5.16;26-sep-16;09:50:00;29.59;14.27;254.96394;0.7;2.425;0.285;0.515;0.03;NaN;0.268
18TL16161_2348;161;46.276;-62.2245;436302;33.92;08-sep-16;22:19:00;30;5.72;236.38538;0.19;15.745;1.035;2.53;0.54;230.78055;0.109
18TL16161_2348;161;46.276;-62.2245;436303;24.89;08-sep-16;22:19:00;29.78;6.86;225.48834;0.175;16.635;1.045;2.54;0.55;NaN;0.1
18TL16161_2348;161;46.276;-62.2245;436304;4.46;08-sep-16;22:19:00;28.19;19.52;261.57362;1.61;1.845;0.125;0;0;262.13187;0.355
18TL16161_2349;1611;47.40817;-61.23833;436749;34.51;26-sep-16;12:31:00;30.75;5.09;258.44742;0.19;7.105;0.865;3.255;0.395;NaN;0.11
18TL16161_2349;1611;47.40817;-61.23833;436750;24.39;26-sep-16;12:31:00;29.54;14.29;255.94646;0.815;2.38;0.32;0.63;0.11;NaN;0.288
18TL16161_2349;1611;47.40817;-61.23833;436751;5.26;26-sep-16;12:31:00;29.58;14.32;259.83188;0.94;2.17;0.285;0.415;0.04;NaN;0.316
18TL16161_2350;1621;47.2995;-61.16267;436752;49.48;26-sep-16;14:07:00;31.29;1.28;298.86472;0.155;10.665;1.01;5.455;0.44;NaN;0.099
18TL16161_2350;1621;47.2995;-61.16267;436753;25.09;26-sep-16;14:07:00;29.77;13.12;252.82026;0.435;2.91;0.455;1.02;0.165;NaN;0.175
18TL16161_2350;1621;47.2995;-61.16267;436754;5.35;26-sep-16;14:07:00;29.9;13.17;269.2998;0.46;1.35;0.215;0.335;0.07;NaN;0.174
18TL16161_2351;1631;47.2995;-60.87283;436755;75.06;26-sep-16;16:12:00;32.39;1.96;299.08802;0.04;7.605;0.9;7.035;0.115;NaN;0.055
18TL16161_2351;1631;47.2995;-60.87283;436756;25.39;26-sep-16;16:12:00;30.44;6.93;299.13268;0.45;3.35;0.6;2.5;0.34;NaN;0.163
18TL16161_2351;1631;47.2995;-60.87283;436757;5.16;26-sep-16;16:12:00;30.05;13.43;269.7464;0.61;1.31;0.215;0.365;0.03;NaN;0.196
18TL16161_2352;1641;47.16767;-60.62967;436758;179.02;26-sep-16;18:30:00;34.06;5.99;166.89442;0.015;19.055;1.405;17.79;0.07;NaN;0.028
18TL16161_2352;1641;47.16767;-60.62967;436759;99.54;26-sep-16;18:30:00;32.56;2.23;288.90554;0.05;6.94;0.89;7.34;0.075;NaN;0.04
18TL16161_2352;1641;47.16767;-60.62967;436760;50.67;26-sep-16;18:30:00;31.38;0.9;307.57342;0.17;9.195;1.02;5.305;0.38;NaN;0.082
18TL16161_2352;1641;47.16767;-60.62967;436761;24;26-sep-16;18:30:00;29.94;12.71;254.82996;0.4;3.19;0.495;1.115;0.23;NaN;0.109
18TL16161_2352;1641;47.16767;-60.62967;436762;4.76;26-sep-16;18:30:00;28.94;15.09;262.46682;1.345;0.62;0.165;0.305;0.025;NaN;0.318
18TL16161_2353;1651;47.2685;-60.52467;436763;120.65;26-sep-16;20:57:00;33.42;3.74;226.38154;0.015;14.375;1.25;13.79;0.02;NaN;0.03
18TL16161_2353;1651;47.2685;-60.52467;436764;99.84;26-sep-16;20:57:00;33.36;3.6;228.52522;0.025;13.62;1.235;13.165;0;NaN;0.028
18TL16161_2353;1651;47.2685;-60.52467;436765;49.68;26-sep-16;20:57:00;32.29;2.09;310.6103;0.08;5.11;0.865;5.72;0.04;NaN;0.05
18TL16161_2353;1651;47.2685;-60.52467;436766;24.59;26-sep-16;20:57:00;30.88;9.37;294.17542;1.03;1.685;0.425;0.945;0.115;NaN;0.277
18TL16161_2353;1651;47.2685;-60.52467;436767;5.06;26-sep-16;20:57:00;29.74;13.87;270.10368;1.3;0.385;0.2;0.29;0;NaN;0.322
18TL16161_2354;1661;47.4315;-60.86683;436768;54.63;26-sep-16;23:40:00;31.73;0.99;311.63748;0.135;8.75;0.97;5.37;0.2;NaN;0.079
18TL16161_2354;1661;47.4315;-60.86683;436769;24.89;26-sep-16;23:40:00;30.38;7.68;296.27444;0.98;2.61;0.48;1.7;0.205;NaN;0.284
18TL16161_2354;1661;47.4315;-60.86683;436770;5.06;26-sep-16;23:40:00;30.19;12.95;271.35416;0.62;1.395;0.22;0.02;0.02;NaN;0.231
18TL16161_2355;1671;47.57617;-60.7415;436771;54.24;27-sep-16;01:58:00;31.66;0.75;303.19674;0.09;10.225;1.03;6.14;0.22;NaN;0.073
18TL16161_2355;1671;47.57617;-60.7415;436772;24.69;27-sep-16;01:58:00;30.78;3.7;308.55594;0.47;4.87;0.785;3.92;0.32;NaN;0.152
18TL16161_2355;1671;47.57617;-60.7415;436773;4.86;27-sep-16;01:58:00;30.09;13.17;269.92504;0.48;1.26;0.2;0.02;0.02;NaN;0.193
18TL16161_2356;1681;47.59467;-60.92933;436774;41.15;27-sep-16;03:08:00;31.26;1.12;287.6104;0.09;11.02;1.135;5.9;0.435;NaN;0.116
18TL16161_2356;1681;47.59467;-60.92933;436775;25.29;27-sep-16;03:08:00;29.99;12.84;268.54058;0.62;1.885;0.28;0.07;0.07;NaN;0.268
18TL16161_2356;1681;47.59467;-60.92933;436776;4.46;27-sep-16;03:08:00;29.88;13.11;268.58524;0.6;1.59;0.205;0.04;0.04;NaN;0.234
18TL16161_2357;1691;47.66083;-61.16267;436777;31.14;27-sep-16;06:38:00;30.69;5.1;254.65132;0.135;9.09;1.055;4.285;0.46;NaN;0.099
18TL16161_2357;1691;47.66083;-61.16267;436778;5.45;27-sep-16;06:38:00;29.44;13.46;264.34254;1.185;2.545;0.28;0.045;0.045;NaN;0.305
18TL16161_2358;1701;47.765;-61.11717;436779;30.14;27-sep-16;07:37:00;30.89;3.43;270.14834;0.37;6.985;0.89;3.475;0.37;NaN;0.094
18TL16161_2358;1701;47.765;-61.11717;436780;25.19;27-sep-16;07:37:00;30.24;7.45;250.72124;0.3;7.31;0.95;3.445;0.395;NaN;0.118
18TL16161_2358;1701;47.765;-61.11717;436781;5.26;27-sep-16;07:37:00;29.44;13.44;266.97748;1.66;2.46;0.295;0.055;0.055;NaN;0.347
18TL16161_2359;171;46.3125;-62.06317;436305;39.17;09-sep-16;00:22:00;30.36;3.74;271.3095;0.2;11.545;0.96;2.645;0.41;269.05417;0.11
18TL16161_2359;171;46.3125;-62.06317;436306;24.69;09-sep-16;00:22:00;29.36;9.19;227.45338;1.345;9.67;0.8;1.75;0.29;NaN;0.21
18TL16161_2359;171;46.3125;-62.06317;436307;4.76;09-sep-16;00:22:00;28.22;19.48;257.37558;0.98;1.595;0.135;0;0;259.42994;0.276
18TL16161_2360;1711;47.9065;-60.82083;436782;207.84;27-sep-16;11:27:00;34.05;5.13;152.9605;0.01;22.15;1.475;17.865;0.09;NaN;0.028
18TL16161_2360;1711;47.9065;-60.82083;436783;100.43;27-sep-16;11:27:00;33;2.3;240.4941;0.02;13.705;1.2;12.9;0.19;NaN;0.03
18TL16161_2360;1711;47.9065;-60.82083;436784;50.07;27-sep-16;11:27:00;31.88;0.9;330.88594;0.12;4.815;0.77;4.115;0.185;NaN;0.06
18TL16161_2360;1711;47.9065;-60.82083;436785;25.09;27-sep-16;11:27:00;30.56;5.24;302.83946;0.44;4.6;0.735;4.205;0.3;NaN;0.155
18TL16161_2360;1711;47.9065;-60.82083;436786;5.06;27-sep-16;11:27:00;29.74;13.24;267.55806;0.665;1.705;0.205;0.035;0.035;NaN;0.227
18TL16161_2361;1721;47.836;-60.75233;436787;140.56;27-sep-16;12:56:00;33.11;2.67;237.18926;0.02;14.81;1.255;13.87;0.045;NaN;0.031
18TL16161_2361;1721;47.836;-60.75233;436788;100.03;27-sep-16;12:56:00;32.83;2.03;259.60858;0.03;12.665;1.175;11.645;0.05;NaN;0.033
18TL16161_2361;1721;47.836;-60.75233;436789;50.17;27-sep-16;12:56:00;31.75;0.79;307.9307;0.09;9.36;1.015;5.94;0.15;NaN;0.066
18TL16161_2361;1721;47.836;-60.75233;436790;24.99;27-sep-16;12:56:00;30.22;6.78;288.63758;0.355;5.525;0.795;3.96;0.345;NaN;0.166
18TL16161_2361;1721;47.836;-60.75233;436791;5.26;27-sep-16;12:56:00;29.94;13.14;269.70174;0.62;1.435;0.235;0.03;0.03;NaN;0.214
18TL16161_2362;1731;47.74633;-60.868;436792;60.08;27-sep-16;16:38:00;31.7;0.7;304.93848;0.09;9.76;1;6.45;0.195;NaN;0.064
18TL16161_2362;1731;47.74633;-60.868;436793;24.59;27-sep-16;16:38:00;30.51;4.3;295.91716;0.47;5.705;0.82;4.475;0.365;NaN;0.15
18TL16161_2362;1731;47.74633;-60.868;436794;4.76;27-sep-16;16:38:00;29.86;13.19;269.61242;0.74;1.695;0.23;0.03;0.03;NaN;0.233
18TL16161_2363;1741;47.58717;-60.549;436795;93.79;27-sep-16;19:15:00;32.62;1.74;290.15602;0.015;8.685;1.01;9.355;0.055;NaN;0.031
18TL16161_2363;1741;47.58717;-60.549;436796;50.07;27-sep-16;19:15:00;31.98;0.83;346.3383;0.09;2.73;0.71;3.485;0.19;NaN;0.048
18TL16161_2363;1741;47.58717;-60.549;436797;25.19;27-sep-16;19:15:00;31.04;7.39;316.23746;1.39;1.91;0.555;1.06;0.2;NaN;0.518
18TL16161_2363;1741;47.58717;-60.549;436798;5.55;27-sep-16;19:15:00;30.7;13.55;270.28232;0.595;0.68;0.18;0.065;0.065;NaN;0.204
18TL16161_2364;1751;47.58767;-60.48183;436799;168.91;27-sep-16;21:06:00;33.72;4.32;186.63414;0.01;19.91;1.46;16.985;0.03;NaN;0.026
18TL16161_2364;1751;47.58767;-60.48183;436800;100.92;27-sep-16;21:06:00;32.76;1.76;271.66678;0.02;10.62;1.1;11.09;0.03;NaN;0.029
18TL16161_2364;1751;47.58767;-60.48183;436801;50.67;27-sep-16;21:06:00;32.04;0.34;344.1053;0.05;2.92;0.735;4.92;0.07;NaN;0.038
18TL16161_2364;1751;47.58767;-60.48183;436802;25.19;27-sep-16;21:06:00;30.67;10.56;305.2511;0.97;1.415;0.5;1.185;0.19;NaN;0.346
18TL16161_2364;1751;47.58767;-60.48183;436803;5.75;27-sep-16;21:06:00;30.67;13.58;269.12116;0.6;0.695;0.18;0.04;0.04;NaN;0.22
18TL16161_2365;1761;47.45117;-60.37833;436804;117.28;27-sep-16;22:45:00;32.97;2.62;261.08236;0.045;11.56;1.135;11.655;0.05;NaN;0.038
18TL16161_2365;1761;47.45117;-60.37833;436805;100.43;27-sep-16;22:45:00;32.69;1.91;283.1444;0.04;8.945;1.03;9.835;0.03;NaN;0.034
18TL16161_2365;1761;47.45117;-60.37833;436806;50.17;27-sep-16;22:45:00;32.11;2.38;325.30344;0.21;3.11;0.69;3.975;0.045;NaN;0.082
18TL16161_2365;1761;47.45117;-60.37833;436807;25.09;27-sep-16;22:45:00;31.72;5.9;317.93454;0.74;2.51;0.54;1.92;0.18;NaN;0.194
18TL16161_2365;1761;47.45117;-60.37833;436808;5.26;27-sep-16;22:45:00;30.06;12.62;274.79298;1.23;0.87;0.24;0.02;0.02;NaN;0.359
18TL16161_2366;1771;47.22;-60.39983;436809;176.05;28-sep-16;02:46:00;34.22;6.03;168.3682;0.015;19.62;1.435;18.115;0.025;NaN;0.025
18TL16161_2366;1771;47.22;-60.39983;436810;100.04;28-sep-16;02:46:00;33.17;3.21;243.75428;0.03;11.91;1.14;12.03;0.035;NaN;0.029
18TL16161_2366;1771;47.22;-60.39983;436811;50.97;28-sep-16;02:46:00;32.03;1.79;302.3482;0.095;7.235;0.91;6.135;0.13;NaN;0.058
18TL16161_2366;1771;47.22;-60.39983;436812;24.99;28-sep-16;02:46:00;30.44;11.72;274.659;0.655;1.78;0.345;0.09;0.09;NaN;0.227
18TL16161_2366;1771;47.22;-60.39983;436813;4.76;28-sep-16;02:46:00;29.85;13.53;269.34446;0.99;0.915;0.215;0.045;0.045;NaN;0.276
18TL16161_2367;1781;47.139;-60.39133;436814;168.81;28-sep-16;04:21:00;34.4;6.44;154.25564;0.02;21.605;1.5;18.69;0.04;NaN;0.026
18TL16161_2367;1781;47.139;-60.39133;436815;99.94;28-sep-16;04:21:00;32.91;2.7;265.59302;0.05;9.895;1.08;10.035;0.03;NaN;0.033
18TL16161_2367;1781;47.139;-60.39133;436816;49.88;28-sep-16;04:21:00;31.5;1.2;281.98324;0.12;10.34;1.03;6.035;0.11;NaN;0.065
18TL16161_2367;1781;47.139;-60.39133;436817;24.89;28-sep-16;04:21:00;29.45;14.15;259.60858;1.105;1.15;0.22;0.035;0.035;NaN;0.309
18TL16161_2367;1781;47.139;-60.39133;436818;4.56;28-sep-16;04:21:00;28.44;15.95;255.41054;1.47;0.35;0.135;0.025;0.025;NaN;0.275
18TL16161_2368;181;46.35533;-61.577;436308;62.67;09-sep-16;03:07:00;32.58;2.21;239.10964;0.09;17.19;1.295;11.09;0.165;239.93585;0.071
18TL16161_2368;181;46.35533;-61.577;436309;24.69;09-sep-16;03:07:00;29.04;12.07;257.4649;0.565;5.525;0.585;1.655;0.2;NaN;0.312
18TL16161_2368;181;46.35533;-61.577;436310;4.66;09-sep-16;03:07:00;28.33;18.35;257.86684;0.82;1.39;0.19;0.24;0;255.65617;0.308
18TL16161_2369;191;46.41967;-61.386;436311;64.06;09-sep-16;06:34:00;32.69;2.35;239.19896;0.08;16.64;1.295;11.525;0.16;238.57372;0.073
18TL16161_2369;191;46.41967;-61.386;436312;24.79;09-sep-16;06:34:00;28.46;15.9;235.31354;0.805;2.1;0.22;0.24;0.04;NaN;0.254
18TL16161_2369;191;46.41967;-61.386;436313;4.86;09-sep-16;06:34:00;28.3;18.93;253.40084;0.975;1.27;0.1;0;0;255.16491;0.276
18TL16161_2370;201;46.57217;-61.60533;436314;59.69;09-sep-16;08:24:00;32.05;1.4;253.04356;0.08;16.55;1.22;8.455;0.175;NaN;0.07
18TL16161_2370;201;46.57217;-61.60533;436315;24.99;09-sep-16;08:24:00;29.94;5.18;294.3094;0.565;4.105;0.635;1.91;0.43;NaN;0.179
18TL16161_2370;201;46.57217;-61.60533;436316;3.97;09-sep-16;08:24:00;28.36;18.05;253.4455;0.905;1.08;0.1;0;0;NaN;0.184
18TL16161_2371;21;45.9905;-63.49417;436267;19.54;07-sep-16;02:24:00;29.04;14.5;170.46722;4.395;8.23;0.725;0.455;0.115;203.02436;0.531
18TL16161_2371;21;45.9905;-63.49417;436268;4.76;07-sep-16;02:24:00;28.64;19.59;261.97556;1.61;1.78;0.34;0.295;0.05;264.65516;0.302
18TL16161_2372;211;46.58483;-61.8055;436317;54.14;09-sep-16;12:33:00;31.35;0.76;286.85118;0.045;12.76;1.095;5.735;0.27;NaN;0.069
18TL16161_2372;211;46.58483;-61.8055;436318;25.29;09-sep-16;12:33:00;29.86;5.78;289.1735;0.28;5.475;0.715;2.19;0.36;NaN;0.114
18TL16161_2372;211;46.58483;-61.8055;436319;4.36;09-sep-16;12:33:00;28.2;18.44;251.6591;0.705;1.12;0.135;0;0;NaN;0.239
18TL16161_2373;221;46.62633;-61.8515;436320;56.12;09-sep-16;13:32:00;31.55;0.83;279.5716;0.045;14;1.135;6.715;0.195;NaN;0.068
18TL16161_2373;221;46.62633;-61.8515;436321;24.99;09-sep-16;13:32:00;29.97;5.46;292.34436;0.405;4.22;0.655;2.13;0.425;NaN;0.153
18TL16161_2373;221;46.62633;-61.8515;436322;4.86;09-sep-16;13:32:00;28.21;18.32;252.50764;0.71;1;0.105;0;0;NaN;0.223
18TL16161_2374;231;46.78067;-61.964;436323;62.57;09-sep-16;17:06:00;32.15;1.51;261.30566;0.05;13.725;1.13;8.325;0.145;NaN;0.059
18TL16161_2374;231;46.78067;-61.964;436324;25.19;09-sep-16;17:06:00;30.41;3.88;306.72488;0.405;3.16;0.6;1.115;0.26;NaN;0.148
18TL16161_2374;231;46.78067;-61.964;436325;5.26;09-sep-16;17:06:00;28.19;18.29;254.60666;0.645;0.93;0.095;0;0;NaN;0.255
18TL16161_2375;241;46.81967;-62.42317;436326;67.62;09-sep-16;22:42:00;31.36;0.45;289.08418;0.045;13.385;1.135;6.22;0.31;281.93858;0.072
18TL16161_2375;241;46.81967;-62.42317;436327;24.79;09-sep-16;22:42:00;30.24;4.13;295.2026;0.275;5.755;0.76;3.73;0.31;NaN;0.1
18TL16161_2375;241;46.81967;-62.42317;436328;4.66;09-sep-16;22:42:00;28.01;18.41;252.15036;1.035;0.86;0.095;0.215;0;256.90665;0.334
18TL16161_2376;251;46.8025;-62.6585;436329;59.4;10-sep-16;00:15:00;31.15;0.07;294.13076;0.07;14.41;1.16;5.76;0.375;287.02982;0.081
18TL16161_2376;251;46.8025;-62.6585;436330;24.79;10-sep-16;00:15:00;29.89;5.67;279.25898;0.24;8.07;0.79;4.07;0.34;NaN;0.106
18TL16161_2376;251;46.8025;-62.6585;436331;4.86;10-sep-16;00:15:00;28.21;18.14;255.85714;0.715;1.305;0.105;0;0;262.42216;0.268
18TL16161_2377;261;47.00483;-62.79417;436332;62.17;10-sep-16;03:26:00;31.49;-0.1;261.79692;0.075;22.2;1.425;8.58;0.455;258.3581;0.084
18TL16161_2377;261;47.00483;-62.79417;436333;24.69;10-sep-16;03:26:00;30.39;5.46;294.66668;0.655;4.4;0.63;2.48;0.36;NaN;0.223
18TL16161_2377;261;47.00483;-62.79417;436334;4.66;10-sep-16;03:26:00;28.48;17.8;256.66102;0.665;1.415;0.105;0;0;260.94838;0.252
18TL16161_2378;271;47.06917;-62.59383;436335;65.24;10-sep-16;09:03:00;31.45;-0.1;272.55998;0.055;19.32;1.37;7.795;0.455;NaN;0.089
18TL16161_2378;271;47.06917;-62.59383;436336;25.09;10-sep-16;09:03:00;30.63;4.1;310.20836;0.36;4.79;0.75;2.745;0.36;NaN;0.146
18TL16161_2378;271;47.06917;-62.59383;436337;4.96;10-sep-16;09:03:00;28.84;17.43;257.06296;0.63;0.925;0.1;0;0;NaN;0.22
18TL16161_2379;281;46.925;-62.99333;436338;60.58;10-sep-16;13:59:00;31.22;-0.1;293.4162;0.075;14.47;1.225;5.845;0.34;NaN;0.081
18TL16161_2379;281;46.925;-62.99333;436339;25.78;10-sep-16;13:59:00;29.82;7.87;285.10944;0.32;3.14;0.46;0.44;0.1;NaN;0.132
18TL16161_2379;281;46.925;-62.99333;436340;4.76;10-sep-16;13:59:00;27.88;18.88;250.81056;1.695;0.52;0.07;0;0;NaN;0.379
18TL16161_2380;291;46.873;-63.10067;436341;61.97;10-sep-16;15:10:00;31.21;-0.08;280.77742;0.095;16.985;1.27;6.455;0.36;NaN;0.084
18TL16161_2380;291;46.873;-63.10067;436342;25.78;10-sep-16;15:10:00;29.14;7.48;262.33284;0.155;4.85;0.62;1.665;0.47;NaN;0.091
18TL16161_2380;291;46.873;-63.10067;436343;5.26;10-sep-16;15:10:00;27.89;19;251.97172;1.335;0.705;0.1;0.045;0.045;NaN;0.383
18TL16161_2381;301;46.916;-63.34217;436344;54.14;10-sep-16;17:39:00;31.29;0.07;266.79884;0.085;20.08;1.33;7.845;0.34;NaN;0.083
18TL16161_2381;301;46.916;-63.34217;436345;25.58;10-sep-16;17:39:00;29.28;8.57;263.09206;0.275;5.385;0.625;2.15;0.29;NaN;0.105
18TL16161_2381;301;46.916;-63.34217;436346;5.26;10-sep-16;17:39:00;27.86;19.08;253.35618;1.135;0.55;0.085;0.04;0.04;NaN;0.317
18TL16161_2382;31;45.94733;-63.15167;436269;28.26;07-sep-16;06:21:00;28.82;15.75;220.79904;1.87;5.915;0.51;0.59;0.115;224.97475;0.333
18TL16161_2382;31;45.94733;-63.15167;436270;4.76;07-sep-16;06:21:00;28.73;17.57;262.06488;2.35;3.605;0.335;0.285;0.065;254.96394;0.47
18TL16161_2383;311;46.75483;-63.6035;436347;34.31;10-sep-16;21:11:00;30.54;3.08;217.18158;0.135;20.925;1.395;8.445;0.435;212.67092;0.108
18TL16161_2383;311;46.75483;-63.6035;436348;24.59;10-sep-16;21:11:00;29.21;9.68;252.59696;0.68;4.305;0.495;0.1;0.1;NaN;0.186
18TL16161_2383;311;46.75483;-63.6035;436349;4.96;10-sep-16;21:11:00;27.8;19.38;259.028;1.39;0.375;0.12;0.05;0.05;261.7076;0.424
18TL16161_2384;321;46.74183;-63.76333;436350;28.66;10-sep-16;23:24:00;29.59;7.66;225.9796;0.44;10.39;0.875;2.98;0.425;216.13207;0.126
18TL16161_2384;321;46.74183;-63.76333;436351;5.06;10-sep-16;23:24:00;27.81;19.36;257.06296;1.23;0.465;0.085;0.05;0.05;256.72801;0.391
18TL16161_2385;331;46.86583;-63.67967;436352;39.47;11-sep-16;00:35:00;30.7;1.98;258.62606;0.235;16.31;1.115;5.985;0.265;251.48046;0.128
18TL16161_2385;331;46.86583;-63.67967;436353;24.99;11-sep-16;00:35:00;29.6;7.03;270.99688;0.28;4.365;0.58;2.055;0.455;NaN;0.106
18TL16161_2385;331;46.86583;-63.67967;436354;4.96;11-sep-16;00:35:00;27.95;18.86;255.99112;0.785;1.14;0.08;0.045;0.045;258.04548;0.284
18TL16161_2386;341;47.023;-63.78;436355;44.13;11-sep-16;03:31:00;31.14;1.24;242.68244;0.16;22.51;1.36;9.475;0.17;240.7174;0.086
18TL16161_2386;341;47.023;-63.78;436356;24.49;11-sep-16;03:31:00;29.39;7.96;263.89594;0.325;4.46;0.555;1.73;0.44;NaN;0.114
18TL16161_2386;341;47.023;-63.78;436357;4.96;11-sep-16;03:31:00;27.88;18.48;254.96394;0.68;1.155;0.09;0.04;0.04;257.4649;0.264
18TL16161_2387;351;47.22033;-63.838;436358;47;11-sep-16;06:46:00;31.56;0.6;254.60666;0.085;22.935;1.375;9.885;0.1;NaN;0.066
18TL16161_2387;351;47.22033;-63.838;436359;24.69;11-sep-16;06:46:00;29.96;7.11;268.89786;0.22;6.845;0.68;3.045;0.25;NaN;0.128
18TL16161_2387;351;47.22033;-63.838;436360;4.56;11-sep-16;06:46:00;27.66;18.66;250.9892;0.955;0.675;0.06;0;0;253.06589;0.357
18TL16161_2388;361;47.21267;-64.0675;436361;36.29;11-sep-16;11:00:00;31.47;2.42;246.34456;0.115;15.145;1.005;6.03;0.18;NaN;0.077
18TL16161_2388;361;47.21267;-64.0675;436362;25.39;11-sep-16;11:00:00;29.48;7.99;238.21644;0.105;12.93;0.88;4.57;0.3;NaN;0.081
18TL16161_2388;361;47.21267;-64.0675;436363;5.26;11-sep-16;11:00:00;27.6;18.48;253.40084;0.85;0.77;0.055;0;0;NaN;0.284
18TL16161_2389;371;47.21317;-64.196;436364;42.74;11-sep-16;13:00:00;31.35;1.85;242.90574;0.145;23.655;1.295;8.31;0.15;NaN;0.083
18TL16161_2389;371;47.21317;-64.196;436365;25.19;11-sep-16;13:00:00;29.11;10.31;238.35042;0.205;7.765;0.665;2.46;0.285;NaN;0.094
18TL16161_2389;371;47.21317;-64.196;436366;5.55;11-sep-16;13:00:00;27.7;18.47;250.72124;0.935;0.91;0.065;0;0;NaN;0.295
18TL16161_2390;381;47.0095;-64.33917;436367;35.9;11-sep-16;16:04:00;30.96;2.52;210.66122;0.16;27.63;1.305;8.015;0.16;NaN;0.09
18TL16161_2390;381;47.0095;-64.33917;436368;24.79;11-sep-16;16:04:00;29.34;10.02;243.21836;0.15;9.575;0.73;2.875;0.285;NaN;0.08
18TL16161_2390;381;47.0095;-64.33917;436369;5.26;11-sep-16;16:04:00;27.63;18.7;251.12318;1.07;0.91;0.125;0.03;0.03;NaN;0.385
18TL16161_2391;391;46.93717;-64.33383;436370;27.17;11-sep-16;18:04:00;30.27;5.17;206.64182;1.38;17.94;0.99;5.01;0.27;NaN;0.161
18TL16161_2391;391;46.93717;-64.33383;436371;5.26;11-sep-16;18:04:00;27.83;18.73;253.84744;1.265;1.375;0.185;0.295;0.045;NaN;0.425
18TL16161_2392;401;47.06567;-64.1945;436372;38.47;11-sep-16;22:18:00;31.06;2.72;234.59898;0.13;23.425;1.26;7.5;0.16;231.20482;0.082
18TL16161_2392;401;47.06567;-64.1945;436373;24.39;11-sep-16;22:18:00;28.1;15.46;233.52714;0.805;3.115;0.34;0.53;0.055;NaN;0.295
18TL16161_2392;401;47.06567;-64.1945;436374;4.76;11-sep-16;22:18:00;27.68;18.61;251.79308;1.01;0.795;0.1;0.025;0.025;255.61151;0.392
18TL16161_2393;41;45.87417;-63.0315;436271;33.52;07-sep-16;09:11:00;28.93;15.04;214.5913;0.75;7.215;0.61;0.645;0.155;NaN;0.201
18TL16161_2393;41;45.87417;-63.0315;436272;4.46;07-sep-16;09:11:00;28.7;18.67;251.4358;1.62;2.695;0.415;0.045;0.045;NaN;0.44
18TL16161_2394;411;47.15833;-64.32217;436375;41.75;12-sep-16;00:35:00;31.43;1.51;233.75044;0.175;27.715;1.4;8.85;0.13;227.49804;0.085
18TL16161_2394;411;47.15833;-64.32217;436376;25.78;12-sep-16;00:35:00;29.38;9.53;256.5717;0.195;5.25;0.585;2.03;0.34;NaN;0.085
18TL16161_2394;411;47.15833;-64.32217;436377;4.86;12-sep-16;00:35:00;27.76;18.13;250.85522;1.175;0.645;0.14;0.225;0.02;251.34648;0.368
18TL16161_2395;421;47.08817;-64.6635;436378;21.52;12-sep-16;04:19:00;29.56;8.71;196.2807;1.165;15;1.095;4.455;0.4;197.15157;0.238
18TL16161_2395;421;47.08817;-64.6635;436379;5.16;12-sep-16;04:19:00;27.56;16.98;236.4747;4.045;2.095;0.37;0.305;0.06;237.72518;0.775
18TL16161_2396;431;47.16717;-64.67183;436380;26.38;12-sep-16;05:43:00;30.33;4.73;221.9602;0.43;20.865;1.215;6.45;0.245;211.57675;0.13
18TL16161_2396;431;47.16717;-64.67183;436381;4.56;12-sep-16;05:43:00;27.61;17.84;243.75428;1.38;0.98;0.185;0.26;0.04;246.38922;0.387
18TL16161_2397;451;47.46483;-64.58517;436382;30.34;12-sep-16;12:50:00;31.09;3.27;274.97162;0.255;14.845;1.04;5.82;0.2;NaN;0.09
18TL16161_2397;451;47.46483;-64.58517;436383;4.96;12-sep-16;12:50:00;27.95;16.21;247.4164;5.22;1.16;0.27;0.335;0.055;NaN;0.944
18TL16161_2398;461;47.88633;-64.33883;436384;29.55;12-sep-16;17:03:00;30.41;6.2;275.28424;0.28;9.085;0.825;4.655;0.19;NaN;0.09
18TL16161_2398;461;47.88633;-64.33883;436385;4.86;12-sep-16;17:03:00;28.51;13.51;266.35224;2;3.335;0.4;0.935;0.09;NaN;0.456
18TL16161_2399;471;47.99533;-64.2115;436386;25.48;12-sep-16;19:14:00;29.82;7.48;262.3775;0.275;8.1;0.755;4.255;0.19;NaN;0.113
18TL16161_2399;471;47.99533;-64.2115;436387;4.86;12-sep-16;19:14:00;28.51;13.74;271.26484;1.1;2.17;0.325;0.515;0.065;NaN;0.383
18TL16161_2400;501;47.969;-65.83817;436395;33.02;14-sep-16;13:19:00;31.45;1.31;240.0475;0.22;27.24;1.62;10.73;0.21;NaN;0.099
18TL16161_2400;501;47.969;-65.83817;436396;24.79;14-sep-16;13:19:00;31.4;1.31;241.52128;0.185;27.12;1.535;10.895;0.245;NaN;0.095
18TL16161_2400;501;47.969;-65.83817;436397;4.66;14-sep-16;13:19:00;27.62;16.34;261.79692;1.525;1.71;0.19;0.035;0.035;NaN;0.446
18TL16161_2401;51;45.89;-62.646;436273;30.15;07-sep-16;12:10:00;28.89;15.03;226.96212;0.655;6.78;0.525;0.76;0.155;NaN;0.229
18TL16161_2401;51;45.89;-62.646;436274;4.36;07-sep-16;12:10:00;28.69;16.58;241.78924;2.525;4.855;0.365;0.24;0.07;NaN;0.568
18TL16161_2402;511;47.89233;-65.5725;436398;50.57;14-sep-16;15:10:00;31.92;0.84;265.32506;0.095;22.44;1.39;10.58;0.16;NaN;0.08
18TL16161_2402;511;47.89233;-65.5725;436399;25.09;14-sep-16;15:10:00;30.49;3.06;247.55038;0.13;20.73;1.245;8.29;0.15;NaN;0.079
18TL16161_2402;511;47.89233;-65.5725;436400;5.06;14-sep-16;15:10:00;27.8;15.87;259.78722;1.57;2.025;0.175;0.03;0.03;NaN;0.444
18TL16161_2403;521;47.93033;-65.17383;436401;74.06;14-sep-16;19:19:00;32.14;0.9;277.3386;0.1;18.99;1.35;10.83;0.19;NaN;0.072
18TL16161_2403;521;47.93033;-65.17383;436402;24.79;14-sep-16;19:19:00;31.14;1.8;289.57544;0.045;14.715;1.135;8.755;0.12;NaN;0.049
18TL16161_2403;521;47.93033;-65.17383;436403;4.96;14-sep-16;19:19:00;28.97;9.25;254.3387;0.87;9.975;0.77;3.89;0.185;NaN;0.286
18TL16161_2404;531;47.97367;-64.74333;436404;42.54;14-sep-16;22:44:00;31.7;1.06;257.33092;0.12;24.455;1.47;10.8;0.18;251.12318;0.076
18TL16161_2404;531;47.97367;-64.74333;436405;25.38;14-sep-16;22:44:00;28.68;10.95;252.37366;0.64;6.605;0.565;2.1;0.11;NaN;0.206
18TL16161_2404;531;47.97367;-64.74333;436406;5.35;14-sep-16;22:44:00;27.95;15.29;262.3775;2.26;2.49;0.305;0.045;0.045;261.261;0.561
18TL16161_2405;61;45.8045;-62.4125;436275;22.71;07-sep-16;13:39:00;28.83;15.67;203.203;1.39;7.085;0.525;0.6;0.11;NaN;0.228
18TL16161_2405;61;45.8045;-62.4125;436276;5.06;07-sep-16;13:39:00;28.64;18.42;250.45328;3.09;3.945;0.395;0.4;0.065;NaN;0.502
18TL16161_2406;71;45.84733;-62.235;436277;33.42;07-sep-16;19:14:00;29.74;7.89;209.902;0.4;17.285;0.945;1.985;0.375;NaN;0.13
18TL16161_2406;71;45.84733;-62.235;436278;4.86;07-sep-16;19:14:00;28.12;19.18;254.38336;0.745;1.225;0.095;0.33;0.045;NaN;0.192
18TL16161_2407;81;45.99167;-62.19433;436279;39.87;07-sep-16;22:20:00;30.19;4.37;252.86492;0.175;14.335;0.915;2.255;0.465;244.80379;0.09
18TL16161_2407;81;45.99167;-62.19433;436280;24.89;07-sep-16;22:20:00;29.13;11.72;225.22038;0.51;8.53;0.62;1.055;0.2;NaN;0.199
18TL16161_2407;81;45.99167;-62.19433;436281;5.06;07-sep-16;22:20:00;28.12;19.06;257.28626;0.84;1.035;0.14;0.35;0.035;255.92413;0.252
18TL16161_2408;881;47.98917;-62.096;436516;56.61;18-sep-16;23:08:00;31.76;0.23;279.92888;0.055;17.735;1.295;9.15;0.075;278.34345;0.062
18TL16161_2408;881;47.98917;-62.096;436517;25.28;18-sep-16;23:08:00;30.84;2.95;314.36174;0.33;7.785;0.835;5.14;0.1;NaN;0.108
18TL16161_2408;881;47.98917;-62.096;436518;5.16;18-sep-16;23:08:00;29.5;14.6;265.54836;0.83;1.89;0.18;0;0;262.3775;0.289
18TL16161_2409;91;45.86233;-61.8435;436282;32.53;08-sep-16;02:50:00;30.02;5.72;204.85542;0.23;21.795;1.23;2.575;0.54;206.3292;0.136
18TL16161_2409;91;45.86233;-61.8435;436283;25.39;08-sep-16;02:50:00;29.19;12.4;198.02244;0.82;7.885;0.54;0.95;0.14;NaN;0.165
18TL16161_2409;91;45.86233;-61.8435;436284;4.66;08-sep-16;02:50:00;28.56;19.71;249.47076;0.805;2.925;0.2;0.365;0.045;248.62222;0.19
18TL16161_2410;981;47.94433;-61.41583;436546;58.7;19-sep-16;21:09:00;31.26;0.14;292.65698;0.07;12.23;1.2;6.585;0.38;NaN;0.069
18TL16161_2410;981;47.94433;-61.41583;436547;24.39;19-sep-16;21:09:00;29.81;10.72;267.42408;0.51;3.865;0.595;1.35;0.24;NaN;0.158
18TL16161_2410;981;47.94433;-61.41583;436548;5.26;19-sep-16;21:09:00;29.22;15.03;262.69012;1.06;2;0.18;0;0;NaN;0.301
18TL16161_2411;991;47.92733;-61.65117;436549;54.43;19-sep-16;23:35:00;31.31;0.17;288.59292;0.08;13.155;1.225;6.805;0.37;292.43368;0.103
18TL16161_2411;991;47.92733;-61.65117;436550;25.68;19-sep-16;23:35:00;30.51;3.21;301.18704;0.44;7.155;0.835;5.305;0.095;NaN;0.185
18TL16161_2411;991;47.92733;-61.65117;436551;4.96;19-sep-16;23:35:00;29.31;14.93;260.85906;1.095;2.03;0.215;0;0;264.18623;0.339
