CTD;CTD;CTD;CTD;CTD;CTD;CTD;CTD;CTD;CTD;CTD;labo;labo;labo;labo;labo;labo;CTD
Fichier;Station;Latitude;Longitude;Echantillon;zbouteille;Date;Heure;PSAL;TE90;DOXY;CHL_01;Si_01;PO4_01;NOx_01;NO2_01;OXYM_01;FLOR
(nom);(nom/no);(degres);(degres);(no_unique);(dbar);(jj-mmm-yyyy);(GMT);(psu);(celsius);(ml/l);(mg/m**3);(mmol/m**3);(mmol/m**3);(mmol/m**3);(mmol/m**3);(mmol/m**3);(mg/m**3)
18TL17177_2412;1001;47.508;-62.62683;441580;64.15;22-sep-17;15:15:00;31.72;-0.04;265.32506;0.05;19.105;1.265;10.52;0.09;264.67749;0.242
18TL17177_2412;1001;47.508;-62.62683;441581;23.3;22-sep-17;15:15:00;29.59;4.95;289.30748;0.16;6.605;0.795;5.985;0.105;NaN;1.092
18TL17177_2412;1001;47.508;-62.62683;441582;3.87;22-sep-17;15:15:00;27.95;15.52;270.32698;1.29;2.095;0.135;0.2;0.01;272.38134;4.199
18TL17177_2413;101;45.96967;-62.399;437808;36.49;07-sep-17;04:59:00;29.78;6.8;247.90766;0.205;10.42;0.78;2.505;0.37;244.78146;0.81
18TL17177_2413;101;45.96967;-62.399;437809;25.29;07-sep-17;04:59:00;29.42;8.69;245.1834;0.28;2.225;0.13;0.27;0.04;NaN;1.256
18TL17177_2413;101;45.96967;-62.399;437810;5.26;07-sep-17;04:59:00;27.79;17.54;255.14258;1.205;9.1;0.695;2.1;0.31;255.6785;3.619
18TL17177_2414;1011;47.74817;-62.81267;441583;59.19;22-sep-17;18:48:00;31.52;-0.19;244.78146;0.04;18.865;1.395;11.395;0.08;243.73195;0.228
18TL17177_2414;1011;47.74817;-62.81267;441584;24.49;22-sep-17;18:48:00;30.18;3.15;300.07054;0.08;8.22;0.83;4.745;0.07;NaN;0.639
18TL17177_2414;1011;47.74817;-62.81267;441585;4.76;22-sep-17;18:48:00;27.85;15.79;271.44348;1.38;2.065;0.155;0.435;0.02;273.94444;5.155
18TL17177_2415;1021;47.88167;-62.98833;441586;69.5;22-sep-17;22:02:00;31.93;0.15;255.54452;0.055;19.52;1.34;12.44;0.095;254.96394;0.225
18TL17177_2415;1021;47.88167;-62.98833;441587;49.08;22-sep-17;22:02:00;31.72;0.29;281.358;0.06;15.69;1.18;10.435;0.09;NaN;0.155
18TL17177_2415;1021;47.88167;-62.98833;441588;23.3;22-sep-17;22:02:00;30.12;2.91;274.83764;0.13;10.17;1.01;7.265;0.08;NaN;0.95
18TL17177_2415;1021;47.88167;-62.98833;441589;4.86;22-sep-17;22:02:00;27.95;15.5;273.63182;1.22;1.47;0.075;0.12;0.015;275.9988;4.783
18TL17177_2416;1041;47.8985;-63.40233;441590;75.94;23-sep-17;02:11:00;32.19;0.65;238.2611;0.035;20.85;1.435;14.2;0.06;239.33294;0.171
18TL17177_2416;1041;47.8985;-63.40233;441591;49.18;23-sep-17;02:11:00;31.93;0.49;272.2027;0.05;17.82;1.33;12.785;0.03;NaN;0.118
18TL17177_2416;1041;47.8985;-63.40233;441592;23.9;23-sep-17;02:11:00;31;1.89;305.16178;0.11;10.565;1.01;9.27;0.01;NaN;0.909
18TL17177_2416;1041;47.8985;-63.40233;441593;4.76;23-sep-17;02:11:00;28.21;14.7;278.27646;1.205;2.47;0.34;1.54;0.04;289.99971;3.241
18TL17177_2417;1051;47.78333;-63.66183;441594;65.64;23-sep-17;05:25:00;32.04;0.54;237.76984;0.05;20.975;1.46;13.825;0.11;237.97081;0.221
18TL17177_2417;1051;47.78333;-63.66183;441595;47;23-sep-17;05:25:00;31.8;0.4;222.00486;0.14;21.525;1.52;14.01;0.11;NaN;0.219
18TL17177_2417;1051;47.78333;-63.66183;441596;24.49;23-sep-17;05:25:00;30.55;4.95;308.6006;0.27;4.765;0.76;4.55;0.11;NaN;1.702
18TL17177_2417;1051;47.78333;-63.66183;441597;4.86;23-sep-17;05:25:00;28.57;13.7;286.76186;1.06;1.23;0.145;0.185;0.01;290.29;3.252
18TL17177_2418;1061;47.75533;-63.9445;441598;78.22;23-sep-17;08:22:00;32.13;0.6;211.77772;0.1;25.94;1.64;14.645;0.13;213.78742;0.305
18TL17177_2418;1061;47.75533;-63.9445;441599;69.7;23-sep-17;08:22:00;32.03;0.53;213.96606;0.1;26.795;1.6;14.605;0.125;NaN;0.284
18TL17177_2418;1061;47.75533;-63.9445;441600;59.19;23-sep-17;08:22:00;31.84;0.42;271.66678;0.08;15.465;1.18;11.45;0.02;NaN;0.148
18TL17177_2418;1061;47.75533;-63.9445;441601;49.67;23-sep-17;08:22:00;31.67;0.52;306.85886;0.1;10.32;1.005;8.91;0.06;307.30546;0.163
18TL17177_2418;1061;47.75533;-63.9445;441602;39.66;23-sep-17;08:22:00;31.38;1.46;314.89766;0.1;7.845;0.92;7.305;0.08;NaN;0.315
18TL17177_2418;1061;47.75533;-63.9445;441603;29.65;23-sep-17;08:22:00;30.81;3.89;311.01224;0.12;4.975;0.76;5.14;0.12;NaN;0.436
18TL17177_2418;1061;47.75533;-63.9445;441604;19.44;23-sep-17;08:22:00;30.14;6.29;296.58706;0.185;3.745;0.675;3.93;0.12;306.3676;0.806
18TL17177_2418;1061;47.75533;-63.9445;441605;9.62;23-sep-17;08:22:00;28.69;13.07;287.11914;0.9;2.595;0.425;1.745;0.08;NaN;3.52
18TL17177_2418;1061;47.75533;-63.9445;441606;4.66;23-sep-17;08:22:00;28.39;13.06;292.7463;1;1.7;0.155;0.295;0.02;NaN;2.844
18TL17177_2418;1061;47.75533;-63.9445;441607;1.59;23-sep-17;08:22:00;28.39;13.06;290.42398;0.855;2.13;0.105;0.11;0.02;293.79581;2.815
18TL17177_2419;1071;47.689;-64.17633;441608;69.9;23-sep-17;11:33:00;32.05;0.59;244.5135;0.115;19.37;1.515;12.8;0.17;243.93292;0.3
18TL17177_2419;1071;47.689;-64.17633;441609;49.58;23-sep-17;11:33:00;31.47;1.54;290.7366;0.13;12.985;1.095;8.925;0.13;NaN;0.259
18TL17177_2419;1071;47.689;-64.17633;441610;23;23-sep-17;11:33:00;29.55;8.94;284.17158;0.135;7.375;0.805;5.365;0.115;NaN;0.821
18TL17177_2419;1071;47.689;-64.17633;441611;4.07;23-sep-17;11:33:00;27.86;14.27;281.04538;1.175;1.91;0.145;0.18;0.02;283.32304;3.767
18TL17177_2420;1081;47.81517;-64.37283;441612;29.65;23-sep-17;14:23:00;29.9;6.6;270.23766;0.13;8.68;0.745;4.23;0.14;266.57554;0.459
18TL17177_2420;1081;47.81517;-64.37283;441613;4.66;23-sep-17;14:23:00;27.99;14.27;278.76772;1.795;2.24;0.22;0.395;0.02;279.03568;5.996
18TL17177_2421;1091;47.57383;-64.39617;441614;45.51;23-sep-17;17:25:00;30.81;3.46;282.29586;0.18;7.465;0.795;4.85;0.13;286.47157;0.525
18TL17177_2421;1091;47.57383;-64.39617;441615;23.9;23-sep-17;17:25:00;28.81;10.22;298.28414;0.22;2.02;0.275;0.69;0.04;NaN;0.907
18TL17177_2421;1091;47.57383;-64.39617;441616;3.47;23-sep-17;17:25:00;28.05;13.9;287.8337;0.98;1.415;0.11;0.105;0.02;291.76378;2.645
18TL17177_2422;11;46.06833;-63.31083;437791;16.26;05-sep-17;23:14:00;28.49;16.1;231.47278;3.83;2.71;0.605;0.42;0.08;246.2999;9.686
18TL17177_2422;11;46.06833;-63.31083;437792;4.46;05-sep-17;23:14:00;28.26;17.46;273.40852;2.46;1.345;0.4;0.34;0.04;271.01921;7.619
18TL17177_2423;1101;47.43583;-64.66;441617;28.06;23-sep-17;20:27:00;29.65;7.48;242.10186;0.19;10.975;0.845;4.535;0.16;243.01739;0.573
18TL17177_2423;1101;47.43583;-64.66;441618;4.16;23-sep-17;20:27:00;27.54;16.42;265.727;1.11;1.91;0.1;0.105;0.02;268.47359;3.609
18TL17177_2424;111;46.0605;-62.056;437811;37.29;07-sep-17;07:31:00;30.41;3.73;264.96778;0.125;11.07;0.86;3.415;0.42;NaN;0.355
18TL17177_2424;111;46.0605;-62.056;437812;24.89;07-sep-17;07:31:00;29.79;6.33;254.7853;0.18;9.87;0.765;3.03;0.405;NaN;0.806
18TL17177_2424;111;46.0605;-62.056;437813;4.66;07-sep-17;07:31:00;27.17;18.07;251.52512;1.045;1.555;0.075;0.27;0.04;252.68628;4.007
18TL17177_2425;1111;47.32433;-64.39067;441619;49.58;23-sep-17;23:18:00;31.28;1.36;259.07266;0.13;17.485;1.205;10.19;0.12;255.94646;0.502
18TL17177_2425;1111;47.32433;-64.39067;441620;24.49;23-sep-17;23:18:00;29.39;9.01;290.0667;0.245;3.08;0.52;2.16;0.08;NaN;1.051
18TL17177_2425;1111;47.32433;-64.39067;441621;4.76;23-sep-17;23:18:00;27.69;15.91;269.70174;0.915;1.71;0.08;0.145;0.02;277.24928;3.413
18TL17177_2426;1121;47.24367;-64.51233;441622;36.99;24-sep-17;01:31:00;30.47;3.95;253.84744;0.095;14.865;1.025;7.575;0.135;253.11055;0.377
18TL17177_2426;1121;47.24367;-64.51233;441623;23.9;24-sep-17;01:31:00;29.45;7.84;267.46874;0.17;7.75;0.79;4.84;0.13;NaN;0.761
18TL17177_2426;1121;47.24367;-64.51233;441624;4.66;24-sep-17;01:31:00;27.29;16.73;264.02992;1.06;2.29;0.125;0.285;0.02;265.21341;3.821
18TL17177_2427;1131;47.095;-64.638;441625;25.19;24-sep-17;04:41:00;29.25;8.68;217.98546;0.45;11.805;0.81;3.94;0.245;223.59029;0.923
18TL17177_2427;1131;47.095;-64.638;441626;4.86;24-sep-17;04:41:00;27.49;16.24;267.0668;1.93;3.13;0.22;0.41;0.035;262.33284;4.596
18TL17177_2428;1141;47.1615;-64.33183;441627;41.55;24-sep-17;07:32:00;30.68;2.27;235.3582;0.13;21.69;1.18;10.015;0.12;234.44267;0.392
18TL17177_2428;1141;47.1615;-64.33183;441628;24.29;24-sep-17;07:32:00;28.64;10.79;247.59504;0.61;6.365;0.59;2.9;0.13;NaN;1.242
18TL17177_2428;1141;47.1615;-64.33183;441629;4.96;24-sep-17;07:32:00;27.66;15.75;268.6299;1.25;1.535;0.165;0.1;0.02;271.9794;4.175
18TL17177_2429;1151;46.89583;-64.54083;441630;30.24;24-sep-17;11:14:00;29.46;5.47;217.22624;0.315;17.105;1.1;7.015;0.125;217.06993;0.975
18TL17177_2429;1151;46.89583;-64.54083;441631;4.36;24-sep-17;11:14:00;27.47;16.22;261.0377;1.29;5.49;0.37;1.4;0.05;249.93969;4.022
18TL17177_2430;1161;46.99133;-64.32967;441632;33.52;24-sep-17;14:31:00;30.32;2.47;210.97384;0.16;20.52;1.19;9.065;0.115;214.68062;0.519
18TL17177_2430;1161;46.99133;-64.32967;441633;23.8;24-sep-17;14:31:00;29.41;7.09;237.3679;0.2;16.84;1.06;7.915;0.11;NaN;0.685
18TL17177_2430;1161;46.99133;-64.32967;441634;3.17;24-sep-17;14:31:00;27.42;16.4;261.61828;1.19;3.715;0.23;0.785;0.04;255.09792;3.695
18TL17177_2431;1171;47.03983;-64.24917;441635;36.69;24-sep-17;16:28:00;30.76;1.58;198.02244;0.12;25.95;1.305;9.96;0.135;194.271;0.457
18TL17177_2431;1171;47.03983;-64.24917;441636;24.1;24-sep-17;16:28:00;28.83;7.76;214.01072;0.71;12.675;0.86;5.395;0.13;NaN;1.42
18TL17177_2431;1171;47.03983;-64.24917;441637;3.77;24-sep-17;16:28:00;27.66;15.83;268.36194;1.35;2.99;0.19;0.69;0.035;263.38235;4.97
18TL17177_2432;1191;47.43367;-64.01133;441638;39.17;25-sep-17;01:19:00;31.16;1.66;264.11924;0.07;16.625;1.13;9.565;0.125;260.74741;0.311
18TL17177_2432;1191;47.43367;-64.01133;441639;24.49;25-sep-17;01:19:00;30.31;3.77;279.125;0.115;10.225;0.895;7.085;0.1;NaN;0.482
18TL17177_2432;1191;47.43367;-64.01133;441640;3.97;25-sep-17;01:19:00;27.66;16;264.8338;0.71;4.53;0.445;2.5;0.07;271.46581;4.651
18TL17177_2433;1201;47.5285;-63.84367;441641;63.06;25-sep-17;03:58:00;31.8;0.43;235.22422;0.06;21.825;1.41;13.505;0.1;239.62323;0.245
18TL17177_2433;1201;47.5285;-63.84367;441642;49.18;25-sep-17;03:58:00;31.73;0.42;234.33102;0.06;21.855;1.435;13.505;0.09;NaN;0.19
18TL17177_2433;1201;47.5285;-63.84367;441643;24.49;25-sep-17;03:58:00;29.98;4.49;249.60474;0.09;16.07;1.105;9.695;0.1;NaN;0.583
18TL17177_2433;1201;47.5285;-63.84367;441644;4.66;25-sep-17;03:58:00;27.81;15.92;263.18138;0.93;3.01;0.235;1.035;0.03;269.99203;4.482
18TL17177_2434;121;45.9015;-62.10417;437814;36.1;07-sep-17;10:08:00;30.72;2.6;255.85714;0.11;14.455;1.025;4.045;0.355;NaN;0.499
18TL17177_2434;121;45.9015;-62.10417;437815;24.1;07-sep-17;10:08:00;29.18;9.96;239.64556;1.055;7.06;0.59;0.775;0.11;NaN;2.71
18TL17177_2434;121;45.9015;-62.10417;437816;4.36;07-sep-17;10:08:00;28.04;17.45;256.88432;1.085;2.03;0.14;0.25;0.04;258.20179;3.732
18TL17177_2435;1211;47.471;-63.837;441645;59.89;25-sep-17;06:14:00;31.78;0.43;241.92322;0.07;21.19;1.4;13.195;0.1;242.12419;0.289
18TL17177_2435;1211;47.471;-63.837;441646;48.98;25-sep-17;06:14:00;31.6;0.43;252.06104;0.05;20.735;1.325;12.83;0.08;NaN;0.17
18TL17177_2435;1211;47.471;-63.837;441647;24.59;25-sep-17;06:14:00;29.95;4.59;269.5231;0.09;10.47;0.955;7.52;0.1;NaN;0.576
18TL17177_2435;1211;47.471;-63.837;441648;4.86;25-sep-17;06:14:00;27.65;16.08;262.73478;1.095;1.895;0.105;0.195;0.02;267.42408;4.007
18TL17177_2436;1221;47.4635;-63.65317;441649;65.14;25-sep-17;08:34:00;31.84;0.28;220.97768;0.1;24.605;1.44;14.135;0.14;224.84077;0.306
18TL17177_2436;1221;47.4635;-63.65317;441650;49.48;25-sep-17;08:34:00;31.74;0.12;220.35244;0.075;23.955;1.555;13.87;0.135;NaN;0.25
18TL17177_2436;1221;47.4635;-63.65317;441651;24;25-sep-17;08:34:00;29.85;4.13;265.45904;0.08;14.22;1.075;9.065;0.095;NaN;0.587
18TL17177_2436;1221;47.4635;-63.65317;441652;4.46;25-sep-17;08:34:00;27.69;16.11;260.76974;1.385;1.84;0.095;0.1;0.02;255.56685;4.509
18TL17177_2437;1231;47.361;-63.40533;441653;68.71;25-sep-17;11:02:00;31.85;0.09;212.84956;0.06;25.85;1.595;14.115;0.12;212.98354;0.256
18TL17177_2437;1231;47.361;-63.40533;441654;48.29;25-sep-17;11:02:00;31.1;0.55;259.51926;0.045;18.785;1.325;11.63;0.1;NaN;0.219
18TL17177_2437;1231;47.361;-63.40533;441655;23.2;25-sep-17;11:02:00;29.11;7.65;260.72508;0.19;7.92;0.805;4.89;0.08;NaN;1.146
18TL17177_2437;1231;47.361;-63.40533;441656;3.97;25-sep-17;11:02:00;27.7;15.87;263.36002;1.38;1.795;0.125;0.14;0.02;264.81147;4.332
18TL17177_2438;1241;47.48283;-63.20783;441657;74.36;25-sep-17;13:54:00;31.75;-0.11;218.47672;0.05;25.535;1.555;13.45;0.115;216.22139;0.268
18TL17177_2438;1241;47.48283;-63.20783;441658;48.88;25-sep-17;13:54:00;31.55;-0.37;218.92332;0.06;23.735;1.59;12.86;0.09;NaN;0.235
18TL17177_2438;1241;47.48283;-63.20783;441659;23.6;25-sep-17;13:54:00;29.02;7.77;257.55422;0.165;8.715;1.23;5.83;0.095;NaN;1.035
18TL17177_2438;1241;47.48283;-63.20783;441660;4.26;25-sep-17;13:54:00;27.69;15.95;263.85128;1.7;1.74;0.11;0.1;0.02;260.25615;5.084
18TL17177_2439;1251;47.34867;-63.1245;441661;68.31;25-sep-17;15:21:00;31.48;-0.37;224.10388;0.05;22.79;1.49;10.58;0.08;227.29707;0.343
18TL17177_2439;1251;47.34867;-63.1245;441662;48.78;25-sep-17;15:21:00;31.24;-0.41;235.04558;0.05;18.875;1.42;10.13;0.07;NaN;0.221
18TL17177_2439;1251;47.34867;-63.1245;441663;23.3;25-sep-17;15:21:00;29.06;8.7;265.68234;0.195;8.21;0.845;4.98;0.09;NaN;1.283
18TL17177_2439;1251;47.34867;-63.1245;441664;3.67;25-sep-17;15:21:00;27.77;15.91;268.00466;1.48;1.695;0.105;0.1;0.02;266.93282;3.186
18TL17177_2440;1261;47.43933;-62.89967;441665;47.89;25-sep-17;19:16:00;30.91;0.74;274.34638;0.08;13.5;1.075;6.73;0.085;266.35224;0.347
18TL17177_2440;1261;47.43933;-62.89967;441666;23.3;25-sep-17;19:16:00;29.69;6.63;282.78712;0.1;8.915;0.9;5.285;0.09;NaN;0.753
18TL17177_2440;1261;47.43933;-62.89967;441667;4.56;25-sep-17;19:16:00;28.02;15.08;275.59686;1.095;1.655;0.14;0.115;0.02;275.35123;4.305
18TL17177_2441;1271;47.27783;-62.80983;441668;51.46;25-sep-17;22:06:00;31.17;0.02;270.77358;0.03;15.17;1.215;9.005;0.075;267.22311;0.203
18TL17177_2441;1271;47.27783;-62.80983;441669;24.59;25-sep-17;22:06:00;30.08;3.25;298.3288;0.115;5.96;0.795;5.855;0.105;NaN;0.712
18TL17177_2441;1271;47.27783;-62.80983;441670;4.56;25-sep-17;22:06:00;27.76;16.21;263.31536;1.16;2.16;0.195;0.825;0.035;261.55129;3.846
18TL17177_2442;1281;47.1205;-63.11433;441671;61.87;26-sep-17;02:17:00;31.34;-0.46;233.5718;0.05;20.52;1.48;10.21;0.08;233.52714;0.3
18TL17177_2442;1281;47.1205;-63.11433;441672;49.18;26-sep-17;02:17:00;31.06;-0.35;239.10964;0.05;19.09;1.475;10.01;0.07;NaN;0.211
18TL17177_2442;1281;47.1205;-63.11433;441673;24.39;26-sep-17;02:17:00;29.76;4.14;280.55412;0.12;8.18;0.83;5.165;0.08;NaN;0.817
18TL17177_2442;1281;47.1205;-63.11433;441674;4.66;26-sep-17;02:17:00;27.77;16.09;268.49592;1.305;1.915;0.12;0.405;0.025;270.12601;5.085
18TL17177_2443;1291;47.17517;-63.39783;441675;55.53;26-sep-17;05:48:00;31.27;-0.48;233.03588;0.08;18.01;1.435;10.14;0.1;235.20189;0.406
18TL17177_2443;1291;47.17517;-63.39783;441676;49.58;26-sep-17;05:48:00;31.23;-0.47;233.16986;0.075;20.315;1.48;10.81;0.09;NaN;0.34
18TL17177_2443;1291;47.17517;-63.39783;441677;24.49;26-sep-17;05:48:00;29.52;5.22;256.795;0.1;11.305;0.915;6.03;0.105;NaN;0.764
18TL17177_2443;1291;47.17517;-63.39783;441678;4.86;26-sep-17;05:48:00;27.61;16.4;262.24352;1.38;1.605;0.085;0.255;0.02;260.70275;4.474
18TL17177_2444;1301;46.93683;-63.45583;441679;48.79;26-sep-17;10:38:00;31;0.02;231.91938;0.04;18.6;1.405;7.485;0.2;241.96788;0.295
18TL17177_2444;1301;46.93683;-63.45583;441680;23.01;26-sep-17;10:38:00;29.72;4.81;265.45904;0.12;7.955;0.755;2.86;0.34;NaN;0.724
18TL17177_2444;1301;46.93683;-63.45583;441681;4.26;26-sep-17;10:38:00;27.57;16.5;260.18916;0.945;2.245;0.135;0.47;0.03;259.65324;3.235
18TL17177_2445;131;45.87467;-61.766;437817;36.2;07-sep-17;13:52:00;30.74;2.5;257.59888;0.415;5.515;0.39;1.065;0.115;NaN;0.478
18TL17177_2445;131;45.87467;-61.766;437818;23.5;07-sep-17;13:52:00;27.97;18.05;244.64748;0.45;5.37;0.375;0.955;0.115;NaN;1.66
18TL17177_2445;131;45.87467;-61.766;437819;4.36;07-sep-17;13:52:00;27.95;18.39;247.46106;2.215;1.51;0.13;0.24;0.04;250.65425;4.322
18TL17177_2446;1331;46.67;-63.35567;441682;39.96;26-sep-17;17:11:00;30.32;2.11;215.12722;0.055;17.775;1.06;5.25;0.32;214.90392;0.375
18TL17177_2446;1331;46.67;-63.35567;441683;23.5;26-sep-17;17:11:00;29.22;5.53;251.83774;0.2;9.94;0.84;5.79;0.125;NaN;1.036
18TL17177_2446;1331;46.67;-63.35567;441684;3.37;26-sep-17;17:11:00;27.45;17.05;260.45712;1.285;1.695;0.075;0.24;0.025;259.00567;3.596
18TL17177_2447;1341;46.7675;-63.039;441685;59.3;26-sep-17;20:09:00;30.99;-0.15;242.36982;0.055;16.345;1.445;6.62;0.18;241.03002;0.383
18TL17177_2447;1341;46.7675;-63.039;441686;49.18;26-sep-17;20:09:00;30.94;-0.15;245.89796;0.045;16.6;1.64;6.705;0.235;NaN;0.283
18TL17177_2447;1341;46.7675;-63.039;441687;23.2;26-sep-17;20:09:00;29.21;5.96;240.7174;0.105;13.075;0.915;3.94;0.29;NaN;1.002
18TL17177_2447;1341;46.7675;-63.039;441688;4.66;26-sep-17;20:09:00;27.42;17.02;260.72508;1.35;1.655;0.085;0.245;0.025;264.02992;4.742
18TL17177_2448;1351;46.5385;-63.28033;441689;32.43;26-sep-17;23:40:00;29.81;4.38;203.11368;0.1;18.11;1.11;6.655;0.25;209.54472;0.527
18TL17177_2448;1351;46.5385;-63.28033;441690;4.96;26-sep-17;23:40:00;27.39;17.09;260.01052;1.42;1.515;0.075;0.255;0.02;262.44449;3.976
18TL17177_2449;1361;46.49117;-62.954;441691;34.61;27-sep-17;01:24:00;30.18;3.04;218.20876;0.155;16.925;1.1;5.62;0.32;210.08064;0.449
18TL17177_2449;1361;46.49117;-62.954;441692;25.39;27-sep-17;01:24:00;29.51;5.12;219.77186;0.27;14.74;1.01;5.435;0.23;NaN;0.747
18TL17177_2449;1361;46.49117;-62.954;441693;4.86;27-sep-17;01:24:00;27.38;17.05;257.86684;1.27;1.84;0.135;0.4;0.035;258.55907;3.337
18TL17177_2450;1371;46.50933;-62.68533;441694;25.78;27-sep-17;06:17:00;29.78;4.66;246.70184;0.225;8.845;0.755;3.905;0.205;246.2999;0.641
18TL17177_2450;1371;46.50933;-62.68533;441695;4.36;27-sep-17;06:17:00;27.53;16.67;260.54644;1.06;1.675;0.07;0.22;0.02;263.78429;3.461
18TL17177_2451;1381;46.5245;-62.55017;441696;32.72;27-sep-17;10:19:00;30.14;3.45;254.562;0.1;11.035;0.87;4.975;0.3;238.7077;0.333
18TL17177_2451;1381;46.5245;-62.55017;441697;24.69;27-sep-17;10:19:00;29.07;7.38;216.95828;0.305;9.755;0.72;4.105;0.25;NaN;0.977
18TL17177_2451;1381;46.5245;-62.55017;441698;4.36;27-sep-17;10:19:00;27.57;16.61;259.60858;1.13;1.955;0.08;0.32;0.03;261.06003;3.159
18TL17177_2452;1391;46.6985;-62.5715;441699;53.45;27-sep-17;13:10:00;30.99;0.2;257.19694;0.03;14.94;1.215;7.015;0.18;255.38821;0.224
18TL17177_2452;1391;46.6985;-62.5715;441700;23.21;27-sep-17;13:10:00;29.55;5.25;275.15026;0.125;7.695;0.745;3.72;0.135;NaN;0.812
18TL17177_2452;1391;46.6985;-62.5715;441701;4.07;27-sep-17;13:10:00;27.46;16.57;255.2319;1.095;2.85;0.23;0.895;0.045;257.71053;3.092
18TL17177_2453;1411;46.93733;-62.43167;441702;61.48;27-sep-17;17:25:00;31.25;0.06;251.79308;0.03;16.845;1.27;7.24;0.135;226.15824;0.259
18TL17177_2453;1411;46.93733;-62.43167;441703;48.29;27-sep-17;17:25:00;31.21;0.05;252.50764;0.04;16.405;1.275;7.31;0.11;NaN;0.255
18TL17177_2453;1411;46.93733;-62.43167;441704;23.3;27-sep-17;17:25:00;30.24;3.55;299.57928;0.11;5.6;0.83;4.75;0.085;NaN;0.601
18TL17177_2453;1411;46.93733;-62.43167;441705;3.37;27-sep-17;17:25:00;27.67;16.12;260.54644;1.29;1.795;0.1;0.34;0.02;261.57362;4.482
18TL17177_2454;1421;46.8565;-62.03883;441706;58.01;28-sep-17;02:41:00;31.34;0.47;254.69598;0.03;15.01;1.23;6.92;0.2;249.53775;0.27
18TL17177_2454;1421;46.8565;-62.03883;441707;48.98;28-sep-17;02:41:00;31.27;0.48;256.30374;0.05;14.585;1.205;6.735;0.22;NaN;0.266
18TL17177_2454;1421;46.8565;-62.03883;441708;24.1;28-sep-17;02:41:00;30.61;3.18;278.4551;0.07;10.895;1.03;5.21;0.23;NaN;0.859
18TL17177_2454;1421;46.8565;-62.03883;441709;5.06;28-sep-17;02:41:00;27.5;16.52;256.1251;1.13;0.855;0.115;0.3;0.02;260.68042;2.125
18TL17177_2455;1431;46.8495;-61.77617;441710;57.71;28-sep-17;05:21:00;31.75;0.96;256.66102;0.05;16.375;1.195;8.18;0.11;253.06589;0.266
18TL17177_2455;1431;46.8495;-61.77617;441711;49.28;28-sep-17;05:21:00;31.71;0.96;257.37558;0.05;16.365;1.195;8.155;0.11;NaN;0.208
18TL17177_2455;1431;46.8495;-61.77617;441712;24.79;28-sep-17;05:21:00;30.61;2.98;280.06286;0.08;10.3;0.95;4.735;0.21;NaN;0.403
18TL17177_2455;1431;46.8495;-61.77617;441713;5.16;28-sep-17;05:21:00;27.67;16.3;257.6882;1.74;0.62;0.08;0.215;0.02;261.9309;3.341
18TL17177_2456;1441;47.19117;-61.499;441714;30.74;28-sep-17;08:49:00;30.25;8.22;238.61838;0.255;8.15;0.855;3.665;0.19;240.98536;0.755
18TL17177_2456;1441;47.19117;-61.499;441715;24.39;28-sep-17;08:49:00;29.25;13.97;244.15622;1.29;2.415;0.335;0.95;0.065;243.95525;2.063
18TL17177_2456;1441;47.19117;-61.499;441716;4.76;28-sep-17;08:49:00;28.2;15.63;261.261;NaN;NaN;NaN;NaN;NaN;NaN;5.448
18TL17177_2457;1451;47.36633;-61.40017;441717;33.81;28-sep-17;11:40:00;30.73;5.49;264.87846;NaN;NaN;NaN;NaN;NaN;NaN;0.666
18TL17177_2457;1451;47.36633;-61.40017;441718;23.9;28-sep-17;11:40:00;30.34;7.09;256.43772;0.405;5.975;0.74;3.33;0.17;254.62899;0.749
18TL17177_2457;1451;47.36633;-61.40017;441719;3.57;28-sep-17;11:40:00;28.29;15.43;258.49208;2.915;0.99;0.21;0.555;0.035;259.4746;7.331
18TL17177_2458;151;45.77683;-61.65117;437820;27.77;07-sep-17;20:35:00;30.12;5.49;226.4262;0.185;18.055;1.155;3.585;0.455;223.81359;0.719
18TL17177_2458;151;45.77683;-61.65117;437821;3.17;07-sep-17;20:35:00;27.87;18.75;249.06882;2.04;1.52;0.14;0.235;0.04;252.06104;5.314
18TL17177_2459;161;45.873;-61.74117;437822;36.4;07-sep-17;22:41:00;30.78;2.23;254.60666;0.11;16.24;1.135;4.4;0.345;252.73094;0.507
18TL17177_2459;161;45.873;-61.74117;437823;24.89;07-sep-17;22:41:00;28.85;12.59;218.03012;0.98;6.755;0.47;0.905;0.125;NaN;1.151
18TL17177_2459;161;45.873;-61.74117;437824;4.86;07-sep-17;22:41:00;27.89;18.68;249.56008;2.48;1.62;0.145;0.23;0.04;247.95232;5.475
18TL17177_2460;171;46.025;-61.72917;437825;46.81;08-sep-17;01:02:00;31.29;1.2;251.6591;0.08;16.79;1.24;6.525;0.185;248.91251;0.372
18TL17177_2460;171;46.025;-61.72917;437826;24.89;08-sep-17;01:02:00;29.19;10.37;198.33506;0.305;11.1;0.655;0.99;0.165;NaN;0.95
18TL17177_2460;171;46.025;-61.72917;437827;5.36;08-sep-17;01:02:00;27.76;18.28;249.33678;1.675;1.9;0.115;0.23;0.04;251.36881;4.005
18TL17177_2461;181;46.10783;-61.573;437828;46.11;08-sep-17;03:28:00;31.3;1.21;253.53482;0.07;16.45;1.205;6.52;0.17;251.77075;0.383
18TL17177_2461;181;46.10783;-61.573;437829;25.09;08-sep-17;03:28:00;28.46;14.63;229.999;0.85;6.54;0.48;1.26;0.15;NaN;1.373
18TL17177_2461;181;46.10783;-61.573;437830;4.86;08-sep-17;03:28:00;27.88;18.2;248.57756;1.515;1.575;0.135;0.23;0.04;250.94454;3.184
18TL17177_2462;191;46.18617;-61.56933;437831;50.38;08-sep-17;06:03:00;31.84;1.23;257.4649;0.065;15.425;1.225;8.435;0.19;255.49986;0.298
18TL17177_2462;191;46.18617;-61.56933;437832;24.5;08-sep-17;06:03:00;28.03;16.91;238.30576;0.3;4.365;0.32;0.78;0.1;NaN;1.25
18TL17177_2462;191;46.18617;-61.56933;437833;4.96;08-sep-17;06:03:00;27.28;18.35;249.4261;1.32;1.45;0.08;0.23;0.04;249.98435;3.833
18TL17177_2463;201;46.3805;-61.45317;437834;61.08;08-sep-17;09:08:00;32.55;1.77;263.76196;0.075;13.645;1.185;10.94;0.13;255.07559;0.188
18TL17177_2463;201;46.3805;-61.45317;437835;24;08-sep-17;09:08:00;27.65;18.13;244.78146;0.95;2.58;0.215;0.505;0.045;NaN;3.215
18TL17177_2463;201;46.3805;-61.45317;437836;4.66;08-sep-17;09:08:00;27.31;18.22;249.2028;1.595;1.455;0.115;0.23;0.04;247.99698;3.648
18TL17177_2464;21;46.07867;-63.34583;437793;17.45;06-sep-17;02:50:00;28.42;16.49;236.43004;11.38;1.545;0.405;0.505;0.04;253.2222;11.948
18TL17177_2464;21;46.07867;-63.34583;437794;4.56;06-sep-17;02:50:00;28.21;17.48;270.4163;2.495;1.025;0.42;0.245;0.04;269.83572;8.173
18TL17177_2465;211;46.392;-61.54983;437837;60.88;08-sep-17;11:07:00;32.32;1.45;269.43378;0.04;13.07;1.135;9.91;0.16;267.13379;0.181
18TL17177_2465;211;46.392;-61.54983;437838;23.9;08-sep-17;11:07:00;28.51;13.89;217.58352;0.205;6.775;0.545;0.535;0.09;NaN;0.994
18TL17177_2465;211;46.392;-61.54983;437839;3.77;08-sep-17;11:07:00;27.08;17.63;250.22998;1.335;1.845;0.11;0.23;0.04;256.01345;4.022
18TL17177_2466;221;46.42467;-61.369;437840;59.5;08-sep-17;12:52:00;32.67;1.95;257.06296;0.06;14.42;1.195;11.52;0.135;254.02608;0.136
18TL17177_2466;221;46.42467;-61.369;437841;23.9;08-sep-17;12:52:00;27.72;17.87;241.69992;0.61;1.77;0.13;0.23;0.04;NaN;2.237
18TL17177_2466;221;46.42467;-61.369;437842;4.56;08-sep-17;12:52:00;27.29;18.17;248.66688;1.58;1.465;0.08;0.23;0.04;249.85037;3.92
18TL17177_2467;231;46.5305;-61.15917;437843;51.66;08-sep-17;14:51:00;32.98;2.5;245.22806;0.04;15.485;1.195;12.655;0.1;245.11641;0.134
18TL17177_2467;231;46.5305;-61.15917;437844;24.89;08-sep-17;14:51:00;27.29;17.99;246.21058;0.805;1.555;0.085;0.23;0.04;NaN;2.432
18TL17177_2467;231;46.5305;-61.15917;437845;5.95;08-sep-17;14:51:00;27.28;18.16;250.5426;1.14;1.265;0.06;0.23;0.04;255.47753;3.174
18TL17177_2468;241;46.65317;-61.326;437846;65.44;08-sep-17;17:38:00;32.62;1.71;281.44732;0.03;11.33;1.065;10.23;0.07;372.62071;0.104
18TL17177_2468;241;46.65317;-61.326;437847;24.79;08-sep-17;17:38:00;28.83;12.02;231.29414;0.25;5.64;0.54;0.85;0.125;NaN;1.316
18TL17177_2468;241;46.65317;-61.326;437848;4.86;08-sep-17;17:38:00;27.34;17.84;254.24938;1.385;1.635;0.13;0.23;0.04;252.08337;9.008
18TL17177_2469;251;46.8235;-61.2025;437849;65.24;08-sep-17;19:49:00;32.14;1.13;292.70164;0.04;10.53;1.04;8.235;0.16;288.88321;0.168
18TL17177_2469;251;46.8235;-61.2025;437850;24.89;08-sep-17;19:49:00;28.85;10.84;252.7756;0.465;3.65;0.465;0.935;0.145;NaN;1.376
18TL17177_2469;251;46.8235;-61.2025;437851;4.26;08-sep-17;19:49:00;27.22;17.58;255.09792;1.14;1.645;0.1;0.245;0.04;256.25908;4.489
18TL17177_2470;261;46.75717;-61.38467;437852;66.24;08-sep-17;22:21:00;32.22;1.28;267.37942;0.055;13.935;1.16;9.855;0.155;259.74256;0.211
18TL17177_2470;261;46.75717;-61.38467;437853;24.89;08-sep-17;22:21:00;29.97;5.91;263.58332;0.145;8.325;0.725;2.545;0.355;NaN;0.384
18TL17177_2470;261;46.75717;-61.38467;437854;4.86;08-sep-17;22:21:00;27.05;17.77;257.4649;1.24;1.45;0.085;0.245;0.04;258.60373;4.487
18TL17177_2471;271;46.99617;-60.9695;437855;98.75;09-sep-17;01:25:00;32.88;2.19;269.12116;0.04;12.83;1.125;11.365;0.11;268.09398;0.091
18TL17177_2471;271;46.99617;-60.9695;437856;50.17;09-sep-17;01:25:00;31.44;1.35;288.90554;0.04;8.87;0.97;5.74;0.23;NaN;0.162
18TL17177_2471;271;46.99617;-60.9695;437857;24.69;09-sep-17;01:25:00;28.91;10.41;252.329;0.405;3.38;0.425;1.18;0.145;NaN;1.738
18TL17177_2471;271;46.99617;-60.9695;437858;4.76;09-sep-17;01:25:00;27.14;17.75;253.26686;1.145;1.53;0.06;0.23;0.04;251.77075;4.364
18TL17177_2472;281;47.03933;-60.866;437859;115.9;09-sep-17;03:29:00;33.31;3.21;233.61646;0.035;15.44;1.245;13.815;0.08;235.24655;0.074
18TL17177_2472;281;47.03933;-60.866;437860;49.58;09-sep-17;03:29:00;31.19;2.23;300.02588;0.08;6.48;0.905;4.39;0.27;NaN;0.234
18TL17177_2472;281;47.03933;-60.866;437861;25.19;09-sep-17;03:29:00;29.03;9.52;256.52704;0.18;2.895;0.44;0.975;0.16;NaN;0.969
18TL17177_2472;281;47.03933;-60.866;437862;5.65;09-sep-17;03:29:00;27.11;17.65;251.97172;1.145;1.525;0.105;0.23;0.04;254.02608;4.042
18TL17177_2473;291;47.15133;-61.25117;437863;47.99;09-sep-17;07:24:00;31.69;1.48;281.09004;0.045;12.375;1.035;7.975;0.28;277.62889;0.307
18TL17177_2473;291;47.15133;-61.25117;437864;25.19;09-sep-17;07:24:00;30;5.23;306.09964;0.14;3.23;0.575;1.295;0.26;NaN;1.077
18TL17177_2473;291;47.15133;-61.25117;437865;4.86;09-sep-17;07:24:00;28.08;17.51;253.31152;0.835;1.37;0.13;0.78;0.04;255.72316;4.217
18TL17177_2474;301;47.19267;-61.15667;437866;51.76;09-sep-17;08:29:00;31.97;1.13;296.36376;0.055;10.08;0.985;7.245;0.205;290.7366;0.188
18TL17177_2474;301;47.19267;-61.15667;437867;25.39;09-sep-17;08:29:00;29.82;6.6;286.2706;0.18;3.405;0.535;1.02;0.295;NaN;1.345
18TL17177_2474;301;47.19267;-61.15667;437868;4.76;09-sep-17;08:29:00;27.94;17.22;254.69598;0.885;1.285;0.125;0.78;0.055;253.13288;3.696
18TL17177_2475;31;46.05;-63.51217;437795;19.14;06-sep-17;06:24:00;28.82;13.74;186.14288;3.835;5.405;0.695;0.71;0.095;209.902;8.268
18TL17177_2475;31;46.05;-63.51217;437796;4.66;06-sep-17;06:24:00;28.14;17.81;250.85522;1.865;0.75;0.42;0.315;0.045;251.56978;7.065
18TL17177_2476;311;47.30333;-60.9245;437869;62.56;09-sep-17;11:06:00;32.14;1.18;310.78894;0.045;7.615;0.91;7.255;0.17;305.72003;0.18
18TL17177_2476;311;47.30333;-60.9245;437870;24.59;09-sep-17;11:06:00;29.84;7.57;271.71144;0.105;4.36;0.66;1.66;0.335;NaN;0.797
18TL17177_2476;311;47.30333;-60.9245;437871;5.06;09-sep-17;11:06:00;28.13;17.07;256.16976;1.365;1.415;0.135;0.78;0.04;258.40276;4.808
18TL17177_2477;321;47.4315;-60.928;437872;50.27;09-sep-17;13:52:00;31.63;1.37;292.65698;0.065;10.485;0.94;5.56;0.275;288.70457;0.242
18TL17177_2477;321;47.4315;-60.928;437873;24.89;09-sep-17;13:52:00;28.84;14.33;258.26878;0.805;2.565;0.295;0.78;0.075;NaN;3.506
18TL17177_2477;321;47.4315;-60.928;437874;4.76;09-sep-17;13:52:00;28.23;16.71;260.45712;1.835;1.78;0.18;0.78;0.04;256.61636;5.63
18TL17177_2478;331;47.3865;-60.7665;437875;58.6;09-sep-17;15:45:00;32.08;1.16;316.10348;0.07;6.925;0.875;8.675;0.18;309.31516;0.196
18TL17177_2478;331;47.3865;-60.7665;437876;24.29;09-sep-17;15:45:00;29.29;11.73;258.31344;0.625;4.195;0.55;2.22;0.18;NaN;2.338
18TL17177_2478;331;47.3865;-60.7665;437877;4.26;09-sep-17;15:45:00;28.82;16.51;260.90372;0.805;1.555;0.135;0.78;0.05;262.77944;2.055
18TL17177_2479;341;47.284;-60.70233;437878;59.1;09-sep-17;18:25:00;31.9;1.23;318.02386;0.085;6.43;0.85;4.125;0.22;307.77439;0.268
18TL17177_2479;341;47.284;-60.70233;437879;24.79;09-sep-17;18:25:00;29.49;9.22;271.13086;0.14;3.39;0.565;0.99;0.265;NaN;1.006
18TL17177_2479;341;47.284;-60.70233;437880;4.36;09-sep-17;18:25:00;28.32;17.01;262.24352;1.155;3.68;0.185;0.78;0.05;263.69497;5.629
18TL17177_2480;351;47.13933;-60.6915;437881;176.25;09-sep-17;21:48:00;34.35;6;147.69062;0.01;21.715;1.555;30.06;0.08;152.44691;0.016
18TL17177_2480;351;47.13933;-60.6915;437882;49.97;09-sep-17;21:48:00;31.79;1.43;343.25676;0.13;3.81;0.735;5.265;0.23;332.67234;0.769
18TL17177_2480;351;47.13933;-60.6915;437883;24.49;09-sep-17;21:48:00;27.44;16.83;246.21058;0.335;1.865;0.21;0.78;0.1;NaN;2.096
18TL17177_2480;351;47.13933;-60.6915;437884;4.17;09-sep-17;21:48:00;27.16;17.91;255.41054;1.19;1.445;0.09;0.78;0.045;254.82996;4.045
18TL17177_2481;361;47.10983;-60.39083;437885;157.32;09-sep-17;23:39:00;34.08;5.3;166.5818;0.03;20.115;1.525;27.905;0.095;167.0284;0.089
18TL17177_2481;361;47.10983;-60.39083;437886;49.38;09-sep-17;23:39:00;31.78;1.42;310.78894;0.115;6.23;0.845;7.165;0.21;306.76954;0.267
18TL17177_2481;361;47.10983;-60.39083;437887;24.29;09-sep-17;23:39:00;27.57;16.81;252.7756;0.71;1.53;0.145;0.78;0.05;NaN;2.786
18TL17177_2481;361;47.10983;-60.39083;437888;4.17;09-sep-17;23:39:00;27.36;17.79;256.08044;0.74;1.235;0.085;0.78;0.04;258.26878;3.45
18TL17177_2482;371;47.28617;-60.591;437889;72.97;10-sep-17;04:06:00;32.13;1.19;316.4161;0.065;6.75;0.865;9.385;0.17;312.24039;0.215
18TL17177_2482;371;47.28617;-60.591;437890;49.58;10-sep-17;04:06:00;31.68;1.19;305.38508;0.11;7.22;0.905;6.015;0.265;NaN;0.313
18TL17177_2482;371;47.28617;-60.591;437891;24.79;10-sep-17;04:06:00;28.97;13.66;260.01052;0.545;3.155;0.45;1.515;0.125;NaN;2.438
18TL17177_2482;371;47.28617;-60.591;437892;5.55;10-sep-17;04:06:00;28.34;16.98;261.30566;1.16;1.56;0.16;0.78;0.045;261.39498;4.85
18TL17177_2483;381;47.4285;-60.42033;437893;90.32;10-sep-17;07:06:00;32.73;1.67;287.29778;0.03;10.31;1.04;14.335;0.095;284.43954;0.08
18TL17177_2483;381;47.4285;-60.42033;437894;50.97;10-sep-17;07:06:00;31.98;1.22;320.8821;0.12;6.175;0.845;6.875;0.21;NaN;0.385
18TL17177_2483;381;47.4285;-60.42033;437895;26.38;10-sep-17;07:06:00;31.38;4.7;340.13056;0.93;1.245;0.495;0.78;0.18;335.75388;3
18TL17177_2483;381;47.4285;-60.42033;437896;5.06;10-sep-17;07:06:00;29.89;17.53;251.6591;0.205;0.955;0.145;0.78;0.04;253.53482;0.932
18TL17177_2484;391;47.47717;-60.48617;437897;118.57;10-sep-17;09:14:00;33.54;3.74;211.9117;0.015;15.925;1.305;21.59;0.06;225.26504;0.059
18TL17177_2484;391;47.47717;-60.48617;437898;49.68;10-sep-17;09:14:00;31.99;1.77;346.65092;0.145;2.3;0.67;4.14;0.22;NaN;0.882
18TL17177_2484;391;47.47717;-60.48617;437899;23.01;10-sep-17;09:14:00;30.14;15.44;280.19684;1.27;0.915;0.345;0.78;0.045;NaN;2.405
18TL17177_2484;391;47.47717;-60.48617;437900;4.36;10-sep-17;09:14:00;30.13;17.41;251.12318;0.175;0.83;0.145;0.78;0.04;252.68628;0.9
18TL17177_2485;401;47.61533;-60.45817;437901;279.06;10-sep-17;12:48:00;34.67;6.58;110.9801;0.01;27.645;1.755;34.2;0.05;116.62959;NaN
18TL17177_2485;401;47.61533;-60.45817;437902;48.78;10-sep-17;12:48:00;32;0.97;341.29172;0.105;3.735;0.75;7.44;0.145;NaN;0.472
18TL17177_2485;401;47.61533;-60.45817;437903;23.7;10-sep-17;12:48:00;31.02;7.06;334.45874;1.19;1.14;0.495;0.78;0.13;NaN;4.068
18TL17177_2485;401;47.61533;-60.45817;437904;4.26;10-sep-17;12:48:00;29.21;17.03;254.562;0.335;1.105;0.12;0.78;0.04;257.28626;1.225
18TL17177_2486;41;45.95383;-63.39017;437797;19.64;06-sep-17;08:48:00;28.95;12.41;224.6398;3.09;5.505;0.565;0.98;0.145;235.96111;3.945
18TL17177_2486;41;45.95383;-63.39017;437798;5.06;06-sep-17;08:48:00;28.36;17.3;268.13864;2.845;1.32;0.275;0.4;0.04;266.75418;8.075
18TL17177_2487;411;47.78967;-60.6;437905;262.41;10-sep-17;15:29:00;34.55;6.43;116.07134;0.01;26.88;1.725;33.85;0.05;121.22957;0.022
18TL17177_2487;411;47.78967;-60.6;437906;50.67;10-sep-17;15:29:00;31.92;0.98;345.53442;0.155;3.385;0.735;5.295;0.18;NaN;0.602
18TL17177_2487;411;47.78967;-60.6;437907;25.38;10-sep-17;15:29:00;30.55;12.9;285.55604;0.87;0.755;0.33;0.78;0.04;NaN;2.666
18TL17177_2487;411;47.78967;-60.6;437908;5.75;10-sep-17;15:29:00;28.93;16.59;260.94838;0.74;1.3;0.15;0.78;0.04;262.1542;2.454
18TL17177_2488;421;47.759;-60.90617;437909;57.51;10-sep-17;20:03:00;31.94;1.2;323.1151;0.075;6.37;0.855;6.765;0.18;316.6394;0.366
18TL17177_2488;421;47.759;-60.90617;437910;24.69;10-sep-17;20:03:00;30.09;17.22;251.79308;0.405;1.145;0.33;0.78;0.06;NaN;1.768
18TL17177_2488;421;47.759;-60.90617;437911;5.45;10-sep-17;20:03:00;29.77;17.38;253.8921;0.215;1.065;0.145;0.78;0.04;255.12025;1.039
18TL17177_2489;431;47.79633;-61.05833;437912;42.14;10-sep-17;23:55:00;31.53;1.19;289.26282;0.065;10.05;1.01;7.33;0.2;284.08226;0.282
18TL17177_2489;431;47.79633;-61.05833;437913;24.79;10-sep-17;23:55:00;29.44;15.33;253.04356;0.37;2.77;0.34;0.78;0.04;NaN;2.243
18TL17177_2489;431;47.79633;-61.05833;437914;4.56;10-sep-17;23:55:00;28.47;16.14;263.09206;1.175;1.8;0.195;0.78;0.04;263.87361;5.239
18TL17177_2490;441;47.89367;-60.82867;437915;135.01;11-sep-17;02:48:00;33.38;3.24;222.58544;0.02;15.87;1.325;21.56;0.04;226.93979;0.045
18TL17177_2490;441;47.89367;-60.82867;437916;99.83;11-sep-17;02:48:00;32.92;1.8;277.96384;0.01;11.225;1.1;13.85;0.04;NaN;0.031
18TL17177_2490;441;47.89367;-60.82867;437917;49.87;11-sep-17;02:48:00;31.58;1.47;354.06448;0.19;2.575;0.68;2.795;0.255;332.58302;1.308
18TL17177_2490;441;47.89367;-60.82867;437918;24.99;11-sep-17;02:48:00;29.28;11.38;250.05134;0.36;3.275;0.48;1.215;0.11;NaN;2.675
18TL17177_2490;441;47.89367;-60.82867;437919;4.16;11-sep-17;02:48:00;28.4;15.83;263.80662;0.9;1.795;0.175;0.78;0.04;264.65516;4.266
18TL17177_2491;51;45.887;-62.808;437799;33.82;06-sep-17;12:53:00;29.37;9.5;244.82612;1.335;8.36;0.645;2.045;0.28;234.37568;2.557
18TL17177_2491;51;45.887;-62.808;437800;5.26;06-sep-17;12:53:00;28.5;15.85;259.74256;2.365;2.495;0.325;0.42;0.05;200.5234;5.659
18TL17177_2492;61;45.90383;-62.66333;437801;27.07;06-sep-17;16:51:00;29.62;7.79;244.11156;0.805;8.605;0.64;1.89;0.26;241.3873;1.317
18TL17177_2492;61;45.90383;-62.66333;437802;5.45;06-sep-17;16:51:00;28.06;17.23;261.75226;1.945;1.915;0.14;0.275;0.04;263.47167;5.216
18TL17177_2493;71;45.81867;-62.42233;437803;19.44;06-sep-17;20:31:00;28.37;16.42;247.72902;2.32;2.49;0.31;0.34;0.04;245.00476;8.196
18TL17177_2493;71;45.81867;-62.42233;437804;4.07;06-sep-17;20:31:00;28.37;16.69;251.4358;2.145;2.32;0.3;0.39;0.04;252.08337;7.534
18TL17177_2494;711;47.97167;-65.87717;437993;33.12;18-sep-17;18:58:00;29.15;6.93;241.20866;0.51;12.98;0.95;5.415;0.215;244.42418;1.811
18TL17177_2494;711;47.97167;-65.87717;437994;24.69;18-sep-17;18:58:00;28.97;8.71;266.3969;0.55;7.59;0.675;3.89;0.13;NaN;1.779
18TL17177_2494;711;47.97167;-65.87717;437995;4.86;18-sep-17;18:58:00;27.62;13.53;278.18714;2.11;2.915;0.255;0.22;0.025;281.67062;7.776
18TL17177_2495;731;47.85633;-65.3585;441501;60.88;19-sep-17;01:29:00;31.38;0.87;230.17764;0.11;21.44;1.375;12.895;0.07;238.30576;0.449
18TL17177_2495;731;47.85633;-65.3585;441502;50.17;19-sep-17;01:29:00;30.46;2.25;231.60676;0.09;20.51;1.23;10.94;0.17;NaN;0.45
18TL17177_2495;731;47.85633;-65.3585;441503;24.49;19-sep-17;01:29:00;29.18;7.7;272.38134;0.305;7.415;0.7;5.02;0.12;NaN;1.23
18TL17177_2495;731;47.85633;-65.3585;441504;4.76;19-sep-17;01:29:00;27.57;14.49;275.64152;1.34;3.52;0.235;0.545;0.025;272.8726;6.644
18TL17177_2496;741;47.96367;-64.79367;441505;49.67;19-sep-17;07:16:00;30.53;1.91;242.59312;0.07;18.855;1.215;11.855;0.14;287.92302;0.395
18TL17177_2496;741;47.96367;-64.79367;441506;24.79;19-sep-17;07:16:00;29.35;5.5;243.88826;0.2;15.795;1.055;9.35;0.135;NaN;1.159
18TL17177_2496;741;47.96367;-64.79367;441507;4.76;19-sep-17;07:16:00;27.82;14.25;277.87452;1.265;2.305;0.125;0.225;0.02;278.36578;6.09
18TL17177_2497;81;45.9075;-62.425;437805;33.52;07-sep-17;01:35:00;30.3;4.18;247.28242;0.21;15.045;1;3.67;0.455;243.397;0.911
18TL17177_2497;81;45.9075;-62.425;437806;24.79;07-sep-17;01:35:00;29.47;8.27;237.8145;0.275;13.08;0.895;2.965;0.43;NaN;1.362
18TL17177_2497;81;45.9075;-62.425;437807;4.76;07-sep-17;01:35:00;28.07;17.44;259.07266;1.225;2.65;0.205;0.39;0.05;256.03578;4.198
18TL17177_2498;881;47.9755;-62.27383;441549;73.56;21-sep-17;02:11:00;32.22;0.46;274.97162;0.04;16.77;1.185;10.91;0.115;272.18037;0.149
18TL17177_2498;881;47.9755;-62.27383;441550;49.08;21-sep-17;02:11:00;31.8;0.07;281.17936;0.06;16.615;1.21;10.71;0.1;NaN;0.14
18TL17177_2498;881;47.9755;-62.27383;441551;24.09;21-sep-17;02:11:00;30.83;2.34;325.21412;0.17;5.18;0.785;5.31;0.115;NaN;0.871
18TL17177_2498;881;47.9755;-62.27383;441552;4.66;21-sep-17;02:11:00;28.4;14.98;274.34638;1.19;1.865;0.13;0.17;0.02;276.4454;4.639
18TL17177_2499;891;47.9635;-61.95683;441553;57.6;21-sep-17;05:14:00;31.53;0;272.06872;0.065;15.52;1.23;7.92;0.145;273.67648;0.161
18TL17177_2499;891;47.9635;-61.95683;441554;49.48;21-sep-17;05:14:00;31.36;0.04;274.03376;0.11;14.535;1.22;7.66;0.185;NaN;0.2
18TL17177_2499;891;47.9635;-61.95683;441555;24.39;21-sep-17;05:14:00;30.59;1.74;305.96566;0.12;8.005;0.955;6.495;0.12;NaN;0.409
18TL17177_2499;891;47.9635;-61.95683;441556;4.86;21-sep-17;05:14:00;28.29;15.04;271.7561;1.32;2.225;0.14;0.29;0.02;273.92211;4.434
18TL17177_2500;931;47.9785;-61.138;441557;79.31;21-sep-17;18:06:00;32.27;0.9;298.95404;0.04;9.485;0.985;8.485;0.1;299.13268;0.131
18TL17177_2500;931;47.9785;-61.138;441558;49.28;21-sep-17;18:06:00;31.7;0.8;315.79086;0.125;8.495;0.92;6.19;0.1;NaN;0.35
18TL17177_2500;931;47.9785;-61.138;441559;24.09;21-sep-17;18:06:00;30.75;1.95;321.73064;0.23;5.445;0.835;5.22;0.115;NaN;1.108
18TL17177_2500;931;47.9785;-61.138;441560;3.47;21-sep-17;18:06:00;28.95;14.65;273.49784;1.32;1.65;0.155;0.205;0.015;276.02113;4.291
18TL17177_2501;941;47.77717;-61.11867;441561;29.35;21-sep-17;20:51:00;30.53;4.32;282.16188;0.16;6.745;0.805;4.195;0.155;278.81238;0.803
18TL17177_2501;941;47.77717;-61.11867;441562;24.69;21-sep-17;20:51:00;30.32;5.4;276.57938;0.3;6.35;0.77;3.875;0.17;NaN;1.193
18TL17177_2501;941;47.77717;-61.11867;441563;4.46;21-sep-17;20:51:00;28.68;14.94;274.56968;1.38;1.635;0.12;0.125;0.01;281.00072;5.074
18TL17177_2502;951;47.76983;-61.681;441564;36.89;22-sep-17;00:28:00;31.13;1.21;280.9114;0.06;10.815;1.01;5.565;0.2;278.43277;0.278
18TL17177_2502;951;47.76983;-61.681;441565;23.8;22-sep-17;00:28:00;30.51;4.2;255.81248;0.16;9.105;0.97;4.455;0.28;NaN;0.614
18TL17177_2502;951;47.76983;-61.681;441566;4.76;22-sep-17;00:28:00;28.12;15.66;269.7464;1.335;1.51;0.095;0.165;0.03;272.11338;5.036
18TL17177_2503;961;47.75183;-62.17767;441567;56.12;22-sep-17;04:10:00;31.6;-0.15;246.65718;0.03;18.855;1.315;8.305;0.155;249.89503;0.236
18TL17177_2503;961;47.75183;-62.17767;441568;49.48;22-sep-17;04:10:00;31.52;-0.14;247.90766;0.04;18.8;1.315;8.265;0.16;NaN;0.195
18TL17177_2503;961;47.75183;-62.17767;441569;24.69;22-sep-17;04:10:00;30.1;3.16;302.5715;0.12;6.695;0.785;4.94;0.08;NaN;0.963
18TL17177_2503;961;47.75183;-62.17767;441570;4.36;22-sep-17;04:10:00;28.05;15.08;270.6396;1.32;1.775;0.11;0.12;0.01;273.72114;4.918
18TL17177_2504;971;47.649;-61.98967;441571;37.98;22-sep-17;06:52:00;30.92;2.2;249.8727;0.06;12.325;1.09;4.85;0.36;249.69406;0.354
18TL17177_2504;971;47.649;-61.98967;441572;24.59;22-sep-17;06:52:00;30.54;2.78;279.5716;0.175;7.035;0.84;4.41;0.19;NaN;0.746
18TL17177_2504;971;47.649;-61.98967;441573;4.56;22-sep-17;06:52:00;27.87;15.86;266.57554;1.24;1.57;0.095;0.14;0.02;269.50077;4.104
18TL17177_2505;981;47.4745;-62.08617;441574;33.32;22-sep-17;09:46:00;30.94;2.33;240.80672;0.115;10.995;1.03;4.265;0.37;242.99506;0.457
18TL17177_2505;981;47.4745;-62.08617;441575;24.39;22-sep-17;09:46:00;29.88;7.71;260.85906;1.22;3.205;0.34;0.55;0.08;NaN;1.506
18TL17177_2505;981;47.4745;-62.08617;441576;3.77;22-sep-17;09:46:00;27.8;15.9;265.14642;1.13;1.52;0.095;0.125;0.015;266.24059;4.068
18TL17177_2506;991;47.297;-62.476;441577;60.09;22-sep-17;12:47:00;31.54;-0.17;249.4261;0.045;17.975;1.3;7.97;0.19;249.98435;0.216
18TL17177_2506;991;47.297;-62.476;441578;22.61;22-sep-17;12:47:00;29.91;5;300.96374;0.135;4.405;0.7;4.48;0.1;NaN;0.908
18TL17177_2506;991;47.297;-62.476;441579;3.17;22-sep-17;12:47:00;27.71;15.96;265.2804;1.285;1.615;0.095;0.12;0.02;268.51825;3.997
