CTD;CTD;CTD;CTD;CTD;CTD;CTD;CTD;CTD;CTD;CTD;labo;labo;terrain;labo;labo;labo;labo;calc;calc
Fichier;Station;Latitude;Longitude;Echantillon;Date;Heure;PRES;PSAL;TE90;DOXY;OXY_XX;Q_OXY;TEMP_RT;Q_TEMP_RT;SSAL_BS;Q_SSAL;QCFF;N_P;N_Si
(nom);(nom/no);(degres);(degres);(no_unique);(jj-mmm-yyyy);(GMT);(dbar);(psu);(celsius);(ml/l);(ml/l);((none));(celsius);((none));(g/kg);((none));((none));((none));((none))
2;HL_02;44.26583;-63.30117;281510;19-oct-04;16:12:00;1.38;30.663;14.06;4.8;4.8;3;14.06;1;30.663;1;1024;NaN;NaN
2;HL_02;44.26583;-63.30117;281509;19-oct-04;16:12:00;5.2;30.664;14.059;4.8;4.8;3;14.059;1;30.664;1;1024;NaN;NaN
2;HL_02;44.26583;-63.30117;281508;19-oct-04;16:11:00;10.28;30.665;14.042;4.9;4.9;1;14.042;1;30.665;1;0;NaN;NaN
2;HL_02;44.26583;-63.30117;281507;19-oct-04;16:10:00;20;30.685;14.023;4.8;4.8;1;14.023;1;30.685;1;0;NaN;NaN
2;HL_02;44.26583;-63.30117;281506;19-oct-04;16:09:00;30.43;31.135;14.132;4.8;4.8;1;14.132;1;31.135;1;0;NaN;NaN
2;HL_02;44.26583;-63.30117;281505;19-oct-04;16:08:00;40.63;31.268;9.008;5.4;5.4;1;9.008;1;31.268;1;0;NaN;NaN
2;HL_02;44.26583;-63.30117;281504;19-oct-04;16:08:00;50.43;32.134;4.859;5.6;5.6;1;4.859;1;32.134;1;0;NaN;NaN
2;HL_02;44.26583;-63.30117;281503;19-oct-04;16:06:00;75.31;32.636;2.396;5.2;5.2;1;2.396;1;32.636;1;0;NaN;NaN
2;HL_02;44.26583;-63.30117;281502;19-oct-04;16:05:00;101.57;32.974;2.866;5;5;1;2.866;1;32.974;1;0;NaN;NaN
2;HL_02;44.26583;-63.30117;281501;19-oct-04;16:03:00;147.38;33.716;5.486;3.9;3.9;1;5.486;1;33.716;1;0;NaN;NaN
6;RL_01;43.24917;-65.05017;281520;20-oct-04;03:50:00;2.81;30.257;14.123;5.4;5.4;1;14.123;1;30.257;1;0;NaN;NaN
6;RL_01;43.24917;-65.05017;281519;20-oct-04;03:47:00;10.18;30.264;14.117;5.4;5.4;1;14.117;1;30.264;1;0;NaN;NaN
6;RL_01;43.24917;-65.05017;281518;20-oct-04;03:45:00;19.65;30.41;14.364;5.3;5.3;1;14.364;1;30.41;1;0;NaN;NaN
6;RL_01;43.24917;-65.05017;281517;20-oct-04;03:44:00;29.43;31.069;12.903;5.4;5.4;1;12.903;1;31.069;1;0;NaN;NaN
6;RL_01;43.24917;-65.05017;281516;20-oct-04;03:43:00;40.82;31.977;8.117;6.1;6.1;1;8.117;1;31.977;1;0;NaN;NaN
6;RL_01;43.24917;-65.05017;281515;20-oct-04;03:42:00;49.65;32.207;5.445;6.3;6.3;1;5.445;1;32.207;1;0;NaN;NaN
6;RL_01;43.24917;-65.05017;281514;20-oct-04;03:40:00;59.44;32.502;3.493;5.9;5.9;1;3.493;1;32.502;1;0;NaN;NaN
6;RL_01;43.24917;-65.05017;281513;20-oct-04;03:38:00;80.74;32.797;3.029;5.5;5.5;1;3.029;1;32.797;1;0;NaN;NaN
6;RL_01;43.24917;-65.05017;281512;20-oct-04;03:37:00;100.15;33.264;4.088;4.9;4.9;1;4.088;1;33.264;1;0;NaN;NaN
6;RL_01;43.24917;-65.05017;281511;20-oct-04;03:34:00;159.88;33.622;5.243;4.3;4.3;1;5.243;1;33.622;1;0;NaN;NaN
7;BBL_01;43.25117;-65.48083;281527;20-oct-04;05:45:00;2.58;31.095;13.907;5.4;5.4;1;13.907;1;31.095;1;0;NaN;NaN
7;BBL_01;43.25117;-65.48083;281526;20-oct-04;05:44:00;10.85;31.22;13.584;5.4;5.4;1;13.584;1;31.22;1;0;NaN;NaN
7;BBL_01;43.25117;-65.48083;281525;20-oct-04;05:43:00;20.22;31.672;8.127;5.6;5.6;1;8.127;1;31.672;1;0;NaN;NaN
7;BBL_01;43.25117;-65.48083;281524;20-oct-04;05:42:00;29.89;31.999;5.925;5.7;5.7;1;5.925;1;31.999;1;0;NaN;NaN
7;BBL_01;43.25117;-65.48083;281523;20-oct-04;05:41:00;39.65;32.16;4.912;5.8;5.8;1;4.912;1;32.16;1;0;NaN;NaN
7;BBL_01;43.25117;-65.48083;281522;20-oct-04;05:40:00;50.06;32.168;4.855;5.8;5.8;1;4.855;1;32.168;1;0;NaN;NaN
7;BBL_01;43.25117;-65.48083;281521;20-oct-04;05:38:00;59.25;32.196;4.678;5.8;5.8;1;4.678;1;32.196;1;0;NaN;NaN
13;BBL_02;42.992;-65.48167;281536;20-oct-04;09:21:00;0.82;31.139;14.421;5.1;5.1;1;14.421;1;31.139;1;0;NaN;NaN
13;BBL_02;42.992;-65.48167;281537;20-oct-04;09:21:00;2.56;31.14;14.424;4.3;4.3;3;14.424;1;31.14;1;1024;NaN;NaN
13;BBL_02;42.992;-65.48167;281535;20-oct-04;09:20:00;9.41;31.148;14.415;5.3;5.3;1;14.415;1;31.148;1;0;NaN;NaN
13;BBL_02;42.992;-65.48167;281534;20-oct-04;09:19:00;19.7;31.148;14.422;5.3;5.3;1;14.422;1;31.148;1;0;NaN;NaN
13;BBL_02;42.992;-65.48167;281533;20-oct-04;09:18:00;29.67;31.147;14.423;5.3;5.3;1;14.423;1;31.147;1;0;NaN;NaN
13;BBL_02;42.992;-65.48167;281532;20-oct-04;09:17:00;40.49;31.142;14.321;5.3;5.3;1;14.321;1;31.142;1;0;NaN;NaN
13;BBL_02;42.992;-65.48167;281531;20-oct-04;09:16:00;49.83;31.939;5.981;5.8;5.8;1;5.981;1;31.939;1;0;NaN;NaN
13;BBL_02;42.992;-65.48167;281530;20-oct-04;09:15:00;60.3;32.226;3.858;5.9;5.9;1;3.858;1;32.226;1;0;NaN;NaN
13;BBL_02;42.992;-65.48167;281529;20-oct-04;09:14:00;80.03;32.71;2.734;5.5;5.5;1;2.734;1;32.71;1;0;NaN;NaN
13;BBL_02;42.992;-65.48167;281528;20-oct-04;09:13:00;109.51;32.774;2.868;5.5;5.5;1;2.868;1;32.774;1;0;NaN;NaN
16;BBL_03;42.7515;-65.4845;281546;20-oct-04;12:12:00;3.08;31.312;13.642;5.5;5.5;1;13.642;1;31.312;1;0;NaN;NaN
16;BBL_03;42.7515;-65.4845;281545;20-oct-04;12:11:00;9.83;31.316;13.633;5.4;5.4;1;13.633;1;31.316;1;0;NaN;NaN
16;BBL_03;42.7515;-65.4845;281544;20-oct-04;12:11:00;19.8;31.302;13.628;5.4;5.4;1;13.628;1;31.302;1;0;NaN;NaN
16;BBL_03;42.7515;-65.4845;281543;20-oct-04;12:10:00;30.52;31.539;10.829;5.9;5.9;1;10.829;1;31.539;1;0;NaN;NaN
16;BBL_03;42.7515;-65.4845;281542;20-oct-04;12:09:00;38.97;32.061;5.596;6.1;6.1;1;5.596;1;32.061;1;0;NaN;NaN
16;BBL_03;42.7515;-65.4845;281541;20-oct-04;12:08:00;51.38;32.604;3.487;5.8;5.8;1;3.487;1;32.604;1;0;NaN;NaN
16;BBL_03;42.7515;-65.4845;281540;20-oct-04;12:07:00;57.21;32.669;3.484;5.6;5.6;1;3.484;1;32.669;1;0;NaN;NaN
16;BBL_03;42.7515;-65.4845;281539;20-oct-04;12:06:00;78.69;32.942;3.699;5.2;5.2;1;3.699;1;32.942;1;0;NaN;NaN
16;BBL_03;42.7515;-65.4845;281538;20-oct-04;12:04:00;95.81;32.963;3.711;5.2;5.2;1;3.711;1;32.963;1;0;NaN;NaN
22;BBL_04;42.43933;-65.51967;281555;20-oct-04;16:19:00;2.64;31.758;12.281;5.5;5.5;1;12.281;1;31.758;1;0;NaN;NaN
22;BBL_04;42.43933;-65.51967;281554;20-oct-04;16:18:00;10.43;31.758;12.277;5.6;5.6;1;12.277;1;31.758;1;0;NaN;NaN
22;BBL_04;42.43933;-65.51967;281553;20-oct-04;16:17:00;19.82;31.762;12.237;5.6;5.6;1;12.237;1;31.762;1;0;NaN;NaN
22;BBL_04;42.43933;-65.51967;281552;20-oct-04;16:16:00;29.6;31.872;11.396;5.6;5.6;1;11.396;1;31.872;1;0;NaN;NaN
22;BBL_04;42.43933;-65.51967;281551;20-oct-04;16:15:00;40.69;32.121;9.92;5.6;5.6;1;9.92;1;32.121;1;0;NaN;NaN
22;BBL_04;42.43933;-65.51967;281550;20-oct-04;16:14:00;50.52;32.805;7.601;5.3;5.3;1;7.601;1;32.805;1;0;NaN;NaN
22;BBL_04;42.43933;-65.51967;281549;20-oct-04;16:13:00;59.47;33.464;7.687;5;5;1;7.687;1;33.464;1;0;NaN;NaN
22;BBL_04;42.43933;-65.51967;281548;20-oct-04;16:12:00;80.13;33.752;7.859;4.8;4.8;1;7.859;1;33.752;1;0;NaN;NaN
22;BBL_04;42.43933;-65.51967;281547;20-oct-04;16:10:00;99.09;33.865;7.921;4.8;4.8;1;7.921;1;33.865;1;0;NaN;NaN
25;BBL_05;42.1345;-65.509;281566;20-oct-04;18:50:00;2.76;31.656;13.591;5.5;5.5;1;13.591;1;31.656;1;0;NaN;NaN
25;BBL_05;42.1345;-65.509;281565;20-oct-04;18:49:00;9.95;31.66;13.582;5.5;5.5;1;13.582;1;31.66;1;0;NaN;NaN
25;BBL_05;42.1345;-65.509;281564;20-oct-04;18:48:00;20.3;31.677;13.411;5.5;5.5;1;13.411;1;31.677;1;0;NaN;NaN
25;BBL_05;42.1345;-65.509;281563;20-oct-04;18:47:00;30.34;32.16;7.196;6.2;6.2;1;7.196;1;32.16;1;0;NaN;NaN
25;BBL_05;42.1345;-65.509;281562;20-oct-04;18:46:00;40.22;32.42;5.55;6;6;1;5.55;1;32.42;1;0;NaN;NaN
25;BBL_05;42.1345;-65.509;281561;20-oct-04;18:46:00;50.17;32.577;4.213;5.9;5.9;1;4.213;1;32.577;1;0;NaN;NaN
25;BBL_05;42.1345;-65.509;281560;20-oct-04;18:45:00;61.06;33.39;4.941;5.1;5.1;1;4.941;1;33.39;1;0;NaN;NaN
25;BBL_05;42.1345;-65.509;281559;20-oct-04;18:44:00;80.55;33.939;6.461;4.6;4.6;1;6.461;1;33.939;1;0;NaN;NaN
25;BBL_05;42.1345;-65.509;281558;20-oct-04;18:42:00;99.98;34.826;9.34;4;4;1;9.34;1;34.826;1;0;NaN;NaN
25;BBL_05;42.1345;-65.509;281557;20-oct-04;18:41:00;125.33;35.04;9.419;3.7;3.7;1;9.419;1;35.04;1;0;NaN;NaN
25;BBL_05;42.1345;-65.509;281556;20-oct-04;18:39:00;156.38;35.093;8.671;3.5;3.5;1;8.671;1;35.093;1;0;NaN;NaN
32;BBL_06;41.97067;-65.50733;281579;21-oct-04;02:00:00;3.66;31.887;12.61;5.6;5.6;1;12.61;1;31.887;1;0;NaN;NaN
32;BBL_06;41.97067;-65.50733;281578;21-oct-04;01:59:00;10.03;31.889;12.609;5.6;5.6;1;12.609;1;31.889;1;0;NaN;NaN
32;BBL_06;41.97067;-65.50733;281577;21-oct-04;01:58:00;20.55;31.892;12.598;5.6;5.6;1;12.598;1;31.892;1;0;NaN;NaN
32;BBL_06;41.97067;-65.50733;281576;21-oct-04;01:57:00;30.71;31.982;12.402;5.6;5.6;1;12.402;1;31.982;1;0;NaN;NaN
32;BBL_06;41.97067;-65.50733;281575;21-oct-04;01:55:00;38.7;32.126;11.825;5.6;5.6;1;11.825;1;32.126;1;0;NaN;NaN
32;BBL_06;41.97067;-65.50733;281574;21-oct-04;01:54:00;50.93;32.74;5.121;5.5;5.5;1;5.121;1;32.74;1;0;NaN;NaN
32;BBL_06;41.97067;-65.50733;281573;21-oct-04;01:53:00;60.71;33.014;5.516;5.3;5.3;1;5.516;1;33.014;1;0;NaN;NaN
32;BBL_06;41.97067;-65.50733;281572;21-oct-04;01:51:00;79.75;33.461;6.188;5.1;5.1;1;6.188;1;33.461;1;0;NaN;NaN
32;BBL_06;41.97067;-65.50733;281571;21-oct-04;01:50:00;101.47;33.925;7.255;4.8;4.8;1;7.255;1;33.925;1;0;NaN;NaN
32;BBL_06;41.97067;-65.50733;281570;21-oct-04;01:46:00;247.19;35.181;9.278;3.2;3.2;1;9.278;1;35.181;1;0;NaN;NaN
32;BBL_06;41.97067;-65.50733;281569;21-oct-04;01:40:00;497.38;34.959;5.694;4.6;4.6;1;5.694;1;34.959;1;0;NaN;NaN
32;BBL_06;41.97067;-65.50733;281568;21-oct-04;01:34:00;750.74;34.918;4.7;5.1;5.1;1;4.7;1;34.918;1;0;NaN;NaN
32;BBL_06;41.97067;-65.50733;281567;21-oct-04;01:25:00;1211.5;34.922;4.039;5.5;5.5;1;4.039;1;34.922;1;0;NaN;NaN
35;BBL_07;41.86367;-65.3525;281591;21-oct-04;07:19:00;3.52;31.733;12.638;5.6;5.6;1;12.638;1;31.733;1;0;NaN;NaN
35;BBL_07;41.86367;-65.3525;281590;21-oct-04;07:18:00;10;31.738;12.6;5.6;5.6;1;12.6;1;31.738;1;0;NaN;NaN
35;BBL_07;41.86367;-65.3525;281589;21-oct-04;07:17:00;20.7;32.231;10.637;5.6;5.6;1;10.637;1;32.231;1;0;NaN;NaN
35;BBL_07;41.86367;-65.3525;281588;21-oct-04;07:15:00;30.56;32.484;9.727;5.6;5.6;1;9.727;1;32.484;1;0;NaN;NaN
35;BBL_07;41.86367;-65.3525;281587;21-oct-04;07:14:00;39.64;32.874;8.436;5.5;5.5;1;8.436;1;32.874;1;0;NaN;NaN
35;BBL_07;41.86367;-65.3525;281586;21-oct-04;07:12:00;49.95;33.641;8.191;5.1;5.1;1;8.191;1;33.641;1;0;NaN;NaN
35;BBL_07;41.86367;-65.3525;281585;21-oct-04;07:10:00;61.17;34.207;9.44;4.7;4.7;1;9.44;1;34.207;1;0;NaN;NaN
35;BBL_07;41.86367;-65.3525;281584;21-oct-04;07:09:00;80.2;34.944;11.001;4;4;1;11.001;1;34.944;1;0;NaN;NaN
35;BBL_07;41.86367;-65.3525;281583;21-oct-04;07:07:00;99.95;35.174;11.588;3.8;3.8;1;11.588;1;35.174;1;0;NaN;NaN
35;BBL_07;41.86367;-65.3525;281582;21-oct-04;07:03:00;249.19;35.119;8.76;3.2;3.2;1;8.76;1;35.119;1;0;NaN;NaN
35;BBL_07;41.86367;-65.3525;281581;21-oct-04;06:58:00;500.88;34.891;5.142;4.7;4.7;1;5.142;1;34.891;1;0;NaN;NaN
35;BBL_07;41.86367;-65.3525;281580;21-oct-04;06:32:00;1894.02;34.919;3.534;5.6;5.6;1;3.534;1;34.919;1;0;NaN;NaN
38;RL_05;42.61367;-64.088;281604;21-oct-04;16:10:00;3.26;32.358;13.781;5.4;5.4;1;13.781;1;32.358;1;0;NaN;NaN
38;RL_05;42.61367;-64.088;281603;21-oct-04;16:09:00;10.08;32.353;13.73;5.5;5.5;1;13.73;1;32.353;1;0;NaN;NaN
38;RL_05;42.61367;-64.088;281602;21-oct-04;16:08:00;20.01;32.64;9.664;6;6;1;9.664;1;32.64;1;0;NaN;NaN
38;RL_05;42.61367;-64.088;281601;21-oct-04;16:07:00;28.95;32.524;4.047;6.2;6.2;1;4.047;1;32.524;1;0;NaN;NaN
38;RL_05;42.61367;-64.088;281600;21-oct-04;16:06:00;39.81;33.131;4.346;5.9;5.9;1;4.346;1;33.131;1;0;NaN;NaN
38;RL_05;42.61367;-64.088;281599;21-oct-04;16:05:00;51.73;33.149;3.637;5.8;5.8;1;3.637;1;33.149;1;0;NaN;NaN
38;RL_05;42.61367;-64.088;281598;21-oct-04;16:04:00;59.46;33.237;3.658;5.6;5.6;1;3.658;1;33.237;1;0;NaN;NaN
38;RL_05;42.61367;-64.088;281597;21-oct-04;16:03:00;79.64;33.757;5.618;5.2;5.2;1;5.618;1;33.757;1;0;NaN;NaN
38;RL_05;42.61367;-64.088;281596;21-oct-04;16:02:00;100.01;34.473;8.194;4.5;4.5;1;8.194;1;34.473;1;0;NaN;NaN
38;RL_05;42.61367;-64.088;281595;21-oct-04;15:58:00;250.18;34.962;7.01;3.8;3.8;1;7.01;1;34.962;1;0;NaN;NaN
38;RL_05;42.61367;-64.088;281594;21-oct-04;15:53:00;500.97;34.899;4.816;5;5;1;4.816;1;34.899;1;0;NaN;NaN
38;RL_05;42.61367;-64.088;281593;21-oct-04;15:47:00;750.87;34.917;4.35;5.3;5.3;1;4.35;1;34.917;1;0;NaN;NaN
38;RL_05;42.61367;-64.088;281592;21-oct-04;15:42:00;984.52;34.918;4.074;5.5;5.5;1;4.074;1;34.918;1;0;NaN;NaN
47;LL_09;43.47283;-57.52917;281621;23-oct-04;15:32:00;2.68;32.675;15.228;5.3;5.3;1;15.228;1;32.675;1;0;NaN;NaN
47;LL_09;43.47283;-57.52917;281620;23-oct-04;15:31:00;9.32;32.683;15.215;5.2;5.2;1;15.215;1;32.683;1;0;NaN;NaN
47;LL_09;43.47283;-57.52917;281619;23-oct-04;15:30:00;19.95;32.679;15.22;5.2;5.2;1;15.22;1;32.679;1;0;NaN;NaN
47;LL_09;43.47283;-57.52917;281618;23-oct-04;15:30:00;29.9;32.611;14.831;5.4;5.4;1;14.831;1;32.611;1;0;NaN;NaN
47;LL_09;43.47283;-57.52917;281617;23-oct-04;15:29:00;40.36;32.437;6.585;6;6;1;6.585;1;32.437;1;0;NaN;NaN
47;LL_09;43.47283;-57.52917;281616;23-oct-04;15:28:00;48.68;32.867;5.453;6;6;1;5.453;1;32.867;1;0;NaN;NaN
47;LL_09;43.47283;-57.52917;281615;23-oct-04;15:27:00;59.78;32.929;4.117;6.1;6.1;1;4.117;1;32.929;1;0;NaN;NaN
47;LL_09;43.47283;-57.52917;281614;23-oct-04;15:26:00;77.84;33.06;2.485;5.9;5.9;1;2.485;1;33.06;1;0;NaN;NaN
47;LL_09;43.47283;-57.52917;281613;23-oct-04;15:24:00;100.99;33.432;3.868;5.4;5.4;1;3.868;1;33.432;1;0;NaN;NaN
47;LL_09;43.47283;-57.52917;281612;23-oct-04;15:21:00;248.16;34.801;6.482;4;4;1;6.482;1;34.801;1;0;NaN;NaN
47;LL_09;43.47283;-57.52917;281611;23-oct-04;15:15:00;500.45;34.905;4.856;5;5;1;4.856;1;34.905;1;0;NaN;NaN
47;LL_09;43.47283;-57.52917;281610;23-oct-04;15:06:00;1001.64;34.93;4.027;5.4;5.4;1;4.027;1;34.93;1;0;NaN;NaN
47;LL_09;43.47283;-57.52917;281609;23-oct-04;14:56:00;1498.6;34.933;3.744;5.5;5.5;1;3.744;1;34.933;1;0;NaN;NaN
47;LL_09;43.47283;-57.52917;281608;23-oct-04;14:47:00;1998.97;34.926;3.434;5.5;5.5;1;3.434;1;34.926;1;0;NaN;NaN
47;LL_09;43.47283;-57.52917;281607;23-oct-04;14:36:00;2500.37;34.921;3.108;5.5;5.5;1;3.108;1;34.921;1;0;NaN;NaN
47;LL_09;43.47283;-57.52917;281606;23-oct-04;14:26:00;2997.83;34.907;2.628;5.6;5.6;1;2.628;1;34.907;1;0;NaN;NaN
47;LL_09;43.47283;-57.52917;281605;23-oct-04;14:09:00;3775.87;34.893;2.375;5.7;5.7;1;2.375;1;34.893;1;0;NaN;NaN
52;LL_08;43.7825;-57.838;281634;23-oct-04;23:56:00;4.4;32.816;14.515;5.3;5.3;1;14.515;1;32.816;1;0;NaN;NaN
52;LL_08;43.7825;-57.838;281633;23-oct-04;23:55:00;10.46;32.817;14.515;5.3;5.3;1;14.515;1;32.817;1;0;NaN;NaN
52;LL_08;43.7825;-57.838;281632;23-oct-04;23:54:00;20.78;32.814;14.516;5.3;5.3;1;14.516;1;32.814;1;0;NaN;NaN
52;LL_08;43.7825;-57.838;281631;23-oct-04;23:53:00;30.26;32.506;8.729;5.9;5.9;1;8.729;1;32.506;1;0;NaN;NaN
52;LL_08;43.7825;-57.838;281630;23-oct-04;23:52:00;41.15;32.929;5.884;6.1;6.1;1;5.884;1;32.929;1;0;NaN;NaN
52;LL_08;43.7825;-57.838;281629;23-oct-04;23:50:00;51.25;32.871;3.937;6.1;6.1;1;3.937;1;32.871;1;0;NaN;NaN
52;LL_08;43.7825;-57.838;281628;23-oct-04;23:49:00;59.89;33.022;3.135;6;6;1;3.135;1;33.022;1;0;NaN;NaN
52;LL_08;43.7825;-57.838;281627;23-oct-04;23:48:00;80.18;33.514;4.44;5.6;5.6;1;4.44;1;33.514;1;0;NaN;NaN
52;LL_08;43.7825;-57.838;281626;23-oct-04;23:47:00;100.91;33.88;5.332;5.3;5.3;1;5.332;1;33.88;1;0;NaN;NaN
52;LL_08;43.7825;-57.838;281625;23-oct-04;23:43:00;250.16;34.793;6.176;4.1;4.1;1;6.176;1;34.793;1;0;NaN;NaN
52;LL_08;43.7825;-57.838;281624;23-oct-04;23:38:00;504.21;34.947;4.979;4.9;4.9;1;4.979;1;34.947;1;0;NaN;NaN
52;LL_08;43.7825;-57.838;281623;23-oct-04;23:32:00;752.79;34.959;4.475;5.2;5.2;1;4.475;1;34.959;1;0;NaN;NaN
52;LL_08;43.7825;-57.838;281622;23-oct-04;23:26:00;1001.18;34.923;4.015;5.5;5.5;1;4.015;1;34.923;1;0;NaN;NaN
55;LL_07;44.1165;-58.19883;281649;24-oct-04;06:10:00;3.28;32.101;11.081;5.8;5.8;1;11.081;1;32.101;1;0;NaN;NaN
55;LL_07;44.1165;-58.19883;281648;24-oct-04;06:09:00;10.69;32.1;11.074;5.8;5.8;1;11.074;1;32.1;1;0;NaN;NaN
55;LL_07;44.1165;-58.19883;281647;24-oct-04;06:08:00;19.91;32.101;11.076;5.8;5.8;1;11.076;1;32.101;1;0;NaN;NaN
55;LL_07;44.1165;-58.19883;281646;24-oct-04;06:06:00;29.57;32.077;10.844;5.8;5.8;1;10.844;1;32.077;1;0;NaN;NaN
55;LL_07;44.1165;-58.19883;281645;24-oct-04;06:05:00;41.31;32.678;1.845;6.4;6.4;1;1.845;1;32.678;1;0;NaN;NaN
55;LL_07;44.1165;-58.19883;281644;24-oct-04;06:04:00;49.6;32.748;0.776;6.2;6.2;1;0.776;1;32.748;1;0;NaN;NaN
55;LL_07;44.1165;-58.19883;281643;24-oct-04;06:03:00;60.43;32.806;0.153;6.2;6.2;1;0.153;1;32.806;1;0;NaN;NaN
55;LL_07;44.1165;-58.19883;281642;24-oct-04;06:02:00;80.37;32.925;0.568;6;6;1;0.568;1;32.925;1;0;NaN;NaN
55;LL_07;44.1165;-58.19883;281641;24-oct-04;06:00:00;101.25;33.207;1.894;5.5;5.5;1;1.894;1;33.207;1;0;NaN;NaN
55;LL_07;44.1165;-58.19883;281640;24-oct-04;05:56:00;251.19;34.717;6.121;3.8;3.8;1;6.121;1;34.717;1;0;NaN;NaN
55;LL_07;44.1165;-58.19883;281639;24-oct-04;05:47:00;499.81;34.912;4.872;5;5;1;4.872;1;34.912;1;0;NaN;NaN
55;LL_07;44.1165;-58.19883;281635;24-oct-04;05:40:00;779.96;34.913;4.333;5.4;5.4;1;4.333;1;34.913;1;0;NaN;NaN
55;LL_07;44.1165;-58.19883;281636;24-oct-04;05:40:00;780.23;34.912;4.335;5.4;5.4;1;4.335;1;34.912;1;0;NaN;NaN
55;LL_07;44.1165;-58.19883;281637;24-oct-04;05:40:00;780.3;34.912;4.339;5.4;5.4;1;4.339;1;34.912;1;0;NaN;NaN
55;LL_07;44.1165;-58.19883;281638;24-oct-04;05:41:00;781.44;34.912;4.34;5.4;5.4;1;4.34;1;34.912;1;0;NaN;NaN
59;LL_06;44.47617;-58.51533;281656;24-oct-04;10:22:00;3.93;31.699;9.585;6;6;1;9.585;1;31.699;1;0;NaN;NaN
59;LL_06;44.47617;-58.51533;281655;24-oct-04;10:22:00;9.06;31.7;9.58;6;6;1;9.58;1;31.7;1;0;NaN;NaN
59;LL_06;44.47617;-58.51533;281654;24-oct-04;10:21:00;18.94;31.708;9.563;5.9;5.9;1;9.563;1;31.708;1;0;NaN;NaN
59;LL_06;44.47617;-58.51533;281653;24-oct-04;10:20:00;30.22;31.968;8.147;5.7;5.7;1;8.147;1;31.968;1;0;NaN;NaN
59;LL_06;44.47617;-58.51533;281652;24-oct-04;10:19:00;39.32;32.319;3.112;5.5;5.5;1;3.112;1;32.319;1;0;NaN;NaN
59;LL_06;44.47617;-58.51533;281651;24-oct-04;10:18:00;50.34;32.322;2.957;5.5;5.5;1;2.957;1;32.322;1;0;NaN;NaN
59;LL_06;44.47617;-58.51533;281650;24-oct-04;10:17:00;65.38;32.357;2.652;5.5;5.5;1;2.652;1;32.357;1;0;NaN;NaN
63;LL_05;44.81733;-58.8525;281668;24-oct-04;13:57:00;4.11;31.302;9.789;6;6;1;9.789;1;31.302;1;0;NaN;NaN
63;LL_05;44.81733;-58.8525;281667;24-oct-04;13:57:00;8.79;31.31;9.779;6;6;1;9.779;1;31.31;1;0;NaN;NaN
63;LL_05;44.81733;-58.8525;281666;24-oct-04;13:56:00;20.38;31.362;9.59;6;6;1;9.59;1;31.362;1;0;NaN;NaN
63;LL_05;44.81733;-58.8525;281665;24-oct-04;13:55:00;28.38;31.403;9.334;6;6;1;9.334;1;31.403;1;0;NaN;NaN
63;LL_05;44.81733;-58.8525;281664;24-oct-04;13:55:00;38.82;31.9;4.793;6.1;6.1;1;4.793;1;31.9;1;0;NaN;NaN
63;LL_05;44.81733;-58.8525;281663;24-oct-04;13:54:00;49.47;32.021;3.741;6;6;1;3.741;1;32.021;1;0;NaN;NaN
63;LL_05;44.81733;-58.8525;281662;24-oct-04;13:53:00;60.42;32.383;1.871;5.7;5.7;1;1.871;1;32.383;1;0;NaN;NaN
63;LL_05;44.81733;-58.8525;281661;24-oct-04;13:52:00;78.99;32.473;1.675;5.7;5.7;1;1.675;1;32.473;1;0;NaN;NaN
63;LL_05;44.81733;-58.8525;281660;24-oct-04;13:51:00;98.92;32.513;1.606;5.7;5.7;1;1.606;1;32.513;1;0;NaN;NaN
63;LL_05;44.81733;-58.8525;281659;24-oct-04;13:49:00;147.8;32.676;1.602;5.6;5.6;1;1.602;1;32.676;1;0;NaN;NaN
63;LL_05;44.81733;-58.8525;281658;24-oct-04;13:48:00;200.82;32.84;1.793;5.4;5.4;1;1.793;1;32.84;1;0;NaN;NaN
63;LL_05;44.81733;-58.8525;281657;24-oct-04;13:46:00;232.28;32.873;1.841;5.4;5.4;1;1.841;1;32.873;1;0;NaN;NaN
70;LL_04;45.15217;-59.17483;281677;24-oct-04;18:28:00;3.7;30.739;10.603;6;6;1;10.603;1;30.739;1;0;NaN;NaN
70;LL_04;45.15217;-59.17483;281676;24-oct-04;18:27:00;10.21;30.744;10.607;5.9;5.9;1;10.607;1;30.744;1;0;NaN;NaN
70;LL_04;45.15217;-59.17483;281675;24-oct-04;18:26:00;20.25;30.743;10.602;5.9;5.9;1;10.602;1;30.743;1;0;NaN;NaN
70;LL_04;45.15217;-59.17483;281674;24-oct-04;18:25:00;30.27;31.321;9.143;6;6;1;9.143;1;31.321;1;0;NaN;NaN
70;LL_04;45.15217;-59.17483;281673;24-oct-04;18:25:00;39.33;31.58;7.077;6;6;1;7.077;1;31.58;1;0;NaN;NaN
70;LL_04;45.15217;-59.17483;281672;24-oct-04;18:24:00;49.74;31.858;4.829;6;6;1;4.829;1;31.858;1;0;NaN;NaN
70;LL_04;45.15217;-59.17483;281671;24-oct-04;18:23:00;60.96;32.114;3.034;6;6;1;3.034;1;32.114;1;0;NaN;NaN
70;LL_04;45.15217;-59.17483;281670;24-oct-04;18:22:00;80.26;32.33;1.918;5.8;5.8;1;1.918;1;32.33;1;0;NaN;NaN
70;LL_04;45.15217;-59.17483;281669;24-oct-04;18:21:00;94.34;32.374;1.855;5.8;5.8;1;1.855;1;32.374;1;0;NaN;NaN
73;LL_03;45.49133;-59.51467;281687;24-oct-04;22:10:00;4.2;30.571;10.038;6;6;1;10.038;1;30.571;1;0;NaN;NaN
73;LL_03;45.49133;-59.51467;281686;24-oct-04;22:08:00;10.72;30.573;10.045;6;6;1;10.045;1;30.573;1;0;NaN;NaN
73;LL_03;45.49133;-59.51467;281685;24-oct-04;22:07:00;19.1;30.594;10.002;6;6;1;10.002;1;30.594;1;0;NaN;NaN
73;LL_03;45.49133;-59.51467;281684;24-oct-04;22:06:00;29.39;31.092;8.781;5.8;5.8;1;8.781;1;31.092;1;0;NaN;NaN
73;LL_03;45.49133;-59.51467;281683;24-oct-04;22:04:00;40.31;31.538;5.839;5.9;5.9;1;5.839;1;31.538;1;0;NaN;NaN
73;LL_03;45.49133;-59.51467;281682;24-oct-04;22:03:00;50.38;32.006;3.701;6.3;6.3;1;3.701;1;32.006;1;0;NaN;NaN
73;LL_03;45.49133;-59.51467;281681;24-oct-04;22:02:00;59.59;32.317;2.148;6.3;6.3;1;2.148;1;32.317;1;0;NaN;NaN
73;LL_03;45.49133;-59.51467;281680;24-oct-04;22:00:00;79.94;32.609;1.361;5.8;5.8;1;1.361;1;32.609;1;0;NaN;NaN
73;LL_03;45.49133;-59.51467;281679;24-oct-04;21:58:00;100.81;32.871;1.507;5.6;5.6;1;1.507;1;32.871;1;0;NaN;NaN
73;LL_03;45.49133;-59.51467;281678;24-oct-04;21:56:00;144.93;33.42;2.796;4.7;4.7;1;2.796;1;33.42;1;0;NaN;NaN
77;LL_02;45.66083;-59.69867;281697;25-oct-04;00:57:00;4.06;30.79;9.825;6;6;1;9.825;1;30.79;1;0;NaN;NaN
77;LL_02;45.66083;-59.69867;281696;25-oct-04;00:56:00;10.51;30.657;9.877;6;6;1;9.877;1;30.657;1;0;NaN;NaN
77;LL_02;45.66083;-59.69867;281695;25-oct-04;00:54:00;20.51;31.28;9.194;6;6;1;9.194;1;31.28;1;0;NaN;NaN
77;LL_02;45.66083;-59.69867;281694;25-oct-04;00:53:00;30.6;31.438;9.106;6;6;1;9.106;1;31.438;1;0;NaN;NaN
77;LL_02;45.66083;-59.69867;281693;25-oct-04;00:52:00;40.85;31.561;5.654;6;6;1;5.654;1;31.561;1;0;NaN;NaN
77;LL_02;45.66083;-59.69867;281692;25-oct-04;00:51:00;49.61;31.947;3.883;6;6;1;3.883;1;31.947;1;0;NaN;NaN
77;LL_02;45.66083;-59.69867;281691;25-oct-04;00:50:00;60.53;32.208;2.414;6.2;6.2;1;2.414;1;32.208;1;0;NaN;NaN
77;LL_02;45.66083;-59.69867;281690;25-oct-04;00:48:00;80.72;32.513;1.36;6.3;6.3;1;1.36;1;32.513;1;0;NaN;NaN
77;LL_02;45.66083;-59.69867;281689;25-oct-04;00:46:00;100.69;32.684;1.082;6.1;6.1;1;1.082;1;32.684;1;0;NaN;NaN
77;LL_02;45.66083;-59.69867;281688;25-oct-04;00:45:00;129.82;33.188;2.101;5.2;5.2;1;2.101;1;33.188;1;0;NaN;NaN
79;LL_01;45.82333;-59.8525;281705;25-oct-04;02:33:00;4.38;29.827;10.816;5.8;5.8;1;10.816;1;29.827;1;0;NaN;NaN
79;LL_01;45.82333;-59.8525;281704;25-oct-04;02:32:00;10.81;29.827;10.817;5.8;5.8;1;10.817;1;29.827;1;0;NaN;NaN
79;LL_01;45.82333;-59.8525;281703;25-oct-04;02:30:00;20.28;29.827;10.817;5.8;5.8;1;10.817;1;29.827;1;0;NaN;NaN
79;LL_01;45.82333;-59.8525;281702;25-oct-04;02:29:00;30.14;29.909;10.648;5.8;5.8;1;10.648;1;29.909;1;0;NaN;NaN
79;LL_01;45.82333;-59.8525;281701;25-oct-04;02:28:00;39.94;30.384;9.664;5.8;5.8;1;9.664;1;30.384;1;0;NaN;NaN
79;LL_01;45.82333;-59.8525;281700;25-oct-04;02:26:00;49.58;31.242;6.408;5.8;5.8;1;6.408;1;31.242;1;0;NaN;NaN
79;LL_01;45.82333;-59.8525;281699;25-oct-04;02:25:00;60.42;31.944;3.749;6;6;1;3.749;1;31.944;1;0;NaN;NaN
79;LL_01;45.82333;-59.8525;281698;25-oct-04;02:23:00;84.42;32.515;1.827;6;6;1;1.827;1;32.515;1;0;NaN;NaN
81;CSL_01;46.95717;-60.21667;281713;26-oct-04;04:34:00;3.78;28.825;12.444;5.6;5.6;1;12.444;1;28.825;1;0;NaN;NaN
81;CSL_01;46.95717;-60.21667;281712;26-oct-04;04:32:00;9.88;28.825;12.445;5.6;5.6;1;12.445;1;28.825;1;0;NaN;NaN
81;CSL_01;46.95717;-60.21667;281711;26-oct-04;04:31:00;18.88;28.896;12.155;5.6;5.6;1;12.155;1;28.896;1;0;NaN;NaN
81;CSL_01;46.95717;-60.21667;281710;26-oct-04;04:30:00;30.34;30.089;9.399;5.4;5.4;1;9.399;1;30.089;1;0;NaN;NaN
81;CSL_01;46.95717;-60.21667;281709;26-oct-04;04:29:00;39.86;31.05;5.341;5.5;5.5;1;5.341;1;31.05;1;0;NaN;NaN
81;CSL_01;46.95717;-60.21667;281708;26-oct-04;04:28:00;50.38;31.495;3.998;5.8;5.8;1;3.998;1;31.495;1;0;NaN;NaN
81;CSL_01;46.95717;-60.21667;281707;26-oct-04;04:27:00;59.35;32.088;2.534;6;6;1;2.534;1;32.088;1;0;NaN;NaN
81;CSL_01;46.95717;-60.21667;281706;26-oct-04;04:25:00;75.56;32.38;1.796;6.1;6.1;1;1.796;1;32.38;1;0;NaN;NaN
87;CSL_02;47.01733;-60.11917;281724;26-oct-04;07:09:00;3.5;28.887;12.072;5.7;5.7;1;12.072;1;28.887;1;0;NaN;NaN
87;CSL_02;47.01733;-60.11917;281723;26-oct-04;07:08:00;10.37;28.898;12.028;5.7;5.7;1;12.028;1;28.898;1;0;NaN;NaN
87;CSL_02;47.01733;-60.11917;281722;26-oct-04;07:06:00;21.28;29.347;11.247;5.5;5.5;1;11.247;1;29.347;1;0;NaN;NaN
87;CSL_02;47.01733;-60.11917;281721;26-oct-04;07:05:00;29.91;30.131;9.103;5.3;5.3;1;9.103;1;30.131;1;0;NaN;NaN
87;CSL_02;47.01733;-60.11917;281720;26-oct-04;07:04:00;41.28;31.445;3.489;5.6;5.6;1;3.489;1;31.445;1;0;NaN;NaN
87;CSL_02;47.01733;-60.11917;281719;26-oct-04;07:03:00;52.4;31.86;2.345;5.7;5.7;1;2.345;1;31.86;1;0;NaN;NaN
87;CSL_02;47.01733;-60.11917;281718;26-oct-04;07:01:00;59.87;32.246;2.197;5.9;5.9;1;2.197;1;32.246;1;0;NaN;NaN
87;CSL_02;47.01733;-60.11917;281717;26-oct-04;07:00:00;80.38;32.573;1.344;6;6;1;1.344;1;32.573;1;0;NaN;NaN
87;CSL_02;47.01733;-60.11917;281716;26-oct-04;06:59:00;100.75;32.936;1.598;5.4;5.4;1;1.598;1;32.936;1;0;NaN;NaN
87;CSL_02;47.01733;-60.11917;281715;26-oct-04;06:57:00;150.09;33.925;3.996;3.2;3.2;1;3.996;1;33.925;1;0;NaN;NaN
87;CSL_02;47.01733;-60.11917;281714;26-oct-04;06:55:00;170.47;33.944;4.048;3.1;3.1;1;4.048;1;33.944;1;0;NaN;NaN
90;CSL_03;47.09733;-59.99333;281736;26-oct-04;09:00:00;3.69;28.773;11.696;5.8;5.8;1;11.696;1;28.773;1;0;NaN;NaN
90;CSL_03;47.09733;-59.99333;281735;26-oct-04;08:59:00;9.72;29.338;11.312;5.8;5.8;1;11.312;1;29.338;1;0;NaN;NaN
90;CSL_03;47.09733;-59.99333;281734;26-oct-04;08:58:00;20.54;30.227;9.775;5.7;5.7;1;9.775;1;30.227;1;0;NaN;NaN
90;CSL_03;47.09733;-59.99333;281733;26-oct-04;08:57:00;29.57;31.431;4.168;5.8;5.8;1;4.168;1;31.431;1;0;NaN;NaN
90;CSL_03;47.09733;-59.99333;281732;26-oct-04;08:57:00;40.2;31.831;3.059;6.2;6.2;1;3.059;1;31.831;1;0;NaN;NaN
90;CSL_03;47.09733;-59.99333;281731;26-oct-04;08:56:00;50.06;32.063;2.47;6.3;6.3;1;2.47;1;32.063;1;0;NaN;NaN
90;CSL_03;47.09733;-59.99333;281730;26-oct-04;08:55:00;60.04;32.217;2.036;6.5;6.5;1;2.036;1;32.217;1;0;NaN;NaN
90;CSL_03;47.09733;-59.99333;281729;26-oct-04;08:54:00;79.69;32.439;1.089;6.3;6.3;1;1.089;1;32.439;1;0;NaN;NaN
90;CSL_03;47.09733;-59.99333;281728;26-oct-04;08:52:00;100.42;32.594;0.69;6.2;6.2;1;0.69;1;32.594;1;0;NaN;NaN
90;CSL_03;47.09733;-59.99333;281727;26-oct-04;08:50:00;150.62;33.283;2.259;4.9;4.9;1;2.259;1;33.283;1;0;NaN;NaN
90;CSL_03;47.09733;-59.99333;281726;26-oct-04;08:49:00;200.37;33.902;3.946;3.4;3.4;1;3.946;1;33.902;1;0;NaN;NaN
90;CSL_03;47.09733;-59.99333;281725;26-oct-04;08:45:00;324.69;34.746;5.739;2.9;2.9;1;5.739;1;34.746;1;0;NaN;NaN
95;CSL_04;47.27233;-59.79017;281749;26-oct-04;12:59:00;3.62;30.709;9.673;6;6;1;9.673;1;30.709;1;0;NaN;NaN
95;CSL_04;47.27233;-59.79017;281748;26-oct-04;12:58:00;10.1;30.765;9.655;6.1;6.1;1;9.655;1;30.765;1;0;NaN;NaN
95;CSL_04;47.27233;-59.79017;281747;26-oct-04;12:57:00;19.7;31.806;9.109;6.1;6.1;1;9.109;1;31.806;1;0;NaN;NaN
95;CSL_04;47.27233;-59.79017;281746;26-oct-04;12:56:00;30.11;31.807;8.975;6;6;1;8.975;1;31.807;1;0;NaN;NaN
95;CSL_04;47.27233;-59.79017;281745;26-oct-04;12:55:00;40.61;32.123;5.146;6.3;6.3;1;5.146;1;32.123;1;0;NaN;NaN
95;CSL_04;47.27233;-59.79017;281744;26-oct-04;12:54:00;49.33;32.303;2.265;6.4;6.4;1;2.265;1;32.303;1;0;NaN;NaN
95;CSL_04;47.27233;-59.79017;281743;26-oct-04;12:53:00;59.84;32.356;1.669;6.4;6.4;1;1.669;1;32.356;1;0;NaN;NaN
95;CSL_04;47.27233;-59.79017;281742;26-oct-04;12:52:00;79.44;32.54;1.411;6.3;6.3;1;1.411;1;32.54;1;0;NaN;NaN
95;CSL_04;47.27233;-59.79017;281741;26-oct-04;12:51:00;102.34;32.66;0.927;6.2;6.2;1;0.927;1;32.66;1;0;NaN;NaN
95;CSL_04;47.27233;-59.79017;281740;26-oct-04;12:49:00;149.53;33.249;2.271;5.1;5.1;1;2.271;1;33.249;1;0;NaN;NaN
95;CSL_04;47.27233;-59.79017;281739;26-oct-04;12:47:00;200.27;34.207;5.096;3.7;3.7;1;5.096;1;34.207;1;0;NaN;NaN
95;CSL_04;47.27233;-59.79017;281738;26-oct-04;12:45:00;298.99;34.767;5.914;3.2;3.2;1;5.914;1;34.767;1;0;NaN;NaN
95;CSL_04;47.27233;-59.79017;281737;26-oct-04;12:41:00;461.1;34.875;5.043;3.8;3.8;1;5.043;1;34.875;1;0;NaN;NaN
99;CSL_05;47.43683;-59.574;281762;26-oct-04;16:37:00;3.19;30.59;9.829;6.1;6.1;1;9.829;1;30.59;1;0;NaN;NaN
99;CSL_05;47.43683;-59.574;281761;26-oct-04;16:37:00;10.81;31.783;9.171;6.1;6.1;1;9.171;1;31.783;1;0;NaN;NaN
99;CSL_05;47.43683;-59.574;281760;26-oct-04;16:36:00;20.14;31.784;8.897;6.1;6.1;1;8.897;1;31.784;1;0;NaN;NaN
99;CSL_05;47.43683;-59.574;281759;26-oct-04;16:35:00;31.06;31.821;8.819;6.1;6.1;1;8.819;1;31.821;1;0;NaN;NaN
99;CSL_05;47.43683;-59.574;281758;26-oct-04;16:34:00;38.99;31.917;7.708;6;6;1;7.708;1;31.917;1;0;NaN;NaN
99;CSL_05;47.43683;-59.574;281757;26-oct-04;16:33:00;49.91;32.367;2.725;6.3;6.3;1;2.725;1;32.367;1;0;NaN;NaN
99;CSL_05;47.43683;-59.574;281756;26-oct-04;16:33:00;59.94;32.437;2.024;6.4;6.4;1;2.024;1;32.437;1;0;NaN;NaN
99;CSL_05;47.43683;-59.574;281755;26-oct-04;16:32:00;79.92;32.566;1.114;6.4;6.4;1;1.114;1;32.566;1;0;NaN;NaN
99;CSL_05;47.43683;-59.574;281754;26-oct-04;16:31:00;100.73;32.624;0.946;6.2;6.2;1;0.946;1;32.624;1;0;NaN;NaN
99;CSL_05;47.43683;-59.574;281753;26-oct-04;16:29:00;149.78;33.345;2.516;5;5;1;2.516;1;33.345;1;0;NaN;NaN
99;CSL_05;47.43683;-59.574;281752;26-oct-04;16:27:00;201.68;34.36;5.472;3.6;3.6;1;5.472;1;34.36;1;0;NaN;NaN
99;CSL_05;47.43683;-59.574;281751;26-oct-04;16:25:00;301.37;34.811;5.774;3.3;3.3;1;5.774;1;34.811;1;0;NaN;NaN
99;CSL_05;47.43683;-59.574;281750;26-oct-04;16:21:00;474.42;34.876;5.033;3.9;3.9;1;5.033;1;34.876;1;0;NaN;NaN
103;CSL_06;47.57983;-59.3425;281774;26-oct-04;19:47:00;3.19;31.414;9.398;6;6;1;9.398;1;31.414;1;0;NaN;NaN
103;CSL_06;47.57983;-59.3425;281773;26-oct-04;19:46:00;10.36;31.416;9.399;6;6;1;9.399;1;31.416;1;0;NaN;NaN
103;CSL_06;47.57983;-59.3425;281772;26-oct-04;19:45:00;21.04;31.437;9.392;6;6;1;9.392;1;31.437;1;0;NaN;NaN
103;CSL_06;47.57983;-59.3425;281771;26-oct-04;19:45:00;30.51;31.447;9.383;5.9;5.9;1;9.383;1;31.447;1;0;NaN;NaN
103;CSL_06;47.57983;-59.3425;281770;26-oct-04;19:44:00;40.3;31.531;9.316;5.9;5.9;1;9.316;1;31.531;1;0;NaN;NaN
103;CSL_06;47.57983;-59.3425;281769;26-oct-04;19:43:00;49.96;31.653;9.104;5.9;5.9;1;9.104;1;31.653;1;0;NaN;NaN
103;CSL_06;47.57983;-59.3425;281768;26-oct-04;19:42:00;60.73;31.822;8.459;5.9;5.9;1;8.459;1;31.822;1;0;NaN;NaN
103;CSL_06;47.57983;-59.3425;281767;26-oct-04;19:41:00;79.83;32.115;5.556;6.3;6.3;1;5.556;1;32.115;1;0;NaN;NaN
103;CSL_06;47.57983;-59.3425;281766;26-oct-04;19:40:00;100.32;32.387;2.909;6.3;6.3;1;2.909;1;32.387;1;0;NaN;NaN
103;CSL_06;47.57983;-59.3425;281765;26-oct-04;19:39:00;151.29;32.785;1.187;5.9;5.9;1;1.187;1;32.785;1;0;NaN;NaN
103;CSL_06;47.57983;-59.3425;281764;26-oct-04;19:37:00;199.76;34.066;4.476;3.7;3.7;1;4.476;1;34.066;1;0;NaN;NaN
103;CSL_06;47.57983;-59.3425;281763;26-oct-04;19:35:00;266.53;34.695;5.478;3.7;3.7;1;5.478;1;34.695;1;0;NaN;NaN
106;GULD_03;44.01433;-59.048;281785;27-oct-04;13:44:00;3.71;32.129;10.729;5.8;5.8;1;10.729;1;32.129;1;0;NaN;NaN
106;GULD_03;44.01433;-59.048;281784;27-oct-04;13:43:00;8.97;32.128;10.728;5.8;5.8;1;10.728;1;32.128;1;0;NaN;NaN
106;GULD_03;44.01433;-59.048;281783;27-oct-04;13:42:00;19.49;32.119;10.55;5.8;5.8;1;10.55;1;32.119;1;0;NaN;NaN
106;GULD_03;44.01433;-59.048;281782;27-oct-04;13:41:00;29.78;32.125;6.241;5.8;5.8;1;6.241;1;32.125;1;0;NaN;NaN
106;GULD_03;44.01433;-59.048;281781;27-oct-04;13:41:00;40.63;32.325;3.389;5.6;5.6;1;3.389;1;32.325;1;0;NaN;NaN
106;GULD_03;44.01433;-59.048;281780;27-oct-04;13:40:00;50.73;32.467;3.058;5.7;5.7;1;3.058;1;32.467;1;0;NaN;NaN
106;GULD_03;44.01433;-59.048;281779;27-oct-04;13:39:00;59.48;32.714;3.357;5.7;5.7;1;3.357;1;32.714;1;0;NaN;NaN
106;GULD_03;44.01433;-59.048;281778;27-oct-04;13:38:00;80.5;32.982;3.181;5.7;5.7;1;3.181;1;32.982;1;0;NaN;NaN
106;GULD_03;44.01433;-59.048;281777;27-oct-04;13:37:00;100.85;33.301;3.39;5.5;5.5;1;3.39;1;33.301;1;0;NaN;NaN
106;GULD_03;44.01433;-59.048;281776;27-oct-04;13:33:00;249.42;34.829;7.285;4;4;1;7.285;1;34.829;1;0;NaN;NaN
106;GULD_03;44.01433;-59.048;281775;27-oct-04;13:30:00;364.04;34.71;5.007;5;5;1;5.007;1;34.71;1;0;NaN;NaN
110;HL_07;42.52967;-61.40117;281799;28-oct-04;06:04:00;3.84;33.942;16.326;5.1;5.1;1;16.326;1;33.942;1;0;NaN;NaN
110;HL_07;42.52967;-61.40117;281798;28-oct-04;06:03:00;9.29;33.946;16.331;5.1;5.1;1;16.331;1;33.946;1;0;NaN;NaN
110;HL_07;42.52967;-61.40117;281797;28-oct-04;06:02:00;21;33.992;16.384;5;5;1;16.384;1;33.992;1;0;NaN;NaN
110;HL_07;42.52967;-61.40117;281796;28-oct-04;06:01:00;30.42;33.611;11.695;5.6;5.6;1;11.695;1;33.611;1;0;NaN;NaN
110;HL_07;42.52967;-61.40117;281795;28-oct-04;05:59:00;39.9;32.99;6.263;6.1;6.1;1;6.263;1;32.99;1;0;NaN;NaN
110;HL_07;42.52967;-61.40117;281794;28-oct-04;05:58:00;50.31;33.078;3.731;6;6;1;3.731;1;33.078;1;0;NaN;NaN
110;HL_07;42.52967;-61.40117;281793;28-oct-04;05:57:00;60.41;33.404;5.036;5.7;5.7;1;5.036;1;33.404;1;0;NaN;NaN
110;HL_07;42.52967;-61.40117;281792;28-oct-04;05:56:00;80.77;34.125;7.582;4.9;4.9;1;7.582;1;34.125;1;0;NaN;NaN
110;HL_07;42.52967;-61.40117;281791;28-oct-04;05:54:00;100.33;34.872;9.927;4.2;4.2;1;9.927;1;34.872;1;0;NaN;NaN
110;HL_07;42.52967;-61.40117;281790;28-oct-04;05:51:00;249.78;35.106;8.77;3.2;3.2;1;8.77;1;35.106;1;0;NaN;NaN
110;HL_07;42.52967;-61.40117;281789;28-oct-04;05:45:00;501.39;34.963;5.469;4.6;4.6;1;5.469;1;34.963;1;0;NaN;NaN
110;HL_07;42.52967;-61.40117;281788;28-oct-04;05:36:00;1000.55;34.957;4.172;5.3;5.3;1;4.172;1;34.957;1;0;NaN;NaN
110;HL_07;42.52967;-61.40117;281787;28-oct-04;05:26:00;1500.15;34.936;3.713;5.5;5.5;1;3.713;1;34.936;1;0;NaN;NaN
110;HL_07;42.52967;-61.40117;281786;28-oct-04;05:01:00;2875.27;34.916;2.867;5.6;5.6;1;2.867;1;34.916;1;0;NaN;NaN
114;HL_06;42.84883;-61.73783;281812;28-oct-04;11:52:00;4.38;34.483;16.558;5;5;1;16.558;1;34.483;1;0;NaN;NaN
114;HL_06;42.84883;-61.73783;281811;28-oct-04;11:52:00;10.72;34.483;16.56;5;5;1;16.56;1;34.483;1;0;NaN;NaN
114;HL_06;42.84883;-61.73783;281810;28-oct-04;11:51:00;20.65;34.481;16.554;5;5;1;16.554;1;34.481;1;0;NaN;NaN
114;HL_06;42.84883;-61.73783;281809;28-oct-04;11:50:00;30.45;34.482;16.568;5;5;1;16.568;1;34.482;1;0;NaN;NaN
114;HL_06;42.84883;-61.73783;281808;28-oct-04;11:49:00;39.24;34.444;16.493;5;5;1;16.493;1;34.444;7;512;NaN;NaN
114;HL_06;42.84883;-61.73783;281807;28-oct-04;11:48:00;50.34;32.645;4.935;5.9;5.9;1;4.935;1;32.645;7;512;NaN;NaN
114;HL_06;42.84883;-61.73783;281806;28-oct-04;11:47:00;59.99;32.937;3.445;5.9;5.9;1;3.445;1;32.937;1;0;NaN;NaN
114;HL_06;42.84883;-61.73783;281805;28-oct-04;11:46:00;79.88;33.371;4.376;5.6;5.6;1;4.376;1;33.371;1;0;NaN;NaN
114;HL_06;42.84883;-61.73783;281804;28-oct-04;11:44:00;99.57;34.103;6.806;5;5;1;6.806;1;34.103;1;0;NaN;NaN
114;HL_06;42.84883;-61.73783;281803;28-oct-04;11:41:00;251.14;35.023;8.333;3.4;3.4;1;8.333;1;35.023;1;0;NaN;NaN
114;HL_06;42.84883;-61.73783;281802;28-oct-04;11:35:00;501.05;34.893;4.774;5.1;5.1;1;4.774;1;34.893;1;0;NaN;NaN
114;HL_06;42.84883;-61.73783;281801;28-oct-04;11:29:00;751.32;34.915;4.307;5.4;5.4;1;4.307;1;34.915;1;0;NaN;NaN
114;HL_06;42.84883;-61.73783;281800;28-oct-04;11:22:00;1026.96;34.915;3.983;5.5;5.5;1;3.983;1;34.915;1;0;NaN;NaN
117;HL_05;43.18467;-62.11383;281821;28-oct-04;18:04:00;4.14;32.76;12.697;5.5;5.5;1;12.697;1;32.76;1;0;NaN;NaN
117;HL_05;43.18467;-62.11383;281820;28-oct-04;18:03:00;10.28;32.771;12.733;5.5;5.5;1;12.733;1;32.771;1;0;NaN;NaN
117;HL_05;43.18467;-62.11383;281819;28-oct-04;18:02:00;19.9;32.789;12.837;5.5;5.5;1;12.837;1;32.789;1;0;NaN;NaN
117;HL_05;43.18467;-62.11383;281818;28-oct-04;18:01:00;30.31;32.498;9.11;5.6;5.6;1;9.11;1;32.498;1;0;NaN;NaN
117;HL_05;43.18467;-62.11383;281817;28-oct-04;18:01:00;39.09;32.382;6.313;5.8;5.8;1;6.313;1;32.382;1;0;NaN;NaN
117;HL_05;43.18467;-62.11383;281816;28-oct-04;18:00:00;49.41;32.571;3.881;5.8;5.8;1;3.881;1;32.571;1;0;NaN;NaN
117;HL_05;43.18467;-62.11383;281815;28-oct-04;17:59:00;61.88;32.691;3.327;5.8;5.8;1;3.327;1;32.691;1;0;NaN;NaN
117;HL_05;43.18467;-62.11383;281814;28-oct-04;17:58:00;80.32;32.841;2.894;5.7;5.7;1;2.894;1;32.841;1;0;NaN;NaN
117;HL_05;43.18467;-62.11383;281813;28-oct-04;17:57:00;97.02;32.955;2.915;5.7;5.7;1;2.915;1;32.955;1;0;NaN;NaN
120;HL_04;43.476;-62.4555;281829;28-oct-04;21:43:00;4.17;32.044;11.096;5.8;5.8;1;11.096;1;32.044;1;0;NaN;NaN
120;HL_04;43.476;-62.4555;281828;28-oct-04;21:42:00;10.58;32.049;11.102;5.7;5.7;1;11.102;1;32.049;1;0;NaN;NaN
120;HL_04;43.476;-62.4555;281827;28-oct-04;21:41:00;20.71;32.057;11.093;5.7;5.7;1;11.093;1;32.057;1;0;NaN;NaN
120;HL_04;43.476;-62.4555;281826;28-oct-04;21:40:00;29.27;32.06;11.095;5.7;5.7;1;11.095;1;32.06;1;0;NaN;NaN
120;HL_04;43.476;-62.4555;281825;28-oct-04;21:39:00;40.45;32.072;10.797;5.7;5.7;1;10.797;1;32.072;1;0;NaN;NaN
120;HL_04;43.476;-62.4555;281824;28-oct-04;21:38:00;48.59;32.493;7.433;5.9;5.9;1;7.433;1;32.493;1;0;NaN;NaN
120;HL_04;43.476;-62.4555;281823;28-oct-04;21:37:00;61.37;32.765;4.151;6;6;1;4.151;1;32.765;1;0;NaN;NaN
120;HL_04;43.476;-62.4555;281822;28-oct-04;21:35:00;81.19;33.021;3.357;5.7;5.7;1;3.357;1;33.021;1;0;NaN;NaN
121;HL_03;43.88033;-62.88183;281840;29-oct-04;01:14:00;3.15;31.638;11.478;5.7;5.7;1;11.478;1;31.638;1;0;NaN;NaN
121;HL_03;43.88033;-62.88183;281839;29-oct-04;01:13:00;9.6;31.641;11.475;5.7;5.7;1;11.475;1;31.641;1;0;NaN;NaN
121;HL_03;43.88033;-62.88183;281838;29-oct-04;01:12:00;19.55;31.642;11.477;5.7;5.7;1;11.477;1;31.642;1;0;NaN;NaN
121;HL_03;43.88033;-62.88183;281837;29-oct-04;01:11:00;29.65;31.642;11.469;5.7;5.7;1;11.469;1;31.642;1;0;NaN;NaN
121;HL_03;43.88033;-62.88183;281836;29-oct-04;01:10:00;41.03;31.632;11.365;5.6;5.6;1;11.365;1;31.632;1;0;NaN;NaN
121;HL_03;43.88033;-62.88183;281835;29-oct-04;01:08:00;49.52;32.467;5.455;6;6;1;5.455;1;32.467;1;0;NaN;NaN
121;HL_03;43.88033;-62.88183;281834;29-oct-04;01:07:00;59.7;32.595;3.482;6;6;1;3.482;1;32.595;1;0;NaN;NaN
121;HL_03;43.88033;-62.88183;281833;29-oct-04;01:06:00;80.26;33.202;4.66;5.8;5.8;1;4.66;1;33.202;1;0;NaN;NaN
121;HL_03;43.88033;-62.88183;281832;29-oct-04;01:05:00;100.41;33.414;4.661;5.6;5.6;1;4.661;1;33.414;1;0;NaN;NaN
121;HL_03;43.88033;-62.88183;281831;29-oct-04;01:02:00;200.52;34.872;9.155;2.5;2.5;1;9.155;1;34.872;1;0;NaN;NaN
121;HL_03;43.88033;-62.88183;281830;29-oct-04;01:00:00;262.6;34.908;8.4;3.5;3.5;1;8.4;1;34.908;1;0;NaN;NaN
124;HL_02;44.267;-63.316;281852;29-oct-04;05:01:00;3.17;30.597;11.864;5.7;5.7;1;11.864;1;30.597;1;0;NaN;NaN
124;HL_02;44.267;-63.316;281851;29-oct-04;05:00:00;5.14;30.597;11.858;5.7;5.7;1;11.858;1;30.597;1;0;NaN;NaN
124;HL_02;44.267;-63.316;281850;29-oct-04;04:59:00;11.09;30.597;11.868;5.7;5.7;1;11.868;1;30.597;1;0;NaN;NaN
124;HL_02;44.267;-63.316;281849;29-oct-04;04:58:00;20.59;30.598;11.87;5.7;5.7;1;11.87;1;30.598;1;0;NaN;NaN
124;HL_02;44.267;-63.316;281848;29-oct-04;04:56:00;31.01;30.605;11.86;5.7;5.7;1;11.86;1;30.605;1;0;NaN;NaN
124;HL_02;44.267;-63.316;281847;29-oct-04;04:55:00;40.28;30.71;11.813;5.6;5.6;1;11.813;1;30.71;1;0;NaN;NaN
124;HL_02;44.267;-63.316;281846;29-oct-04;04:54:00;50.28;31.081;8.454;5.6;5.6;1;8.454;1;31.081;1;0;NaN;NaN
124;HL_02;44.267;-63.316;281845;29-oct-04;04:52:00;60.73;31.782;5.727;5.8;5.8;1;5.727;1;31.782;1;0;NaN;NaN
124;HL_02;44.267;-63.316;281844;29-oct-04;04:51:00;74.33;32.247;3.075;5.9;5.9;1;3.075;1;32.247;1;0;NaN;NaN
124;HL_02;44.267;-63.316;281843;29-oct-04;04:50:00;79.95;32.292;2.978;5.9;5.9;1;2.978;1;32.292;1;0;NaN;NaN
124;HL_02;44.267;-63.316;281842;29-oct-04;04:49:00;100.99;32.7;2.49;5.6;5.6;1;2.49;1;32.7;1;0;NaN;NaN
124;HL_02;44.267;-63.316;281841;29-oct-04;04:47:00;147.37;33.399;4.392;4.7;4.7;1;4.392;1;33.399;1;0;NaN;NaN
127;HL_01;44.39967;-63.447;281860;29-oct-04;07:29:00;3.74;30.528;12.064;5.6;5.6;1;12.064;1;30.528;1;0;NaN;NaN
127;HL_01;44.39967;-63.447;281859;29-oct-04;07:28:00;10.46;30.529;12.042;5.6;5.6;1;12.042;1;30.529;1;0;NaN;NaN
127;HL_01;44.39967;-63.447;281858;29-oct-04;07:27:00;20.49;30.528;12.047;5.6;5.6;1;12.047;1;30.528;1;0;NaN;NaN
127;HL_01;44.39967;-63.447;281857;29-oct-04;07:25:00;30.67;30.528;12.049;5.6;5.6;1;12.049;1;30.528;1;0;NaN;NaN
127;HL_01;44.39967;-63.447;281856;29-oct-04;07:24:00;40.22;30.546;12.018;5.6;5.6;1;12.018;1;30.546;1;0;NaN;NaN
127;HL_01;44.39967;-63.447;281855;29-oct-04;07:23:00;50.41;30.601;11.83;5.6;5.6;1;11.83;1;30.601;1;0;NaN;NaN
127;HL_01;44.39967;-63.447;281854;29-oct-04;07:22:00;60.68;30.84;10.56;5.5;5.5;1;10.56;1;30.84;1;0;NaN;NaN
127;HL_01;44.39967;-63.447;281853;29-oct-04;07:20:00;78.12;31.847;5.671;5.7;5.7;1;5.671;1;31.847;1;0;NaN;NaN
