CTD;CTD;CTD;CTD;CTD;CTD;CTD;CTD;CTD;CTD;labo;labo;labo;labo;labo;labo;CTD
Fichier;Station;Latitude;Longitude;Echantillon;zbouteille;Date;Heure;PSAL;TE90;OXYM_01;Si_01;NO2_01;NOx_01;PO4_01;CHL_03;FLOR
(nom);(nom/no);(degres);(degres);(no_unique);(dbar);(jj-mmm-yyyy);(GMT);(psu);(celsius);(mmol/m**3);(mmol/m**3);(mmol/m**3);(mmol/m**3);(mmol/m**3);(mg/m**3);(mg/m**3)
189016004_1493;181;47.93633;-60.5475;417893;434.76;07-mar-16;22:28:00;34.87;5.65;152.71487;33.48;0.01333;22.74667;1.78;NaN;1.007
189016004_1493;181;47.93633;-60.5475;417894;150.27;07-mar-16;22:28:00;33.75;4.51;NaN;14.625;0.01667;15.11333;1.26333;NaN;1.046
189016004_1493;181;47.93633;-60.5475;417895;97.75;07-mar-16;22:28:00;32.83;1.75;NaN;12.195;0.01333;12.05333;1.16667;NaN;1.227
189016004_1493;181;47.93633;-60.5475;417896;53.24;07-mar-16;22:28:00;31.72;-0.79;364.67123;6.42;0.06667;6.29667;0.78;0.245;4.418
189016004_1493;181;47.93633;-60.5475;417897;15.77;07-mar-16;22:28:00;31.68;-0.92;NaN;6.295;0.07;6.25333;0.78333;0.32;5.357
189016004_1493;181;47.93633;-60.5475;417898;4.07;07-mar-16;22:28:00;31.68;-0.93;370.70033;6.355;0.07;6.25667;0.77667;0.28;5.513
189016004_1494;201;47.84917;-59.6645;417905;399.23;08-mar-16;03:11:00;34.87;5.86;152.35759;30.48;0.01;23.00333;1.74667;NaN;1.268
189016004_1494;201;47.84917;-59.6645;417906;151.27;08-mar-16;03:11:00;33.6;3.91;NaN;16.01;0.01667;15.21333;1.30333;NaN;1.237
189016004_1494;201;47.84917;-59.6645;417907;101.12;08-mar-16;03:11:00;32.8;1.68;NaN;9.325;0.02;9.09;1.005;NaN;1.403
189016004_1494;201;47.84917;-59.6645;417908;50.17;08-mar-16;03:11:00;31.72;0.23;365.78773;3.835;0.09;3.75;0.64;1.835;14.24
189016004_1494;201;47.84917;-59.6645;417909;15.87;08-mar-16;03:11:00;31.63;0.07;NaN;3.67;0.09;3.32;0.62;2.395;18.913
189016004_1494;201;47.84917;-59.6645;417910;3.17;08-mar-16;03:11:00;31.63;0.11;369.49451;3.76;0.085;3.31;0.62;2.32;19.031
189016004_1495;211;47.63483;-59.93367;417911;518.17;08-mar-16;05:35:00;34.88;5.65;156.13136;32.66;0.02;22.285;1.785;NaN;1.186
189016004_1495;211;47.63483;-59.93367;417912;149.19;08-mar-16;05:35:00;33.51;3.61;NaN;15.615;0.02;14.85;1.3;NaN;1.392
189016004_1495;211;47.63483;-59.93367;417913;100.23;08-mar-16;05:35:00;32.73;1.83;NaN;10.285;0.02;10.135;1.08;NaN;1.412
189016004_1495;211;47.63483;-59.93367;417914;51.06;08-mar-16;05:35:00;31.79;0.16;358.37417;4.955;0.075;5.005;0.715;0.335;5.393
189016004_1495;211;47.63483;-59.93367;417915;14.77;08-mar-16;05:35:00;31.77;0.08;NaN;5;0.07;5.095;0.73;0.315;5.687
189016004_1495;211;47.63483;-59.93367;417916;1.49;08-mar-16;05:35:00;31.77;0.08;360.71882;5.045;0.07;5.09;0.74;0.32;5.686
189016004_1496;221;47.3885;-60.249;417917;206.16;08-mar-16;07:36:00;34.43;5.98;137.41882;26.225;0.025;21.46;1.685;NaN;1.412
189016004_1496;221;47.3885;-60.249;417918;150.08;08-mar-16;07:36:00;33.64;4.03;NaN;17.8;0.01333;16.54;1.39333;NaN;1.314
189016004_1496;221;47.3885;-60.249;417919;100.63;08-mar-16;07:36:00;32.48;1.2;NaN;10.465;0.03;10.2;1.06;NaN;1.832
189016004_1496;221;47.3885;-60.249;417920;50.27;08-mar-16;07:36:00;31.7;-0.8;368.53432;5.93;0.08;5.925;0.765;0.27;5.015
189016004_1496;221;47.3885;-60.249;417921;14.38;08-mar-16;07:36:00;31.63;-0.95;NaN;6.39;0.08;6.21;0.78;0.24;5.495
189016004_1496;221;47.3885;-60.249;417922;1.39;08-mar-16;07:36:00;31.63;-0.95;371.7945;6.365;0.08;6.225;0.785;0.265;5.475
189016004_1497;231;47.0845;-60.626;417923;184.17;08-mar-16;10:06:00;34.07;5.05;161.6692;23.88;0.045;19.535;1.575;NaN;1.483
189016004_1497;231;47.0845;-60.626;417924;101.52;08-mar-16;10:06:00;32.38;1.63;NaN;14.545;0.135;11.73;1.18;NaN;3.223
189016004_1497;231;47.0845;-60.626;417925;52.35;08-mar-16;10:06:00;30.86;-0.87;370.47703;9.955;0.145;7.02;0.87;2.835;14.763
189016004_1497;231;47.0845;-60.626;417926;15.47;08-mar-16;10:06:00;30.49;-1.12;NaN;6.43;0.12;3.9;0.655;5.565;33.865
189016004_1497;231;47.0845;-60.626;417927;1.69;08-mar-16;10:06:00;30.46;-1.14;391.17694;6.23;0.11;3.615;0.63;5.49;36.673
189016004_1498;241;46.78283;-61.006;417928;122.54;08-mar-16;12:59:00;33.07;2.8;234.9116;17.37;0.085;14.235;1.3;NaN;2.148
189016004_1498;241;46.78283;-61.006;417929;99.64;08-mar-16;12:59:00;32.45;1.56;NaN;14.03;0.10333;11.65333;1.14;NaN;2.617
189016004_1498;241;46.78283;-61.006;417930;49.98;08-mar-16;12:59:00;30.92;-1.28;374.98769;10.215;0.13;7.665;0.905;1.17;12.032
189016004_1498;241;46.78283;-61.006;417931;15.37;08-mar-16;12:59:00;30.82;-1.35;NaN;9.22;0.135;6.43;0.82;2.89;22.62
189016004_1498;241;46.78283;-61.006;417932;1.29;08-mar-16;12:59:00;30.79;-1.32;387.96142;9.205;0.13667;6.51;0.83333;2.46;17.288
189016004_1499;251;46.82933;-61.24983;417933;54.83;08-mar-16;14:26:00;31.51;-1.01;372.10712;6.075;0.095;5.15;0.73;NaN;13.133
189016004_1499;251;46.82933;-61.24983;417934;49.88;08-mar-16;14:26:00;31.44;-0.76;NaN;7.5;0.105;5.97;0.785;1.745;13.321
189016004_1499;251;46.82933;-61.24983;417935;14.08;08-mar-16;14:26:00;31.02;-1.28;NaN;9.815;0.12;7.3;0.88;1.115;12.154
189016004_1499;251;46.82933;-61.24983;417936;0.89;08-mar-16;14:26:00;31.01;-1.18;382.69154;9.915;0.12;7.295;0.88;1.225;4.887
189016004_1500;261;46.89483;-61.45767;417937;50.67;08-mar-16;15:28:00;31.29;-1.49;388.3187;2.81;0.05;1.655;0.495;4.2;34.605
189016004_1500;261;46.89483;-61.45767;417938;15.17;08-mar-16;15:28:00;31.1;-1.27;NaN;5.84;0.1;3.185;0.615;3.375;31.99
189016004_1500;261;46.89483;-61.45767;417939;1.09;08-mar-16;15:28:00;31.08;-1.21;396.24585;6.05;0.11;3.33;0.63;3.355;17.565
189016004_1501;271;46.98517;-61.7585;417940;35.3;08-mar-16;17:04:00;31.15;-1.47;386.64395;5.275;0.085;3.145;0.595;2.95;25.512
189016004_1501;271;46.98517;-61.7585;417941;15.07;08-mar-16;17:04:00;31.1;-1.39;NaN;6.23;0.095;3.43;0.64;3.215;28.18
189016004_1501;271;46.98517;-61.7585;417942;1.59;08-mar-16;17:04:00;31.08;-1.36;392.98567;6.35;0.1;3.44;0.635;3.065;9.191
189016004_1502;281;46.7215;-62.03867;417943;124.82;08-mar-16;18:47:00;31.23;-1.42;379.20806;8.59;0.08;7.155;0.845;NaN;4.95
189016004_1502;281;46.7215;-62.03867;417944;97.17;08-mar-16;18:47:00;31.22;-1.43;NaN;8.785;0.08;7.225;0.86;NaN;4.443
189016004_1502;281;46.7215;-62.03867;417945;48.69;08-mar-16;18:47:00;31.14;-1.5;378.87311;9.3;0.09;7.5;0.875;0.375;4.773
189016004_1502;281;46.7215;-62.03867;417946;14.68;08-mar-16;18:47:00;31.07;-1.5;NaN;9.425;0.09;7.615;0.89;0.475;5.28
189016004_1502;281;46.7215;-62.03867;417947;2.78;08-mar-16;18:47:00;31.07;-1.5;NaN;9.62;0.095;7.635;0.89;0.42;4.112
189016004_1503;291;46.8575;-62.63483;417948;54.44;08-mar-16;21:11:00;31.14;-1.55;378.15855;9.46;0.08667;7.7;0.92;NaN;4.375
189016004_1503;291;46.8575;-62.63483;417949;50.47;08-mar-16;21:11:00;31.12;-1.56;378.7168;9.355;0.08333;7.72667;0.915;0.29;4.579
189016004_1503;291;46.8575;-62.63483;417950;14.48;08-mar-16;21:11:00;31.09;-1.53;NaN;9.395;0.08667;7.72;0.9;0.34;5.763
189016004_1503;291;46.8575;-62.63483;417951;1.09;08-mar-16;21:11:00;31.09;-1.53;379.45369;9.43;0.08667;7.71;0.9;0.63;4.443
189016004_1504;301;47.11783;-63.10217;417952;59;08-mar-16;23:11:00;30.93;-1.63;376.17118;10.625;0.10333;8.55;0.955;NaN;4.166
189016004_1504;301;47.11783;-63.10217;417953;50.37;08-mar-16;23:11:00;30.76;-1.62;377.28768;10.715;0.105;8.38;0.93;0.85;7.243
189016004_1504;301;47.11783;-63.10217;417954;13.98;08-mar-16;23:11:00;30.71;-1.57;NaN;10.68;0.11;8.01;0.91;1.18;10.628
189016004_1504;301;47.11783;-63.10217;417955;1.19;08-mar-16;23:11:00;30.71;-1.59;381.55271;10.625;0.11;7.955;0.9;0.655;11.458
189016004_1505;311;47.5325;-63.28533;417956;79.32;09-mar-16;01:18:00;31.1;-1.66;378.20321;9.565;0.075;8.045;0.895;NaN;3.703
189016004_1505;311;47.5325;-63.28533;417957;51.06;09-mar-16;01:18:00;31.06;-1.66;379.18573;10.36;0.09;8.63;0.93;0.235;3.888
189016004_1505;311;47.5325;-63.28533;417958;15.37;09-mar-16;01:18:00;30.98;-1.64;NaN;10.21;0.08;8.395;0.915;0.295;4.572
189016004_1505;311;47.5325;-63.28533;417959;0.79;09-mar-16;01:18:00;30.96;-1.63;377.04205;9.6;0.07;8.155;0.89;0.31;4.443
189016004_1506;321;47.77667;-64.0305;417960;76.04;09-mar-16;04:00:00;31.39;0.54;308.42196;19.035;0.11;10.54;1.165;0.235;2.436
189016004_1506;321;47.77667;-64.0305;417961;50.67;09-mar-16;04:00:00;30.72;-1.62;374.85371;12.835;0.095;9.085;0.945;0.845;8.52
189016004_1506;321;47.77667;-64.0305;417962;25.09;09-mar-16;04:00:00;30.72;-1.62;NaN;12.81;0.09;9.285;0.95;0.665;7.248
189016004_1506;321;47.77667;-64.0305;417963;15.27;09-mar-16;04:00:00;30.72;-1.62;NaN;13.085;0.09;9.33;0.94;0.645;7.063
189016004_1506;321;47.77667;-64.0305;417964;4.86;09-mar-16;04:00:00;30.72;-1.62;NaN;12.93;0.09;9.35;0.97;0.62;6.878
189016004_1506;321;47.77667;-64.0305;417965;0.99;09-mar-16;04:00:00;30.72;-1.62;374.71973;13.26;0.09;9.315;0.955;0.635;6.973
189016004_1507;331;47.83033;-64.25033;417966;37.58;09-mar-16;05:10:00;30.75;-1.62;370.85664;14.28;0.1;9.895;0.99;0.22;4.836
189016004_1507;331;47.83033;-64.25033;417967;14.68;09-mar-16;05:10:00;30.71;-1.62;NaN;11.44;0.09;7.53;0.835;1.45;18.124
189016004_1507;331;47.83033;-64.25033;417968;1.59;09-mar-16;05:10:00;30.71;-1.63;385.4158;11.47;0.09;7.55;0.82;1.44;16.768
