CTD;CTD;CTD;CTD;CTD;CTD;CTD;CTD;CTD;CTD;labo;labo;labo;labo;labo;labo;CTD
Fichier;Station;Latitude;Longitude;Echantillon;zbouteille;Date;Heure;PSAL;TE90;OXYM_01;Si_01;NO2_01;NOx_01;PO4_01;CHL_03;FLOR
(nom);(nom/no);(degres);(degres);(no_unique);(dbar);(jj-mmm-yyyy);(GMT);(psu);(celsius);(mmol/m**3);(mmol/m**3);(mmol/m**3);(mmol/m**3);(mmol/m**3);(mg/m**3);(mg/m**3)
18EG17004_1582;521;47.85183;-59.6655;420495;401.11;09-mar-17;11:11:00;34.92;6.08;158.18572;28.8;0.01;23.015;1.685;NaN;0.03
18EG17004_1582;521;47.85183;-59.6655;420496;151.36;09-mar-17;11:11:00;33.36;3.16;NaN;12.795;0.01;13.395;1.185;NaN;0.047
18EG17004_1582;521;47.85183;-59.6655;420497;100.53;09-mar-17;11:11:00;32.48;1.51;NaN;8.015;0.025;8.36;0.89;NaN;0.092
18EG17004_1582;521;47.85183;-59.6655;420498;50.67;09-mar-17;11:11:00;31.89;-0.16;361.63435;5.58;0.075;5.805;0.725;0.425;0.374
18EG17004_1582;521;47.85183;-59.6655;420499;15.87;09-mar-17;11:11:00;31.88;-0.18;NaN;5.565;0.075;5.755;0.73;0.44;0.399
18EG17004_1582;521;47.85183;-59.6655;420500;2.08;09-mar-17;11:11:00;31.88;-0.18;361.12076;5.54;0.08;5.76;0.72;0.47;0.297
18EG17004_1583;531;47.637;-59.9385;420501;512.73;09-mar-17;13:17:00;34.93;5.93;157.58281;31.89;0.02;22.955;1.75;NaN;0.039
18EG17004_1583;531;47.637;-59.9385;420502;299.65;09-mar-17;13:17:00;34.82;6.97;NaN;24.915;0.01;23.63;1.67;NaN;0.028
18EG17004_1583;531;47.637;-59.9385;420503;249.44;09-mar-17;13:17:00;34.71;7.27;NaN;21.75;0.015;22.04;1.57;NaN;0.027
18EG17004_1583;531;47.637;-59.9385;420504;201.6;09-mar-17;13:17:00;34.5;7.23;NaN;16.82;0.015;18.775;1.37;NaN;0.026
18EG17004_1583;531;47.637;-59.9385;420505;150.18;09-mar-17;13:17:00;33.66;4.29;NaN;5.92;0.075;5.77;0.72;NaN;0.04
18EG17004_1583;531;47.637;-59.9385;420506;99.64;09-mar-17;13:17:00;32.7;1.74;NaN;10.915;0.015;11.295;1.1;NaN;0.057
18EG17004_1583;531;47.637;-59.9385;420507;50.27;09-mar-17;13:17:00;31.71;-0.79;369.71781;5.815;0.07;5.71;0.73;0.485;0.461
18EG17004_1583;531;47.637;-59.9385;420508;15.17;09-mar-17;13:17:00;31.68;-0.81;NaN;5.92;0.07;5.705;0.725;0.495;0.371
18EG17004_1583;531;47.637;-59.9385;420509;0.5;09-mar-17;13:17:00;31.68;-0.79;274.12308;10.89;0.015;11.255;1.1;0.03;0.256
18EG17004_1584;541;47.388;-60.24733;420510;209.83;09-mar-17;15:40:00;34.45;5.78;135.05184;30.18;0.02;21.625;1.71;NaN;0.051
18EG17004_1584;541;47.388;-60.24733;420511;150.48;09-mar-17;15:40:00;32.5;1.08;NaN;11.96;0.02;10.975;1.075;NaN;0.093
18EG17004_1584;541;47.388;-60.24733;420512;100.33;09-mar-17;15:40:00;32.31;0.54;NaN;10.61;0.03;9.6;1.01;NaN;0.137
18EG17004_1584;541;47.388;-60.24733;420513;50.57;09-mar-17;15:40:00;31.79;-0.83;372.59838;6.935;0.07;6.345;0.77;0.475;0.355
18EG17004_1584;541;47.388;-60.24733;420514;15.07;09-mar-17;15:40:00;31.65;-1.16;NaN;6.965;0.07;6.395;0.775;0.49;0.421
18EG17004_1584;541;47.388;-60.24733;420515;0.89;09-mar-17;15:40:00;31.64;-1.14;372.19644;6.94;0.065;6.41;0.78;0.545;0.173
18EG17004_1585;551;47.08417;-60.62167;420516;185.96;09-mar-17;18:05:00;33.88;4.75;176.78661;22.755;0.035;18.47;1.505;NaN;0.131
18EG17004_1585;551;47.08417;-60.62167;420517;152.56;09-mar-17;18:05:00;33.66;4.18;NaN;19.995;0.025;17.04;1.42;NaN;0.06
18EG17004_1585;551;47.08417;-60.62167;420518;98.65;09-mar-17;18:05:00;32.75;1.98;NaN;12.96;0.04;11.645;1.105;NaN;0.123
18EG17004_1585;551;47.08417;-60.62167;420519;50.87;09-mar-17;18:05:00;31.07;-1.14;366.01103;8.71;0.075;6.57;0.77;0.875;0.512
18EG17004_1585;551;47.08417;-60.62167;420520;15.37;09-mar-17;18:05:00;30.72;-1.47;NaN;7.97;0.08;5.735;0.715;1.22;0.711
18EG17004_1585;551;47.08417;-60.62167;420521;0.89;09-mar-17;18:05:00;30.68;-1.48;383.22746;8.06;0.08;5.725;0.705;1.14;0.557
18EG17004_1586;561;46.78633;-61.00383;420522;121.75;09-mar-17;20:53:00;33.17;3.02;231.13783;17.33;0.065;14.68;1.29;NaN;0.127
18EG17004_1586;561;46.78633;-61.00383;420523;100.63;09-mar-17;20:53:00;33.14;2.95;NaN;17.105;0.065;14.505;1.28;NaN;0.12
18EG17004_1586;561;46.78633;-61.00383;420524;50.37;09-mar-17;20:53:00;30.59;-1.53;377.75661;8.615;0.07;6.22;0.745;0.97;0.533
18EG17004_1586;561;46.78633;-61.00383;420525;15.27;09-mar-17;20:53:00;29.82;-1.55;NaN;8.585;0.08;5.36;0.695;1.735;0.932
18EG17004_1586;561;46.78633;-61.00383;420526;0.6;09-mar-17;20:53:00;29.77;-1.5;384.47794;8.59;0.085;5.25;0.69;1.595;0.837
18EG17004_1587;571;46.828;-61.24667;420527;59.1;09-mar-17;22:15:00;31.59;-0.78;359.42368;8.045;0.09;6.745;0.8;NaN;0.403
18EG17004_1587;571;46.828;-61.24667;420528;50.67;09-mar-17;22:15:00;31.58;-0.87;362.68386;7.865;0.08;6.68;0.795;0.605;0.448
18EG17004_1587;571;46.828;-61.24667;420529;14.88;09-mar-17;22:15:00;30.87;-1.55;NaN;7.73;0.085;5.65;0.72;0.89;0.653
18EG17004_1587;571;46.828;-61.24667;420530;0.69;09-mar-17;22:15:00;30.78;-1.43;380.52553;8.02;0.09;5.705;0.72;0.805;0.623
18EG17004_1588;581;46.89583;-61.45617;420531;50.08;09-mar-17;23:17:00;31.42;-0.61;349.77712;8.91;0.1;6.875;0.835;0.715;0.489
18EG17004_1588;581;46.89583;-61.45617;420532;14.78;09-mar-17;23:17:00;30.95;-1.62;NaN;7.71;0.07;5.735;0.725;1.25;0.738
18EG17004_1588;581;46.89583;-61.45617;420533;2.18;09-mar-17;23:17:00;30.95;-1.61;381.86533;7.865;0.07667;5.875;0.72;1.295;0.767
18EG17004_1589;591;46.98483;-61.75817;420534;38.77;10-mar-17;00:43:00;31.15;-1.33;372.0178;7.51;0.09;5.435;0.705;NaN;0.649
18EG17004_1589;591;46.98483;-61.75817;420535;14.87;10-mar-17;00:43:00;30.87;-1.58;NaN;7.465;0.075;5.355;0.695;1.83;0.838
18EG17004_1589;591;46.98483;-61.75817;420536;1.39;10-mar-17;00:43:00;30.85;-1.56;383.69639;7.835;0.075;5.64;0.715;1.43;0.729
18EG17004_1590;601;46.73117;-62.03667;420537;62.87;10-mar-17;02:40:00;30.67;-1.66;381.66436;9.145;0.075;6.555;0.77;NaN;0.414
18EG17004_1590;601;46.73117;-62.03667;420538;49.58;10-mar-17;02:40:00;30.61;-1.66;381.88766;9.18;0.07;6.62;0.775;0.725;0.417
18EG17004_1590;601;46.73117;-62.03667;420539;15.67;10-mar-17;02:40:00;30.55;-1.63;NaN;9.25;0.075;6.49;0.77;0.955;0.534
18EG17004_1590;601;46.73117;-62.03667;420540;1.88;10-mar-17;02:40:00;30.54;-1.63;383.22746;9.245;0.075;6.47;0.77;0.99;0.537
18EG17004_1591;621;47.37333;-62.85567;420541;42.93;10-mar-17;20:26:00;31.19;-1.57;377.93525;8.305;0.065;6.625;0.8;0.695;0.488
18EG17004_1591;621;47.37333;-62.85567;420542;14.68;10-mar-17;20:26:00;31.18;-1.59;NaN;8.29;0.07;6.625;0.795;0.725;0.518
18EG17004_1591;621;47.37333;-62.85567;420543;1.29;10-mar-17;20:26:00;31.18;-1.6;378.06923;8.275;0.075;6.635;0.795;0.665;0.382
18EG17004_1592;631;47.53067;-63.28;420545;79.02;10-mar-17;22:23:00;31.02;-1.56;NaN;NaN;NaN;NaN;NaN;NaN;0.313
18EG17004_1592;631;47.53067;-63.28;420546;50.57;10-mar-17;22:23:00;30.99;-1.6;370.78965;9.535;0.075;7.37;0.84;0.41;0.32
18EG17004_1592;631;47.53067;-63.28;420547;14.87;10-mar-17;22:23:00;30.89;-1.63;NaN;9.98;0.07;7.465;0.835;0.415;0.349
18EG17004_1592;631;47.53067;-63.28;420548;0.89;10-mar-17;22:23:00;30.83;-1.65;NaN;9.97;0.075;7.48;0.845;0.465;0.373
18EG17004_1593;641;47.65967;-63.6825;420549;71.68;11-mar-17;00:35:00;30.99;-1.62;NaN;NaN;NaN;NaN;NaN;NaN;0.337
18EG17004_1593;641;47.65967;-63.6825;420550;50.07;11-mar-17;00:35:00;30.73;-1.66;374.07216;9.77;0.08;7.14;0.82;0.54;0.447
18EG17004_1593;641;47.65967;-63.6825;420551;19.04;11-mar-17;00:35:00;30.72;-1.67;NaN;9.72;0.075;7.135;0.81;0.54;0.461
18EG17004_1593;641;47.65967;-63.6825;420552;2.58;11-mar-17;00:35:00;30.72;-1.65;376.61778;9.69;0.07;7.025;0.82;0.57;0.46
18EG17004_1594;651;47.78417;-64.049;420553;77.04;11-mar-17;02:44:00;30.96;-0.99;349.97809;12.86;0.08;8.175;0.925;NaN;0.202
18EG17004_1594;651;47.78417;-64.049;420554;50.77;11-mar-17;02:44:00;30.69;-1.66;374.09449;10.18;0.075;7.435;0.81;0.375;0.338
18EG17004_1594;651;47.78417;-64.049;420555;15.07;11-mar-17;02:44:00;30.46;-1.66;NaN;12.05;0.09;8.665;0.905;0.36;0.408
18EG17004_1594;651;47.78417;-64.049;420556;1.59;11-mar-17;02:44:00;30.47;-1.68;373.60323;12.07;0.08667;8.73667;0.9;0.375;0.438
18EG17004_1595;661;47.83033;-64.251;420557;38.27;11-mar-17;03:47:00;30.32;-1.62;373.64789;12.665;0.085;8.52;0.88;0.365;0.402
18EG17004_1595;661;47.83033;-64.251;420558;14.48;11-mar-17;03:47:00;30.31;-1.62;NaN;12.71;0.085;8.635;0.88;0.35;0.41
18EG17004_1595;661;47.83033;-64.251;420559;2.97;11-mar-17;03:47:00;30.31;-1.62;373.46925;12.7;0.085;8.67;0.885;0.37;0.435
