CTD;CTD;CTD;CTD;CTD;CTD;CTD;CTD;CTD;CTD;CTD;labo;labo;labo;labo;labo;labo;CTD
Fichier;Station;Latitude;Longitude;Echantillon;zbouteille;Date;Heure;PSAL;TE90;DOXY;OXYM_01;NO2_01;PO4_01;NOx_01;Si_01;CHL_03;FLOR
(nom);(nom/no);(degres);(degres);(no_unique);(dbar);(jj-mmm-yyyy);(GMT);(psu);(celsius);(ml/l);(mmol/m**3);(mmol/m**3);(mmol/m**3);(mmol/m**3);(mmol/m**3);(mg/m**3);(mg/m**3)
18HU11061_1180;1031;47.93;-65.24617;346172;68.51;02-nov-11;09:01:00;31.6;1.99;NaN;249.47076;0.1;1.21;10.41;20.785;0.255;0.072
18HU11061_1180;1031;47.93;-65.24617;346173;49.97;02-nov-11;09:01:00;30.5;5.14;NaN;283.18906;0.125;0.765;5.795;8.22;0.09;0.051
18HU11061_1180;1031;47.93;-65.24617;346174;25.19;02-nov-11;09:01:00;28.89;7.97;NaN;298.59676;0.115;0.525;3.24;5.225;0.34;0.12
18HU11061_1180;1031;47.93;-65.24617;346175;14.87;02-nov-11;09:01:00;28.41;7.87;NaN;295.38124;0.105;0.465;2.515;5.56;0.77;0.193
18HU11061_1180;1031;47.93;-65.24617;346176;4.86;02-nov-11;09:01:00;28.06;8.07;NaN;298.59676;0.095;0.41;1.825;5.465;1.415;0.314
18HU11061_1180;1031;47.93;-65.24617;346177;2.78;02-nov-11;09:01:00;28.06;8.09;NaN;299.80258;0.08;0.39;1.655;5.355;1.605;0.304
18HU11061_1181;1041;47.826;-64.25383;346178;38.87;02-nov-11;14:02:00;30.8;4.79;285.91332;283.76964;0.15;0.745;5.55;7.965;0.17;0.054
18HU11061_1181;1041;47.826;-64.25383;346179;25.48;02-nov-11;14:02:00;29.04;7.65;304.93848;302.52684;0.085;0.445;2.23;4.38;0.585;0.165
18HU11061_1181;1041;47.826;-64.25383;346180;14.68;02-nov-11;14:02:00;27.9;8.44;304.44722;301.41034;0.08;0.35;1.155;4.665;1.475;0.359
18HU11061_1181;1041;47.826;-64.25383;346181;4.46;02-nov-11;14:02:00;27.9;8.44;305.0278;302.30354;0.07;0.345;1.13;4.68;1.475;0.304
18HU11061_1181;1041;47.826;-64.25383;346182;2.28;02-nov-11;14:02:00;27.9;8.44;305.20644;303.82198;0.075;0.345;1.12;4.65;1.76;0.253
18HU11061_1182;1051;47.74017;-63.999;346183;73.96;02-nov-11;15:52:00;32.1;1.09;NaN;241.34264;0.065;1.31;12;23.54;0.11;0.048
18HU11061_1182;1051;47.74017;-63.999;346184;49.48;02-nov-11;15:52:00;31.73;1.99;NaN;279.88422;0.025;0.965;8.535;11.76;0.05;0.04
18HU11061_1182;1051;47.74017;-63.999;346185;24.69;02-nov-11;15:52:00;29.49;7.42;NaN;296.89968;0.12;0.54;3.025;4.31;0.235;0.12
18HU11061_1182;1051;47.74017;-63.999;346186;15.77;02-nov-11;15:52:00;28.84;8.14;NaN;304.89382;0.065;0.345;1.19;3.1;1.345;0.281
18HU11061_1182;1051;47.74017;-63.999;346187;5.26;02-nov-11;15:52:00;28.76;8.34;NaN;306.50158;0.06;0.33;1.015;3.105;1.785;0.233
18HU11061_1182;1051;47.74017;-63.999;346188;2.28;02-nov-11;15:52:00;28.76;8.32;NaN;307.97536;0.065;0.32;0.98;3.105;1.63;0.235
18HU11061_1183;1061;47.661;-63.74917;346189;59.29;02-nov-11;17:42:00;31.7;1.33;260.99304;255.14258;0.04;1.17;10.16;18.815;0.11;0.053
18HU11061_1183;1061;47.661;-63.74917;346190;46.8;02-nov-11;17:42:00;30.89;4.43;262.77944;259.9212;0.075;0.925;7.64;12.69;0.085;0.057
18HU11061_1183;1061;47.661;-63.74917;346191;25.68;02-nov-11;17:42:00;29.03;8.8;299.04336;298.37346;0.06;0.335;0.6;2.46;0.48;0.152
18HU11061_1183;1061;47.661;-63.74917;346192;15.57;02-nov-11;17:42:00;28.58;9.43;298.95404;296.49774;0.065;0.3;0.45;2.575;1.185;0.248
18HU11061_1183;1061;47.661;-63.74917;346193;5.06;02-nov-11;17:42:00;28.56;9.43;299.4453;296.49774;0.06;0.3;0.46;2.605;1.13;0.234
18HU11061_1183;1061;47.661;-63.74917;346194;2.28;02-nov-11;17:42:00;28.56;9.42;299.75792;302.92878;0.065;0.295;0.47;2.59;1.47;0.207
18HU11061_1184;1071;47.50033;-63.25317;346195;72.87;02-nov-11;20:22:00;31.68;0.91;NaN;251.41347;0.05;1.24;10.915;19.735;0.11;0.063
18HU11061_1184;1071;47.50033;-63.25317;346196;50.17;02-nov-11;20:22:00;31.25;2.58;NaN;277.02598;0.03;0.945;7.575;11.915;0.055;0.044
18HU11061_1184;1071;47.50033;-63.25317;346197;24.89;02-nov-11;20:22:00;29.42;8.48;NaN;296.63172;0.065;0.335;0.83;2.62;0.59;0.134
18HU11061_1184;1071;47.50033;-63.25317;346198;14.58;02-nov-11;20:22:00;29.21;8.7;NaN;298.86472;0.055;0.31;0.58;2.525;1.08;0.177
18HU11061_1184;1071;47.50033;-63.25317;346199;5.06;02-nov-11;20:22:00;29.08;8.82;NaN;301.32102;0.06;0.295;0.44;2.275;1.1;0.226
18HU11061_1184;1071;47.50033;-63.25317;346200;3.17;02-nov-11;20:22:00;29.07;8.82;NaN;301.36568;0.05;0.285;0.395;2.28;1.05;0.253
18HU11061_1185;1081;47.33017;-62.749;346201;47.79;02-nov-11;23:01:00;32.63;0.47;NaN;272.13571;0.07;1.025;8.77;13.275;0.11;0.057
18HU11061_1185;1081;47.33017;-62.749;346202;24.89;02-nov-11;23:01:00;29.48;8.36;NaN;301.0084;0.055;0.305;0.55;2.505;1.095;0.255
18HU11061_1185;1081;47.33017;-62.749;346203;15.47;02-nov-11;23:01:00;29.1;8.79;NaN;301.32102;0.06;0.305;0.465;2.4;0.735;0.248
18HU11061_1185;1081;47.33017;-62.749;346204;5.16;02-nov-11;23:01:00;28.98;8.91;NaN;300.65112;0.045;0.28;0.405;2.335;0.595;0.229
18HU11061_1185;1081;47.33017;-62.749;346205;2.68;02-nov-11;23:01:00;28.98;8.91;NaN;298.68608;0.045;0.285;0.42;2.315;0.935;0.209
18HU11061_1186;1091;47.17033;-62.24617;346206;30.05;03-nov-11;01:39:00;29.75;8.64;294.756;291.67446;0.045;0.31;0.575;2.22;1.465;0.298
18HU11061_1186;1091;47.17033;-62.24617;346207;24.49;03-nov-11;01:39:00;29.97;8.42;297.61424;292.79096;0.04;0.3;0.495;2.065;1.625;0.355
18HU11061_1186;1091;47.17033;-62.24617;346208;15.37;03-nov-11;01:39:00;29.99;7.95;306.90352;298.37346;0.045;0.29;0.575;2.37;1.455;0.364
18HU11061_1186;1091;47.17033;-62.24617;346209;4.66;03-nov-11;01:39:00;29.31;8.54;304.49188;301.41034;0.065;0.3;0.835;3.005;2.545;0.363
18HU11061_1186;1091;47.17033;-62.24617;346210;2.78;03-nov-11;01:39:00;29.3;8.54;304.75984;300.91908;0.045;0.305;0.88;3.055;1.15;0.317
18HU11061_1187;1101;46.99967;-61.74783;346211;30.44;03-nov-11;04:12:00;30.62;8.17;286.98516;285.75701;0.065;0.4;0.975;3.145;0.34;0.116
18HU11061_1187;1101;46.99967;-61.74783;346212;24.49;03-nov-11;04:12:00;30.01;9;291.36184;289.88806;0.05;0.315;0.565;2.435;0.535;0.135
18HU11061_1187;1101;46.99967;-61.74783;346213;15.67;03-nov-11;04:12:00;29.16;9.25;301.0084;298.50744;0.055;0.285;0.57;2.955;1.61;0.327
18HU11061_1187;1101;46.99967;-61.74783;346214;5.26;03-nov-11;04:12:00;29.1;9.31;300.20452;297.97152;0.05;0.275;0.555;2.965;1.42;0.294
18HU11061_1187;1101;46.99967;-61.74783;346215;1.39;03-nov-11;04:12:00;29.1;9.3;300.15986;298.82006;0.055;0.28;0.56;2.98;1.065;0.297
18HU11061_1188;1111;46.90233;-61.49983;346216;44.92;03-nov-11;05:51:00;31.72;3.18;277.5619;274.10075;0.025;0.89;7.17;11.435;0.14;0.069
18HU11061_1188;1111;46.90233;-61.49983;346217;24.79;03-nov-11;05:51:00;28.98;9.8;291.67446;290.33466;0.06;0.305;0.72;3.12;0.895;0.155
18HU11061_1188;1111;46.90233;-61.49983;346218;14.38;03-nov-11;05:51:00;28.91;9.76;296.05114;294.13076;0.055;0.29;0.495;2.935;1.105;0.269
18HU11061_1188;1111;46.90233;-61.49983;346219;5.26;03-nov-11;05:51:00;28.91;9.77;295.8725;294.80066;0.055;0.285;0.565;2.96;0.9;0.245
18HU11061_1188;1111;46.90233;-61.49983;346220;1.79;03-nov-11;05:51:00;29.01;9.64;296.81036;294.22008;0.055;0.28;0.665;2.915;1.33;0.237
18HU11061_1189;1121;46.8295;-61.247;346221;56.22;03-nov-11;07:30:00;32.13;2.7;278.32112;276.17744;0.05;0.94;8.28;11.14;0.185;0.07
18HU11061_1189;1121;46.8295;-61.247;346222;24.99;03-nov-11;07:30:00;29.04;8.84;293.59484;291.58514;0.075;0.375;1.335;3.99;0.36;0.113
18HU11061_1189;1121;46.8295;-61.247;346223;15.07;03-nov-11;07:30:00;28.72;9.97;294.57736;292.25504;0.065;0.305;0.74;3.185;1.545;0.205
18HU11061_1189;1121;46.8295;-61.247;346224;5.65;03-nov-11;07:30:00;28.69;10.02;294.57736;292.43368;0.06;0.305;0.76;3.2;1.555;0.215
18HU11061_1189;1121;46.8295;-61.247;346225;2.38;03-nov-11;07:30:00;28.79;9.89;295.02396;292.65698;0.065;0.315;0.66;3.185;1.165;0.209
18HU11061_1190;1131;46.74483;-60.99767;346226;55.03;03-nov-11;09:08:00;31.16;2.74;263.2707;261.79692;0.095;0.995;8.405;14.445;0.15;0.069
18HU11061_1190;1131;46.74483;-60.99767;346227;50.67;03-nov-11;09:08:00;30.83;3.68;266.1736;263.13672;0.1;0.92;7.34;12.525;0.32;0.071
18HU11061_1190;1131;46.74483;-60.99767;346228;25.19;03-nov-11;09:08:00;29.06;8.74;300.5618;299.08802;0.08;0.33333;1.175;3.615;2.375;0.286
18HU11061_1190;1131;46.74483;-60.99767;346229;14.28;03-nov-11;09:08:00;28.78;9.39;297.4356;294.9793;0.06;0.305;0.85;3.33;2.89;0.285
18HU11061_1190;1131;46.74483;-60.99767;346230;4.96;03-nov-11;09:08:00;28.73;9.58;294.88998;293.68416;0.06;0.305;0.8;3.205;2.24;0.288
18HU11061_1191;1141;46.9555;-60.214;346231;73.08;03-nov-11;13:32:00;32;3.03;270.23766;267.91534;0.06;0.96;8.69;11.81;0.12;0.059
18HU11061_1191;1141;46.9555;-60.214;346232;50.17;03-nov-11;13:32:00;30.98;6.61;287.20846;286.62788;0.09;0.54;3.55;5.555;0.305;0.089
18HU11061_1191;1141;46.9555;-60.214;346233;24.99;03-nov-11;13:32:00;29.87;8.71;297.25696;295.69386;0.04;0.305;0.81;2.58;1.2;0.238
18HU11061_1191;1141;46.9555;-60.214;346234;15.17;03-nov-11;13:32:00;29.67;8.83;295.55988;292.56766;0.055;0.35;1.025;3.17;1.205;0.219
18HU11061_1191;1141;46.9555;-60.214;346235;5.16;03-nov-11;13:32:00;28.92;9.67;292.70164;290.64728;0.085;0.33;1.03;3.525;1.61;0.221
18HU11061_1191;1141;46.9555;-60.214;346236;2.88;03-nov-11;13:32:00;28.89;9.73;292.70164;290.9599;0.09;0.34667;1.04667;3.5;1.705;0.211
18HU11061_1192;1151;47.02367;-60.1175;346237;174.56;03-nov-11;14:56:00;33.76;4.2;199.27292;196.12439;0.04;1.33;17.105;18.81;NaN;0.042
18HU11061_1192;1151;47.02367;-60.1175;346238;100.04;03-nov-11;14:56:00;32.61;2.43;290.24534;289.3968;0.01;0.875;8.35;7.56;0.66;0.038
18HU11061_1192;1151;47.02367;-60.1175;346239;49.48;03-nov-11;14:56:00;31.5;7.92;297.74822;295.8725;0.08;0.36;1.3;2;0.335;0.096
18HU11061_1192;1151;47.02367;-60.1175;346240;24.39;03-nov-11;14:56:00;31.35;8.19;301.41034;299.35598;0.065;0.305;0.74;1.645;0.065;0.159
18HU11061_1192;1151;47.02367;-60.1175;346241;15.37;03-nov-11;14:56:00;31.07;7.95;305.83168;NaN;0.055;0.29;0.68;1.655;0.91;0.202
18HU11061_1192;1151;47.02367;-60.1175;346242;4.66;03-nov-11;14:56:00;30.4;8.01;307.75206;304.62586;0.055;0.295;0.59;1.805;0.985;0.109
18HU11061_1192;1151;47.02367;-60.1175;346243;1.98;03-nov-11;14:56:00;30.73;7.83;307.7074;305.2511;0.055;0.295;0.59;1.7;0.875;148.248
18HU11061_1193;1161;47.10033;-59.992;346244;319.97;03-nov-11;16:31:00;34.7;5.85;153.22846;151.88866;0.015;1.525;22.025;25.56;NaN;0.021
18HU11061_1193;1161;47.10033;-59.992;346245;299.57;03-nov-11;16:31:00;34.68;5.89;151.6207;150.37022;0.015;1.535;22.15;24.925;NaN;0.02
18HU11061_1193;1161;47.10033;-59.992;346246;200.32;03-nov-11;16:31:00;33.95;4.82;199.00496;199.80884;0.01;1.285;16.95;16.915;NaN;0.021
18HU11061_1193;1161;47.10033;-59.992;346247;100.24;03-nov-11;16:31:00;32.94;2.12;285.86866;286.35992;0.015;0.95;9.505;8.665;0.03;0.031
18HU11061_1193;1161;47.10033;-59.992;346248;50.67;03-nov-11;16:31:00;31.95;1.85;325.83936;324.54422;0.015;0.665;4.765;3.3;0.07;0.047
18HU11061_1193;1161;47.10033;-59.992;346249;24.89;03-nov-11;16:31:00;31.34;7.4;304.98314;302.5715;0.09;0.345;1.195;1.805;0.4;0.139
18HU11061_1193;1161;47.10033;-59.992;346250;15.07;03-nov-11;16:31:00;31.32;7.39;306.41226;303.59868;0.08;0.345;1.13;1.745;0.42;0.161
18HU11061_1193;1161;47.10033;-59.992;346251;4.76;03-nov-11;16:31:00;31.3;7.38;307.75206;304.93848;0.08;0.34;1.11;1.715;0.56;0.135
18HU11061_1193;1161;47.10033;-59.992;346252;1.88;03-nov-11;16:31:00;31.3;7.38;307.57342;305.60838;0.085;0.33;1.095;1.72;0.5;0.154
18HU11061_1194;1171;47.26517;-59.78917;346253;456.06;03-nov-11;18:47:00;34.91;5.08;207.53502;207.55735;0.015;1.38;20.2;24.055;NaN;0.016
18HU11061_1194;1171;47.26517;-59.78917;346254;400.15;03-nov-11;18:47:00;34.9;5.25;198.11176;197.97778;0.01;1.41;20.42;23.44;NaN;0.018
18HU11061_1194;1171;47.26517;-59.78917;346255;299.47;03-nov-11;18:47:00;34.83;5.94;174.21866;NaN;0.015;1.44;21.35;20.77;NaN;0.02
18HU11061_1194;1171;47.26517;-59.78917;346256;200.52;03-nov-11;18:47:00;34.46;5.97;165.19734;165.50996;0.005;1.445;20.265;20.105;NaN;0.015
18HU11061_1194;1171;47.26517;-59.78917;346257;99.14;03-nov-11;18:47:00;32.88;2.16;288.45894;288.45894;0.005;0.925;9.285;8.07;0.03;0.03
18HU11061_1194;1171;47.26517;-59.78917;346258;50.07;03-nov-11;18:47:00;32.27;4.17;300.60646;299.6686;0.055;0.66;4.7;3.94;0.125;0.053
18HU11061_1194;1171;47.26517;-59.78917;346259;24.59;03-nov-11;18:47:00;31.61;7.75;298.64142;297.83754;0.08;0.375;1.29;2.13;0.525;0.141
18HU11061_1194;1171;47.26517;-59.78917;346260;15.27;03-nov-11;18:47:00;31.58;7.85;300.24918;298.41812;0.075;0.36;1.165;2.005;0.8;0.174
18HU11061_1194;1171;47.26517;-59.78917;346261;4.96;03-nov-11;18:47:00;31.55;8.1;301.455;299.222;0.075;0.335;1.015;1.965;0.78;0.195
18HU11061_1194;1171;47.26517;-59.78917;346262;1.88;03-nov-11;18:47:00;31.55;8.1;301.41034;300.51714;0.085;0.345;1.055;1.99;0.805;0.201
18HU11061_1195;1181;47.43333;-59.55817;346263;466.24;03-nov-11;21:32:00;34.91;5.09;207.4457;206.17289;0.015;1.41;20.06;23.84;NaN;0.012
18HU11061_1195;1181;47.43333;-59.55817;346264;400.54;03-nov-11;21:32:00;34.89;5.35;195.96808;195.43216;0.01;1.42;20.57;22.76;NaN;0.017
18HU11061_1195;1181;47.43333;-59.55817;346265;299.76;03-nov-11;21:32:00;34.84;6.27;177.21088;176.8536;0.01;1.425;21.565;18.925;NaN;0.016
18HU11061_1195;1181;47.43333;-59.55817;346266;200.22;03-nov-11;21:32:00;34.56;6.76;179.17592;180.56038;0.005;1.28;18.375;15.52;NaN;0.017
18HU11061_1195;1181;47.43333;-59.55817;346267;100.63;03-nov-11;21:32:00;32.92;2.18;283.68032;284.75216;0.01;0.965;9.925;8.5;0.02;0.033
18HU11061_1195;1181;47.43333;-59.55817;346268;49.97;03-nov-11;21:32:00;32.13;4.76;304.08994;303.82198;0.055;0.6;3.83;3.185;0.195;0.093
18HU11061_1195;1181;47.43333;-59.55817;346269;24.89;03-nov-11;21:32:00;31.59;7.44;301.54432;301.36568;0.07;0.4;1.545;2.38;0.195;0.14
18HU11061_1195;1181;47.43333;-59.55817;346270;14.78;03-nov-11;21:32:00;31.62;8.02;301.54432;300.24918;0.06;0.34;1.1;2.17;0.42;0.23
18HU11061_1195;1181;47.43333;-59.55817;346271;4.96;03-nov-11;21:32:00;31.62;8.02;302.16956;300.65112;0.065;0.35;1.155;2.155;0.38;0.225
18HU11061_1195;1181;47.43333;-59.55817;346272;2.68;03-nov-11;21:32:00;31.62;8.02;302.03558;300.29384;0.06667;0.32333;1.06333;2.12;0.565;0.225
18HU11061_1196;1191;47.58417;-59.33967;346273;245.29;04-nov-11;00:00:00;34.51;6.21;183.41862;180.98465;0.03333;1.295;19.57;16.92;NaN;0.024
18HU11061_1196;1191;47.58417;-59.33967;346274;200.31;04-nov-11;00:00:00;34.01;5.15;207.26706;205.97192;0.02;1.2;16.71667;15.255;NaN;0.02
18HU11061_1196;1191;47.58417;-59.33967;346275;100.43;04-nov-11;00:00:00;32.53;2.48;307.30546;306.76954;0.01;0.77;6.23667;5.08;0.04;0.038
18HU11061_1196;1191;47.58417;-59.33967;346276;50.07;04-nov-11;00:00:00;32.01;5.76;296.45308;295.47056;0.07;0.575;3.905;3.62;0.08;0.061
18HU11061_1196;1191;47.58417;-59.33967;346277;24.89;04-nov-11;00:00:00;31.65;7.46;295.73852;294.80066;0.105;0.42;1.765;2.4;0.2;0.089
18HU11061_1196;1191;47.58417;-59.33967;346278;14.68;04-nov-11;00:00:00;31.43;8.11;298.06084;295.8725;0.095;0.345;1.185;2.2;0.355;0.168
18HU11061_1196;1191;47.58417;-59.33967;346279;4.36;04-nov-11;00:00:00;31.7;7.81;300.7851;297.56958;0.1;0.35;1.175;2.22;0.455;0.172
18HU11061_1196;1191;47.58417;-59.33967;346280;2.88;04-nov-11;00:00:00;31.43;8.12;299.48996;296.5424;0.1;0.355;1.22;2.13;0.34;0.175
18HU11061_1197;1201;47.67117;-59.86883;346281;519.16;04-nov-11;03:11:00;34.91;5.08;208.47288;207.51269;0.01;1.385;19.975;23.91;NaN;0.017
18HU11061_1197;1201;47.67117;-59.86883;346282;401.22;04-nov-11;03:11:00;34.88;5.41;192.52926;191.10014;0.02;1.395;21.195;22.21;NaN;0.019
18HU11061_1197;1201;47.67117;-59.86883;346283;299.26;04-nov-11;03:11:00;34.78;6.25;169.12742;168.50218;0.015;1.43;21.92;19.695;NaN;0.016
18HU11061_1197;1201;47.67117;-59.86883;346284;199.32;04-nov-11;03:11:00;34.22;5.51;184.49046;183.9992;0.015;1.3;18.075;18.445;NaN;0.024
18HU11061_1197;1201;47.67117;-59.86883;346285;96.56;04-nov-11;03:11:00;32.7;1.85;303.0181;303.55402;0.025;0.85;7.69;6.44;0.015;0.032
18HU11061_1197;1201;47.67117;-59.86883;346286;49.28;04-nov-11;03:11:00;32.02;3.04;316.6394;316.99668;0.025;0.635;4.34;3.215;0.075;0.054
18HU11061_1197;1201;47.67117;-59.86883;346287;24.49;04-nov-11;03:11:00;31.19;6.76;311.99476;310.11904;0.065;0.34;0.84;1.465;0.37;0.169
18HU11061_1197;1201;47.67117;-59.86883;346288;15.47;04-nov-11;03:11:00;31.14;6.63;314.853;312.1734;0.06;0.33;0.7;1.32;0.42;0.148
18HU11061_1197;1201;47.67117;-59.86883;346289;4.46;04-nov-11;03:11:00;31.14;6.64;316.68406;313.87048;0.06;0.345;0.735;1.28;0.565;0.136
18HU11061_1197;1201;47.67117;-59.86883;346290;2.38;04-nov-11;03:11:00;31.14;6.64;316.14814;313.20058;0.06;0.335;0.725;1.255;0.42;0.138
