CTD;CTD;CTD;CTD;CTD;CTD;CTD;CTD;CTD;CTD;CTD;labo;labo;labo;labo;CTD
Fichier;Station;Latitude;Longitude;Echantillon;zbouteille;Date;Heure;PSAL;TE90;PHPH;OXYM_01;Si_01;PO4_01;CHL_03;FLOR
(nom);(nom/no);(degres);(degres);(no_unique);(dbar);(jj-mmm-yyyy);(GMT);(psu);(celsius);((none));(mmol/m**3);(mmol/m**3);(mmol/m**3);(mg/m**3);(mg/m**3)
18HU11111_2579;1001;42.775;-49.828;365402;1485.45;03-dec-11;10:16:00;34.88;3.96;NaN;NaN;8.49;1.07;NaN;0.57
18HU11111_2579;1001;42.775;-49.828;365403;148.66;03-dec-11;10:16:00;34.61;5.11;NaN;NaN;8.905;1.035;NaN;0.6
18HU11111_2579;1001;42.775;-49.828;365404;99.28;03-dec-11;10:16:00;34.32;6.3;NaN;NaN;7.945;0.995;0.115;0.64
18HU11111_2579;1001;42.775;-49.828;365405;74.99;03-dec-11;10:16:00;33.41;3.66;NaN;NaN;3.435;0.575;1.63;1.6
18HU11111_2579;1001;42.775;-49.828;365406;50.29;03-dec-11;10:16:00;33.03;3.72;NaN;NaN;2.645;0.54;3.345;2.99
18HU11111_2579;1001;42.775;-49.828;365407;40.27;03-dec-11;10:16:00;32.97;4.59;NaN;NaN;1.975;0.45;3.09;3.21
18HU11111_2579;1001;42.775;-49.828;365408;30.55;03-dec-11;10:16:00;32.83;6.84;NaN;NaN;2.195;0.425;1.91;2.52
18HU11111_2579;1001;42.775;-49.828;365409;20.34;03-dec-11;10:16:00;32.73;7.66;NaN;NaN;1.345;0.36;2.19;2.65
18HU11111_2579;1001;42.775;-49.828;365410;10.81;03-dec-11;10:16:00;32.69;8.01;NaN;NaN;1.145;0.315;0.185;2.52
18HU11111_2579;1001;42.775;-49.828;365411;5.46;03-dec-11;10:16:00;32.62;8.38;NaN;NaN;1.165;0.295;0.235;2.42
18HU11111_2580;1011;42.85;-49.887;365412;398.82;03-dec-11;12:34:00;34.7;3.85;8.01;NaN;10.105;1.12;NaN;0.6
18HU11111_2580;1011;42.85;-49.887;365413;147.87;03-dec-11;12:34:00;34.45;3.53;8.025;NaN;9.78;1.06;NaN;0.61
18HU11111_2580;1011;42.85;-49.887;365414;98.79;03-dec-11;12:34:00;33.9;3.35;8.068;NaN;6.04;0.77;0.245;0.83
18HU11111_2580;1011;42.85;-49.887;365415;74.09;03-dec-11;12:34:00;33.69;3.05;8.07;NaN;5.85;0.755;0.595;1.05
18HU11111_2580;1011;42.85;-49.887;365416;49.1;03-dec-11;12:34:00;33.38;3.26;8.085;NaN;4.5;0.705;1.91;2.06
18HU11111_2580;1011;42.85;-49.887;365417;38.89;03-dec-11;12:34:00;33.11;3.43;8.112;NaN;2.595;0.585;3.845;3.52
18HU11111_2580;1011;42.85;-49.887;365418;29.07;03-dec-11;12:34:00;33.02;3.82;8.137;NaN;1.36;0.555;5.065;5.09
18HU11111_2580;1011;42.85;-49.887;365419;19.15;03-dec-11;12:34:00;32.83;4.77;8.163;NaN;0.44;0.455;5.47;5.84
18HU11111_2580;1011;42.85;-49.887;365420;9.03;03-dec-11;12:34:00;32.8;4.79;8.166;NaN;0.58;0.45;0.025;5.32
18HU11111_2580;1011;42.85;-49.887;365421;4.27;03-dec-11;12:34:00;32.79;4.78;8.166;NaN;0.43;0.38;0.02;5.3
18HU11111_2581;1031;43.2;-50.167;365422;63.38;03-dec-11;16:47:00;33.42;3.95;8.049;290.7366;6.875;0.9;0.95;1.28
18HU11111_2581;1031;43.2;-50.167;365423;49.6;03-dec-11;16:47:00;33.42;3.95;8.049;310.96758;1.21;0.465;3.25;1.14
18HU11111_2581;1031;43.2;-50.167;365424;40.47;03-dec-11;16:47:00;33.37;4.01;8.054;NaN;4.44;0.775;0.02;1.54
18HU11111_2581;1031;43.2;-50.167;365425;30.45;03-dec-11;16:47:00;32.47;6.77;8.098;306.18896;2.25;0.46;0.02;2.17
18HU11111_2581;1031;43.2;-50.167;365426;20.73;03-dec-11;16:47:00;32.36;6.89;8.109;NaN;1.91;0.475;0.04;2.83
18HU11111_2581;1031;43.2;-50.167;365427;10.81;03-dec-11;16:47:00;32.32;6.71;8.125;312.57534;1.075;0.435;0.045;3.26
18HU11111_2581;1031;43.2;-50.167;365428;5.16;03-dec-11;16:47:00;32.32;6.74;8.121;312.21806;1.16;0.44;0.05;3.23
18HU11111_2582;1041;43.633;-50.517;365429;57.03;04-dec-11;16:17:00;32.49;7.52;8.034;NaN;7.135;0.685;0.615;1.33
18HU11111_2582;1041;43.633;-50.517;365430;50.39;04-dec-11;16:17:00;32.42;8.13;8.096;NaN;5.985;0.605;0.815;1.64
18HU11111_2582;1041;43.633;-50.517;365431;40.87;04-dec-11;16:17:00;32.42;8.15;8.096;NaN;4.595;0.48;0.82;1.63
18HU11111_2582;1041;43.633;-50.517;365432;30.65;04-dec-11;16:17:00;32.42;8.16;8.101;NaN;5.305;0.58;0.83;1.69
18HU11111_2582;1041;43.633;-50.517;365433;20.43;04-dec-11;16:17:00;32.42;8.16;8.101;NaN;5.03;0.56;0.805;1.74
18HU11111_2582;1041;43.633;-50.517;365434;10.52;04-dec-11;16:17:00;32.42;8.16;8.101;NaN;4.06;0.49;0.81;1.74
18HU11111_2582;1041;43.633;-50.517;365435;5.85;04-dec-11;16:17:00;32.42;8.16;8.101;NaN;5.25;0.595;0.815;1.85
18HU11111_2583;1051;44;-50.808;365436;66.55;04-dec-11;23:07:00;32.75;4.92;7.959;NaN;13.41;1.195;0.25;0.96
18HU11111_2583;1051;44;-50.808;365437;49.89;04-dec-11;23:07:00;32.45;8.18;8.125;NaN;NaN;NaN;NaN;1.57
18HU11111_2583;1051;44;-50.808;365438;40.37;04-dec-11;23:07:00;32.45;8.19;8.125;NaN;5.15;0.6;0.72;1.63
18HU11111_2583;1051;44;-50.808;365439;30.35;04-dec-11;23:07:00;32.45;8.19;8.127;NaN;4.245;0.52;0.76;1.63
18HU11111_2583;1051;44;-50.808;365440;20.33;04-dec-11;23:07:00;32.45;8.18;8.129;NaN;4.77;0.535;0.745;1.59
18HU11111_2583;1051;44;-50.808;365441;11.11;04-dec-11;23:07:00;32.45;8.18;8.129;NaN;3.715;0.445;0.685;1.66
18HU11111_2583;1051;44;-50.808;365442;6.05;04-dec-11;23:07:00;32.45;8.18;8.129;NaN;5.085;0.55;0.735;1.7
18HU11111_2584;1061;44.363;-51.103;365443;67.74;05-dec-11;04:08:00;32.8;4.12;7.884;NaN;13.84;0.995;0.295;0.96
18HU11111_2584;1061;44.363;-51.103;365444;51.18;05-dec-11;04:08:00;32.34;7.31;8.121;NaN;2.85;0.42;0.755;1.54
18HU11111_2584;1061;44.363;-51.103;365445;40.57;05-dec-11;04:08:00;32.34;7.31;8.124;NaN;3.78;0.44;0.725;1.46
18HU11111_2584;1061;44.363;-51.103;365446;30.85;05-dec-11;04:08:00;32.34;7.31;8.124;NaN;4.01;0.445;0.745;1.58
18HU11111_2584;1061;44.363;-51.103;365447;21.42;05-dec-11;04:08:00;32.34;7.32;8.124;NaN;2.76;0.365;0.75;1.48
18HU11111_2584;1061;44.363;-51.103;365448;11.31;05-dec-11;04:08:00;32.34;7.31;8.124;NaN;3.64;0.465;0.73;1.62
18HU11111_2584;1061;44.363;-51.103;365449;6.15;05-dec-11;04:08:00;32.34;7.31;8.124;NaN;4.115;0.5;0.76;1.58
18HU11111_2585;1071;44.725;-51.395;365450;68.53;05-dec-11;06:42:00;32.83;2.73;7.941;256.88432;12.66;1.26;0.79;1.08
18HU11111_2585;1071;44.725;-51.395;365451;51.28;05-dec-11;06:42:00;32.34;6.58;8.131;306.8142;1.515;0.45;1.455;2.06
18HU11111_2585;1071;44.725;-51.395;365452;41.26;05-dec-11;06:42:00;32.34;6.58;8.134;NaN;1.59;0.475;1.595;1.97
18HU11111_2585;1071;44.725;-51.395;365453;31.24;05-dec-11;06:42:00;32.34;6.58;8.136;301.455;1.275;0.41;1.56;2.06
18HU11111_2585;1071;44.725;-51.395;365454;21.42;05-dec-11;06:42:00;32.34;6.58;8.136;NaN;1.505;0.415;1.6;2.2
18HU11111_2585;1071;44.725;-51.395;365455;11.41;05-dec-11;06:42:00;32.34;6.58;8.136;303.9113;1.34;0.42;1.485;2.07
18HU11111_2585;1071;44.725;-51.395;365456;6.45;05-dec-11;06:42:00;32.34;6.58;8.136;303.33072;1.565;0.45;1.475;2.05
18HU11111_2586;1081;45.095;-51.7;365457;67.04;05-dec-11;09:51:00;32.91;1.22;7.966;NaN;12.895;1.19;1.64;1.35
18HU11111_2586;1081;45.095;-51.7;365458;50.18;05-dec-11;09:51:00;32.33;6.37;8.142;NaN;1.39;0.485;1.06;1.82
18HU11111_2586;1081;45.095;-51.7;365459;40.17;05-dec-11;09:51:00;32.33;6.37;8.15;NaN;1.41;0.49;1.475;1.8
18HU11111_2586;1081;45.095;-51.7;365460;30.15;05-dec-11;09:51:00;32.33;6.39;8.149;NaN;1.36;0.475;1.415;1.93
18HU11111_2586;1081;45.095;-51.7;365461;20.33;05-dec-11;09:51:00;32.33;6.39;8.149;NaN;1.09;0.39;1.47;1.86
18HU11111_2586;1081;45.095;-51.7;365462;10.41;05-dec-11;09:51:00;32.33;6.39;8.149;NaN;1.21;0.425;1.415;1.8
18HU11111_2586;1081;45.095;-51.7;365463;5.36;05-dec-11;09:51:00;32.33;6.39;8.149;NaN;1.21;0.47;1.465;1.87
18HU11111_2587;1091;45.458;-52;365464;75.17;05-dec-11;12:26:00;32.86;1.09;7.986;NaN;11.17;1.145;0.83;1.06
18HU11111_2587;1091;45.458;-52;365465;50.48;05-dec-11;12:26:00;32.33;6.2;8.145;NaN;1.21;0.51;1.905;2.17
18HU11111_2587;1091;45.458;-52;365466;39.27;05-dec-11;12:26:00;32.33;6.26;8.152;NaN;0.935;0.41;1.99;2.13
18HU11111_2587;1091;45.458;-52;365467;29.55;05-dec-11;12:26:00;32.33;6.27;8.153;NaN;0.93;0.41;1.765;2.26
18HU11111_2587;1091;45.458;-52;365468;19.74;05-dec-11;12:26:00;32.33;6.27;8.155;NaN;0.965;0.405;1.835;2.45
18HU11111_2587;1091;45.458;-52;365469;9.72;05-dec-11;12:26:00;32.33;6.28;8.156;NaN;1.205;0.45;1.795;2.26
18HU11111_2587;1091;45.458;-52;365470;4.86;05-dec-11;12:26:00;32.33;6.27;8.157;NaN;1.285;0.455;1.93;2.25
18HU11111_2588;11;47.547;-52.587;364990;168.02;20-nov-11;22:56:00;33.41;0.29;7.985;NaN;3.06333;0.50667;NaN;0.61
18HU11111_2588;11;47.547;-52.587;364991;152.16;20-nov-11;22:56:00;33.4;0.27;7.996;NaN;NaN;NaN;NaN;0.61
18HU11111_2588;11;47.547;-52.587;364992;101.72;20-nov-11;22:56:00;32.62;-0.37;8.033;NaN;8.07667;0.97;0.03;0.61
18HU11111_2588;11;47.547;-52.587;364993;76.54;20-nov-11;22:56:00;32.27;3.11;8.112;NaN;3.28333;0.54667;0.06;0.72
18HU11111_2588;11;47.547;-52.587;364994;51.96;20-nov-11;22:56:00;32.04;3.91;8.131;NaN;3.74;0.58333;0.07;0.85
18HU11111_2588;11;47.547;-52.587;364995;42.04;20-nov-11;22:56:00;31.58;5.12;8.137;NaN;3.86333;0.62333;0.08;0.96
18HU11111_2588;11;47.547;-52.587;364996;31.93;20-nov-11;22:56:00;31.48;5.71;8.145;NaN;4.54333;0.47667;0.07;1.05
18HU11111_2588;11;47.547;-52.587;364997;21.52;20-nov-11;22:56:00;31.46;5.84;8.151;NaN;2.84667;0.48333;0.075;1.04
18HU11111_2588;11;47.547;-52.587;364998;12.4;20-nov-11;22:56:00;31.46;5.83;8.159;NaN;3.16;0.46333;0.07;1.04
18HU11111_2588;11;47.547;-52.587;364999;6.54;20-nov-11;22:56:00;31.46;5.83;8.164;NaN;4.78333;0.63333;0.04;1.02
18HU11111_2589;1111;46.07;-52.5;365471;74.87;05-dec-11;16:55:00;33.01;0.9;7.958;NaN;16.56;1.275;0.23;0.74
18HU11111_2589;1111;46.07;-52.5;365472;50.38;05-dec-11;16:55:00;32.2;5.63;8.145;NaN;1.27;0.525;1.4;1.62
18HU11111_2589;1111;46.07;-52.5;365473;39.97;05-dec-11;16:55:00;32.2;5.65;8.145;NaN;0.975;0.445;1.29;1.53
18HU11111_2589;1111;46.07;-52.5;365474;30.45;05-dec-11;16:55:00;32.19;5.61;8.153;NaN;1.21;0.51;1.515;1.73
18HU11111_2589;1111;46.07;-52.5;365475;19.04;05-dec-11;16:55:00;32.18;5.6;8.155;NaN;1.335;0.515;1.25;1.79
18HU11111_2589;1111;46.07;-52.5;365476;9.92;05-dec-11;16:55:00;32.18;5.61;8.158;NaN;1.42;0.535;1.265;1.72
18HU11111_2589;1111;46.07;-52.5;365477;5.06;05-dec-11;16:55:00;32.18;5.61;8.158;NaN;1.3;0.49;1.26;1.69
18HU11111_2590;1131;46.35;-52.733;365478;167.94;05-dec-11;19:40:00;33.27;0.12;8.022;NaN;15.4;1.2;NaN;0.62
18HU11111_2590;1131;46.35;-52.733;365479;149.3;05-dec-11;19:40:00;33.26;0.1;8.026;296.22978;15.27;1.225;NaN;0.63
18HU11111_2590;1131;46.35;-52.733;365480;99.55;05-dec-11;19:40:00;33.07;-0.27;8.061;NaN;11.405;1.085;0.1;0.6
18HU11111_2590;1131;46.35;-52.733;365481;75.36;05-dec-11;19:40:00;32.72;0.63;8.067;NaN;8.305;0.98;0.345;0.64
18HU11111_2590;1131;46.35;-52.733;365482;60.49;05-dec-11;19:40:00;32.31;2.74;8.148;327.89372;2.81;0.435;0.17;0.76
18HU11111_2590;1131;46.35;-52.733;365483;39.86;05-dec-11;19:40:00;31.96;3.89;8.172;326.28596;2.47;0.505;1.135;1.24
18HU11111_2590;1131;46.35;-52.733;365484;30.74;05-dec-11;19:40:00;31.93;4.04;8.181;324.81218;1.37;0.375;0.98;1.17
18HU11111_2590;1131;46.35;-52.733;365485;20.13;05-dec-11;19:40:00;31.9;4.04;8.186;NaN;1.64;0.35;0.61;1.32
18HU11111_2590;1131;46.35;-52.733;365486;10.51;05-dec-11;19:40:00;31.9;4.04;8.188;328.4743;2.065;0.385;0.565;1.5
18HU11111_2590;1131;46.35;-52.733;365487;5.85;05-dec-11;19:40:00;31.9;4.04;8.187;NaN;2.03;0.36;0.595;1.44
18HU11111_2591;1141;46.5;-52.85;365488;174.47;05-dec-11;21:40:00;33.2;0.04;8.028;NaN;14.24;1.065;NaN;0.62
18HU11111_2591;1141;46.5;-52.85;365489;149.7;05-dec-11;21:40:00;33.15;-0.05;8.04;NaN;NaN;NaN;NaN;0.61
18HU11111_2591;1141;46.5;-52.85;365490;99.15;05-dec-11;21:40:00;32.79;-0.24;8.086;NaN;7.815;0.87;0.49;0.61
18HU11111_2591;1141;46.5;-52.85;365491;74.27;05-dec-11;21:40:00;32.43;1.96;8.129;NaN;5.52;0.745;0.51;0.63
18HU11111_2591;1141;46.5;-52.85;365492;49.38;05-dec-11;21:40:00;32.09;3.24;8.16;NaN;3.2;0.52;0.79;0.84
18HU11111_2591;1141;46.5;-52.85;365493;38.48;05-dec-11;21:40:00;31.96;3.64;8.161;NaN;3.175;0.52;0.28;0.8
18HU11111_2591;1141;46.5;-52.85;365494;29.16;05-dec-11;21:40:00;31.8;4.07;8.165;NaN;2.61;0.45;0.185;0.86
18HU11111_2591;1141;46.5;-52.85;365495;19.24;05-dec-11;21:40:00;31.74;4.08;8.171;NaN;2.575;0.455;0.26;1.31
18HU11111_2591;1141;46.5;-52.85;365496;9.52;05-dec-11;21:40:00;31.71;4.14;8.171;NaN;2.695;0.485;0.13;1.26
18HU11111_2591;1141;46.5;-52.85;365497;5.75;05-dec-11;21:40:00;31.7;4.14;8.171;NaN;2.17;0.415;0.08;1.3
18HU11111_2592;1151;46.583;-52.933;365498;49.28;05-dec-11;22:45:00;31.88;3.82;8.148;NaN;3.125;0.495;0.115;0.75
18HU11111_2592;1151;46.583;-52.933;365499;29.95;05-dec-11;22:45:00;31.74;4.02;8.161;NaN;2.695;0.485;0.46;1.07
18HU11111_2592;1151;46.583;-52.933;365500;19.83;05-dec-11;22:45:00;31.72;4.06;8.161;NaN;2.825;0.5;0.45;1.07
18HU11111_2592;1151;46.583;-52.933;365501;8.93;05-dec-11;22:45:00;31.69;4.14;8.167;NaN;2.025;0.42;0.39;1.07
18HU11111_2592;1151;46.583;-52.933;365502;5.16;05-dec-11;22:45:00;31.68;4.2;8.168;NaN;2.255;0.44;0.46;1.18
18HU11111_2593;1201;46.774;-55.619;365503;91.12;06-dec-11;08:44:00;32.08;3.37;8.115;NaN;5.01;0.7;0.11;0.65
18HU11111_2593;1201;46.774;-55.619;365504;74.27;06-dec-11;08:44:00;31.97;4.01;8.13;NaN;3.42;0.555;0.1;0.66
18HU11111_2593;1201;46.774;-55.619;365505;49.18;06-dec-11;08:44:00;31.82;4.79;8.149;NaN;2.805;0.51;0.275;0.72
18HU11111_2593;1201;46.774;-55.619;365506;39.17;06-dec-11;08:44:00;31.64;5.55;8.165;NaN;2.245;0.49;0.4;0.87
18HU11111_2593;1201;46.774;-55.619;365507;29.25;06-dec-11;08:44:00;31.6;5.55;8.172;NaN;2.035;0.445;0.38;1
18HU11111_2593;1201;46.774;-55.619;365508;19.34;06-dec-11;08:44:00;31.59;5.55;8.173;NaN;1.805;0.415;0.445;1.07
18HU11111_2593;1201;46.774;-55.619;365509;9.22;06-dec-11;08:44:00;31.59;5.55;8.174;NaN;1.88;0.405;0.385;1.04
18HU11111_2593;1201;46.774;-55.619;365510;4.26;06-dec-11;08:44:00;31.59;5.55;8.173;NaN;1.85;0.49;0.475;1.07
18HU11111_2594;1211;46.505;-56.03;365511;139.39;06-dec-11;11:14:00;32.67;-0.09;8.04;NaN;9.415;0.98;NaN;0.62
18HU11111_2594;1211;46.505;-56.03;365512;97.66;06-dec-11;11:14:00;32.53;0.52;8.066;NaN;7.76;0.915;0.075;0.62
18HU11111_2594;1211;46.505;-56.03;365513;73.48;06-dec-11;11:14:00;32.35;1.7;8.097;NaN;6.045;0.795;0.07;0.61
18HU11111_2594;1211;46.505;-56.03;365514;48.79;06-dec-11;11:14:00;31.71;5.31;8.178;NaN;1.53;0.435;0.875;1.14
18HU11111_2594;1211;46.505;-56.03;365515;38.87;06-dec-11;11:14:00;31.68;5.38;8.185;NaN;1.615;0.415;1.01;1.18
18HU11111_2594;1211;46.505;-56.03;365516;29.06;06-dec-11;11:14:00;31.65;5.46;8.185;NaN;1.62;0.405;0.735;1.19
18HU11111_2594;1211;46.505;-56.03;365517;19.24;06-dec-11;11:14:00;31.62;5.52;8.184;NaN;1.675;0.4;0.6;1.35
18HU11111_2594;1211;46.505;-56.03;365518;9.32;06-dec-11;11:14:00;31.62;5.52;8.184;NaN;1.73;0.42;0.87;1.21
18HU11111_2594;1211;46.505;-56.03;365519;4.07;06-dec-11;11:14:00;31.62;5.52;8.184;NaN;1.75;0.39;0.885;1.23
18HU11111_2595;1221;46.181;-56.511;365520;61.08;06-dec-11;14:48:00;32.34;2.37;8.06;NaN;6.76;0.76;0.12;0.68
18HU11111_2595;1221;46.181;-56.511;365521;49.68;06-dec-11;14:48:00;32.17;3.81;8.077;NaN;5.755;0.725;0.15;0.71
18HU11111_2595;1221;46.181;-56.511;365522;40.46;06-dec-11;14:48:00;32.13;4.29;8.092;NaN;5.145;0.69;0.445;0.72
18HU11111_2595;1221;46.181;-56.511;365523;30.05;06-dec-11;14:48:00;31.97;5.52;8.141;NaN;2.67;0.505;0.7;1.05
18HU11111_2595;1221;46.181;-56.511;365524;20.33;06-dec-11;14:48:00;31.95;5.57;8.147;NaN;2.705;0.475;0.685;1.22
18HU11111_2595;1221;46.181;-56.511;365525;10.22;06-dec-11;14:48:00;31.9;5.62;8.165;NaN;1.99;0.43;0.985;1.31
18HU11111_2595;1221;46.181;-56.511;365526;5.06;06-dec-11;14:48:00;31.89;5.65;8.169;NaN;2.185;0.465;0.885;1.5
18HU11111_2596;1231;45.943;-56.878;365527;71.3;06-dec-11;17:12:00;32.59;1.09;8.052;NaN;7.665;0.88;0.15;0.65
18HU11111_2596;1231;45.943;-56.878;365528;49.78;06-dec-11;17:12:00;32.47;1.61;8.071;NaN;1.995;0.435;0.83;0.71
18HU11111_2596;1231;45.943;-56.878;365529;39.77;06-dec-11;17:12:00;32.08;5.89;8.152;NaN;2.12;0.435;1.155;1.04
18HU11111_2596;1231;45.943;-56.878;365530;28.96;06-dec-11;17:12:00;31.97;5.87;8.164;NaN;2.18;0.51;0.995;1.12
18HU11111_2596;1231;45.943;-56.878;365531;19.74;06-dec-11;17:12:00;31.94;5.86;8.173;NaN;1.345;0.375;1.07;1.4
18HU11111_2596;1231;45.943;-56.878;365532;9.22;06-dec-11;17:12:00;31.76;6.05;8.168;NaN;1.915;0.435;0.745;1.44
18HU11111_2596;1231;45.943;-56.878;365533;4.66;06-dec-11;17:12:00;31.76;6.06;8.168;NaN;1.79;0.395;0.78;1.4
18HU11111_2597;1241;45.847;-57.023;365534;368.62;06-dec-11;19:13:00;34.91;5.53;8.014;98.29666;18.125;1.42;NaN;0.62
18HU11111_2597;1241;45.847;-57.023;365535;149.31;06-dec-11;19:13:00;34.18;6.4;8.051;106.2908;10.11;1.075;NaN;0.62
18HU11111_2597;1241;45.847;-57.023;365536;99.45;06-dec-11;19:13:00;33.06;1.11;8.018;133.39942;11.66;1.035;0.1;0.62
18HU11111_2597;1241;45.847;-57.023;365537;73.88;06-dec-11;19:13:00;32.91;1.54;8;135.5431;11;1.07;0.065;0.63
18HU11111_2597;1241;45.847;-57.023;365538;48.39;06-dec-11;19:13:00;32.28;3.7;8.077;NaN;5.13;0.74;0.445;0.85
18HU11111_2597;1241;45.847;-57.023;365539;39.27;06-dec-11;19:13:00;31.99;5.44;8.137;NaN;2.75;0.475;0.51;0.88
18HU11111_2597;1241;45.847;-57.023;365540;30.35;06-dec-11;19:13:00;31.86;5.72;8.138;141.1256;2.6;0.48;0.36;0.99
18HU11111_2597;1241;45.847;-57.023;365541;18.94;06-dec-11;19:13:00;31.72;6.04;8.162;146.9314;2.13;0.415;0.665;1.39
18HU11111_2597;1241;45.847;-57.023;365542;10.02;06-dec-11;19:13:00;31.73;6.04;8.163;NaN;2.1;0.455;0.845;1.62
18HU11111_2597;1241;45.847;-57.023;365543;3.57;06-dec-11;19:13:00;31.73;6.04;8.163;146.4848;2.075;0.415;0.7;1.44
18HU11111_2598;1251;45.617;-57.375;365544;444.85;06-dec-11;21:52:00;34.92;5.09;8.026;NaN;17.115;1.44;NaN;1.8
18HU11111_2598;1251;45.617;-57.375;365545;148.92;06-dec-11;21:52:00;34.64;7.93;8.058;NaN;10.125;1.125;NaN;0.61
18HU11111_2598;1251;45.617;-57.375;365546;98.37;06-dec-11;21:52:00;33.3;2.72;8.017;NaN;11.19;1.1;0.175;0.63
18HU11111_2598;1251;45.617;-57.375;365547;74.18;06-dec-11;21:52:00;32.86;2.37;8.007;NaN;8.37;1.045;0.305;0.65
18HU11111_2598;1251;45.617;-57.375;365548;49.19;06-dec-11;21:52:00;32.15;5.92;8.15;NaN;1.82;0.47;1.525;0.97
18HU11111_2598;1251;45.617;-57.375;365549;39.47;06-dec-11;21:52:00;31.97;5.89;8.159;NaN;2.04;0.53;1.42;1.24
18HU11111_2598;1251;45.617;-57.375;365550;28.96;06-dec-11;21:52:00;31.92;5.94;8.169;NaN;1.52;0.38;0.8;1.16
18HU11111_2598;1251;45.617;-57.375;365551;19.64;06-dec-11;21:52:00;31.92;5.94;8.168;NaN;1.695;0.45;0.9;1.23
18HU11111_2598;1251;45.617;-57.375;365552;9.32;06-dec-11;21:52:00;31.69;6.07;8.163;NaN;1.97;0.425;0.875;1.52
18HU11111_2598;1251;45.617;-57.375;365553;4.86;06-dec-11;21:52:00;31.77;6.04;8.165;NaN;1.955;0.44;0.885;1.47
18HU11111_2599;1311;44.075;-54.782;365554;3246.84;07-dec-11;12:14:00;34.9;2.42;NaN;NaN;16.845;1.095;NaN;0.56
18HU11111_2599;1311;44.075;-54.782;365555;149.14;07-dec-11;12:14:00;35.82;14.24;NaN;NaN;4.575;0.76;NaN;0.59
18HU11111_2599;1311;44.075;-54.782;365556;98.88;07-dec-11;12:14:00;36.07;16.12;NaN;NaN;3.445;0.535;0.02;0.61
18HU11111_2599;1311;44.075;-54.782;365557;74.19;07-dec-11;12:14:00;35.72;16.6;NaN;NaN;3.305;0.49;0.055;0.64
18HU11111_2599;1311;44.075;-54.782;365558;49.29;07-dec-11;12:14:00;34.82;16.01;NaN;NaN;1.23;0.205;0.23;0.91
18HU11111_2599;1311;44.075;-54.782;365559;39.38;07-dec-11;12:14:00;34.4;14.88;NaN;NaN;1.08;0.205;0.455;1.26
18HU11111_2599;1311;44.075;-54.782;365560;29.76;07-dec-11;12:14:00;34.19;14.24;NaN;NaN;0.905;0.18;0.755;1.54
18HU11111_2599;1311;44.075;-54.782;365561;19.84;07-dec-11;12:14:00;33.77;13.01;NaN;NaN;0.755;0.17;0.83;1.78
18HU11111_2599;1311;44.075;-54.782;365562;9.72;07-dec-11;12:14:00;32.99;11.45;NaN;NaN;1;0.245;0.675;1.55
18HU11111_2599;1311;44.075;-54.782;365563;4.56;07-dec-11;12:14:00;32.28;9.54;NaN;NaN;1.13;0.305;1.17;2.18
18HU11111_2600;1321;44.431;-54.894;365564;2224.06;07-dec-11;16:35:00;34.93;3.3;NaN;NaN;15.085;1.195;NaN;0.59
18HU11111_2600;1321;44.431;-54.894;365565;148.64;07-dec-11;16:35:00;35.59;13.09;NaN;NaN;5.37;0.825;NaN;0.61
18HU11111_2600;1321;44.431;-54.894;365566;100.26;07-dec-11;16:35:00;35.89;14.87;NaN;NaN;5.02;0.78;0.015;0.6
18HU11111_2600;1321;44.431;-54.894;365567;75.37;07-dec-11;16:35:00;35.9;15.49;NaN;NaN;3.76;0.55;0.02;0.61
18HU11111_2600;1321;44.431;-54.894;365568;49.69;07-dec-11;16:35:00;34.63;14.51;NaN;NaN;1.46;0.245;0.295;0.92
18HU11111_2600;1321;44.431;-54.894;365569;40.07;07-dec-11;16:35:00;34.5;14.29;NaN;NaN;1.34;0.205;0.48;1.13
18HU11111_2600;1321;44.431;-54.894;365570;30.15;07-dec-11;16:35:00;34.44;14.19;NaN;NaN;1.235;0.24;0.695;1.47
18HU11111_2600;1321;44.431;-54.894;365571;19.54;07-dec-11;16:35:00;34.14;13.93;NaN;NaN;1.24;0.22;0.79;1.82
18HU11111_2600;1321;44.431;-54.894;365572;10.12;07-dec-11;16:35:00;34.07;13.86;NaN;NaN;1.27;0.205;0.775;1.71
18HU11111_2600;1321;44.431;-54.894;365573;4.76;07-dec-11;16:35:00;34.05;13.83;NaN;NaN;NaN;NaN;NaN;1.74
18HU11111_2601;1331;44.812;-55.009;365574;1984.38;07-dec-11;22:12:00;34.93;3.62;NaN;127.77226;13.53;1.175;NaN;0.56
18HU11111_2601;1331;44.812;-55.009;365575;150.32;07-dec-11;22:12:00;34.84;8.34;NaN;89.14136;11.055;1.19;NaN;0.6
18HU11111_2601;1331;44.812;-55.009;365576;99.36;07-dec-11;22:12:00;33.92;5.73;NaN;106.5141;12.405;1.115;0.18;0.63
18HU11111_2601;1331;44.812;-55.009;365577;74.87;07-dec-11;22:12:00;33.2;4.13;NaN;NaN;14.73;1.1;0.16;0.74
18HU11111_2601;1331;44.812;-55.009;365578;49.69;07-dec-11;22:12:00;32.68;6.32;NaN;127.7276;7.1;0.71;0.245;0.77
18HU11111_2601;1331;44.812;-55.009;365579;39.67;07-dec-11;22:12:00;32.4;7.33;NaN;136.213;2.92;0.445;0.2;0.77
18HU11111_2601;1331;44.812;-55.009;365580;29.46;07-dec-11;22:12:00;32.3;7.29;NaN;139.69648;2.065;0.36;0.855;1.03
18HU11111_2601;1331;44.812;-55.009;365581;19.24;07-dec-11;22:12:00;32.23;7.23;NaN;142.37608;2.14;0.405;1.145;1.4
18HU11111_2601;1331;44.812;-55.009;365582;9.52;07-dec-11;22:12:00;32.24;7.3;NaN;141.5722;2.475;0.43;1.1;1.41
18HU11111_2601;1331;44.812;-55.009;365583;4.76;07-dec-11;22:12:00;32.24;7.3;NaN;141.39356;2.4;0.415;1.13;1.42
18HU11111_2602;1341;44.987;-55.068;365584;962.55;08-dec-11;00:49:00;34.94;4.42;8.037;NaN;10.91;1.125;NaN;0.57
18HU11111_2602;1341;44.987;-55.068;365585;149.92;08-dec-11;00:49:00;34.89;8.67;8.036;NaN;10.625;1.2;NaN;0.61
18HU11111_2602;1341;44.987;-55.068;365586;99.26;08-dec-11;00:49:00;34.01;6.09;8.01;NaN;12.38;1.14;0.12;0.63
18HU11111_2602;1341;44.987;-55.068;365587;74.08;08-dec-11;00:49:00;32.96;4.33;7.971;NaN;13.015;1.045;0.29;0.77
18HU11111_2602;1341;44.987;-55.068;365588;49.19;08-dec-11;00:49:00;32.29;6.8;8.098;NaN;3.37;0.475;0.695;1.07
18HU11111_2602;1341;44.987;-55.068;365589;39.37;08-dec-11;00:49:00;32.27;6.82;8.106;NaN;4.2;0.51;0.945;1.42
18HU11111_2602;1341;44.987;-55.068;365590;28.96;08-dec-11;00:49:00;32.24;6.84;8.112;NaN;3.825;0.49;0.995;1.41
18HU11111_2602;1341;44.987;-55.068;365591;20.13;08-dec-11;00:49:00;32.2;6.7;8.121;NaN;3.735;0.51;1.14;1.59
18HU11111_2602;1341;44.987;-55.068;365592;9.82;08-dec-11;00:49:00;32.18;6.66;8.121;NaN;3.56;0.51;1.18;1.47
18HU11111_2602;1341;44.987;-55.068;365593;5.06;08-dec-11;00:49:00;32.18;6.67;8.121;NaN;3.655;0.5;0.945;1.56
18HU11111_2603;1351;45.106;-55.106;365594;171.13;08-dec-11;03:49:00;34.66;7.15;7.99;NaN;12.72;1.31;NaN;0.61
18HU11111_2603;1351;45.106;-55.106;365595;149.02;08-dec-11;03:49:00;34.33;6.07;7.985;NaN;12.94;1.25;NaN;0.62
18HU11111_2603;1351;45.106;-55.106;365596;100.65;08-dec-11;03:49:00;33.4;3.26;7.946;NaN;14.615;1.185;0.12;0.65
18HU11111_2603;1351;45.106;-55.106;365597;74.48;08-dec-11;03:49:00;32.96;2.38;7.913;NaN;8.075;0.72;0.15;0.7
18HU11111_2603;1351;45.106;-55.106;365598;48.79;08-dec-11;03:49:00;32.59;4.81;8;NaN;8.465;0.83;1.41;1.34
18HU11111_2603;1351;45.106;-55.106;365599;40.07;08-dec-11;03:49:00;32.25;6.54;8.103;NaN;2.5;0.445;1.01;1.31
18HU11111_2603;1351;45.106;-55.106;365600;29.75;08-dec-11;03:49:00;32.23;6.7;8.107;NaN;3.195;0.47;1.075;1.49
18HU11111_2603;1351;45.106;-55.106;365601;19.54;08-dec-11;03:49:00;32.04;6.18;8.129;NaN;1.85;0.39;0.84;1.57
18HU11111_2603;1351;45.106;-55.106;365602;9.82;08-dec-11;03:49:00;32.02;6.13;8.131;NaN;2.16;0.46;0.795;1.61
18HU11111_2603;1351;45.106;-55.106;365603;4.96;08-dec-11;03:49:00;32.02;6.16;8.13;NaN;1.825;0.39;0.735;1.6
18HU11111_2604;1361;45.588;-55.256;365604;148.22;08-dec-11;07:06:00;32.84;-0.05;7.97;NaN;8.995;0.87;NaN;0.61
18HU11111_2604;1361;45.588;-55.256;365605;98.27;08-dec-11;07:06:00;32.79;-0.07;7.986;NaN;10.275;1.01;0.06;0.61
18HU11111_2604;1361;45.588;-55.256;365606;72.89;08-dec-11;07:06:00;32.65;0.45;8.013;NaN;8.93;0.98;0.045;0.61
18HU11111_2604;1361;45.588;-55.256;365607;48.89;08-dec-11;07:06:00;32.16;3.86;8.095;NaN;3.29;0.665;1.48;1.22
18HU11111_2604;1361;45.588;-55.256;365608;39.07;08-dec-11;07:06:00;31.98;5.4;8.127;NaN;2;0.435;0.76;1.09
18HU11111_2604;1361;45.588;-55.256;365609;28.86;08-dec-11;07:06:00;31.96;5.36;8.127;NaN;1.86;0.4;0.99;1.11
18HU11111_2604;1361;45.588;-55.256;365610;18.55;08-dec-11;07:06:00;31.8;5.04;8.143;NaN;1.365;0.355;1.07;1.41
18HU11111_2604;1361;45.588;-55.256;365611;8.93;08-dec-11;07:06:00;31.7;5.07;8.145;NaN;1.53;0.385;1.025;1.46
18HU11111_2604;1361;45.588;-55.256;365612;3.87;08-dec-11;07:06:00;31.69;5.17;8.144;NaN;1.53;0.415;1.02;1.39
18HU11111_2605;1371;46.08;-55.403;365613;98.06;08-dec-11;10:31:00;32.67;-0.12;7.988;146.52946;8.52;0.935;0.045;0.63
18HU11111_2605;1371;46.08;-55.403;365614;73.68;08-dec-11;10:31:00;32.37;1.95;8.02;143.00132;6.635;0.82;0.065;0.65
18HU11111_2605;1371;46.08;-55.403;365615;48.99;08-dec-11;10:31:00;31.88;5.45;8.107;140.27706;2.065;0.5;1.425;1.03
18HU11111_2605;1371;46.08;-55.403;365616;38.78;08-dec-11;10:31:00;31.8;5.81;8.132;NaN;1.35;0.365;0.83;1.07
18HU11111_2605;1371;46.08;-55.403;365617;28.46;08-dec-11;10:31:00;31.78;5.81;8.135;145.01102;1.27;0.34;0.79;1.04
18HU11111_2605;1371;46.08;-55.403;365618;18.45;08-dec-11;10:31:00;31.65;5.79;8.141;145.50228;1.14;0.39;1.08;1.43
18HU11111_2605;1371;46.08;-55.403;365619;8.83;08-dec-11;10:31:00;31.64;5.8;8.141;145.72558;0.955;0.25;0.925;1.35
18HU11111_2605;1371;46.08;-55.403;365620;3.77;08-dec-11;10:31:00;31.63;5.81;8.14;145.77024;1.255;0.37;0.82;1.38
18HU11111_2606;1381;46.437;-55.514;365621;147.82;08-dec-11;13:05:00;32.74;0.04;7.975;NaN;9.24;0.905;NaN;0.61
18HU11111_2606;1381;46.437;-55.514;365622;98.46;08-dec-11;13:05:00;32.52;0.64;8.022;NaN;5.615;0.72;0.055;0.62
18HU11111_2606;1381;46.437;-55.514;365623;73.08;08-dec-11;13:05:00;32.26;2.59;8.064;NaN;5.545;0.66;0.115;0.64
18HU11111_2606;1381;46.437;-55.514;365624;48.79;08-dec-11;13:05:00;31.7;4.95;8.128;NaN;1.63;0.41;1.165;1.46
18HU11111_2606;1381;46.437;-55.514;365625;38.77;08-dec-11;13:05:00;31.67;4.93;8.133;NaN;1.46;0.385;0.53;1.03
18HU11111_2606;1381;46.437;-55.514;365626;28.66;08-dec-11;13:05:00;31.66;5.01;8.135;NaN;1.205;0.395;1.115;1.3
18HU11111_2606;1381;46.437;-55.514;365627;18.54;08-dec-11;13:05:00;31.64;5.1;8.133;NaN;1.57;0.43;0.93;1.15
18HU11111_2606;1381;46.437;-55.514;365628;8.83;08-dec-11;13:05:00;31.53;5.45;8.126;NaN;1.71;0.41;0.7;1.15
18HU11111_2606;1381;46.437;-55.514;365629;3.77;08-dec-11;13:05:00;31.52;5.5;8.126;NaN;1.58;0.42;0.73;1.19
18HU11111_2607;1391;47.547;-52.587;365630;170.1;09-dec-11;12:21:00;33.13;0.02;7.97;NaN;13.76333;1.14;NaN;0.6
18HU11111_2607;1391;47.547;-52.587;365631;149.09;09-dec-11;12:21:00;32.92;-0.11;7.996;NaN;13.3;1.11667;0.02;0.6
18HU11111_2607;1391;47.547;-52.587;365632;99.34;09-dec-11;12:21:00;32.6;0.46;8.028;NaN;9.56667;0.97;0.025;0.61
18HU11111_2607;1391;47.547;-52.587;365633;74.06;09-dec-11;12:21:00;32.44;2;8.081;NaN;6.65333;0.77;0.065;0.64
18HU11111_2607;1391;47.547;-52.587;365634;50.17;09-dec-11;12:21:00;32.01;3.24;8.095;NaN;3.54;0.56667;0.105;0.72
18HU11111_2607;1391;47.547;-52.587;365635;40.75;09-dec-11;12:21:00;31.75;3.81;8.104;NaN;4.77;0.64;0.215;0.89
18HU11111_2607;1391;47.547;-52.587;365636;29.75;09-dec-11;12:21:00;31.69;3.95;8.107;NaN;3.58333;0.57667;0.26;0.91
18HU11111_2607;1391;47.547;-52.587;365637;19.83;09-dec-11;12:21:00;31.68;3.96;8.108;NaN;3.69667;0.57333;0.23;0.96
18HU11111_2607;1391;47.547;-52.587;365638;9.52;09-dec-11;12:21:00;31.68;3.96;8.108;NaN;2.95;0.53667;0.305;1.01
18HU11111_2607;1391;47.547;-52.587;365639;4.76;09-dec-11;12:21:00;31.68;3.95;8.108;NaN;3.22;0.54667;0.22;0.94
18HU11111_2608;1411;47.63;-52.12;365640;164.05;09-dec-11;14:57:00;33.61;0.79;7.977;NaN;17.66;1.16;NaN;0.61
18HU11111_2608;1411;47.63;-52.12;365641;147.5;09-dec-11;14:57:00;33.42;0.37;7.997;NaN;10.745;0.945;NaN;0.6
18HU11111_2608;1411;47.63;-52.12;365642;98.64;09-dec-11;14:57:00;32.96;-0.42;8.038;NaN;8.41;0.89;0.03;0.6
18HU11111_2608;1411;47.63;-52.12;365643;73.67;09-dec-11;14:57:00;32.8;0.45;8.058;NaN;7.08;0.87;0.055;0.64
18HU11111_2608;1411;47.63;-52.12;365644;48.98;09-dec-11;14:57:00;32.33;2.9;8.119;NaN;2.985;0.525;0.29;1.04
18HU11111_2608;1411;47.63;-52.12;365645;38.87;09-dec-11;14:57:00;32.23;2.86;8.122;NaN;2.955;0.54;0.39;1.38
18HU11111_2608;1411;47.63;-52.12;365646;28.95;09-dec-11;14:57:00;32.23;2.85;8.124;NaN;3.015;0.755;0.445;1.34
18HU11111_2608;1411;47.63;-52.12;365647;19.44;09-dec-11;14:57:00;32.22;2.84;8.125;NaN;2.87;0.525;0.515;1.59
18HU11111_2608;1411;47.63;-52.12;365648;9.12;09-dec-11;14:57:00;32.22;2.85;8.127;NaN;2.595;0.55;0.01;1.24
18HU11111_2608;1411;47.63;-52.12;365649;4.36;09-dec-11;14:57:00;32.22;2.85;8.129;NaN;2.89;0.515;0.52;1.14
18HU11111_2609;1431;47.74;-51.65;365650;155.43;09-dec-11;18:05:00;33.38;0.27;8.019;NaN;15.625;1.095;NaN;0.62
18HU11111_2609;1431;47.74;-51.65;365651;150.38;09-dec-11;18:05:00;33.38;0.27;8.021;NaN;15.61;1.13;NaN;0.6
18HU11111_2609;1431;47.74;-51.65;365652;100.33;09-dec-11;18:05:00;33.03;-0.01;8.086;NaN;7.705;0.9;0.165;0.6
18HU11111_2609;1431;47.74;-51.65;365653;75.75;09-dec-11;18:05:00;32.8;0.86;8.106;NaN;6.53;0.815;0.14;0.67
18HU11111_2609;1431;47.74;-51.65;365654;51.06;09-dec-11;18:05:00;32.39;2.53;8.15;NaN;3.095;0.53;0.22;0.86
18HU11111_2609;1431;47.74;-51.65;365655;41.15;09-dec-11;18:05:00;32.31;2.63;8.155;NaN;3.25;0.57;0.555;1.14
18HU11111_2609;1431;47.74;-51.65;365656;29.95;09-dec-11;18:05:00;32.3;2.63;8.155;NaN;2.45;0.485;0.52;1.25
18HU11111_2609;1431;47.74;-51.65;365657;21.22;09-dec-11;18:05:00;32.3;2.63;8.155;NaN;3.135;0.585;0.45;1.24
18HU11111_2609;1431;47.74;-51.65;365658;10.61;09-dec-11;18:05:00;32.3;2.64;8.155;NaN;2.54;0.5;0.395;1.33
18HU11111_2609;1431;47.74;-51.65;365659;5.95;09-dec-11;18:05:00;32.3;2.63;8.155;NaN;2.65;0.45;0.62;1.24
18HU11111_2610;1451;47.84;-51.19;365660;165.04;09-dec-11;21:09:00;33.47;0.42;8.048;NaN;14.2;1.055;NaN;0.62
18HU11111_2610;1451;47.84;-51.19;365661;148.89;09-dec-11;21:09:00;33.47;0.42;8.055;NaN;14.06;1.07;NaN;0.61
18HU11111_2610;1451;47.84;-51.19;365662;98.64;09-dec-11;21:09:00;33.18;0.09;8.097;NaN;8.83;0.945;0.06;0.6
18HU11111_2610;1451;47.84;-51.19;365663;73.47;09-dec-11;21:09:00;32.94;0.53;8.112;NaN;7.165;0.86;0.075;0.63
18HU11111_2610;1451;47.84;-51.19;365664;49.28;09-dec-11;21:09:00;32.48;2.27;8.159;NaN;3.82;0.585;0.53;1.22
18HU11111_2610;1451;47.84;-51.19;365665;38.87;09-dec-11;21:09:00;32.48;2.27;8.159;NaN;3.225;0.535;0.53;1.27
18HU11111_2610;1451;47.84;-51.19;365666;28.46;09-dec-11;21:09:00;32.48;2.27;8.159;NaN;3.465;0.57;0.46;1.23
18HU11111_2610;1451;47.84;-51.19;365667;20.62;09-dec-11;21:09:00;32.48;2.27;8.159;NaN;3.67;0.57;0.46;1.31
18HU11111_2610;1451;47.84;-51.19;365668;9.92;09-dec-11;21:09:00;32.48;2.27;8.159;NaN;3.36;0.54;0.5;1.3
18HU11111_2610;1451;47.84;-51.19;365669;4.86;09-dec-11;21:09:00;32.48;2.27;8.159;NaN;3.805;0.57;0.56;1.3
18HU11111_2611;1471;47.94;-50.72;365670;112.91;10-dec-11;00:14:00;33.36;0.46;8.072;NaN;11.205;1.015;NaN;0.61
18HU11111_2611;1471;47.94;-50.72;365671;98.25;10-dec-11;00:14:00;33.34;0.43;8.078;NaN;3.865;0.595;0.455;0.61
18HU11111_2611;1471;47.94;-50.72;365672;74.26;10-dec-11;00:14:00;33.1;0.91;8.115;NaN;7.02;0.84;0.1;0.63
18HU11111_2611;1471;47.94;-50.72;365673;48.88;10-dec-11;00:14:00;32.57;2.42;8.158;NaN;3.895;0.615;0.405;1.21
18HU11111_2611;1471;47.94;-50.72;365674;38.37;10-dec-11;00:14:00;32.57;2.42;8.158;NaN;3.66;0.595;0.395;1.18
18HU11111_2611;1471;47.94;-50.72;365675;28.95;10-dec-11;00:14:00;32.57;2.42;8.158;NaN;3.23;0.505;0.415;1.19
18HU11111_2611;1471;47.94;-50.72;365676;18.74;10-dec-11;00:14:00;32.57;2.42;8.157;NaN;3.86;0.6;0.375;1.18
18HU11111_2611;1471;47.94;-50.72;365677;9.72;10-dec-11;00:14:00;32.56;2.43;8.158;NaN;3.4;0.575;0.4;1.21
18HU11111_2611;1471;47.94;-50.72;365678;5.16;10-dec-11;00:14:00;32.57;2.43;8.158;NaN;3.04;0.465;0.435;1.24
18HU11111_2612;501;47.547;-52.587;365177;168.81;26-nov-11;21:19:00;33.41;0.33;8.076;NaN;18.05333;1.05667;NaN;0.6
18HU11111_2612;501;47.547;-52.587;365178;149.59;26-nov-11;21:19:00;32.98;-0.17;8.099;NaN;11.73;1.01;0.03;0.6
18HU11111_2612;501;47.547;-52.587;365179;99.93;26-nov-11;21:19:00;32.64;0.23;8.138;NaN;7.26333;0.91;0.03;0.61
18HU11111_2612;501;47.547;-52.587;365180;75.05;26-nov-11;21:19:00;32.44;1.86;8.179;NaN;6.25;0.74333;0.035;0.69
18HU11111_2612;501;47.547;-52.587;365181;50.77;26-nov-11;21:19:00;31.67;4.44;8.214;NaN;4.63333;0.60333;0.075;0.93
18HU11111_2612;501;47.547;-52.587;365182;39.96;26-nov-11;21:19:00;31.61;4.6;8.217;NaN;3.01;0.54;0.095;0.97
18HU11111_2612;501;47.547;-52.587;365183;30.14;26-nov-11;21:19:00;31.52;4.85;8.217;NaN;3.18;0.55333;0.09;1.11
18HU11111_2612;501;47.547;-52.587;365184;20.23;26-nov-11;21:19:00;31.48;5.02;8.221;NaN;4.85333;0.58;0.41;1.09
18HU11111_2612;501;47.547;-52.587;365185;10.91;26-nov-11;21:19:00;31.48;5.03;8.221;NaN;3.16333;0.53667;0.39;1.1
18HU11111_2612;501;47.547;-52.587;365186;6.05;26-nov-11;21:19:00;31.48;5.03;8.221;NaN;5.51667;0.58;0.08;1.09
18HU11111_2613;521;47;-52.832;365187;98.75;27-nov-11;01:10:00;32.9;-0.4;8.101;NaN;NaN;NaN;0.06;0.62
18HU11111_2613;521;47;-52.832;365188;74.17;27-nov-11;01:10:00;32.22;2.82;8.179;NaN;4.395;0.62;0.19;0.76
18HU11111_2613;521;47;-52.832;365189;51.17;27-nov-11;01:10:00;31.77;4.15;8.208;NaN;2.19;0.385;0.57;1.16
18HU11111_2613;521;47;-52.832;365190;41.25;27-nov-11;01:10:00;31.67;4.46;8.209;NaN;2.71;0.48;0.49;1.13
18HU11111_2613;521;47;-52.832;365191;30.64;27-nov-11;01:10:00;31.65;4.53;8.208;NaN;2.52;0.425;0.485;1.17
18HU11111_2613;521;47;-52.832;365192;20.53;27-nov-11;01:10:00;31.59;4.68;8.208;NaN;2.675;0.49;0.41;1.05
18HU11111_2613;521;47;-52.832;365193;10.71;27-nov-11;01:10:00;31.57;4.68;8.208;NaN;2.66;0.49;0.5;1.07
18HU11111_2613;521;47;-52.832;365194;5.75;27-nov-11;01:10:00;31.57;4.67;8.209;NaN;2.375;0.385;0.435;1.04
18HU11111_2614;531;47;-52.705;365195;180.81;27-nov-11;02:50:00;33.21;-0.07;8.09;NaN;12.105;0.93;NaN;0.63
18HU11111_2614;531;47;-52.705;365196;147.51;27-nov-11;02:50:00;33.17;-0.15;8.1;NaN;12.295;1.035;NaN;0.6
18HU11111_2614;531;47;-52.705;365197;100.43;27-nov-11;02:50:00;32.74;-0.69;8.132;NaN;8.455;0.97;0.095;0.6
18HU11111_2614;531;47;-52.705;365198;75.26;27-nov-11;02:50:00;32.61;0.4;8.163;NaN;5.65;0.73;0.18;0.68
18HU11111_2614;531;47;-52.705;365199;50.27;27-nov-11;02:50:00;32.13;3.02;8.215;NaN;3.665;0.565;0.565;1.01
18HU11111_2614;531;47;-52.705;365200;40.46;27-nov-11;02:50:00;31.96;3.61;8.227;NaN;2.13;0.38;0.895;1.12
18HU11111_2614;531;47;-52.705;365201;30.74;27-nov-11;02:50:00;31.9;3.76;8.226;NaN;2.425;0.445;0.6;1.1
18HU11111_2614;531;47;-52.705;365202;20.63;27-nov-11;02:50:00;31.85;3.83;8.221;NaN;3.04;0.55;0.555;1.25
18HU11111_2614;531;47;-52.705;365203;9.82;27-nov-11;02:50:00;31.85;3.83;8.221;NaN;2.98;0.515;0.455;1.22
18HU11111_2614;531;47;-52.705;365204;5.65;27-nov-11;02:50:00;31.85;3.82;8.221;NaN;2.84;0.48;0.505;1.19
18HU11111_2615;541;47;-52.58;365205;151.08;27-nov-11;03:54:00;33.04;-0.3;8.11;315.79086;9.565;0.83;NaN;0.61
18HU11111_2615;541;47;-52.58;365206;100.73;27-nov-11;03:54:00;32.82;-0.64;8.132;327.40246;7.49;0.865;0.035;0.6
18HU11111_2615;541;47;-52.58;365207;74.96;27-nov-11;03:54:00;32.69;0.47;8.162;NaN;7.145;0.83;0.065;0.62
18HU11111_2615;541;47;-52.58;365208;49.38;27-nov-11;03:54:00;32.41;2.18;8.197;323.51704;4.84;0.69;0.115;0.68
18HU11111_2615;541;47;-52.58;365209;39.76;27-nov-11;03:54:00;32.01;3.52;8.221;NaN;3.26;0.56;0.365;1.02
18HU11111_2615;541;47;-52.58;365210;29.95;27-nov-11;03:54:00;31.96;3.61;8.222;NaN;3.12;0.495;0.44;1.07
18HU11111_2615;541;47;-52.58;365211;19.83;27-nov-11;03:54:00;31.94;3.65;8.222;326.10732;3.11;0.495;0.35;1.32
18HU11111_2615;541;47;-52.58;365212;10.02;27-nov-11;03:54:00;31.93;3.65;8.222;NaN;3.095;0.49;0.475;1.23
18HU11111_2615;541;47;-52.58;365213;4.96;27-nov-11;03:54:00;31.94;3.64;8.222;NaN;3.125;0.495;0.485;1.21
18HU11111_2616;551;47;-52.322;365214;120.85;27-nov-11;06:08:00;33.02;-0.39;8.1;NaN;9.405;0.855;NaN;0.62
18HU11111_2616;551;47;-52.322;365215;99.74;27-nov-11;06:08:00;32.8;-0.63;8.113;NaN;8.775;0.96;0.035;0.61
18HU11111_2616;551;47;-52.322;365216;75.65;27-nov-11;06:08:00;32.68;-0.45;8.128;NaN;8.265;0.925;0.04;0.61
18HU11111_2616;551;47;-52.322;365217;49.78;27-nov-11;06:08:00;32.4;2.69;8.195;NaN;4.275;0.59;0.135;0.73
18HU11111_2616;551;47;-52.322;365218;40.06;27-nov-11;06:08:00;32.06;3.42;8.21;NaN;3.1;0.47;0.395;1.1
18HU11111_2616;551;47;-52.322;365219;29.85;27-nov-11;06:08:00;31.95;3.68;8.209;NaN;2.62;0.4;0.37;1.05
18HU11111_2616;551;47;-52.322;365220;20.23;27-nov-11;06:08:00;31.8;4.02;8.21;NaN;2.94;0.47;0.4;1.05
18HU11111_2616;551;47;-52.322;365221;10.12;27-nov-11;06:08:00;31.75;4.12;8.21;NaN;2.515;0.415;0.445;1.09
18HU11111_2616;551;47;-52.322;365222;5.16;27-nov-11;06:08:00;31.72;4.2;8.212;NaN;2.365;0.55;0.43;1.12
18HU11111_2617;561;47;-52.033;365223;133.04;27-nov-11;07:50:00;33.09;-0.35;8.098;NaN;11.015;1.005;NaN;0.62
18HU11111_2617;561;47;-52.033;365224;100.63;27-nov-11;07:50:00;32.92;-0.54;8.117;NaN;8.79;0.935;0.03;0.6
18HU11111_2617;561;47;-52.033;365225;74.76;27-nov-11;07:50:00;32.71;-0.45;8.129;NaN;7.995;0.92;0.06;0.6
18HU11111_2617;561;47;-52.033;365226;49.98;27-nov-11;07:50:00;32.18;3.31;8.209;NaN;3.385;0.51;0.29;1.05
18HU11111_2617;561;47;-52.033;365227;39.86;27-nov-11;07:50:00;32.09;3.38;8.203;NaN;3.08;0.46;0.175;0.91
18HU11111_2617;561;47;-52.033;365228;29.65;27-nov-11;07:50:00;31.62;4.64;8.213;NaN;2.605;0.4;0.415;0.98
18HU11111_2617;561;47;-52.033;365229;19.93;27-nov-11;07:50:00;31.6;4.7;8.212;NaN;2.275;0.41;0.045;1
18HU11111_2617;561;47;-52.033;365230;10.02;27-nov-11;07:50:00;31.6;4.69;8.212;NaN;2.495;0.435;0.05;1.02
18HU11111_2617;561;47;-52.033;365231;5.06;27-nov-11;07:50:00;31.6;4.69;8.212;NaN;2.615;0.46;0.075;1.03
18HU11111_2618;581;47;-51;365232;100.73;27-nov-11;12:43:00;33.28;0.2;8.072;NaN;13.775;1.05;0.03;0.63
18HU11111_2618;581;47;-51;365233;75.16;27-nov-11;12:43:00;32.81;0.46;8.083;NaN;9.63;0.955;0.02;0.63
18HU11111_2618;581;47;-51;365234;49.98;27-nov-11;12:43:00;32.03;4.1;8.21;NaN;2.765;0.475;0.13;1.27
18HU11111_2618;581;47;-51;365235;40.06;27-nov-11;12:43:00;32.04;4.19;8.215;NaN;2.265;0.37;0.36;1.21
18HU11111_2618;581;47;-51;365236;30.24;27-nov-11;12:43:00;32.04;4.17;8.215;NaN;2.725;0.45;0.745;1.24
18HU11111_2618;581;47;-51;365237;20.33;27-nov-11;12:43:00;32.04;4.2;8.216;NaN;2.48;0.415;0.545;1.31
18HU11111_2618;581;47;-51;365238;10.21;27-nov-11;12:43:00;32.04;4.21;8.217;NaN;2.07;0.37;1.01;1.26
18HU11111_2618;581;47;-51;365239;5.55;27-nov-11;12:43:00;32.04;4.18;8.219;NaN;2;0.375;0.535;1.29
18HU11111_2619;601;47;-50;365240;74.96;27-nov-11;17:15:00;32.92;0.23;8.059;NaN;12.825;1.04;0.23;0.75
18HU11111_2619;601;47;-50;365241;50.07;27-nov-11;17:15:00;32.84;0.6;8.082;295.96182;11.19;0.955;0.315;0.83
18HU11111_2619;601;47;-50;365242;39.86;27-nov-11;17:15:00;32.24;3.89;8.218;324.4549;3.25;0.485;0.74;1.22
18HU11111_2619;601;47;-50;365243;29.65;27-nov-11;17:15:00;32.23;3.93;8.221;323.91898;3.125;0.49;0.12;1.22
18HU11111_2619;601;47;-50;365244;19.93;27-nov-11;17:15:00;32.22;3.95;8.223;324.0083;3.14;0.51;0.125;1.15
18HU11111_2619;601;47;-50;365245;10.02;27-nov-11;17:15:00;32.22;3.95;8.225;NaN;3.13;0.465;0.12;1.22
18HU11111_2619;601;47;-50;365246;5.36;27-nov-11;17:15:00;32.22;3.97;8.225;320.07822;2.42;0.405;0.115;1.28
18HU11111_2620;611;47;-49.117;365247;74.26;27-nov-11;21:08:00;33.2;0.13;8.05;NaN;15.035;1.09;0.14;0.65
18HU11111_2620;611;47;-49.117;365248;49.98;27-nov-11;21:08:00;32.92;1.2;8.118;NaN;8.51;0.825;0.61;0.91
18HU11111_2620;611;47;-49.117;365249;38.97;27-nov-11;21:08:00;32.39;3.61;8.212;NaN;3.33;0.495;1.415;1.47
18HU11111_2620;611;47;-49.117;365250;30.05;27-nov-11;21:08:00;32.39;3.61;8.212;NaN;3.36;0.495;0.175;1.5
18HU11111_2620;611;47;-49.117;365251;20.43;27-nov-11;21:08:00;32.39;3.62;8.213;NaN;3.36;0.495;0.17;1.56
18HU11111_2620;611;47;-49.117;365252;9.32;27-nov-11;21:08:00;32.39;3.61;8.216;NaN;3.14;0.51;0.19;1.59
18HU11111_2620;611;47;-49.117;365253;4.96;27-nov-11;21:08:00;32.39;3.61;8.216;NaN;3.245;0.53;0.18;1.51
18HU11111_2621;631;47;-48.117;365254;129.57;28-nov-11;01:25:00;33.58;0.69;8.067;NaN;15.34;1.17;NaN;0.63
18HU11111_2621;631;47;-48.117;365255;99.94;28-nov-11;01:25:00;33.46;0.42;8.087;NaN;12.525;1.085;0.115;0.61
18HU11111_2621;631;47;-48.117;365256;73.97;28-nov-11;01:25:00;33.27;-0.02;8.119;NaN;8.065;0.885;0.095;0.6
18HU11111_2621;631;47;-48.117;365257;48.69;28-nov-11;01:25:00;32.77;1.83;8.169;NaN;5.53;0.725;0.33;0.81
18HU11111_2621;631;47;-48.117;365258;40.16;28-nov-11;01:25:00;32.53;3.17;8.213;NaN;3.78;0.565;0.745;1.25
18HU11111_2621;631;47;-48.117;365259;29.65;28-nov-11;01:25:00;32.53;3.18;8.214;NaN;3.38;1.045;0.135;1.29
18HU11111_2621;631;47;-48.117;365260;20.33;28-nov-11;01:25:00;32.53;3.18;8.215;NaN;3.765;0.56;0.12;1.22
18HU11111_2621;631;47;-48.117;365261;9.82;28-nov-11;01:25:00;32.53;3.19;8.218;NaN;3.775;0.56;0.125;1.27
18HU11111_2621;631;47;-48.117;365262;5.55;28-nov-11;01:25:00;32.53;3.18;8.219;NaN;3.755;0.59;0.125;1.25
18HU11111_2622;971;42.082;-49.27;365382;3200.73;02-dec-11;20:41:00;34.89;2.11;NaN;NaN;18.72;1.17;NaN;0.58
18HU11111_2622;971;42.082;-49.27;365383;147.58;02-dec-11;20:41:00;35.67;13.18;NaN;NaN;5.505;0.87;NaN;0.6
18HU11111_2622;971;42.082;-49.27;365384;98;02-dec-11;20:41:00;35.78;14.14;NaN;NaN;4.625;0.78;0.01;0.6
18HU11111_2622;971;42.082;-49.27;365385;73.9;02-dec-11;20:41:00;35.96;15.26;NaN;NaN;3.84;0.685;0.015;0.61
18HU11111_2622;971;42.082;-49.27;365386;48.51;02-dec-11;20:41:00;35.67;16.19;NaN;NaN;2.79;0.465;0.03;0.63
18HU11111_2622;971;42.082;-49.27;365387;39.19;02-dec-11;20:41:00;34.02;13.9;NaN;NaN;1.49;0.24;0.095;1.4
18HU11111_2622;971;42.082;-49.27;365388;29.46;02-dec-11;20:41:00;33.92;13.82;NaN;NaN;1.245;0.17;0.685;1.74
18HU11111_2622;971;42.082;-49.27;365389;20.24;02-dec-11;20:41:00;33.84;13.61;NaN;NaN;1.2;0.175;0.79;1.95
18HU11111_2622;971;42.082;-49.27;365390;10.42;02-dec-11;20:41:00;33.9;13.84;NaN;NaN;1.305;0.215;0.79;2.07
18HU11111_2622;971;42.082;-49.27;365391;5.26;02-dec-11;20:41:00;33.91;13.88;NaN;NaN;1.1;0.16;0.51;2.08
18HU11111_2623;991;42.588;-49.683;365392;2490.87;03-dec-11;05:01:00;34.91;2.92;NaN;NaN;NaN;NaN;NaN;0.57
18HU11111_2623;991;42.588;-49.683;365393;150.25;03-dec-11;05:01:00;34.46;3.28;NaN;NaN;11.1;1.085;NaN;0.59
18HU11111_2623;991;42.588;-49.683;365394;99.68;03-dec-11;05:01:00;34.11;2.71;NaN;290.29;8.405;0.93;0.04;0.61
18HU11111_2623;991;42.588;-49.683;365395;74.59;03-dec-11;05:01:00;33.91;4.41;NaN;298.37346;4.975;0.695;0.03;0.7
18HU11111_2623;991;42.588;-49.683;365396;49.6;03-dec-11;05:01:00;33.54;4.36;NaN;308.51128;4.265;0.625;0.07;0.89
18HU11111_2623;991;42.588;-49.683;365397;39.78;03-dec-11;05:01:00;33.45;4.48;NaN;NaN;4.025;0.6;0.075;0.97
18HU11111_2623;991;42.588;-49.683;365398;29.56;03-dec-11;05:01:00;33.14;4;NaN;NaN;3.45;0.56;0.135;1.57
18HU11111_2623;991;42.588;-49.683;365399;20.83;03-dec-11;05:01:00;32.92;5.48;NaN;324.94616;1.085;0.39;0.04;4.31
18HU11111_2623;991;42.588;-49.683;365400;9.92;03-dec-11;05:01:00;32.82;6.23;NaN;NaN;0.765;0.315;0.06;5.29
18HU11111_2623;991;42.588;-49.683;365401;4.76;03-dec-11;05:01:00;32.81;6.24;NaN;327.1345;0.69;0.32;0.065;5.56
