CTD;CTD;CTD;CTD;CTD;CTD;CTD;CTD;CTD;labo;labo;terrain;labo;labo;labo;labo
Fichier;Station;Latitude;Longitude;Echantillon;zbouteille;Date;Heure;PRES;PSAL_BS;OXYM_01;TEMP_XX;Si_01;PO4_01;NOx_01;CHL_03
(nom);(nom/no);(degres);(degres);(no_unique);(dbar);(jj-mmm-yyyy);(GMT);(dbar);(PSU);(mmol/m**3);(celsius);(mmol/m**3);(mmol/m**3);(mmol/m**3);(mg/m**3)
18HU01068_002;STN27;47.5467;-52.5867;253801;169;14-nov-01;23:30:00;170.3;33.279;328.2;-0.8;9.16;1.51;8.53;NaN
18HU01068_002;STN27;47.5467;-52.5867;253802;150;14-nov-01;23:30:00;151.59;32.93;347;-1.111;5.47;1.39;6.54;0.06
18HU01068_002;STN27;47.5467;-52.5867;253803;100;14-nov-01;23:30:00;100.42;32.549;360;-0.706;4.72;1.62;5.31;0.08
18HU01068_002;STN27;47.5467;-52.5867;253804;75;14-nov-01;23:30:00;75.82;32.324;362.2;0.255;3.37;1.54;3.71;0.11
18HU01068_002;STN27;47.5467;-52.5867;253805;51;14-nov-01;23:30:00;51.15;31.292;345.7;6.204;NaN;NaN;NaN;NaN
18HU01068_002;STN27;47.5467;-52.5867;253806;40;14-nov-01;23:30:00;40.4;31.221;343.4;6.442;NaN;NaN;NaN;NaN
18HU01068_002;STN27;47.5467;-52.5867;253807;31;14-nov-01;23:30:00;31.11;31.202;341.6;6.514;0.49;0.52;0;0.85
18HU01068_002;STN27;47.5467;-52.5867;253808;21;14-nov-01;23:30:00;21.05;31.201;341.2;6.518;0.49;0.57;0;0.8
18HU01068_002;STN27;47.5467;-52.5867;253809;11;14-nov-01;23:30:00;10.97;31.201;341.2;6.503;0.61;0.65;0;0.83
18HU01068_002;STN27;47.5467;-52.5867;253810;6;14-nov-01;23:30:00;6.13;31.201;341.6;6.509;0.51;0.53;0;0.82
18HU01068_003;SEGB-09;44.725;-51.395;253857;65;15-nov-01;22:37:00;65.62;32.769;268.9;4.449;7.34;1.68;1.88;0.12
18HU01068_003;SEGB-09;44.725;-51.395;253858;50;15-nov-01;22:37:00;50.13;32.772;271.1;4.517;7.87;1.52;1.26;0.16
18HU01068_003;SEGB-09;44.725;-51.395;253859;40;15-nov-01;22:37:00;39.94;32.27;314;10.215;0.53;0.49;0;0.56
18HU01068_003;SEGB-09;44.725;-51.395;253860;30;15-nov-01;22:37:00;30.22;32.27;312.2;10.214;0.49;0.48;0;0.58
18HU01068_003;SEGB-09;44.725;-51.395;253861;20;15-nov-01;22:37:00;20.03;32.27;311.3;10.214;0.5;0.42;0;0.55
18HU01068_003;SEGB-09;44.725;-51.395;253862;10;15-nov-01;22:37:00;9.92;32.27;310.8;10.212;0.5;0.49;0;0.58
18HU01068_003;SEGB-09;44.725;-51.395;253863;5;15-nov-01;22:37:00;4.85;32.27;310.8;10.211;0.31;0.32;0;0.62
18HU01068_014;SEGB-10;44.3633;-51.1033;253864;66;16-nov-01;01:36:00;66.07;32.766;291.6;4.176;6.73;1.6;2.15;0.3
18HU01068_014;SEGB-10;44.3633;-51.1033;253865;49;16-nov-01;01:36:00;49.64;32.766;293.9;4.226;6.02;1.77;2.79;0.69
18HU01068_014;SEGB-10;44.3633;-51.1033;253866;39;16-nov-01;01:36:00;39.41;32.26;319.3;9.898;0.95;0.39;0.2;1.35
18HU01068_014;SEGB-10;44.3633;-51.1033;253867;29;16-nov-01;01:36:00;29.08;32.256;317.1;9.894;0.92;0.34;4.39;1.22
18HU01068_014;SEGB-10;44.3633;-51.1033;253868;19;16-nov-01;01:36:00;19.05;32.256;316.2;9.896;0.84;0.26;0.01;1.25
18HU01068_014;SEGB-10;44.3633;-51.1033;253869;9;16-nov-01;01:36:00;9.52;32.256;315.7;9.9;0.96;0.38;0.2;1.34
18HU01068_014;SEGB-10;44.3633;-51.1033;253870;5;16-nov-01;01:36:00;5.16;32.259;315.7;9.913;0.96;0.47;0.54;1.43
18HU01068_025;SEGB-11;44;-50.8083;253871;65;16-nov-01;04:05:00;65.94;32.912;328.7;2.464;5.97;1.65;2.95;0.35
18HU01068_025;SEGB-11;44;-50.8083;253872;51;16-nov-01;04:05:00;51.31;32.911;332.3;2.447;5.57;1.59;2.71;0.29
18HU01068_025;SEGB-11;44;-50.8083;253873;40;16-nov-01;04:05:00;40.09;32.326;326.9;10.15;0.51;0.39;0.14;1.61
18HU01068_025;SEGB-11;44;-50.8083;253874;30;16-nov-01;04:05:00;29.74;32.322;318.4;10.388;0.1;0.34;0.14;1.59
18HU01068_025;SEGB-11;44;-50.8083;253875;20;16-nov-01;04:05:00;20.06;32.319;316.6;10.404;0.14;0.33;0.14;1.9
18HU01068_025;SEGB-11;44;-50.8083;253876;10;16-nov-01;04:05:00;9.93;32.318;315.7;10.406;0.23;0.38;0.5;1.79
18HU01068_025;SEGB-11;44;-50.8083;253877;5;16-nov-01;04:05:00;5.05;32.317;316.2;10.408;0.23;0.35;0.38;1.79
18HU01068_036;SEGB-12;43.6333;-50.5167;253878;62;16-nov-01;07:10:00;62.15;32.742;328.7;3.337;8.32;1.59;3.03;0.42
18HU01068_036;SEGB-12;43.6333;-50.5167;253879;51;16-nov-01;07:10:00;51.44;32.742;329.6;3.34;8.39;1.42;2.89;0.25
18HU01068_036;SEGB-12;43.6333;-50.5167;253880;41;16-nov-01;07:10:00;41.46;32.736;329.1;3.408;8.39;1.75;3.08;0.26
18HU01068_036;SEGB-12;43.6333;-50.5167;253881;30;16-nov-01;07:10:00;30.16;32.279;325.1;9.64;0.42;0.44;0.29;1.51
18HU01068_036;SEGB-12;43.6333;-50.5167;253882;20;16-nov-01;07:10:00;20.04;32.287;321.5;9.738;0.45;0.6;0.52;1.56
18HU01068_036;SEGB-12;43.6333;-50.5167;253883;10;16-nov-01;07:10:00;10.39;32.29;320.7;9.775;0.44;0.6;0.52;1.57
18HU01068_036;SEGB-12;43.6333;-50.5167;253884;5;16-nov-01;07:10:00;5.54;32.292;320.2;9.797;0.56;0.59;0.64;1.57
18HU01068_047;SEGB-13;43.2;-50.1667;-253885;0;16-nov-01;10:15:00;0;NaN;NaN;NaN;NaN;NaN;NaN;NaN
18HU01068_047;SEGB-13;43.2;-50.1667;253885;62;16-nov-01;10:15:00;62.65;32.905;334.5;1.627;12.53;1.43;5.71;0.73
18HU01068_047;SEGB-13;43.2;-50.1667;253886;51;16-nov-01;10:15:00;50.9;32.809;339;2.255;10.74;1.33;5.22;0.44
18HU01068_047;SEGB-13;43.2;-50.1667;253887;41;16-nov-01;10:15:00;41.29;32.804;339;2.327;10.1;1.21;4.03;0.48
18HU01068_047;SEGB-13;43.2;-50.1667;253888;31;16-nov-01;10:15:00;31.07;32.704;348.3;3.924;5.1;0.88;2.56;0.32
18HU01068_047;SEGB-13;43.2;-50.1667;253889;19;16-nov-01;10:15:00;19.53;32.275;345.7;7.498;0.18;0.41;0.14;2.72
18HU01068_047;SEGB-13;43.2;-50.1667;253890;10;16-nov-01;10:15:00;10.01;32.27;344.8;7.573;0.37;0.49;0.73;2.79
18HU01068_047;SEGB-13;43.2;-50.1667;253891;5;16-nov-01;10:15:00;4.85;32.27;343;7.571;0.12;0.43;0.71;2.71
18HU01068_058;SEGB-14;42.92;-49.9417;-253892;0;16-nov-01;12:39:00;0;NaN;NaN;NaN;NaN;NaN;NaN;NaN
18HU01068_058;SEGB-14;42.92;-49.9417;253892;169;16-nov-01;12:39:00;170.29;33.842;329.1;0.817;NaN;NaN;NaN;NaN
18HU01068_069;SEGB-15;42.85;-49.8867;-253893;0;16-nov-01;13:48:00;0;NaN;NaN;NaN;NaN;NaN;NaN;NaN
18HU01068_069;SEGB-15;42.85;-49.8867;253893;379;16-nov-01;13:48:00;381.51;34.703;NaN;3.447;11.8;2.44;17.11;NaN
18HU01068_069;SEGB-15;42.85;-49.8867;253894;149;16-nov-01;13:48:00;149.8;33.793;NaN;0.538;10.58;2.13;12.32;0.04
18HU01068_069;SEGB-15;42.85;-49.8867;253895;99;16-nov-01;13:48:00;99.34;33.624;NaN;0.184;9.56;2;11.57;0.06
18HU01068_069;SEGB-15;42.85;-49.8867;253896;75;16-nov-01;13:48:00;75.18;33.535;NaN;0.07;8.76;1.76;10.64;0.08
18HU01068_069;SEGB-15;42.85;-49.8867;253897;51;16-nov-01;13:48:00;50.96;33.42;NaN;0.507;8.16;1.75;9.59;0.18
18HU01068_069;SEGB-15;42.85;-49.8867;253898;41;16-nov-01;13:48:00;41.32;33.416;NaN;0.59;8.2;1.4;8.21;0.21
18HU01068_069;SEGB-15;42.85;-49.8867;253899;31;16-nov-01;13:48:00;31.01;33.125;NaN;4.178;3.59;0.8;3.05;1.51
18HU01068_069;SEGB-15;42.85;-49.8867;253900;21;16-nov-01;13:48:00;20.88;33.124;NaN;4.2;3.62;0.84;2.91;1.52
18HU01068_069;SEGB-15;42.85;-49.8867;253901;11;16-nov-01;13:48:00;11.02;33.113;NaN;4.294;3.69;1.24;3.48;1.53
18HU01068_069;SEGB-15;42.85;-49.8867;253902;6;16-nov-01;13:48:00;5.92;33.112;NaN;4.312;3.64;1.15;3.18;1.53
18HU01068_080;SEGB-16;42.775;-49.8283;-253903;0;16-nov-01;16:29:00;0;NaN;NaN;NaN;NaN;NaN;NaN;NaN
18HU01068_080;SEGB-16;42.775;-49.8283;253903;1483;16-nov-01;16:29:00;1489.53;34.863;NaN;3.44;NaN;NaN;NaN;NaN
18HU01068_091;SEGB-17;42.5883;-49.6833;253904;2209;16-nov-01;20:51:00;2215.46;34.899;NaN;3.107;12.99;1.8;14.8;NaN
18HU01068_091;SEGB-17;42.5883;-49.6833;253905;150;16-nov-01;20:51:00;151.57;34.522;NaN;5.197;14.3;1.97;15.09;0.02
18HU01068_091;SEGB-17;42.5883;-49.6833;253906;99;16-nov-01;20:51:00;100.26;34.107;NaN;3.162;10.69;1.66;11.87;0.04
18HU01068_091;SEGB-17;42.5883;-49.6833;253907;75;16-nov-01;20:51:00;75.64;33.88;NaN;2.621;8.49;1.44;9.26;0.08
18HU01068_091;SEGB-17;42.5883;-49.6833;253908;50;16-nov-01;20:51:00;50.81;33.431;NaN;1.977;7.23;1.25;6.63;0.15
18HU01068_091;SEGB-17;42.5883;-49.6833;253909;40;16-nov-01;20:51:00;40.44;33.154;NaN;3.941;6.12;1.18;6.05;0.23
18HU01068_091;SEGB-17;42.5883;-49.6833;253910;30;16-nov-01;20:51:00;30.58;33.007;NaN;5.329;3.15;0.83;3.07;0.54
18HU01068_091;SEGB-17;42.5883;-49.6833;253911;20;16-nov-01;20:51:00;20.27;32.513;NaN;9.756;1.62;0.37;1.03;1.1
18HU01068_091;SEGB-17;42.5883;-49.6833;253912;10;16-nov-01;20:51:00;10.5;32.457;NaN;9.976;1.36;0.3;0.19;1.04
18HU01068_091;SEGB-17;42.5883;-49.6833;253913;5;16-nov-01;20:51:00;5.42;32.461;NaN;9.981;1.13;0.3;0.17;1.1
18HU01068_102;SEGB-18;42.395;-49.5183;253914;2911;17-nov-01;05:15:00;2914.51;34.907;NaN;2.616;NaN;NaN;NaN;NaN
18HU01068_113;SEGB-01;46.5833;-52.9333;253811;46;15-nov-01;06:04:00;46.22;31.874;360;3.428;2.91;0.77;2.04;0.26
18HU01068_113;SEGB-01;46.5833;-52.9333;253812;30;15-nov-01;06:04:00;30.52;31.424;351;5.564;1.65;0.57;0.78;0.6
18HU01068_113;SEGB-01;46.5833;-52.9333;253813;20;15-nov-01;06:04:00;20.58;31.381;349.2;5.668;2.04;0.63;1.59;0.74
18HU01068_113;SEGB-01;46.5833;-52.9333;253814;10;15-nov-01;06:04:00;10.52;31.381;348.8;5.672;1.88;0.59;1.28;0.72
18HU01068_113;SEGB-01;46.5833;-52.9333;253815;6;15-nov-01;06:04:00;5.56;31.38;347.9;5.661;NaN;NaN;NaN;0.7
18HU01068_114;SEGB-19;42.0817;-49.27;-253915;0;17-nov-01;09:50:00;0;NaN;NaN;NaN;NaN;NaN;NaN;NaN
18HU01068_114;SEGB-19;42.0817;-49.27;253915;3016;17-nov-01;09:50:00;3019.53;34.916;NaN;2.77;15.22;2;14.16;NaN
18HU01068_114;SEGB-19;42.0817;-49.27;253916;149;17-nov-01;09:50:00;150.26;35.706;NaN;13.411;5.54;1.57;10.91;0.01
18HU01068_114;SEGB-19;42.0817;-49.27;253917;101;17-nov-01;09:50:00;101.77;35.939;NaN;14.852;4.01;1.35;9.05;0.01
18HU01068_114;SEGB-19;42.0817;-49.27;253918;76;17-nov-01;09:50:00;76.97;35.892;NaN;15.105;2.77;1.38;8.07;0.02
18HU01068_114;SEGB-19;42.0817;-49.27;253919;51;17-nov-01;09:50:00;50.92;35.824;NaN;17.099;1.95;0.68;5.18;0.16
18HU01068_114;SEGB-19;42.0817;-49.27;253920;40;17-nov-01;09:50:00;40.71;35.482;NaN;17.666;2.24;0.48;3.85;0.15
18HU01068_114;SEGB-19;42.0817;-49.27;253921;31;17-nov-01;09:50:00;30.89;35.054;NaN;17.302;1.28;0.31;1.39;0.53
18HU01068_114;SEGB-19;42.0817;-49.27;253922;20;17-nov-01;09:50:00;20.64;35;NaN;17.213;1.1;0.27;0.15;0.48
18HU01068_114;SEGB-19;42.0817;-49.27;253923;11;17-nov-01;09:50:00;10.86;34.5;NaN;17.21;0.74;0.26;1.03;0.47
18HU01068_114;SEGB-19;42.0817;-49.27;253924;6;17-nov-01;09:50:00;5.96;34.996;NaN;17.2;0.79;0.3;0.94;0.68
18HU01068_127;SEGB-20;41.7;-48.95;-253925;0;17-nov-01;16:16:00;0;NaN;NaN;NaN;NaN;NaN;NaN;NaN
18HU01068_127;SEGB-20;41.7;-48.95;253925;3053;17-nov-01;16:16:00;3055.78;34.906;NaN;2.533;NaN;NaN;NaN;NaN
18HU01068_225;SEGB-02;46.5;-52.85;253816;172;15-nov-01;07:00:00;173.01;32.931;339.4;-1.04;NaN;NaN;NaN;NaN
18HU01068_264;SEGB-03;46.35;-52.7333;253817;168;15-nov-01;08:12:00;169.76;33.269;316.2;-0.649;16.44;1.9;12.11;NaN
18HU01068_264;SEGB-03;46.35;-52.7333;253818;150;15-nov-01;08:12:00;151.26;33.268;316.2;-0.648;16.62;1.86;11.21;0.05
18HU01068_264;SEGB-03;46.35;-52.7333;253819;100;15-nov-01;08:12:00;100.95;33.132;320.7;-0.728;15.55;1.88;11.12;0.05
18HU01068_264;SEGB-03;46.35;-52.7333;253820;75;15-nov-01;08:12:00;75.46;32.878;344.3;-0.742;9.86;1.74;8.46;0.08
18HU01068_264;SEGB-03;46.35;-52.7333;253821;51;15-nov-01;08:12:00;50.95;32.668;364.9;-0.953;5.66;1.33;5.54;0.17
18HU01068_264;SEGB-03;46.35;-52.7333;253822;40;15-nov-01;08:12:00;40.76;32.558;381.8;0.522;3.54;1.21;4.5;0.27
18HU01068_264;SEGB-03;46.35;-52.7333;253823;31;15-nov-01;08:12:00;30.78;31.656;347;7.107;1.08;0.46;1.63;1.18
18HU01068_264;SEGB-03;46.35;-52.7333;253824;21;15-nov-01;08:12:00;20.73;31.66;341.2;7.11;0.81;0.34;0.21;1.2
18HU01068_264;SEGB-03;46.35;-52.7333;253825;10;15-nov-01;08:12:00;10.24;31.657;339.4;7.113;1.17;0.37;0.18;1.16
18HU01068_264;SEGB-03;46.35;-52.7333;253826;6;15-nov-01;08:12:00;5.79;31.658;339;7.11;0.78;0.32;0.15;1.14
18HU01068_279;FC-12;47;-48.1167;254058;127;21-nov-01;08:05:00;127.94;33.336;325.6;-0.642;15.71;1.72;11.34;0.08
18HU01068_279;FC-12;47;-48.1167;254059;99;21-nov-01;08:05:00;99.69;33.211;334.5;-0.786;12.62;1.88;10.2;0.06
18HU01068_279;FC-12;47;-48.1167;254060;74;21-nov-01;08:05:00;74.38;33.005;338.1;-0.656;11.42;1.87;8.33;0.09
18HU01068_279;FC-12;47;-48.1167;254061;49;21-nov-01;08:05:00;49.35;32.692;374.2;1.035;4.05;0.94;3.63;0.27
18HU01068_279;FC-12;47;-48.1167;254062;39;21-nov-01;08:05:00;39.54;32.519;361.7;4.35;1.6;0.57;1.19;0.62
18HU01068_279;FC-12;47;-48.1167;254063;29;21-nov-01;08:05:00;29.43;32.456;361.3;4.467;1.71;0.48;0.9;0.89
18HU01068_279;FC-12;47;-48.1167;254064;19;21-nov-01;08:05:00;19.38;32.416;361.3;4.575;1.46;0.69;1.16;1.07
18HU01068_279;FC-12;47;-48.1167;254066;9;21-nov-01;08:05:00;9.39;32.4135;361.3;4.578;1.82;0.37;0.7;1.08
18HU01068_280;FC-11;47;-48.6167;-254067;0;21-nov-01;10:36:00;0;NaN;NaN;NaN;NaN;NaN;NaN;NaN
18HU01068_280;FC-11;47;-48.6167;254067;99;21-nov-01;10:36:00;99.99;32.957;343.4;-0.754;NaN;NaN;NaN;NaN
18HU01068_281;FC-10;47;-49.1167;-254068;0;21-nov-01;12:33:00;0;NaN;NaN;NaN;NaN;NaN;NaN;NaN
18HU01068_281;FC-10;47;-49.1167;254068;74;21-nov-01;12:33:00;74.46;33.004;314;0.26;11.6;1.52;6.02;0.17
18HU01068_281;FC-10;47;-49.1167;254069;49;21-nov-01;12:33:00;49.63;32.983;307.7;0.021;15;2;8.04;0.18
18HU01068_281;FC-10;47;-49.1167;254070;39;21-nov-01;12:33:00;39.24;32.892;314.9;0.648;12.45;1.95;7.78;0.61
18HU01068_281;FC-10;47;-49.1167;254071;29;21-nov-01;12:33:00;29.22;32.036;349.7;7.062;0.9;0.6;0.35;3.2
18HU01068_281;FC-10;47;-49.1167;254072;19;21-nov-01;12:33:00;18.97;32.041;348.3;7.056;0.68;0.54;0.17;3.39
18HU01068_281;FC-10;47;-49.1167;254073;10;21-nov-01;12:33:00;9.88;32.04;351.5;7.078;0.54;0.55;0.17;3.18
18HU01068_281;FC-10;47;-49.1167;254074;5;21-nov-01;12:33:00;5.15;32.039;351.9;7.124;0.6;0.56;0.45;3.14
18HU01068_282;FC-09;47;-50;-254075;0;21-nov-01;16:25:00;0;NaN;NaN;NaN;NaN;NaN;NaN;NaN
18HU01068_282;FC-09;47;-50;254075;75;21-nov-01;16:25:00;75.58;32.949;313.5;0.104;13.97;2.04;7.45;0.17
18HU01068_282;FC-09;47;-50;254076;50;21-nov-01;16:25:00;50.32;32.949;311.7;0.148;13.61;1.89;8.35;0.18
18HU01068_282;FC-09;47;-50;254077;40;21-nov-01;16:25:00;40.4;32.003;344.3;6.141;1.12;0.5;0.42;0.48
18HU01068_282;FC-09;47;-50;254078;30;21-nov-01;16:25:00;30.45;31.988;346.1;6.288;0.89;0.24;0.28;0.64
18HU01068_282;FC-09;47;-50;254079;20;21-nov-01;16:25:00;20.14;31.987;346.6;6.295;0.96;0.44;0.28;0.72
18HU01068_282;FC-09;47;-50;254080;10;21-nov-01;16:25:00;10.47;31.992;345.2;6.461;0.92;0.43;0.26;1
18HU01068_282;FC-09;47;-50;254081;6;21-nov-01;16:25:00;5.6;31.998;343.9;6.622;0.98;0.4;0.27;1.31
18HU01068_283;FC-08;47;-50.6667;-254082;0;21-nov-01;19:02:00;0;NaN;NaN;NaN;NaN;NaN;NaN;NaN
18HU01068_283;FC-08;47;-50.6667;254082;166;21-nov-01;19:02:00;167.46;33.138;317.1;-0.637;NaN;NaN;NaN;NaN
18HU01068_283;FC-08;47;-50.6667;254083;10;21-nov-01;19:02:00;10.32;31.754;340.8;7.542;NaN;NaN;NaN;1.07
18HU01068_284;SEGB-04;46.2083;-52.6083;-253827;0;15-nov-01;10:17:00;0;NaN;NaN;NaN;NaN;NaN;NaN;NaN
18HU01068_284;SEGB-04;46.2083;-52.6083;253827;126;15-nov-01;10:17:00;127.15;33.232;318;-0.679;NaN;NaN;NaN;NaN
18HU01068_285;FC-07;47;-51;254084;98;21-nov-01;20:35:00;98.74;33.015;329.1;-0.638;13.86;2.36;7.95;0.05
18HU01068_285;FC-07;47;-51;254085;75;21-nov-01;20:35:00;75.39;32.977;336.7;-0.665;11.56;2.37;7.81;0.05
18HU01068_285;FC-07;47;-51;254086;50;21-nov-01;20:35:00;50.05;32.69;372.9;0.588;3.95;1.64;3.97;0.18
18HU01068_285;FC-07;47;-51;254087;40;21-nov-01;20:35:00;40.11;31.834;344.3;6.691;1.15;0.68;0.62;0.56
18HU01068_285;FC-07;47;-51;254088;30;21-nov-01;20:35:00;30.48;31.769;342.1;7.126;0.69;0.22;0.19;0.79
18HU01068_285;FC-07;47;-51;254089;20;21-nov-01;20:35:00;20.28;31.77;342.5;7.185;1;0.6;0.28;1.28
18HU01068_285;FC-07;47;-51;254090;10;21-nov-01;20:35:00;10.53;31.772;342.1;7.381;1.03;0.57;0.41;1.15
18HU01068_285;FC-07;47;-51;254091;5;21-nov-01;20:35:00;5.43;31.772;341.2;7.423;0.78;0.44;0.13;1.11
18HU01068_295;FC-06;47;-51.485;254093;75;21-nov-01;23:20:00;75.64;33.046;326.9;-0.565;15.32;2.57;9.01;0.05
18HU01068_295;FC-06;47;-51.485;254094;50;21-nov-01;23:20:00;50.52;32.949;315.3;0.182;14.73;2.62;8.56;0.07
18HU01068_295;FC-06;47;-51.485;254095;40;21-nov-01;23:20:00;39.95;32.654;347.9;2.119;5.24;1.61;3.78;0.23
18HU01068_295;FC-06;47;-51.485;254096;30;21-nov-01;23:20:00;30.11;31.82;352.8;5.88;1.17;0.64;0.61;0.76
18HU01068_295;FC-06;47;-51.485;254097;21;21-nov-01;23:20:00;20.83;31.729;345.7;6.84;1.19;0.31;0.12;0.86
18HU01068_295;FC-06;47;-51.485;254098;11;21-nov-01;23:20:00;10.8;31.685;341.2;7.563;1.14;0.53;0.08;1.04
18HU01068_295;FC-06;47;-51.485;254099;5;21-nov-01;23:20:00;5.48;31.681;340.3;7.565;1.15;0.56;0.71;1.02
18HU01068_295;FC-06;47;-51.485;354092;92;21-nov-01;23:20:00;92.5;33.056;326;-0.593;15.49;2.35;9.17;0.05
18HU01068_296;FC-05;47;-52.0333;254100;131;22-nov-01;01:42:00;132.04;33.117;335.4;-0.897;12.12;2.24;9.2;NaN
18HU01068_296;FC-05;47;-52.0333;254101;101;22-nov-01;01:42:00;101.65;32.8;350.6;-0.984;6.27;1.6;6.36;0.06
18HU01068_296;FC-05;47;-52.0333;254102;74;22-nov-01;01:42:00;74.21;32.598;364.9;-0.882;6.65;1.82;6.47;0.08
18HU01068_296;FC-05;47;-52.0333;254103;50;22-nov-01;01:42:00;50.76;32.402;366.7;0.883;4.03;1.59;3.71;0.07
18HU01068_296;FC-05;47;-52.0333;254104;40;22-nov-01;01:42:00;40.66;32.186;367.1;1.631;3.64;1.32;3.2;0.17
18HU01068_296;FC-05;47;-52.0333;254105;31;22-nov-01;01:42:00;31.15;31.76;361.3;4.171;2.81;0.86;0.92;0.32
18HU01068_296;FC-05;47;-52.0333;254106;20;22-nov-01;01:42:00;20.2;31.685;362.2;4.485;2.35;0.85;0.88;0.6
18HU01068_296;FC-05;47;-52.0333;254107;10;22-nov-01;01:42:00;10;31.63;361.3;4.657;2.71;0.87;0.63;0.66
18HU01068_296;FC-05;47;-52.0333;254108;5;22-nov-01;01:42:00;5.3;31.628;360.8;4.654;3.19;0.86;1.05;0.64
18HU01068_297;FC-04;47;-52.3217;254109;121;22-nov-01;03:55:00;121.84;33.231;330;-0.763;14.91;1.83;9.97;0.07
18HU01068_297;FC-04;47;-52.3217;254110;100;22-nov-01;03:55:00;100.37;33.126;336.3;-0.865;12.77;1.82;9.18;0.05
18HU01068_297;FC-04;47;-52.3217;254111;74;22-nov-01;03:55:00;74.52;32.846;380.1;-0.74;6.87;1.55;5.4;0.12
18HU01068_297;FC-04;47;-52.3217;254112;49;22-nov-01;03:55:00;49.67;32.519;374.7;0.23;4.82;1.69;4.77;0.27
18HU01068_297;FC-04;47;-52.3217;254113;40;22-nov-01;03:55:00;39.96;31.753;358.6;4.809;1.76;0.94;0.76;0.64
18HU01068_297;FC-04;47;-52.3217;254114;29;22-nov-01;03:55:00;29.74;31.713;358.6;5.075;1.6;0.86;0.59;0.72
18HU01068_297;FC-04;47;-52.3217;254115;20;22-nov-01;03:55:00;19.68;31.715;357.7;5.089;1.48;0.89;0.4;0.76
18HU01068_297;FC-04;47;-52.3217;254116;9;22-nov-01;03:55:00;9.4;31.707;357.7;5.041;1.72;0.92;1.02;0.72
18HU01068_297;FC-04;47;-52.3217;254117;6;22-nov-01;03:55:00;5.81;31.714;357.3;5.089;1.65;0.85;0.81;0.73
18HU01068_298;FC-03;47;-52.58;254118;150;22-nov-01;05:29:00;151.17;33.177;331.4;-0.797;13.25;1.77;9.93;NaN
18HU01068_298;FC-03;47;-52.58;254119;124;22-nov-01;05:29:00;125.22;33.055;337.6;-0.935;10.36;1.68;8.71;0.05
18HU01068_298;FC-03;47;-52.58;254120;99;22-nov-01;05:29:00;99.81;32.989;338.5;-0.942;8.89;1.64;7.79;0.06
18HU01068_298;FC-03;47;-52.58;254121;74;22-nov-01;05:29:00;74.79;32.724;358.6;-1.103;8.11;1.66;7.27;0.07
18HU01068_298;FC-03;47;-52.58;254122;49;22-nov-01;05:29:00;49.61;32.479;367.1;-0.503;6.44;1.49;5.07;0.15
18HU01068_298;FC-03;47;-52.58;254123;39;22-nov-01;05:29:00;39.58;31.706;354.6;5.178;1.77;0.64;0.62;0.33
18HU01068_298;FC-03;47;-52.58;254124;29;22-nov-01;05:29:00;29.56;31.602;355;5.107;2.14;0.52;0.18;0.55
18HU01068_298;FC-03;47;-52.58;254125;19;22-nov-01;05:29:00;19.61;31.566;355;5.05;2.2;0.5;0.11;0.57
18HU01068_298;FC-03;47;-52.58;254126;10;22-nov-01;05:29:00;9.81;31.576;354.6;5.063;1.65;0.41;1.09;0.54
18HU01068_298;FC-03;47;-52.58;254127;5;22-nov-01;05:29:00;4.61;31.567;354.6;5.049;2.53;0.82;0.6;0.5
18HU01068_299;FC-02;47;-52.705;254128;180;22-nov-01;07:14:00;181.44;33.15;328.2;-0.783;15.04;1.87;9.85;NaN
18HU01068_299;FC-02;47;-52.705;254129;150;22-nov-01;07:14:00;151.01;32.999;340.3;-0.974;9.43;1.8;8.82;0.05
18HU01068_299;FC-02;47;-52.705;254130;99;22-nov-01;07:14:00;99.56;32.652;357.7;-1.309;9.47;1.62;7.51;0.06
18HU01068_299;FC-02;47;-52.705;254131;74;22-nov-01;07:14:00;74.47;32.538;362.2;-0.889;8.35;1.55;6.72;0.11
18HU01068_299;FC-02;47;-52.705;254132;49;22-nov-01;07:14:00;49.48;32.139;363.5;2.191;5.01;1.17;3.12;0.2
18HU01068_299;FC-02;47;-52.705;254133;39;22-nov-01;07:14:00;39.48;31.685;354.6;4.834;2.72;0.86;0.98;0.27
18HU01068_299;FC-02;47;-52.705;254134;29;22-nov-01;07:14:00;29.3;31.561;355;4.895;NaN;0.78;NaN;0.41
18HU01068_299;FC-02;47;-52.705;254135;19;22-nov-01;07:14:00;19.4;31.424;351.9;5.349;2.24;0.7;0.55;0.5
18HU01068_299;FC-02;47;-52.705;254136;9;22-nov-01;07:14:00;9.24;31.431;351.9;5.32;2.32;0.72;0.74;0.55
18HU01068_299;FC-02;47;-52.705;254137;6;22-nov-01;07:14:00;5.63;31.402;351;5.409;2.29;0.71;0.51;0.51
18HU01068_300;FC-01;47;-52.8317;254138;98;22-nov-01;08:20:00;98.89;32.64;360;-0.753;8.56;1.51;5.79;0.08
18HU01068_300;FC-01;47;-52.8317;254139;75;22-nov-01;08:20:00;75.51;32.378;370.2;0.079;6.11;1.52;4.16;0.16
18HU01068_300;FC-01;47;-52.8317;254140;50;22-nov-01;08:20:00;50.33;31.706;356.8;4.367;3.43;0.96;1.23;0.22
18HU01068_300;FC-01;47;-52.8317;254141;40;22-nov-01;08:20:00;40.39;31.497;351;5.198;2.48;0.75;1.15;0.29
18HU01068_300;FC-01;47;-52.8317;254142;30;22-nov-01;08:20:00;30.47;31.358;348.3;5.719;2.56;0.84;0.7;0.46
18HU01068_300;FC-01;47;-52.8317;254143;20;22-nov-01;08:20:00;20.26;31.316;347.5;5.831;2.09;0.81;0.64;0.51
18HU01068_300;FC-01;47;-52.8317;254144;10;22-nov-01;08:20:00;10.5;31.311;347;5.833;2.09;0.84;0.76;0.48
18HU01068_300;FC-01;47;-52.8317;254145;5;22-nov-01;08:20:00;5.49;31.311;347;5.835;2.3;0.8;0.73;0.5
18HU01068_301;STN27;47.545;-52.5817;-254146;0;22-nov-01;12:49:00;0;NaN;NaN;NaN;NaN;NaN;NaN;NaN
18HU01068_301;STN27;47.545;-52.5817;254146;174;22-nov-01;12:49:00;174.98;33.297;319.8;-0.658;17.28;1.97;18.95;NaN
18HU01068_301;STN27;47.545;-52.5817;254147;147;22-nov-01;12:49:00;147.82;33.086;331.8;-0.9;11.58;1.82;5.18;0.05
18HU01068_301;STN27;47.545;-52.5817;254148;99;22-nov-01;12:49:00;99.42;32.504;364;-0.456;6.63;1.54;27.36;0.07
18HU01068_301;STN27;47.545;-52.5817;254149;74;22-nov-01;12:49:00;74.89;32.317;366.2;0.581;4.94;1.46;0;0.09
18HU01068_301;STN27;47.545;-52.5817;254150;50;22-nov-01;12:49:00;50.18;31.818;356.8;3.629;2.71;1.06;0;0.16
18HU01068_301;STN27;47.545;-52.5817;254151;41;22-nov-01;12:49:00;41.31;31.458;348.3;5.438;1.99;0.83;29.82;0.19
18HU01068_301;STN27;47.545;-52.5817;254152;29;22-nov-01;12:49:00;29.61;31.356;347.5;5.597;1.63;0.69;11.69;0.28
18HU01068_301;STN27;47.545;-52.5817;254153;20;22-nov-01;12:49:00;20.23;31.287;347.9;5.784;1.47;0.85;0.01;0.59
18HU01068_301;STN27;47.545;-52.5817;254154;10;22-nov-01;12:49:00;9.77;31.285;347.9;5.789;1.02;0.48;0;0.6
18HU01068_301;STN27;47.545;-52.5817;254155;5;22-nov-01;12:49:00;5.21;31.285;347.9;5.788;1.57;1.18;0;0.51
18HU01068_304;SEGB-05;46.07;-52.5;-253828;0;15-nov-01;11:22:00;0;NaN;NaN;NaN;NaN;NaN;NaN;NaN
18HU01068_304;SEGB-05;46.07;-52.5;253828;86;15-nov-01;11:22:00;87.19;32.92;316.6;0.143;11.99;1.88;7.84;0.12
18HU01068_304;SEGB-05;46.07;-52.5;253829;76;15-nov-01;11:22:00;76.17;32.919;318;0.143;11.66;1.8;7.9;0.12
18HU01068_304;SEGB-05;46.07;-52.5;253830;51;15-nov-01;11:22:00;50.94;32.74;328.7;1.375;7.27;1.52;6.3;0.2
18HU01068_304;SEGB-05;46.07;-52.5;253831;40;15-nov-01;11:22:00;40.64;31.942;330.9;8.514;1.27;0.37;0.48;1.08
18HU01068_304;SEGB-05;46.07;-52.5;253832;31;15-nov-01;11:22:00;30.76;31.941;326.5;8.524;1.3;0.4;1.55;1.11
18HU01068_304;SEGB-05;46.07;-52.5;253833;20;15-nov-01;11:22:00;20.53;31.938;325.6;8.519;1.14;0.33;0.48;1.11
18HU01068_304;SEGB-05;46.07;-52.5;253834;11;15-nov-01;11:22:00;11.26;31.937;325.1;8.526;1.49;0.46;1.69;1.13
18HU01068_304;SEGB-05;46.07;-52.5;253835;6;15-nov-01;11:22:00;5.61;31.937;324.7;8.522;0.92;0.32;0.43;1.08
18HU01068_315;SEGB-06;45.7883;-52.2667;-253836;0;15-nov-01;14:00:00;0;NaN;NaN;NaN;NaN;NaN;NaN;NaN
18HU01068_315;SEGB-06;45.7883;-52.2667;253836;75;15-nov-01;14:00:00;75.85;32.99;286.7;0.448;15.81;2.18;7.85;0.31
18HU01068_315;SEGB-06;45.7883;-52.2667;253837;51;15-nov-01;14:00:00;51.28;32.85;305;1.29;11.23;1.96;5.34;0.25
18HU01068_315;SEGB-06;45.7883;-52.2667;253838;40;15-nov-01;14:00:00;39.99;32.175;319.3;9.519;0.42;0.57;0;0.63
18HU01068_315;SEGB-06;45.7883;-52.2667;253839;29;15-nov-01;14:00:00;29.58;32.176;317.1;9.528;0.29;0.38;0;0.73
18HU01068_315;SEGB-06;45.7883;-52.2667;253840;21;15-nov-01;14:00:00;20.92;32.176;316.2;9.53;0.32;0.5;0;0.74
18HU01068_315;SEGB-06;45.7883;-52.2667;253841;11;15-nov-01;14:00:00;11.48;32.176;316.2;9.524;0.29;0.34;0;0.73
18HU01068_315;SEGB-06;45.7883;-52.2667;253842;6;15-nov-01;14:00:00;6.01;32.176;315.7;9.522;0.34;0.52;0;0.69
18HU01068_319;S27-07;47.84;-51.19;254295;165;25-nov-01;04:12:00;166.44;33.348;324.2;-0.623;15.25;1.71;12.34;NaN
18HU01068_319;S27-07;47.84;-51.19;254296;149;25-nov-01;04:12:00;149.84;33.262;326.5;-0.723;15.08;1.76;11.02;0.06
18HU01068_319;S27-07;47.84;-51.19;254297;98;25-nov-01;04:12:00;99.1;33.03;344.3;-0.906;9.45;1.74;7.88;0.07
18HU01068_319;S27-07;47.84;-51.19;254298;75;25-nov-01;04:12:00;75.49;32.82;359.5;-0.994;6.79;1.45;4.81;0.11
18HU01068_319;S27-07;47.84;-51.19;254299;49;25-nov-01;04:12:00;49.89;32.334;366.7;1.663;3.88;1.91;3.1;0.2
18HU01068_319;S27-07;47.84;-51.19;254300;40;25-nov-01;04:12:00;39.89;32.062;362.6;4.114;1.9;0.68;1.14;0.51
18HU01068_319;S27-07;47.84;-51.19;254301;29;25-nov-01;04:12:00;29.44;32.015;363.1;4.148;1.54;0.66;0.79;0.65
18HU01068_319;S27-07;47.84;-51.19;254302;20;25-nov-01;04:12:00;19.91;31.966;363.1;4.166;1.58;0.73;0.87;0.68
18HU01068_319;S27-07;47.84;-51.19;254303;10;25-nov-01;04:12:00;9.81;31.94;362.6;4.159;1.71;0.83;1.2;0.68
18HU01068_319;S27-07;47.84;-51.19;254304;5;25-nov-01;04:12:00;4.63;31.94;362.2;4.159;1.6;1.26;0.85;0.73
18HU01068_320;S27-05;47.74;-51.65;254305;149;25-nov-01;06:16:00;149.93;33.39;322.9;-0.599;15.41;1.72;8.9;0.06
18HU01068_320;S27-05;47.74;-51.65;254306;99;25-nov-01;06:16:00;100.3;33.003;335.8;-0.948;7.78;1.69;7.34;0.07
18HU01068_320;S27-05;47.74;-51.65;254307;75;25-nov-01;06:16:00;75.44;32.896;339;-0.767;6.25;1.69;5.83;0.12
18HU01068_320;S27-05;47.74;-51.65;254308;50;25-nov-01;06:16:00;50.36;32.152;365.3;3.34;1.95;0.84;1.1;0.59
18HU01068_320;S27-05;47.74;-51.65;254309;40;25-nov-01;06:16:00;40.04;32.115;367.1;3.381;1.87;0.81;1.1;0.97
18HU01068_320;S27-05;47.74;-51.65;254310;30;25-nov-01;06:16:00;30.1;32.101;367.1;3.384;1.93;1.43;1.1;1.01
18HU01068_320;S27-05;47.74;-51.65;254311;20;25-nov-01;06:16:00;20.36;32.069;367.5;3.372;2.22;1.01;1.32;0.9
18HU01068_320;S27-05;47.74;-51.65;254312;10;25-nov-01;06:16:00;9.82;32.034;367.1;3.278;1.98;0.93;1.3;0.91
18HU01068_320;S27-05;47.74;-51.65;254313;5;25-nov-01;06:16:00;5.15;32.031;367.1;3.278;1.98;0.91;0.92;0.89
18HU01068_321;S27-03;47.63;-52.12;254314;163;25-nov-01;08:31:00;164.73;33.499;310.4;-0.238;NaN;NaN;NaN;NaN
18HU01068_322;STN27;47.5467;-52.5867;254315;170;25-nov-01;10:15:00;171.37;33.213;327.8;-0.809;14.54;1.58;8.45;NaN
18HU01068_322;STN27;47.5467;-52.5867;254316;149;25-nov-01;10:15:00;150.59;32.875;344.8;-0.938;4.41;1.09;26.82;0.07
18HU01068_322;STN27;47.5467;-52.5867;254317;99;25-nov-01;10:15:00;99.61;32.581;360.4;-0.068;5.52;1.16;0.11;0.13
18HU01068_322;STN27;47.5467;-52.5867;254318;75;25-nov-01;10:15:00;75.21;32.377;366.7;0.333;3.58;1.08;0;0.08
18HU01068_322;STN27;47.5467;-52.5867;254319;50;25-nov-01;10:15:00;50.07;31.856;358.2;3.69;2.49;0.97;4.12;0.13
18HU01068_322;STN27;47.5467;-52.5867;254320;39;25-nov-01;10:15:00;39.78;31.545;351.5;5.015;0.39;1.13;0;0.16
18HU01068_322;STN27;47.5467;-52.5867;254321;30;25-nov-01;10:15:00;30.02;31.453;352.4;5.231;0.84;0.64;3.65;0.21
18HU01068_322;STN27;47.5467;-52.5867;254322;20;25-nov-01;10:15:00;20.37;31.334;351.5;5.393;0.92;0.91;3.39;0.43
18HU01068_322;STN27;47.5467;-52.5867;254323;9;25-nov-01;10:15:00;9.52;31.336;351;5.398;1.33;0.4;13.09;0.44
18HU01068_322;STN27;47.5467;-52.5867;254324;5;25-nov-01;10:15:00;4.99;31.332;351;5.385;1.5;0.69;0.55;0.42
18HU01068_326;SEGB-07;45.4583;-52;-253843;0;15-nov-01;16:21:00;0;NaN;NaN;NaN;NaN;NaN;NaN;NaN
18HU01068_326;SEGB-07;45.4583;-52;253843;75;15-nov-01;16:21:00;75.13;32.841;297;1.867;8.39;1.47;0.8;0.12
18HU01068_326;SEGB-07;45.4583;-52;253844;49;15-nov-01;16:21:00;49.67;32.828;289.8;2.329;7.74;1.86;5.94;0.17
18HU01068_326;SEGB-07;45.4583;-52;253845;40;15-nov-01;16:21:00;40.77;32.212;319.3;9.547;1.02;0.44;0.85;0.55
18HU01068_326;SEGB-07;45.4583;-52;253846;30;15-nov-01;16:21:00;30.24;32.207;318;9.534;0.94;0.3;0;0.64
18HU01068_326;SEGB-07;45.4583;-52;253847;20;15-nov-01;16:21:00;19.88;32.206;317.1;9.535;1.03;0.44;0.77;0.62
18HU01068_326;SEGB-07;45.4583;-52;253848;10;15-nov-01;16:21:00;9.64;32.206;317.5;9.536;1.06;0.37;0.22;0.68
18HU01068_326;SEGB-07;45.4583;-52;253849;5;15-nov-01;16:21:00;4.84;32.206;316.6;9.533;0.89;0.24;0.19;0.67
18HU01068_339;SEGB-08;45.095;-51.7;253850;66;15-nov-01;20:02:00;66.3;32.794;318.9;1.61;7.4;1.67;4.83;0.12
18HU01068_339;SEGB-08;45.095;-51.7;253851;50;15-nov-01;20:02:00;50.15;32.795;319.8;1.676;7.84;1.78;6.46;0.12
18HU01068_339;SEGB-08;45.095;-51.7;253852;40;15-nov-01;20:02:00;39.9;32.304;317.1;8.765;1.64;0.6;1.13;0.29
18HU01068_339;SEGB-08;45.095;-51.7;253853;29;15-nov-01;20:02:00;29.46;32.242;316.6;9.587;0.96;0.27;0.19;0.44
18HU01068_339;SEGB-08;45.095;-51.7;253854;19;15-nov-01;20:02:00;19.33;32.242;315.3;9.593;1.08;0.42;0.25;0.45
18HU01068_339;SEGB-08;45.095;-51.7;253855;10;15-nov-01;20:02:00;9.71;32.241;314.9;9.59;NaN;NaN;NaN;0.46
18HU01068_339;SEGB-08;45.095;-51.7;253856;5;15-nov-01;20:02:00;4.79;32.241;314.9;9.592;1.01;0.35;0.68;0.47
