CTD;CTD;CTD;CTD;CTD;CTD;CTD;CTD;CTD;CTD;CTD;CTD;labo;labo;labo;labo;labo;labo;labo
Fichier;Station;Latitude;Longitude;Echantillon;zbouteille;Date;Heure;PRES;PSAL;TEMP_XX;DOXY;CHL_01;Si_01;PO4_01;NOx_01;PSAL_BS;NO2_01;OXY_02
(nom);(nom/no);(degres);(degres);(no_unique);(dbar);(jj-mmm-yyyy);(GMT);(dbar);(psu);(celsius);(ml/l);(mg/m**3);(mmol/m**3);(mmol/m**3);(mmol/m**3);(PSU);(mmol/m**3);(ml/l)
18HU15004_005;LL_05;44.8142;-58.85464;406718;237.45;24-apr-15;11:24:00;237.454;33.2198;3.448;6.0854;NaN;8.2;0.8765;9.295;33.2161;0.125;6.079
18HU15004_005;LL_05;44.8138;-58.85438;406719;151.86;24-apr-15;11:26:00;151.868;33.0245;2.9086;6.3433;NaN;7.12;0.8495;7.89;NaN;0.15;NaN
18HU15004_005;LL_05;44.81354;-58.8547;406720;99.79;24-apr-15;11:28:00;99.794;32.6049;1.934;6.6343;0.21216;6.68;0.842;6.93;NaN;0.125;NaN
18HU15004_005;LL_05;44.8134;-58.855;406721;80.87;24-apr-15;11:29:00;80.871;32.3971;1.5368;6.7824;0.31038;7.165;0.8125;7.04;NaN;0.135;NaN
18HU15004_005;LL_05;44.8131;-58.8555;406722;59.77;24-apr-15;11:31:00;59.775;32.0238;0.6713;7.4786;0.81676;5.7;0.7405;5.92;NaN;0.13;NaN
18HU15004_005;LL_05;44.81288;-58.85595;406723;50.14;24-apr-15;11:32:00;50.146;31.631;0.0758;8.0824;2.98408;1.39;0.5175;2.065;NaN;0.095;NaN
18HU15004_005;LL_05;44.8127;-58.85626;406724;40.01;24-apr-15;11:33:00;40.015;31.2842;0.0334;8.9623;8.87174;0.165;0.3355;0.47;NaN;0.07;NaN
18HU15004_005;LL_05;44.8125;-58.8567;406725;31.38;24-apr-15;11:34:00;31.38;31.216;0.0326;9.0283;8.01869;0.145;0.3535;0;NaN;0.04;NaN
18HU15004_005;LL_05;44.81232;-58.85728;406726;20.03;24-apr-15;11:36:00;20.032;31.2188;0.0357;9.0552;9.21296;0.125;0.3445;0;NaN;0.055;NaN
18HU15004_005;LL_05;44.81207;-58.85794;406727;10.28;24-apr-15;11:37:00;10.286;31.2167;0.0235;9.0459;8.53052;0.105;0.33;0;NaN;0.09;NaN
18HU15004_005;LL_05;44.81184;-58.85851;406728;3.26;24-apr-15;11:38:00;3.268;31.2158;0.0268;9.0391;8.70113;0.085;0.3425;0;31.2023;0.06;8.9265
18HU15004_005;LL_05;44.81176;-58.85873;406729;3.17;24-apr-15;11:39:00;3.179;31.2151;0.0251;9.0786;NaN;NaN;NaN;NaN;NaN;NaN;NaN
18HU15004_008;LL_04;45.15843;-59.17634;406736;100.77;24-apr-15;16:14:00;100.77;32.5594;1.7454;6.5356;0.16894;9.89;0.9345;9.01;32.5501;0.13;6.511
18HU15004_008;LL_04;45.1585;-59.17636;406737;79.3;24-apr-15;16:16:00;79.307;32.4691;1.5249;6.7723;0.27895;9.045;0.8915;8.43;NaN;0.12;NaN
18HU15004_008;LL_04;45.15856;-59.17642;406738;59.22;24-apr-15;16:17:00;59.225;32.0321;0.4057;7.8753;0.54202;3.505;0.6;3.69;NaN;0.14;NaN
18HU15004_008;LL_04;45.15862;-59.1764;406739;48.88;24-apr-15;16:18:00;48.882;31.7459;-0.3505;8.2627;0.43611;4.41;0.63;4.36;NaN;0.15;NaN
18HU15004_008;LL_04;45.15867;-59.17642;406740;39.22;24-apr-15;16:19:00;39.228;31.3898;-0.5447;8.5683;1.93981;4.21;0.613;3.865;NaN;0.135;NaN
18HU15004_008;LL_04;45.15872;-59.17646;406741;29.66;24-apr-15;16:20:00;29.66;31.2804;0.1599;8.9425;7.17566;0.62;0.3855;0.67;NaN;0.08;NaN
18HU15004_008;LL_04;45.1588;-59.17646;406742;19.65;24-apr-15;16:21:00;19.659;31.2647;0.2717;9.016;8.35991;0.345;0.343;0;NaN;0.075;NaN
18HU15004_008;LL_04;45.15894;-59.17646;406743;10.19;24-apr-15;16:22:00;10.192;31.2578;0.296;9.0494;5.52608;0.305;0.341;0;NaN;0.065;NaN
18HU15004_008;LL_04;45.15907;-59.17644;406744;4.46;24-apr-15;16:23:00;4.46;31.2423;0.3333;9.0647;6.90812;0.285;0.4065;0;31.2363;0.06;8.912
18HU15004_008;LL_04;45.15912;-59.17642;406745;4.01;24-apr-15;16:23:00;4.01;31.25;0.312;9.0742;NaN;NaN;NaN;NaN;NaN;NaN;NaN
18HU15004_010;LL_03;45.492;-59.51794;406746;132.02;24-apr-15;18:56:00;132.02;32.766;1.5719;6.4938;NaN;9.245;0.941;8.945;32.7549;0.075;6.439
18HU15004_010;LL_03;45.4919;-59.51824;406747;99.9;24-apr-15;18:58:00;99.906;32.6462;1.4764;6.6899;0.0569;8.96;0.888;8.325;NaN;0.09;NaN
18HU15004_010;LL_03;45.4918;-59.51844;406748;80.01;24-apr-15;19:00:00;80.019;32.1757;0.4296;7.6451;0.11868;5.005;0.729;4.98;NaN;0.165;NaN
18HU15004_010;LL_03;45.49172;-59.51866;406749;59.86;24-apr-15;19:01:00;59.868;31.7462;-0.6181;8.1232;0.13169;4.57;0.654;4.485;NaN;0.165;NaN
18HU15004_010;LL_03;45.49164;-59.51896;406750;48.39;24-apr-15;19:03:00;48.393;31.4683;-1.0794;8.3714;0.21624;5.095;0.634;4.64;NaN;0.15;NaN
18HU15004_010;LL_03;45.4916;-59.51916;406751;40.1;24-apr-15;19:03:00;40.103;31.2721;-0.8502;8.4861;0.29466;5.17;0.6135;4.29;NaN;0.13;NaN
18HU15004_010;LL_03;45.49153;-59.51934;406752;30.19;24-apr-15;19:05:00;30.19;31.2424;-0.7295;8.4558;0.49111;6.05;0.631;5.01;NaN;0.145;NaN
18HU15004_010;LL_03;45.49148;-59.51946;406753;20.1;24-apr-15;19:06:00;20.1;31.2177;-0.6183;8.5082;0.71467;6;0.708;4.905;NaN;0.15;NaN
18HU15004_010;LL_03;45.49136;-59.51964;406754;9.88;24-apr-15;19:07:00;9.888;31.2132;-0.4704;8.5031;0.65633;5.975;0.67;4.845;NaN;0.155;NaN
18HU15004_010;LL_03;45.49124;-59.51982;406755;3.34;24-apr-15;19:08:00;3.346;31.2115;-0.4523;8.5367;0.67091;6.03;0.6515;4.985;31.1985;0.145;8.655
18HU15004_010;LL_03;45.4912;-59.51988;406756;3.8;24-apr-15;19:08:00;3.801;31.212;-0.4529;8.5299;NaN;NaN;NaN;NaN;NaN;NaN;NaN
18HU15004_012;LL_02;45.6579;-59.70454;406757;131.57;24-apr-15;20:59:00;131.572;32.9324;1.8939;6.2626;NaN;11.145;1.0205;10.45;32.9104;0.075;6.332
18HU15004_012;LL_02;45.65794;-59.7047;406758;100.92;24-apr-15;21:00:00;100.926;32.5283;1.1769;7.0603;0.06503;7.785;0.8345;7.655;NaN;0.125;NaN
18HU15004_012;LL_02;45.65797;-59.70488;406759;80.52;24-apr-15;21:01:00;80.524;31.854;-1.0286;7.951;0.07804;7.22;0.7835;6.79;NaN;0.15;NaN
18HU15004_012;LL_02;45.65802;-59.705;406760;59.88;24-apr-15;21:03:00;59.889;31.537;-1.4278;8.3528;0.15933;5.94;0.724;5.485;NaN;0.165;NaN
18HU15004_012;LL_02;45.6581;-59.70506;406761;50.34;24-apr-15;21:04:00;50.344;31.5145;-1.4197;8.3654;0.22787;6.46;0.7015;5.77;NaN;0.16;NaN
18HU15004_012;LL_02;45.65818;-59.70514;406762;40.05;24-apr-15;21:05:00;40.056;31.3992;-1.1712;8.4173;0.74384;7.07;0.761;5.805;NaN;0.165;NaN
18HU15004_012;LL_02;45.65826;-59.70522;406763;31.23;24-apr-15;21:06:00;31.233;31.3112;-0.867;8.5114;1.51684;6.755;0.704;5.365;NaN;0.145;NaN
18HU15004_012;LL_02;45.6583;-59.70534;406764;20.02;24-apr-15;21:07:00;20.028;31.2647;-0.6708;8.6532;3.02092;6.035;0.6325;4.37;NaN;0.14;NaN
18HU15004_012;LL_02;45.65828;-59.7055;406765;10.44;24-apr-15;21:08:00;10.44;31.2508;-0.6075;8.8169;3.97877;6.06;0.893;3.9;NaN;0.145;NaN
18HU15004_012;LL_02;45.6583;-59.70566;406766;2.21;24-apr-15;21:08:00;2.21;31.2185;-0.4079;8.8937;4.2735;5.67;0.6055;3.285;31.2195;0.155;8.686
18HU15004_012;LL_02;45.6583;-59.7057;406767;2.2;24-apr-15;21:09:00;2.206;31.2271;-0.5072;8.8884;NaN;NaN;NaN;NaN;NaN;NaN;NaN
18HU15004_015;LL_01;45.82546;-59.85034;406768;85.71;24-apr-15;22:49:00;85.715;32.1837;-0.1185;7.4319;0.07153;8.87;0.898;7.9;32.1556;0.14;7.41
18HU15004_015;LL_01;45.82552;-59.85034;406769;78.84;24-apr-15;22:50:00;78.843;32.1639;-0.1764;7.4753;0.06666;8.705;0.884;7.845;NaN;0.14;NaN
18HU15004_015;LL_01;45.8256;-59.85024;406770;60.36;24-apr-15;22:51:00;60.366;31.8935;-0.6125;7.8085;0.19645;8.435;0.8345;7.13;NaN;0.155;NaN
18HU15004_015;LL_01;45.82568;-59.85018;406771;51;24-apr-15;22:52:00;51;31.4044;-0.9706;8.3311;0.45575;7.48;0.786;6.14;NaN;0.16;NaN
18HU15004_015;LL_01;45.82574;-59.85009;406772;39.91;24-apr-15;22:53:00;39.914;31.3257;-0.7514;8.4949;0.75842;6.955;0.7465;5.575;NaN;0.15;NaN
18HU15004_015;LL_01;45.8258;-59.84992;406773;29.72;24-apr-15;22:54:00;29.723;31.2623;-0.4527;8.6031;2.0419;5.76;0.673;4.495;NaN;0.15;NaN
18HU15004_015;LL_01;45.82584;-59.84984;406774;19.77;24-apr-15;22:55:00;19.779;31.2582;-0.4153;8.6209;2.37736;5.64;0.668;4.345;NaN;0.145;NaN
18HU15004_015;LL_01;45.8259;-59.84975;406775;10.94;24-apr-15;22:56:00;10.941;31.224;-0.2939;8.6451;1.69186;6.14;0.67;4.58;NaN;0.155;NaN
18HU15004_015;LL_01;45.82596;-59.84964;406776;2.23;24-apr-15;22:57:00;2.23;31.2242;-0.2823;8.6105;1.66269;6.01;0.67;4.49;31.2154;0.14;8.533
18HU15004_015;LL_01;45.82598;-59.84962;406777;2.05;24-apr-15;22:57:00;2.05;31.2249;-0.2867;8.6214;NaN;NaN;NaN;NaN;NaN;NaN;NaN
18HU15004_016;STAB_06;46.7117;-58.43668;406778;454.52;25-apr-15;06:35:00;454.526;34.9187;5.5572;4.0601;NaN;23.565;1.5475;20.55;34.9156;0.07;NaN
18HU15004_016;STAB_06;46.71216;-58.43688;406779;250.14;25-apr-15;06:40:00;250.146;34.7521;6.969;3.52;NaN;17.595;1.4245;20.34;NaN;0.055;NaN
18HU15004_016;STAB_06;46.71244;-58.43732;406780;151.45;25-apr-15;06:43:00;151.458;33.7742;4.1365;5.0465;NaN;12.915;1.1565;13.73;NaN;0.07;NaN
18HU15004_016;STAB_06;46.71266;-58.43772;406781;100.43;25-apr-15;06:45:00;100.438;32.547;1.5883;7.383;0.05203;5.05;0.702;5.34;NaN;0.15;NaN
18HU15004_016;STAB_06;46.71262;-58.43798;406782;79.66;25-apr-15;06:47:00;79.664;32.0574;-0.477;7.911;0.08292;6.205;0.7385;6.07;NaN;0.195;NaN
18HU15004_016;STAB_06;46.71248;-58.43834;406783;50.93;25-apr-15;06:48:00;50.934;31.7474;-1.2989;8.2597;0.20973;5.635;0.7095;5.415;NaN;0.18;NaN
18HU15004_016;STAB_06;46.71236;-58.43836;406784;11.67;25-apr-15;06:50:00;11.673;31.2404;-1.0658;8.488;0.78759;5.165;0.631;4.46;NaN;0.16;NaN
18HU15004_016;STAB_06;46.71242;-58.43842;406785;2.21;25-apr-15;06:51:00;2.214;31.227;-1.0296;8.5235;0.84593;5.21;0.653;4.435;31.2121;0.175;NaN
18HU15004_018;STAB_05;46.41754;-58.8812;406786;364.73;25-apr-15;09:59:00;364.733;34.8671;5.6734;3.1843;NaN;29.685;1.762;22.085;34.8635;0.065;3.225
18HU15004_018;STAB_05;46.41758;-58.8814;406787;300.29;25-apr-15;10:01:00;300.298;34.8652;6.1238;3.4932;NaN;21.96;1.5815;21.09;NaN;0.065;NaN
18HU15004_018;STAB_05;46.41764;-58.88146;406788;200.49;25-apr-15;10:04:00;200.493;34.7583;7.63;4.0064;NaN;11.84;1.2265;17.09;NaN;0.065;NaN
18HU15004_018;STAB_05;46.41774;-58.88152;406789;150.36;25-apr-15;10:06:00;150.365;33.6891;3.9472;5.2457;NaN;12.69;1.145;13.225;NaN;0.055;NaN
18HU15004_018;STAB_05;46.41788;-58.88166;406790;100.12;25-apr-15;10:08:00;100.129;32.3527;0.2165;7.3197;0.06503;8.3;0.8605;7.875;NaN;0.075;NaN
18HU15004_018;STAB_05;46.41792;-58.88166;406791;79.53;25-apr-15;10:09:00;79.539;32.0346;-0.6601;7.9144;0.06341;6.73;0.7705;6.44;NaN;0.185;NaN
18HU15004_018;STAB_05;46.41792;-58.88162;406792;59.41;25-apr-15;10:11:00;59.417;31.753;-1.4787;8.2134;0.1008;6.265;0.76;5.925;NaN;0.165;NaN
18HU15004_018;STAB_05;46.41786;-58.88164;406793;49.77;25-apr-15;10:12:00;49.777;31.6674;-1.5491;8.2349;0.1577;6.31;0.737;5.675;NaN;0.155;NaN
18HU15004_018;STAB_05;46.41778;-58.88164;406794;39.2;25-apr-15;10:13:00;39.207;31.5547;-1.3609;8.3432;0.23087;6.7;0.727;5.665;NaN;0.16;NaN
18HU15004_018;STAB_05;46.4177;-58.88161;406795;29.54;25-apr-15;10:14:00;29.544;31.4935;-1.3275;8.3598;0.27895;6.715;0.7165;5.455;NaN;0.165;NaN
18HU15004_018;STAB_05;46.41768;-58.88158;406796;19.9;25-apr-15;10:15:00;19.908;31.264;-0.9372;8.4961;0.50682;5.925;0.6435;4.47;NaN;0.15;NaN
18HU15004_018;STAB_05;46.41772;-58.88168;406797;10.5;25-apr-15;10:16:00;10.5;31.2268;-0.8624;8.4913;0.91886;5.62;0.639;4.075;NaN;0.145;NaN
18HU15004_018;STAB_05;46.4177;-58.88186;406798;4.32;25-apr-15;10:18:00;4.326;31.2266;-0.8622;8.4875;0.93344;5.495;0.6315;4.2;31.2069;0.15;8.397
18HU15004_021;STAB_04;46.30026;-59.07133;406805;148.04;25-apr-15;12:56:00;148.044;34.5363;6.4696;3.7817;NaN;17.145;1.3925;17.705;34.5296;0.1;3.3235
18HU15004_021;STAB_04;46.30024;-59.07216;406806;99.59;25-apr-15;12:59:00;99.597;32.4926;0.6575;7.0628;0.02276;8.675;0.845;8.38;NaN;0.115;NaN
18HU15004_021;STAB_04;46.30022;-59.0726;406807;80.01;25-apr-15;13:01:00;80.015;31.9078;-0.659;8.0337;0.07479;5.085;0.677;4.655;NaN;0.115;NaN
18HU15004_021;STAB_04;46.3002;-59.073;406808;61.26;25-apr-15;13:02:00;61.267;31.6891;-1.2408;8.2647;0.16421;5.47;0.6825;5.3;NaN;0.185;NaN
18HU15004_021;STAB_04;46.30014;-59.07324;406809;50.31;25-apr-15;13:03:00;50.314;31.5828;-1.08;8.3075;2.26068;5.275;0.685;4.9;NaN;0.145;NaN
18HU15004_021;STAB_04;46.3001;-59.07345;406810;39.46;25-apr-15;13:04:00;39.463;31.4063;-1.2675;8.4014;0.31038;4.92;0.6505;4.32;NaN;0.11;NaN
18HU15004_021;STAB_04;46.3001;-59.07376;406811;30.15;25-apr-15;13:06:00;30.151;31.3162;-1.0227;8.414;0.81676;5.445;0.6405;4.555;NaN;0.12;NaN
18HU15004_021;STAB_04;46.30008;-59.0741;406812;20.11;25-apr-15;13:07:00;20.116;31.2458;-0.7941;8.4532;0.59326;4.79;0.621;3.895;NaN;0.1;NaN
18HU15004_021;STAB_04;46.30004;-59.0743;406813;10.16;25-apr-15;13:08:00;10.167;31.2214;-0.7066;8.458;0.96261;4.465;0.7005;3.565;NaN;0.12;NaN
18HU15004_021;STAB_04;46.29998;-59.07456;406814;2.28;25-apr-15;13:09:00;2.288;31.2171;-0.6766;8.4618;0.88969;2.69;0.473;2.18;31.1985;0.135;8.378
18HU15004_023;STAB_03;46.21656;-59.19542;406815;85.31;25-apr-15;14:50:00;85.312;32.7194;1.1367;6.4494;0.06503;8.795;0.886;7.975;32.6595;0.115;6.374
18HU15004_023;STAB_03;46.21646;-59.19563;406816;60.78;25-apr-15;14:51:00;60.783;31.6269;-1.3727;8.0917;0.23045;8.52;0.871;7.1;NaN;0.14;NaN
18HU15004_023;STAB_03;46.21642;-59.19572;406817;50.73;25-apr-15;14:53:00;50.731;31.5665;-1.4171;8.1237;0.21461;7.105;0.7465;5.875;NaN;0.12;NaN
18HU15004_023;STAB_03;46.21642;-59.19578;406818;40.46;25-apr-15;14:54:00;40.466;31.527;-1.4224;8.2045;0.25145;6.95;0.763;5.615;NaN;0.12;NaN
18HU15004_023;STAB_03;46.21642;-59.19582;406819;29.56;25-apr-15;14:55:00;29.569;31.4887;-1.37;8.2485;0.2318;7.755;0.769;6.265;NaN;0.125;NaN
18HU15004_023;STAB_03;46.21648;-59.19586;406820;20.14;25-apr-15;14:56:00;20.143;31.305;-0.9206;8.4284;0.72925;6.795;0.7425;5.31;NaN;0.12;NaN
18HU15004_023;STAB_03;46.21652;-59.19586;406821;9.81;25-apr-15;14:57:00;9.813;31.0929;-0.6875;8.7366;6.33656;4.695;0.562;2.375;NaN;0.1;NaN
18HU15004_023;STAB_03;46.2166;-59.19602;406822;1.5;25-apr-15;14:58:00;1.501;31.0362;-0.5949;9.2822;0.12031;3.65;0.446;1.145;30.9925;0.06;8.919
18HU15004_025;BBL_01;43.24816;-65.47104;406281;55.66;18-apr-15;15:02:00;55.667;32.0543;2.4885;7.3817;0.42432;6.465;0.8185;7.02;32.0476;0.155;5.46
18HU15004_025;BBL_01;43.24826;-65.47053;406282;50.42;18-apr-15;15:04:00;50.421;31.9566;2.1883;7.3643;0.51075;5.85;0.7645;6.265;NaN;0.145;NaN
18HU15004_025;BBL_01;43.24838;-65.47002;406283;40.02;18-apr-15;15:06:00;40.029;31.7098;1.4523;7.7476;0.47932;6;0.7515;6.43;NaN;0.14;NaN
18HU15004_025;BBL_01;43.24848;-65.46948;406284;30.58;18-apr-15;15:07:00;30.584;31.3908;0.8333;8.3;1.8523;5.115;0.7205;4.745;NaN;0.175;NaN
18HU15004_025;BBL_01;43.24858;-65.46888;406285;19.92;18-apr-15;15:09:00;19.929;31.3511;1.312;8.1683;1.19597;4.855;0.6635;4.54;NaN;0.155;NaN
18HU15004_025;BBL_01;43.24866;-65.46834;406286;10.79;18-apr-15;15:10:00;10.799;31.2905;1.3747;8.2447;1.13763;4.64;0.605;4.27;NaN;0.195;NaN
18HU15004_025;BBL_01;43.24877;-65.46774;406287;2.25;18-apr-15;15:12:00;2.25;31.2633;1.4521;8.2542;1.64811;4.86;0.629;4.275;31.2333;0.11;8.2265
18HU15004_025;BBL_01;43.2488;-65.4676;406288;2.12;18-apr-15;15:12:00;2.123;31.2638;1.4401;8.2721;NaN;NaN;NaN;NaN;NaN;NaN;NaN
18HU15004_026;STAB_02;46.10894;-59.36686;406823;59.01;25-apr-15;16:38:00;59.015;31.4931;-1.18;8.2897;0.20823;6.575;0.705;5.45;31.4719;0.085;8.282
18HU15004_026;STAB_02;46.10894;-59.3668;406824;50;25-apr-15;16:39:00;50;31.4845;-1.1749;8.3157;0.18073;5.955;0.682;4.86;NaN;0.09;NaN
18HU15004_026;STAB_02;46.1089;-59.36676;406825;40.62;25-apr-15;16:41:00;40.621;31.4057;-1.1627;8.3131;0.36145;6.715;0.7235;5.29;NaN;0.07;NaN
18HU15004_026;STAB_02;46.10894;-59.36684;406826;29.85;25-apr-15;16:42:00;29.856;31.3295;-1.0324;8.4053;0.48718;6.955;0.7275;5.35;NaN;0.085;NaN
18HU15004_026;STAB_02;46.10906;-59.36698;406827;20.63;25-apr-15;16:43:00;20.634;31.2812;-0.814;8.4807;0.71467;7.355;0.714;5.76;NaN;0.115;NaN
18HU15004_026;STAB_02;46.10912;-59.36708;406828;9.58;25-apr-15;16:44:00;9.582;31.2335;-0.902;8.5583;0.93344;6.745;0.67;4.91;NaN;0.095;NaN
18HU15004_026;STAB_02;46.1092;-59.3671;406829;2.09;25-apr-15;16:45:00;2.09;31.2339;-0.8989;8.5516;1.79396;7.33;0.719;5.235;31.2148;0.105;8.489
18HU15004_028;STAB_01;46.00072;-59.53358;406830;55.89;25-apr-15;18:17:00;55.891;31.3798;-1.0371;8.3753;2.17317;5.705;0.669;4.445;31.3601;0.13;6.625
18HU15004_028;STAB_01;46.00094;-59.53366;406831;50.93;25-apr-15;18:19:00;50.931;31.3779;-1.0417;8.3953;2.02732;6.4;0.6915;4.89;NaN;0.135;NaN
18HU15004_028;STAB_01;46.00126;-59.53375;406832;40.55;25-apr-15;18:21:00;40.558;31.3661;-1.0433;8.3911;2.24727;6.19;0.627;4.84;NaN;0.105;NaN
18HU15004_028;STAB_01;46.0015;-59.53381;406833;31.11;25-apr-15;18:23:00;31.11;31.1123;-0.6934;8.8932;11.77212;3.325;0.4995;2.16;NaN;0.07;NaN
18HU15004_028;STAB_01;46.00172;-59.53392;406834;19.31;25-apr-15;18:25:00;19.312;30.8994;-0.4534;9.3013;17.9141;1.085;0.3875;0.71;NaN;0.03;NaN
18HU15004_028;STAB_01;46.002;-59.53408;406835;9.28;25-apr-15;18:27:00;9.287;30.8879;-0.3123;9.7869;15.86677;0.8;0.31;0;NaN;0.015;NaN
18HU15004_028;STAB_01;46.00232;-59.53432;406836;2.18;25-apr-15;18:29:00;2.18;30.8854;-0.1538;9.8036;15.35494;0.93;0.3115;0;30.869;0.02;NaN
18HU15004_030;EVC_01;44.23432;-62.60474;406837;158.12;26-apr-15;11:04:00;158.121;35.1241;10.4546;3.32;NaN;11.6;1.204;17.885;35.1269;0.05;3.196
18HU15004_030;EVC_01;44.23432;-62.60468;406838;139.7;26-apr-15;11:07:00;139.707;35.0477;10.6076;3.6222;NaN;9.525;1.0445;14.51;NaN;0.04;NaN
18HU15004_030;EVC_01;44.23436;-62.60451;406839;99.6;26-apr-15;11:09:00;99.608;34.3117;8.9391;3.8187;0.86052;9.86;1.091;14.795;NaN;0.085;NaN
18HU15004_030;EVC_01;44.2344;-62.60442;406840;79.68;26-apr-15;11:11:00;79.684;33.7153;7.1489;4.628;1.28348;6.265;0.971;11.975;NaN;0.105;NaN
18HU15004_030;EVC_01;44.23444;-62.60432;406841;59.91;26-apr-15;11:12:00;59.91;32.6072;3.2946;6.2368;2.35779;1.475;0.783;6.065;NaN;0.09;NaN
18HU15004_030;EVC_01;44.23448;-62.60427;406842;49.85;26-apr-15;11:13:00;49.85;32.1888;1.9404;7.5491;2.09991;1.33;0.581;2.965;NaN;0.055;NaN
18HU15004_030;EVC_01;44.23454;-62.6042;406843;39.78;26-apr-15;11:14:00;39.786;31.8556;1.9419;8.4702;3.38933;0.16;0.319;0.605;NaN;0.025;NaN
18HU15004_030;EVC_01;44.23459;-62.60414;406844;30.29;26-apr-15;11:15:00;30.29;31.6866;1.8905;8.6415;1.47309;0.12;0.2665;0;NaN;0.02;NaN
18HU15004_030;EVC_01;44.23464;-62.6041;406845;19.83;26-apr-15;11:16:00;19.836;31.6285;2.0028;8.717;1.28348;0.055;0.264;0;NaN;0.035;NaN
18HU15004_030;EVC_01;44.2347;-62.60404;406846;9.95;26-apr-15;11:17:00;9.957;31.425;1.1379;9.3639;4.16297;0.285;0.2975;0;NaN;0.035;NaN
18HU15004_030;EVC_01;44.23469;-62.60396;406847;2.08;26-apr-15;11:18:00;2.086;31.3599;0.9606;9.4311;5.45239;0.49;0.324;0;31.3432;0.04;8.76
18HU15004_033;HL_03.3;43.76354;-62.75146;406853;203.41;26-apr-15;16:17:00;203.416;35.1518;10.102;3.4864;NaN;11.875;1.2365;17.32;35.1545;0.045;5.426
18HU15004_033;HL_03.3;43.76369;-62.75094;406854;149.92;26-apr-15;16:20:00;149.921;35.1638;10.5999;3.3803;NaN;11.81;1.2095;18.74;NaN;0.035;NaN
18HU15004_033;HL_03.3;43.76398;-62.75063;406855;99.86;26-apr-15;16:22:00;99.868;34.8427;10.2833;3.5288;0.8751;11.67;1.108;16.39;NaN;0.025;NaN
18HU15004_033;HL_03.3;43.76412;-62.7504;406856;80.22;26-apr-15;16:24:00;80.227;34.3608;9.0111;3.8993;1.23973;10.035;1.069;13.28;NaN;0.045;NaN
18HU15004_033;HL_03.3;43.76422;-62.75024;406857;60.16;26-apr-15;16:25:00;60.162;33.6843;6.9193;4.8167;1.69186;5.235;0.9675;12.21;NaN;0.095;NaN
18HU15004_033;HL_03.3;43.76434;-62.75;406858;50.4;26-apr-15;16:27:00;50.404;33.1645;5.3552;5.673;2.37736;2;0.8435;8.15;NaN;0.12;NaN
18HU15004_033;HL_03.3;43.76437;-62.74983;406859;40.53;26-apr-15;16:28:00;40.538;32.5152;3.1352;6.5896;5.15767;1.05;0.853;6.43;NaN;0.085;NaN
18HU15004_033;HL_03.3;43.76438;-62.74966;406860;30.58;26-apr-15;16:29:00;30.582;32.1739;2.6806;7.818;1.37099;0.085;0.367;0.635;NaN;0.025;NaN
18HU15004_033;HL_03.3;43.7644;-62.74948;406861;20.62;26-apr-15;16:30:00;20.625;31.6741;3.014;8.3131;0.56882;0.195;0.2775;0;NaN;0.01;NaN
18HU15004_033;HL_03.3;43.76448;-62.74931;406862;9.88;26-apr-15;16:31:00;9.889;31.5939;3.0513;8.3584;0.3536;0.1;0.2205;0;NaN;0;NaN
18HU15004_033;HL_03.3;43.76454;-62.74908;406863;2.01;26-apr-15;16:32:00;2.011;31.5655;3.1513;8.4031;0.31824;0;0.2215;0;31.5596;0.01;8.195
18HU15004_039;SAM_03;43.89324;-63.0735;406876;172.19;26-apr-15;20:20:00;172.198;35.1618;10.3277;3.3349;NaN;12.425;1.257;18.82;35.1674;0.045;3.4225
18HU15004_039;SAM_03;43.89323;-63.07344;406877;150.42;26-apr-15;20:21:00;150.42;35.1593;10.6231;3.3683;NaN;12.07;1.227;18.165;NaN;0.025;NaN
18HU15004_039;SAM_03;43.89323;-63.07332;406878;100.64;26-apr-15;20:23:00;100.643;34.874;10.4065;3.5623;0.78759;11.015;1.1035;15.955;NaN;0.045;NaN
18HU15004_039;SAM_03;43.89318;-63.07316;406879;79.76;26-apr-15;20:24:00;79.766;34.1101;8.3372;4.2972;1.5606;7.58;0.98;10.81;NaN;0.065;NaN
18HU15004_039;SAM_03;43.89322;-63.07304;406880;59.97;26-apr-15;20:26:00;59.979;32.7714;3.6602;6.1438;2.24609;6.495;0.9275;8.405;NaN;0.09;NaN
18HU15004_039;SAM_03;43.89316;-63.07302;406881;50.63;26-apr-15;20:27:00;50.634;32.3682;3.1661;7.2117;2.65251;0.575;0.5435;1.755;NaN;0.075;NaN
18HU15004_039;SAM_03;43.89324;-63.07306;406882;40.23;26-apr-15;20:28:00;40.236;32.11;2.3665;7.7371;1.87886;0.21;0.481;1.47;NaN;0.105;NaN
18HU15004_039;SAM_03;43.89324;-63.07316;406883;30.25;26-apr-15;20:29:00;30.251;31.724;2.1697;8.6311;0.71467;0.07;0.2705;0;NaN;0.055;NaN
18HU15004_039;SAM_03;43.89321;-63.07324;406884;20.42;26-apr-15;20:30:00;20.424;31.6676;2.3538;8.59;0.4086;0.06;0.253;0;NaN;0.035;NaN
18HU15004_039;SAM_03;43.89307;-63.07312;406885;10.17;26-apr-15;20:31:00;10.178;31.6484;2.5524;8.5702;0.34967;0.06;0.249;0;NaN;0.03;NaN
18HU15004_039;SAM_03;43.893;-63.07294;406886;2.15;26-apr-15;20:33:00;2.152;31.639;2.8797;8.4603;0.33788;0.03;0.232;0;31.6298;0.04;8.195
18HU15004_042;HA_03;44.32242;-63.15694;406893;103.77;26-apr-15;23:53:00;103.772;32.3197;1.2887;6.8988;NaN;7.8;0.885;7.845;32.3027;0.1;7.025
18HU15004_042;HA_03;44.3224;-63.15694;406894;99.95;26-apr-15;23:54:00;99.955;32.3126;1.2521;6.9327;0.2318;7.67;0.902;7.76;NaN;0.095;NaN
18HU15004_042;HA_03;44.32236;-63.1569;406895;80.6;26-apr-15;23:55:00;80.604;32.0198;0.2352;7.4894;0.30645;6.89;0.8125;6.355;NaN;0.095;NaN
18HU15004_042;HA_03;44.32236;-63.1569;406896;60.47;26-apr-15;23:56:00;60.476;31.8524;-0.3861;7.8642;0.48718;6.32;0.7665;5.7;NaN;0.11;NaN
18HU15004_042;HA_03;44.32234;-63.15688;406897;49.88;26-apr-15;23:57:00;49.88;31.5661;-1.089;8.2668;0.91886;6.565;0.773;5.705;NaN;0.115;NaN
18HU15004_042;HA_03;44.3223;-63.15684;406898;39.92;26-apr-15;23:58:00;39.922;31.3646;-0.1862;8.479;1.66269;5.695;0.7135;4.75;NaN;0.12;NaN
18HU15004_042;HA_03;44.3223;-63.15686;406899;30.53;26-apr-15;23:59:00;30.536;31.3629;-0.001;8.4991;1.7502;5.025;0.679;4.145;NaN;0.11;NaN
18HU15004_042;HA_03;44.3223;-63.15686;406900;20.45;26-apr-15;23:59:00;20.458;31.2367;-0.0701;9.0279;10.91907;2.205;0.565;2.15;NaN;0.085;NaN
18HU15004_042;HA_03;44.32232;-63.15692;406901;9.85;27-apr-15;00:00:00;9.85;31.1881;0.6085;9.9481;13.64884;0.27;0.341;0;NaN;0;NaN
18HU15004_042;HA_03;44.32232;-63.15687;406902;2.01;27-apr-15;00:01:00;2.018;31.1909;0.7785;9.9685;11.08968;0.15;0.307;0;31.1771;0;9.908
18HU15004_044;HA_02;44.31988;-63.16514;406903;194.53;27-apr-15;01:19:00;194.538;34.6293;9.2181;3.5876;NaN;14.07;1.2755;16.735;34.6209;0.055;3.6305
18HU15004_044;HA_02;44.31992;-63.16512;406904;179.66;27-apr-15;01:20:00;179.668;34.6019;9.1458;3.6142;NaN;14.165;1.2685;16.615;NaN;0.05;NaN
18HU15004_044;HA_02;44.31999;-63.16511;406905;170.7;27-apr-15;01:21:00;170.7;34.5915;9.118;3.6299;NaN;14.04;1.2745;16.68;NaN;0.06;NaN
18HU15004_044;HA_02;44.32006;-63.16516;406906;159.85;27-apr-15;01:22:00;159.859;34.5847;9.0946;3.6362;NaN;14.05;1.2945;16.515;NaN;0.04;NaN
18HU15004_044;HA_02;44.32006;-63.16514;406907;150.03;27-apr-15;01:23:00;150.03;34.5535;9.0108;3.6966;NaN;14.01;1.2785;16.485;NaN;0.045;NaN
18HU15004_044;HA_02;44.32008;-63.16508;406908;99.42;27-apr-15;01:25:00;99.42;32.1817;0.7811;7.3059;0.2043;7.335;0.868;7.155;NaN;0.08;NaN
18HU15004_044;HA_02;44.3201;-63.1651;406909;79.91;27-apr-15;01:26:00;79.914;31.9975;0.1454;7.5838;0.29466;7.375;0.8255;6.555;NaN;0.08;NaN
18HU15004_044;HA_02;44.32012;-63.16508;406910;60.01;27-apr-15;01:27:00;60.01;31.8065;-0.541;7.9;0.49504;6.41;0.7665;5.565;NaN;0.1;NaN
18HU15004_044;HA_02;44.32015;-63.16518;406911;50.29;27-apr-15;01:28:00;50.292;31.6677;-0.8784;8.0879;0.99178;6.27;0.761;5.275;NaN;0.11;NaN
18HU15004_044;HA_02;44.32016;-63.1652;406912;39.4;27-apr-15;01:29:00;39.405;31.3624;-0.3412;8.4732;1.70645;6.03;0.7325;4.755;NaN;0.125;NaN
18HU15004_044;HA_02;44.32008;-63.16516;406913;29.96;27-apr-15;01:30:00;29.968;31.3131;-0.2381;8.579;3.83141;4.59;0.685;3.945;NaN;0.12;NaN
18HU15004_044;HA_02;44.32006;-63.16522;406914;20.07;27-apr-15;01:31:00;20.073;31.1958;0.0649;9.3159;15.52555;0.405;0.4245;0.735;NaN;0.055;NaN
18HU15004_044;HA_02;44.32005;-63.1652;406915;10.18;27-apr-15;01:32:00;10.182;31.183;1.2116;10.0101;10.57785;0;0.359;0;NaN;0.015;NaN
18HU15004_044;HA_02;44.32006;-63.16522;406916;1.46;27-apr-15;01:33:00;1.46;31.1862;1.3159;9.9393;7.33625;0;0.286;0;31.17;0.03;9.88
18HU15004_047;BBL_02;42.99554;-65.46992;406289;105.56;18-apr-15;17:02:00;105.561;32.4129;3.6434;7.094;0.28288;5.96;0.7645;6.85;32.4051;0.13;7.068
18HU15004_047;BBL_02;42.9952;-65.46876;406290;80.22;18-apr-15;17:04:00;80.225;32.3943;3.5848;7.0893;0.34181;6.185;0.781;7.175;NaN;0.13;NaN
18HU15004_047;BBL_02;42.99504;-65.46799;406291;60.03;18-apr-15;17:06:00;60.037;32.3881;3.5609;7.1021;0.29074;6.62;0.8;7.615;NaN;0.13;NaN
18HU15004_047;BBL_02;42.995;-65.46756;406292;50.72;18-apr-15;17:08:00;50.725;32.3745;3.5109;7.0896;0.16501;5.975;0.7725;6.865;NaN;0.13;NaN
18HU15004_047;BBL_02;42.99494;-65.46714;406293;40.31;18-apr-15;17:09:00;40.31;32.1236;2.7181;7.2258;0.23966;5.265;0.684;5.8;NaN;0.1;NaN
18HU15004_047;BBL_02;42.99482;-65.46661;406294;30.93;18-apr-15;17:11:00;30.933;31.7323;1.6999;7.7091;0.65633;6.06;0.744;6.21;NaN;0.125;NaN
18HU15004_047;BBL_02;42.99474;-65.46598;406295;20.33;18-apr-15;17:12:00;20.339;31.3885;1.461;8.2419;1.47309;4.595;0.6235;4.435;NaN;0.125;NaN
18HU15004_047;BBL_02;42.99468;-65.46554;406296;10.18;18-apr-15;17:14:00;10.183;31.277;1.6616;8.2921;1.40016;5.125;0.649;4.545;NaN;0.125;NaN
18HU15004_047;BBL_02;42.9946;-65.46485;406297;1.09;18-apr-15;17:15:00;1.097;31.2728;1.9087;8.1974;0.99178;4.925;0.6495;4.4;31.2634;0.115;6.911
18HU15004_047;BBL_02;42.9946;-65.46472;406298;1.15;18-apr-15;17:16:00;1.154;31.2712;1.9645;8.2174;NaN;NaN;NaN;NaN;NaN;NaN;NaN
18HU15004_048;HL_02;44.26634;-63.31683;406917;149.12;27-apr-15;03:05:00;149.129;34.253;8.1084;4.0132;0.18858;14.895;1.3325;16.405;34.2233;0.06;4.068
18HU15004_048;HL_02;44.2663;-63.31674;406918;99.86;27-apr-15;03:07:00;99.863;32.4169;1.7561;6.6089;0.2043;9.94;1.042;9.63;NaN;0.035;NaN
18HU15004_048;HL_02;44.26628;-63.31664;406919;80.66;27-apr-15;03:08:00;80.669;32.0118;0.4482;7.3431;0.21608;8.595;0.9505;8.31;NaN;0.04;NaN
18HU15004_048;HL_02;44.2663;-63.3165;406920;59.6;27-apr-15;03:09:00;59.603;31.672;-0.6198;8.0506;0.47932;6.33;0.8325;6.34;NaN;0.12;NaN
18HU15004_048;HL_02;44.26639;-63.31648;406921;49.45;27-apr-15;03:10:00;49.455;31.5254;-1.2582;8.3308;0.5834;6.815;0.8365;6.465;NaN;0.135;NaN
18HU15004_048;HL_02;44.2665;-63.31646;406922;39.8;27-apr-15;03:11:00;39.804;31.3936;-0.6096;8.4218;1.32724;6.71;0.825;6.23;31.4233;0.135;8.3345
18HU15004_048;HL_02;44.26658;-63.31648;406923;30.45;27-apr-15;03:12:00;30.454;31.3243;-0.1769;8.5736;3.13144;4.46;0.7265;4.435;NaN;0.115;NaN
18HU15004_048;HL_02;44.26664;-63.31654;406924;20.72;27-apr-15;03:13:00;20.72;31.2666;0.0179;8.8431;4.53138;3.845;0.693;3.695;NaN;0.11;NaN
18HU15004_048;HL_02;44.26662;-63.31661;406925;10.63;27-apr-15;03:14:00;10.635;31.1129;0.4218;9.4829;13.81945;1.325;0.53;1.25;NaN;0.07;NaN
18HU15004_048;HL_02;44.2666;-63.31666;406926;2.11;27-apr-15;03:15:00;2.111;31.0421;1.4863;9.9377;9.55419;0.215;0.3275;0;31.0418;0.04;9.834
18HU15004_050;HA_01;44.27208;-63.32488;406927;197.13;27-apr-15;04:28:00;197.13;34.2155;7.9998;4.0451;NaN;15.06;1.317;16.155;34.2063;0.07;4.0975
18HU15004_050;HA_01;44.27204;-63.32486;406928;190.13;27-apr-15;04:29:00;190.138;34.2053;7.9692;4.0532;NaN;15.07;1.3235;16.235;NaN;0.07;NaN
18HU15004_050;HA_01;44.2721;-63.32494;406929;179.99;27-apr-15;04:30:00;179.996;34.1987;7.9509;4.0673;NaN;15;1.3335;16.41;NaN;0.075;NaN
18HU15004_050;HA_01;44.27213;-63.32502;406930;170.07;27-apr-15;04:31:00;170.07;34.1915;7.9279;4.0647;NaN;15.185;1.329;16.225;NaN;0.08;NaN
18HU15004_050;HA_01;44.27214;-63.32509;406931;159.76;27-apr-15;04:32:00;159.763;34.1742;7.8788;4.0873;NaN;15.045;1.324;16.31;NaN;0.08;NaN
18HU15004_050;HA_01;44.27212;-63.32508;406932;150.74;27-apr-15;04:33:00;150.747;34.0891;7.6343;4.2188;NaN;14.05;1.201;14.775;NaN;0.07;NaN
18HU15004_050;HA_01;44.27208;-63.325;406933;100.36;27-apr-15;04:35:00;100.365;32.3666;1.4997;6.7338;0.20037;9.76;0.949;8.505;NaN;0.03;NaN
18HU15004_050;HA_01;44.27206;-63.32496;406934;79.97;27-apr-15;04:36:00;79.974;31.9251;0.1701;7.4318;0.24752;8.08;0.866;6.95;NaN;0.065;NaN
18HU15004_050;HA_01;44.27204;-63.32488;406935;59.86;27-apr-15;04:37:00;59.863;31.5918;-0.93;8.1937;0.52254;6.325;0.797;6.255;NaN;0.13;NaN
18HU15004_050;HA_01;44.27206;-63.32486;406936;50.13;27-apr-15;04:38:00;50.136;31.4608;-1.2341;8.3284;0.90427;7.115;0.8275;6.58;NaN;0.16;NaN
18HU15004_050;HA_01;44.27206;-63.32484;406937;40.81;27-apr-15;04:39:00;40.811;31.3733;-0.6142;8.4582;2.15858;6.39;0.798;5.865;NaN;0.145;NaN
18HU15004_050;HA_01;44.27204;-63.3248;406938;30.07;27-apr-15;04:40:00;30.072;31.2741;0.0143;8.6664;3.68405;4.47;0.7105;4.19;NaN;0.12;NaN
18HU15004_050;HA_01;44.27202;-63.32476;406939;20.74;27-apr-15;04:41:00;20.746;31.246;0.0563;8.936;10.23663;2.06;0.5965;2.4;NaN;0.105;NaN
18HU15004_050;HA_01;44.27196;-63.32472;406940;9.78;27-apr-15;04:42:00;9.784;31.0586;0.7757;9.4421;12.28395;0.595;0.4525;0.73;NaN;0.08;NaN
18HU15004_050;HA_01;44.2719;-63.32466;406941;1.4;27-apr-15;04:42:00;1.404;31.0308;1.5859;9.8867;11.08968;0.22;0.3555;0;31.0304;0.055;9.773
18HU15004_069;BBL_03;42.75644;-65.4781;406299;95.09;18-apr-15;18:55:00;95.09;32.1592;3.3277;7.5412;2.09624;3.905;0.702;5.475;32.1542;0.135;7.143
18HU15004_069;BBL_03;42.75622;-65.4779;406300;80.22;18-apr-15;18:57:00;80.229;32.1587;3.3265;7.5364;2.39463;3.81;0.684;5.3;NaN;0.125;NaN
18HU15004_069;BBL_03;42.75598;-65.47792;406301;59.94;18-apr-15;18:59:00;59.94;32.1553;3.3142;7.514;2.06307;4.095;0.716;5.66;NaN;0.135;NaN
18HU15004_069;BBL_03;42.7558;-65.47784;406302;50.51;18-apr-15;19:00:00;50.514;32.152;3.3035;7.499;2.02622;4.14;0.707;5.69;NaN;0.13;NaN
18HU15004_069;BBL_03;42.75572;-65.4778;406303;40.95;18-apr-15;19:02:00;40.955;32.1463;3.2895;7.5294;1.98938;3.135;0.621;4.225;NaN;0.105;NaN
18HU15004_069;BBL_03;42.75562;-65.47772;406304;30.42;18-apr-15;19:03:00;30.42;32.1089;3.1912;7.4998;2.02622;4.4;0.706;5.715;NaN;0.13;NaN
18HU15004_069;BBL_03;42.75552;-65.4776;406305;20.06;18-apr-15;19:05:00;20.063;32.0516;3.3092;7.7594;3.2788;2.805;0.544;3.74;NaN;0.105;NaN
18HU15004_069;BBL_03;42.75536;-65.47756;406306;10.05;18-apr-15;19:06:00;10.051;32.0024;3.6675;8.1278;4.0893;2.185;0.5025;2.7;NaN;0.135;NaN
18HU15004_069;BBL_03;42.75522;-65.47752;406307;2.19;18-apr-15;19:08:00;2.193;32.0013;3.7705;8.0652;2.87356;2.095;0.521;2.76;32.0005;0.115;8.064
18HU15004_069;BBL_03;42.75514;-65.47752;406308;2.37;18-apr-15;19:08:00;2.377;32.0071;3.7744;8.0812;NaN;NaN;NaN;NaN;NaN;NaN;NaN
18HU15004_102;BBL_04;42.44882;-65.494;406309;95.96;18-apr-15;21:22:00;95.966;32.6603;4.3055;6.7592;0.8751;5.995;0.798;7.89;32.6555;0.12;6.7185
18HU15004_102;BBL_04;42.44886;-65.49452;406310;79.87;18-apr-15;21:24:00;79.872;32.6515;4.2879;6.7367;1.05012;6.04;0.807;7.88;NaN;0.14;NaN
18HU15004_102;BBL_04;42.44894;-65.49508;406311;60.84;18-apr-15;21:26:00;60.84;32.5671;4.0999;6.8429;0.96261;6.01;0.8075;7.605;NaN;0.13;NaN
18HU15004_102;BBL_04;42.449;-65.49639;406312;50.83;18-apr-15;21:29:00;50.83;31.69;2.1651;8.0264;2.28985;4.705;0.76;5.325;NaN;0.115;NaN
18HU15004_102;BBL_04;42.44914;-65.4972;406313;40.74;18-apr-15;21:31:00;40.745;31.5278;1.9752;8.1988;2.42111;4.62;0.67;4.485;NaN;0.125;NaN
18HU15004_102;BBL_04;42.44916;-65.49762;406314;30.05;18-apr-15;21:32:00;30.058;31.4744;2.0819;8.399;3.24196;3.5;0.565;3.125;NaN;0.135;NaN
18HU15004_102;BBL_04;42.44922;-65.49814;406315;20.36;18-apr-15;21:33:00;20.363;31.4548;2.4412;8.502;3.83141;3.035;0.5655;2.19;NaN;0.125;NaN
18HU15004_102;BBL_04;42.44926;-65.49862;406316;10.06;18-apr-15;21:34:00;10.069;31.4546;2.6223;8.5958;3.86825;2.975;0.5235;2.17;NaN;0.145;NaN
18HU15004_102;BBL_04;42.4493;-65.499;406317;1.56;18-apr-15;21:35:00;1.562;31.4557;2.6711;8.5709;4.08929;2.82;0.515;1.96;31.4519;0.135;8.518
18HU15004_102;BBL_04;42.44932;-65.49913;406318;1.51;18-apr-15;21:35:00;1.512;31.4557;2.6713;8.5511;NaN;NaN;NaN;NaN;NaN;NaN;NaN
18HU15004_127;PS_01;42.42294;-65.7629;406319;96.71;18-apr-15;23:05:00;96.717;34.0119;7.4753;5.5474;0.40467;7.675;0.916;12.355;34.0263;0.12;5.533
18HU15004_127;PS_01;42.42349;-65.7637;406320;75.74;18-apr-15;23:07:00;75.744;33.7414;6.789;5.7873;0.51468;7.165;0.8835;11.15;NaN;0.155;NaN
18HU15004_127;PS_01;42.42402;-65.76469;406321;60.17;18-apr-15;23:08:00;60.177;33.2153;5.4729;6.2811;0.94803;6.4;0.826;9.575;NaN;0.13;NaN
18HU15004_127;PS_01;42.42444;-65.76579;406322;49.95;18-apr-15;23:10:00;49.95;32.9437;4.8164;6.5319;1.51684;5.9;0.806;8.535;NaN;0.115;NaN
18HU15004_127;PS_01;42.4248;-65.76667;406323;39.96;18-apr-15;23:11:00;39.966;32.2068;2.965;7.5157;2.39463;4.565;0.727;6.465;NaN;0.13;NaN
18HU15004_127;PS_01;42.42528;-65.76774;406324;30.81;18-apr-15;23:13:00;30.813;31.9325;2.1674;7.7541;2.7262;4.19;0.68;4.965;NaN;0.115;NaN
18HU15004_127;PS_01;42.42568;-65.76867;406325;20.42;18-apr-15;23:14:00;20.424;31.5361;1.4128;8.3859;3.79457;3.355;0.566;3.31;NaN;0.125;NaN
18HU15004_127;PS_01;42.426;-65.76978;406326;10.05;18-apr-15;23:16:00;10.059;31.4337;1.9677;8.6869;4.56822;3.135;0.512;1.94;NaN;0.115;NaN
18HU15004_127;PS_01;42.42622;-65.77062;406327;1.96;18-apr-15;23:17:00;1.964;31.4319;2.0894;8.6389;3.83141;3.03;0.516;1.96;31.4247;0.13;8.608
18HU15004_149;PS_02;42.34676;-65.82742;406328;201.09;19-apr-15;00:57:00;201.096;35.1118;9.083;4.4698;NaN;10.24;1.107;17.925;35.1203;0.075;4.4915
18HU15004_149;PS_02;42.34727;-65.82792;406329;176.63;19-apr-15;00:59:00;176.631;34.8912;9.1807;4.74;NaN;9.115;1.0085;15.7;NaN;0.085;NaN
18HU15004_149;PS_02;42.34763;-65.82876;406330;150.08;19-apr-15;01:01:00;150.088;34.4432;8.7485;5.2558;NaN;6.895;0.869;11.72;NaN;0.13;NaN
18HU15004_149;PS_02;42.34802;-65.8293;406331;125.43;19-apr-15;01:03:00;125.431;32.9443;4.9128;6.4547;NaN;5.545;0.773;7.365;NaN;0.125;NaN
18HU15004_149;PS_02;42.34844;-65.82975;406332;100.19;19-apr-15;01:05:00;100.197;32.5227;3.7325;6.89;NaN;4.72;0.747;6.7;NaN;0.12;NaN
18HU15004_149;PS_02;42.34876;-65.83036;406333;75.45;19-apr-15;01:07:00;75.459;31.8351;2.0348;8.0215;NaN;2.605;0.597;3.78;NaN;0.085;NaN
18HU15004_149;PS_02;42.34908;-65.8305;406334;60.63;19-apr-15;01:08:00;60.635;31.4959;1.2916;8.4756;NaN;3.39;0.588;3.19;NaN;0.11;NaN
18HU15004_149;PS_02;42.34934;-65.83068;406335;49.71;19-apr-15;01:10:00;49.715;31.4422;1.2746;8.5655;NaN;3.165;0.56;2.72;NaN;0.105;NaN
18HU15004_149;PS_02;42.34964;-65.8309;406336;40.51;19-apr-15;01:11:00;40.515;31.455;1.5626;8.6334;NaN;3;0.5485;2.35;NaN;0.1;NaN
18HU15004_149;PS_02;42.35006;-65.83116;406337;30.05;19-apr-15;01:12:00;30.052;31.4556;1.596;8.6796;NaN;3.035;0.5465;2.27;NaN;0.11;NaN
18HU15004_149;PS_02;42.35034;-65.83162;406338;20.48;19-apr-15;01:13:00;20.482;31.4752;2.1452;8.7461;NaN;2.415;0.5155;1.51;NaN;0.09;NaN
18HU15004_149;PS_02;42.35061;-65.83194;406339;10.43;19-apr-15;01:14:00;10.437;31.4875;2.2473;8.7313;NaN;1.965;0.437;1.21;NaN;0.09;NaN
18HU15004_149;PS_02;42.35091;-65.83216;406340;2.51;19-apr-15;01:15:00;2.516;31.5063;2.5253;8.7248;NaN;1.825;0.448;1.02;31.4937;0.075;8.716
18HU15004_171;PS_04;42.28076;-65.87096;406341;221.95;19-apr-15;03:00:00;221.957;35.0145;7.633;4.852;NaN;10.065;1.1125;16.65;35.018;0.055;4.845
18HU15004_171;PS_04;42.28104;-65.871;406342;175.58;19-apr-15;03:02:00;175.58;35.0093;7.8894;4.8501;NaN;10.565;1.149;17.54;NaN;0.065;NaN
18HU15004_171;PS_04;42.28122;-65.87106;406343;149.96;19-apr-15;03:04:00;149.962;34.9441;9.7382;4.9279;NaN;8.09;0.9265;14.175;NaN;0.11;NaN
18HU15004_171;PS_04;42.28134;-65.87108;406344;124.95;19-apr-15;03:06:00;124.951;34.5446;9.1173;5.2092;NaN;7.205;0.8835;12.55;NaN;0.13;NaN
18HU15004_171;PS_04;42.28148;-65.87114;406345;100.29;19-apr-15;03:08:00;100.298;33.9619;7.7386;5.586;0.49504;6.635;0.8455;10.41;NaN;0.13;NaN
18HU15004_171;PS_04;42.28166;-65.8712;406346;75.51;19-apr-15;03:09:00;75.514;33.0509;5.1643;6.3179;0.64174;6.36;0.828;9.12;NaN;0.12;NaN
18HU15004_171;PS_04;42.28182;-65.87126;406347;61.28;19-apr-15;03:11:00;61.283;32.6169;3.9548;6.6833;NaN;NaN;NaN;NaN;NaN;NaN;NaN
18HU15004_171;PS_04;42.28196;-65.87132;406348;50.82;19-apr-15;03:12:00;50.826;32.3673;3.3072;6.9766;1.29807;7.505;0.7925;7.405;NaN;0.11;NaN
18HU15004_171;PS_04;42.28214;-65.87136;406349;40.27;19-apr-15;03:13:00;40.271;31.9779;2.2612;7.5299;1.72103;5.325;0.7405;6.06;NaN;0.1;NaN
18HU15004_171;PS_04;42.28228;-65.87144;406350;30.25;19-apr-15;03:14:00;30.25;31.7279;1.6676;8.0056;2.30443;4.43;0.679;4.73;NaN;0.095;NaN
18HU15004_171;PS_04;42.2824;-65.87164;406351;20.74;19-apr-15;03:15:00;20.744;31.6406;1.5435;8.1213;2.54199;4.495;0.67;4.56;NaN;0.115;NaN
18HU15004_171;PS_04;42.2825;-65.87196;406352;10.23;19-apr-15;03:16:00;10.232;31.5078;1.6279;8.3883;4.08929;3.805;0.635;3.57;NaN;0.11;NaN
18HU15004_171;PS_04;42.2825;-65.87214;406353;2.62;19-apr-15;03:17:00;2.624;31.4207;1.6484;8.5374;4.71558;3.26;0.569;2.805;31.4413;0.095;8.447
18HU15004_193;PS_06;42.19828;-65.92922;406354;221.36;19-apr-15;05:09:00;221.362;35.0946;7.963;4.8448;NaN;10.665;1.1435;17.74;35.1006;0.05;4.8595
18HU15004_193;PS_06;42.19802;-65.92846;406355;175.7;19-apr-15;05:11:00;175.707;35.0985;9.5795;4.8156;NaN;8.695;1.0165;15.33;NaN;0.1;NaN
18HU15004_193;PS_06;42.1977;-65.92792;406356;150.07;19-apr-15;05:13:00;150.071;34.5708;9.6435;5.3237;NaN;5.92;0.8025;11.045;NaN;0.24;NaN
18HU15004_193;PS_06;42.19726;-65.9272;406357;124.56;19-apr-15;05:14:00;124.562;34.1884;8.4913;5.4988;NaN;6.625;0.8585;10.99;NaN;0.16;NaN
18HU15004_193;PS_06;42.19698;-65.92649;406358;100.13;19-apr-15;05:16:00;100.13;33.5826;6.6203;5.9079;0.38896;6.77;0.8615;9.985;NaN;0.125;NaN
18HU15004_193;PS_06;42.1968;-65.92588;406359;75.09;19-apr-15;05:17:00;75.093;33.1973;5.4529;6.0282;0.45575;6.935;0.8725;9.74;NaN;0.1;NaN
18HU15004_193;PS_06;42.1966;-65.92536;406360;60.54;19-apr-15;05:19:00;60.548;32.7888;4.3146;6.5175;1.35641;6.27;0.8295;7.92;NaN;0.095;NaN
18HU15004_193;PS_06;42.19638;-65.92488;406361;50.5;19-apr-15;05:20:00;50.5;32.6029;3.7866;6.7183;1.32724;6.135;0.8215;7.545;NaN;0.095;NaN
18HU15004_193;PS_06;42.19612;-65.92436;406362;40.85;19-apr-15;05:21:00;40.855;31.9612;2.0115;7.6037;2.55238;4.765;0.737;5.475;NaN;0.1;NaN
18HU15004_193;PS_06;42.19592;-65.92389;406363;30;19-apr-15;05:22:00;30.001;31.7129;1.5987;8.2315;1.70645;3.39;0.6285;3.51;NaN;0.1;NaN
18HU15004_193;PS_06;42.19576;-65.92352;406364;20.06;19-apr-15;05:23:00;20.066;31.588;1.6559;8.5235;2.30443;2.68;0.569;2.585;NaN;0.12;NaN
18HU15004_193;PS_06;42.19562;-65.92324;406365;10.47;19-apr-15;05:24:00;10.47;31.5508;1.7405;8.5754;2.31902;2.315;0.521;1.96;NaN;0.11;NaN
18HU15004_193;PS_06;42.19544;-65.92298;406366;2.53;19-apr-15;05:25:00;2.531;31.4832;2.0194;8.5864;5.23135;2.535;0.5055;1.955;31.4781;0.12;8.471
18HU15004_215;PS_08;42.0993;-66.01878;406367;187.26;19-apr-15;07:39:00;187.265;34.8106;8.5205;4.9248;NaN;9.945;NaN;16.135;34.8332;0.135;4.937
18HU15004_215;PS_08;42.09861;-66.01814;406368;175.01;19-apr-15;07:40:00;175.011;34.6855;8.3523;5.0396;NaN;9.995;NaN;15.645;NaN;0.125;NaN
18HU15004_215;PS_08;42.0977;-66.01716;406369;150.64;19-apr-15;07:42:00;150.646;34.5297;8.1526;5.1062;NaN;9.755;NaN;15.005;NaN;0.115;NaN
18HU15004_215;PS_08;42.09669;-66.0161;406370;125.62;19-apr-15;07:43:00;125.623;33.7673;6.6561;6.0149;NaN;8.08;NaN;11.99;NaN;0.12;NaN
18HU15004_215;PS_08;42.09578;-66.01528;406371;100.19;19-apr-15;07:45:00;100.197;33.3697;5.7326;7.1036;4.2735;3.715;NaN;6.545;NaN;0.135;NaN
18HU15004_215;PS_08;42.09494;-66.01471;406372;75.41;19-apr-15;07:47:00;75.412;33.1826;5.4704;7.6216;6.04184;2.005;NaN;4.245;NaN;0.135;NaN
18HU15004_215;PS_08;42.09398;-66.0142;406373;60.21;19-apr-15;07:48:00;60.214;32.906;5.1122;7.8408;6.55761;0.985;NaN;2.9;NaN;0.13;NaN
18HU15004_215;PS_08;42.09312;-66.01375;406374;49.81;19-apr-15;07:49:00;49.817;32.8453;5.0015;7.8817;6.52077;1.02;NaN;2.985;NaN;0.135;NaN
18HU15004_215;PS_08;42.09232;-66.01325;406375;40.33;19-apr-15;07:50:00;40.337;32.8346;4.9821;7.908;7.07338;0.955;NaN;3.055;NaN;0.12;NaN
18HU15004_215;PS_08;42.09162;-66.01269;406376;29.69;19-apr-15;07:51:00;29.699;32.5636;4.441;8.0754;10.40724;0.84;NaN;2.315;NaN;0.12;NaN
18HU15004_215;PS_08;42.091;-66.01206;406377;20.46;19-apr-15;07:52:00;20.46;32.0554;3.2726;8.3535;7.50686;1.085;NaN;1.68;NaN;0.105;NaN
18HU15004_215;PS_08;42.09029;-66.01139;406378;10.52;19-apr-15;07:53:00;10.526;32.0351;3.263;8.3633;5.56291;1.01;NaN;1.355;NaN;0.12;NaN
18HU15004_215;PS_08;42.08966;-66.01098;406379;2.85;19-apr-15;07:54:00;2.859;32.0219;3.2141;8.3769;5.52607;0.94;NaN;1.275;32.0206;0.1;8.3015
18HU15004_237;PS_10;41.98948;-66.15369;406380;85.67;19-apr-15;10:15:00;85.679;33.2521;5.5798;7.2847;0;2.815;NaN;5.86;33.2509;0.14;6.2275
18HU15004_237;PS_10;41.9891;-66.1542;406381;74.91;19-apr-15;10:17:00;74.918;33.2491;5.5749;7.3;0;2.295;NaN;4.855;NaN;0.11;NaN
18HU15004_237;PS_10;41.9886;-66.15477;406382;60.43;19-apr-15;10:19:00;60.43;33.2249;5.5468;7.4017;0;2.615;NaN;4.91;NaN;0.14;NaN
18HU15004_237;PS_10;41.98804;-66.15567;406383;49.95;19-apr-15;10:21:00;49.958;33.2221;5.5413;7.3825;0;2.12;NaN;4.47;NaN;0.115;NaN
18HU15004_237;PS_10;41.98764;-66.1565;406384;40.01;19-apr-15;10:22:00;40.014;33.1525;5.4586;7.5037;6.93137;1.745;NaN;3.585;NaN;0.12;NaN
18HU15004_237;PS_10;41.98724;-66.15744;406385;30.77;19-apr-15;10:24:00;30.772;32.7345;4.9625;7.8772;5.48924;1.175;NaN;2.46;NaN;0.105;NaN
18HU15004_237;PS_10;41.98665;-66.15844;406386;20.04;19-apr-15;10:25:00;20.042;33.0175;5.3063;7.6442;5.52607;1.45;NaN;2.98;NaN;0.12;NaN
18HU15004_237;PS_10;41.98606;-66.15937;406387;9.68;19-apr-15;10:27:00;9.681;32.8979;5.1554;7.6859;5.48924;1.54;NaN;3.225;NaN;0.12;NaN
18HU15004_237;PS_10;41.98554;-66.16052;406388;1.62;19-apr-15;10:29:00;1.628;32.3851;4.5027;8.0959;5.41555;0.915;NaN;1.53;32.3872;0.115;8.045
18HU15004_239;PS_09;42.0664;-66.09376;406389;90.71;19-apr-15;11:48:00;90.717;33.5329;6.0205;6.7457;NaN;4.645;NaN;7.36;33.5418;0.155;6.7195
18HU15004_239;PS_09;42.06687;-66.09456;406390;75.79;19-apr-15;11:49:00;75.792;33.4886;5.9288;6.8426;NaN;4.515;NaN;6.995;NaN;0.145;NaN
18HU15004_239;PS_09;42.06728;-66.09528;406391;59.75;19-apr-15;11:51:00;59.755;33.3674;5.6608;7.0954;NaN;3.415;NaN;6.485;NaN;0.11;NaN
18HU15004_239;PS_09;42.06766;-66.09604;406392;49.28;19-apr-15;11:52:00;49.288;33.3639;5.6499;7.104;NaN;3.295;NaN;5.77;NaN;0.1;NaN
18HU15004_239;PS_09;42.06788;-66.09718;406393;40.77;19-apr-15;11:54:00;40.77;33.3124;5.5597;7.2514;NaN;3.045;NaN;5.11;NaN;0.095;NaN
18HU15004_239;PS_09;42.0681;-66.09804;406394;30.37;19-apr-15;11:55:00;30.37;33.1944;5.4599;7.5208;NaN;2.335;NaN;3.34;NaN;0.1;NaN
18HU15004_239;PS_09;42.06846;-66.09931;406395;19.92;19-apr-15;11:57:00;19.925;32.9537;5.246;7.8864;NaN;1.295;NaN;2.065;NaN;0.085;NaN
18HU15004_239;PS_09;42.06873;-66.10016;406396;10.31;19-apr-15;11:58:00;10.318;32.3553;4.2523;8.3004;NaN;0.945;NaN;1.22;NaN;0.08;NaN
18HU15004_239;PS_09;42.06906;-66.10096;406397;1.76;19-apr-15;12:00:00;1.766;32.1907;3.8095;8.353;NaN;0.675;NaN;1.115;32.1929;0.09;7.707
18HU15004_243;PS_07;42.16611;-65.97606;406398;219.22;19-apr-15;13:01:00;219.222;35.1083;8.278;4.758;NaN;8.87;NaN;8.305;35.1124;0.075;4.765
18HU15004_243;PS_07;42.16702;-65.97706;406399;176.16;19-apr-15;13:03:00;176.164;35.1077;8.4259;4.7851;NaN;9.59;NaN;9.485;NaN;0.065;NaN
18HU15004_243;PS_07;42.16832;-65.97876;406400;150.17;19-apr-15;13:06:00;150.172;34.5795;9.848;5.3397;NaN;4.91;NaN;4.835;NaN;0.24;NaN
18HU15004_243;PS_07;42.16909;-65.97999;406401;125.68;19-apr-15;13:08:00;125.682;33.757;6.6976;6.0007;NaN;8.005;NaN;7.23;NaN;0.11;NaN
18HU15004_243;PS_07;42.16998;-65.98138;406402;100.33;19-apr-15;13:10:00;100.334;33.6039;6.4843;6.1025;NaN;6.145;NaN;5.09;NaN;0.135;NaN
18HU15004_243;PS_07;42.17087;-65.98249;406403;75.1;19-apr-15;13:12:00;75.109;32.8529;4.7536;7.2478;NaN;2.56;NaN;3.295;NaN;0.125;NaN
18HU15004_243;PS_07;42.1716;-65.9835;406404;60.59;19-apr-15;13:14:00;60.594;32.4478;4.1478;8.0618;NaN;0.735;NaN;1.28;NaN;0.115;NaN
18HU15004_243;PS_07;42.17208;-65.98428;406405;50.62;19-apr-15;13:15:00;50.627;32.1445;3.582;8.3974;NaN;0.73;NaN;0.97;NaN;0.115;NaN
18HU15004_243;PS_07;42.1725;-65.98511;406406;40.33;19-apr-15;13:16:00;40.337;31.8477;2.7119;8.6011;NaN;0.94;NaN;0.87;NaN;0.08;NaN
18HU15004_243;PS_07;42.1729;-65.98598;406407;30.22;19-apr-15;13:18:00;30.22;31.6884;1.8851;8.3012;NaN;2.14;NaN;1.755;NaN;0.13;NaN
18HU15004_243;PS_07;42.17343;-65.98678;406408;19.93;19-apr-15;13:19:00;19.936;31.5788;1.802;8.4035;NaN;2.25;NaN;1.335;NaN;0.11;NaN
18HU15004_243;PS_07;42.17391;-65.98771;406409;9.86;19-apr-15;13:20:00;9.861;31.4947;2.0832;8.556;NaN;2.2;NaN;1.385;NaN;0.115;NaN
18HU15004_243;PS_07;42.1743;-65.98874;406410;1.4;19-apr-15;13:22:00;1.4;31.4843;2.155;8.5358;NaN;2.21;NaN;1.21;31.4755;0.115;8.433
18HU15004_244;PS_05;42.23801;-65.90488;406411;233.39;19-apr-15;14:12:00;233.391;35.0134;7.4609;4.8964;NaN;10.74;NaN;10.375;35.0164;0.075;4.5275
18HU15004_244;PS_05;42.23868;-65.90516;406412;176.74;19-apr-15;14:14:00;176.745;34.984;9.5207;4.8333;NaN;8.185;NaN;8.8;NaN;0.12;NaN
18HU15004_244;PS_05;42.23925;-65.90512;406413;149.38;19-apr-15;14:16:00;149.383;34.0512;8.1624;5.5282;NaN;6.01;NaN;6.14;NaN;0.175;NaN
18HU15004_244;PS_05;42.23982;-65.90574;406414;125.02;19-apr-15;14:18:00;125.027;33.3106;5.9413;6.0334;NaN;6.505;NaN;5.635;NaN;0.15;NaN
18HU15004_244;PS_05;42.24035;-65.90642;406415;99.28;19-apr-15;14:20:00;99.284;32.9863;5.0106;6.3422;NaN;6.02;0.83;8.285;NaN;0.145;NaN
18HU15004_244;PS_05;42.24092;-65.90702;406416;75.18;19-apr-15;14:22:00;75.183;32.4302;3.3924;6.881;NaN;6.21;0.8505;7.49;NaN;0.125;NaN
18HU15004_244;PS_05;42.24132;-65.90747;406417;59.49;19-apr-15;14:23:00;59.496;32.1766;2.6338;7.208;NaN;6.05;0.7885;6.73;NaN;0.15;NaN
18HU15004_244;PS_05;42.24172;-65.90793;406418;50.4;19-apr-15;14:24:00;50.407;32.0513;2.3864;7.418;NaN;5.28;0.6985;5.415;NaN;0.12;NaN
18HU15004_244;PS_05;42.24206;-65.9084;406419;40.56;19-apr-15;14:26:00;40.566;31.8449;2.2126;7.7638;NaN;4.11;0.626;4.49;NaN;0.14;NaN
18HU15004_244;PS_05;42.24238;-65.90882;406420;30.33;19-apr-15;14:27:00;30.338;31.7245;1.9735;8.0315;NaN;3.495;0.608;3.7;NaN;0.145;NaN
18HU15004_244;PS_05;42.2427;-65.90922;406421;20.35;19-apr-15;14:28:00;20.357;31.4801;1.8739;8.6457;NaN;2.41;0.6945;1.92;NaN;0.125;NaN
18HU15004_244;PS_05;42.24304;-65.90953;406422;9.83;19-apr-15;14:30:00;9.833;31.4423;2.2411;8.6106;NaN;2.55;0.502;1.9;NaN;0.125;NaN
18HU15004_244;PS_05;42.2434;-65.90982;406423;2.15;19-apr-15;14:31:00;2.156;31.4433;2.3277;8.6055;NaN;2.15;0.4515;1.365;31.4353;0.165;8.539
18HU15004_247;PS_03;42.29978;-65.83928;406424;209.53;19-apr-15;15:50:00;209.534;35.0478;8.3508;4.6341;NaN;9.435;1.0835;9.5;35.0533;0.11;4.665
18HU15004_247;PS_03;42.29974;-65.8391;406425;175.29;19-apr-15;15:52:00;175.292;34.9969;8.6205;4.694;NaN;9.8;1.0835;16.66;NaN;0.115;NaN
18HU15004_247;PS_03;42.29996;-65.83865;406426;149.51;19-apr-15;15:54:00;149.515;34.4425;8.4726;5.1548;NaN;7.905;0.919;12.91;NaN;0.15;NaN
18HU15004_247;PS_03;42.30017;-65.83844;406427;125.95;19-apr-15;15:56:00;125.959;34.0004;7.6593;5.5238;NaN;6.065;0.992;9.32;NaN;0.155;NaN
18HU15004_247;PS_03;42.30036;-65.83814;406428;100.58;19-apr-15;15:58:00;100.589;33.176;5.5603;6.1641;NaN;5.72;0.7415;7.885;NaN;0.165;NaN
18HU15004_247;PS_03;42.30052;-65.83773;406429;75.21;19-apr-15;16:00:00;75.214;32.736;4.2892;6.5615;NaN;5.675;0.7715;7.475;NaN;0.165;NaN
18HU15004_247;PS_03;42.30062;-65.83737;406430;60.67;19-apr-15;16:01:00;60.673;32.5344;3.7505;6.8535;NaN;4.505;0.721;6.17;NaN;0.15;NaN
18HU15004_247;PS_03;42.30072;-65.83702;406431;49.78;19-apr-15;16:03:00;49.786;32.342;3.1141;7.0289;NaN;5.01;0.7155;6.425;NaN;0.12;NaN
18HU15004_247;PS_03;42.30082;-65.83676;406432;40.28;19-apr-15;16:04:00;40.283;32.2812;2.9644;7.1163;NaN;5.035;0.7125;5.045;NaN;0.125;NaN
18HU15004_247;PS_03;42.30092;-65.8365;406433;30.57;19-apr-15;16:06:00;30.574;32.1407;2.6106;7.3578;NaN;4.905;0.7045;5.84;NaN;0.13;NaN
18HU15004_247;PS_03;42.30102;-65.83616;406434;19.42;19-apr-15;16:07:00;19.425;31.6519;1.4512;8.0367;NaN;3.9;0.6025;2.76;NaN;0.175;NaN
18HU15004_247;PS_03;42.30112;-65.83582;406435;10.3;19-apr-15;16:09:00;10.304;31.5093;1.9543;8.7488;NaN;1.915;0.459;1.26;NaN;0.13;NaN
18HU15004_247;PS_03;42.30122;-65.8354;406436;2.1;19-apr-15;16:10:00;2.103;31.5023;1.9198;8.7896;NaN;1.69;0.423;0.845;31.4923;0.115;8.719
18HU15004_257;BBL_05;42.13099;-65.50062;406437;191.7;19-apr-15;18:29:00;191.704;34.5379;8.693;5.0019;NaN;8.725;1.0225;14.81;34.5639;0.105;3.922
18HU15004_257;BBL_05;42.13014;-65.50066;406438;149.41;19-apr-15;18:31:00;149.419;33.1763;5.4169;6.1573;NaN;6.29;0.803;8.385;NaN;0.115;NaN
18HU15004_257;BBL_05;42.12927;-65.50093;406439;100.32;19-apr-15;18:33:00;100.329;33.0918;5.2048;6.3073;0.93344;6.585;0.8355;8.8;NaN;0.13;NaN
18HU15004_257;BBL_05;42.12892;-65.50114;406440;79.73;19-apr-15;18:35:00;79.734;33.0679;5.1327;6.3361;1.06471;6.435;0.8625;8.705;NaN;0.14;NaN
18HU15004_257;BBL_05;42.12862;-65.50115;406441;59.18;19-apr-15;18:36:00;59.184;32.772;4.3591;6.7246;1.88147;4.355;0.6915;5.885;NaN;0.12;NaN
18HU15004_257;BBL_05;42.12834;-65.50128;406442;51.22;19-apr-15;18:38:00;51.227;32.2116;2.887;7.5984;2.21043;2.99;0.574;3.64;NaN;0.11;NaN
18HU15004_257;BBL_05;42.12808;-65.50138;406443;39.52;19-apr-15;18:39:00;39.523;31.7765;1.5308;7.9623;2.21043;4.2;0.639;4.305;NaN;0.14;NaN
18HU15004_257;BBL_05;42.12762;-65.50151;406444;29.64;19-apr-15;18:41:00;29.64;31.5151;1.105;8.3352;2.87356;4.015;0.5985;3.785;NaN;0.14;NaN
18HU15004_257;BBL_05;42.1273;-65.50152;406445;19.99;19-apr-15;18:42:00;19.992;31.3159;1.1573;8.9005;5.41555;2.3;0.494;1.655;NaN;0.125;NaN
18HU15004_257;BBL_05;42.12698;-65.50154;406446;9.96;19-apr-15;18:43:00;9.963;31.2808;1.1958;9.0448;8.35991;2.06;0.4555;1.125;NaN;0.13;NaN
18HU15004_257;BBL_05;42.1266;-65.50152;406447;2.16;19-apr-15;18:45:00;2.166;31.2518;1.2055;9.1388;5.52607;1.99;0.437;0.875;31.24;0.13;8.947
18HU15004_257;BBL_05;42.12633;-65.50148;406448;2.44;19-apr-15;18:46:00;2.445;31.2508;1.2018;9.1468;NaN;NaN;NaN;NaN;NaN;NaN;NaN
18HU15004_265;BBL_06;41.99242;-65.51818;406449;1096.7;19-apr-15;22:03:00;1096.707;34.9747;4.4593;5.8012;NaN;11.34;1.1205;17.22;34.9738;0.075;5.868
18HU15004_265;BBL_06;41.99218;-65.51812;406450;1000.59;19-apr-15;22:06:00;1000.59;34.9799;4.6293;5.7179;NaN;11.325;1.125;17.9;NaN;0.06;NaN
18HU15004_265;BBL_06;41.99206;-65.5188;406451;751.38;19-apr-15;22:11:00;751.385;34.9937;4.9728;5.5019;NaN;11.695;1.2015;18.55;NaN;0.05;NaN
18HU15004_265;BBL_06;41.99178;-65.51958;406452;501.15;19-apr-15;22:16:00;501.158;35.0528;6.3824;4.9039;NaN;12.425;1.2705;19.855;NaN;0.07;NaN
18HU15004_265;BBL_06;41.99118;-65.52099;406453;250.37;19-apr-15;22:20:00;250.373;35.2067;9.4326;4.4993;NaN;10.1;1.111;17.9;NaN;0.115;NaN
18HU15004_265;BBL_06;41.99062;-65.52166;406454;99.6;19-apr-15;22:24:00;99.605;34.118;8.6081;5.9655;1.29807;3.66;0.6755;7.74;34.1267;0.25;5.9295
18HU15004_265;BBL_06;41.9903;-65.52202;406455;79.96;19-apr-15;22:25:00;79.964;33.7201;7.3863;6.1519;1.51684;3.74;0.693;7.15;NaN;0.2;NaN
18HU15004_265;BBL_06;41.98984;-65.5226;406456;61.08;19-apr-15;22:26:00;61.081;33.4539;6.51;6.206;1.64811;3.97;0.7115;7.045;NaN;0.18;NaN
18HU15004_265;BBL_06;41.98952;-65.52298;406457;50.3;19-apr-15;22:27:00;50.303;32.8791;4.7332;6.7182;2.02622;3.76;0.739;6.255;NaN;0.145;NaN
18HU15004_265;BBL_06;41.9892;-65.52334;406458;39.57;19-apr-15;22:28:00;39.57;32.1771;3.2845;8.2177;3.46301;1.415;0.5005;1.98;NaN;0.105;NaN
18HU15004_265;BBL_06;41.98878;-65.52384;406459;30.2;19-apr-15;22:29:00;30.207;32.0395;3.0359;8.4456;3.64721;0.67;0.398;0.64;NaN;0.08;NaN
18HU15004_265;BBL_06;41.98831;-65.52437;406460;20.67;19-apr-15;22:30:00;20.677;31.9572;2.9801;8.5651;3.72089;0.46;0.34;0.395;NaN;0.095;NaN
18HU15004_265;BBL_06;41.98788;-65.52497;406461;9.85;19-apr-15;22:31:00;9.856;31.7656;3.0313;8.7829;4.31034;0.64;0.3065;0.21;NaN;0.09;NaN
18HU15004_265;BBL_06;41.98757;-65.52543;406462;2.21;19-apr-15;22:32:00;2.217;31.6278;3.1003;8.8583;4.53138;0.36;0.293;0.205;31.6611;0.085;8.859
18HU15004_265;BBL_06;41.98744;-65.52561;406463;2.79;19-apr-15;22:32:00;2.794;31.6584;3.1648;9.0081;NaN;NaN;NaN;NaN;NaN;NaN;NaN
18HU15004_276;BBL_07;41.86672;-65.35418;406464;1880.68;20-apr-15;01:19:00;1880.689;34.9483;3.5163;6.0096;NaN;13.945;1.141;17.54;34.948;0.07;6.116
18HU15004_276;BBL_07;41.86721;-65.35466;406465;1516.69;20-apr-15;01:26:00;1516.694;34.96;3.7827;5.9869;NaN;12.91;1.13;17.83;34.9605;0.075;6.051
18HU15004_276;BBL_07;41.86762;-65.35536;406466;1001.38;20-apr-15;01:35:00;1001.387;34.9717;4.3814;5.8821;NaN;11.38;1.1295;17.79;NaN;0.07;NaN
18HU15004_276;BBL_07;41.86781;-65.35596;406467;750.13;20-apr-15;01:40:00;750.132;34.9902;4.8086;5.639;NaN;11.45;1.1625;18.26;NaN;0.07;NaN
18HU15004_276;BBL_07;41.86792;-65.35658;406468;499.95;20-apr-15;01:45:00;499.955;35.0239;5.6364;5.1754;NaN;12.12;1.251;19.47;NaN;0.085;NaN
18HU15004_276;BBL_07;41.86806;-65.35676;406469;250.83;20-apr-15;01:50:00;250.836;35.1337;8.3936;4.2379;NaN;12.16;1.3035;14.41;35.1405;0.095;4.242
18HU15004_276;BBL_07;41.86826;-65.35694;406470;151.56;20-apr-15;01:52:00;151.567;34.8355;10.0208;5.373;NaN;6.215;0.823;11.98;NaN;0.23;NaN
18HU15004_276;BBL_07;41.86837;-65.35706;406471;100.73;20-apr-15;01:54:00;100.737;34.2205;8.1564;5.5496;0.40075;7.33;0.9;12.24;NaN;0.18;NaN
18HU15004_276;BBL_07;41.86853;-65.3572;406472;79.95;20-apr-15;01:55:00;79.957;34.1011;7.8043;5.674;0.38896;7.19;0.912;10.46;NaN;0.18;NaN
18HU15004_276;BBL_07;41.86869;-65.3574;406473;59.73;20-apr-15;01:56:00;59.736;33.9025;7.4301;5.8223;0.75842;6.37;0.827;10.64;NaN;0.15;NaN
18HU15004_276;BBL_07;41.86882;-65.3576;406474;50.53;20-apr-15;01:57:00;50.534;33.7446;7.2959;6.0756;1.31265;5.305;0.7515;9.185;NaN;0.16;NaN
18HU15004_276;BBL_07;41.86896;-65.35784;406475;40.48;20-apr-15;01:58:00;40.489;33.525;6.8009;6.4428;1.8107;3.84;0.6895;7.39;NaN;0.16;NaN
18HU15004_276;BBL_07;41.86906;-65.35808;406476;29.93;20-apr-15;01:58:00;29.93;33.3337;6.4004;6.6067;2.24727;3.42;0.6655;5.82;NaN;0.155;NaN
18HU15004_276;BBL_07;41.8692;-65.3584;406477;21.09;20-apr-15;01:59:00;21.097;32.8364;5.7811;7.7181;3.83141;1.32;0.4665;2.705;NaN;0.12;NaN
18HU15004_276;BBL_07;41.86932;-65.35866;406478;10.6;20-apr-15;02:00:00;10.603;32.5438;5.2325;8.112;4.16297;0.505;0.3635;0.9;NaN;0.095;NaN
18HU15004_276;BBL_07;41.86942;-65.35886;406479;2.23;20-apr-15;02:01:00;2.234;32.4685;5.103;8.181;3.57353;0.515;0.445;0.66;32.5211;0.1;8.103
18HU15004_276;BBL_07;41.86944;-65.35892;406480;2.35;20-apr-15;02:01:00;2.358;32.4581;5.0758;8.264;NaN;NaN;NaN;NaN;NaN;NaN;NaN
18HU15004_281;HL_07;42.47494;-61.43324;406481;2785.74;20-apr-15;19:36:00;2785.747;34.9195;2.6428;6.1419;NaN;16.885;1.1265;16.93;34.9084;0.055;5.6995
18HU15004_281;HL_07;42.475;-61.43332;406482;2000.4;20-apr-15;19:50:00;2000.409;34.9424;3.3803;6.0688;NaN;14.435;1.1485;17.395;34.9368;0.055;5.52
18HU15004_281;HL_07;42.47492;-61.43322;406483;1500.56;20-apr-15;20:00:00;1500.564;34.9612;3.8825;5.9954;NaN;12.215;1.1645;17.13;NaN;0.06;NaN
18HU15004_281;HL_07;42.47498;-61.43326;406484;1000;20-apr-15;20:10:00;1000.001;34.978;4.3731;5.9003;NaN;11.185;1.196;17.405;34.9704;0.065;5.896
18HU15004_281;HL_07;42.47496;-61.43325;406485;749.8;20-apr-15;20:15:00;749.807;35.0023;4.8707;5.6171;NaN;11.685;1.1825;18.08;NaN;0.055;NaN
18HU15004_281;HL_07;42.47478;-61.43328;406486;500.24;20-apr-15;20:20:00;500.246;35.0366;5.766;4.9385;NaN;13.035;1.2935;19.96;35.0303;0.065;4.464
18HU15004_281;HL_07;42.47492;-61.43332;406487;249.97;20-apr-15;20:25:00;249.977;35.2172;9.4097;3.3056;NaN;13.685;1.5125;24.205;35.2207;0.085;2.812
18HU15004_281;HL_07;42.4751;-61.43334;406488;150.15;20-apr-15;20:28:00;150.151;35.3377;11.3093;4.1529;NaN;7.95;1.0305;15.62;NaN;0.095;NaN
18HU15004_281;HL_07;42.47508;-61.43334;406489;100.56;20-apr-15;20:30:00;100.56;34.982;10.6035;5.0343;0.22788;4.37;0.783;11.62;NaN;0.38;NaN
18HU15004_281;HL_07;42.47508;-61.43336;406490;80.27;20-apr-15;20:31:00;80.278;34.5548;9.2965;5.6434;0.44789;2.745;0.675;8.41;NaN;0.32;NaN
18HU15004_281;HL_07;42.47506;-61.43334;406491;59.8;20-apr-15;20:33:00;59.804;34.0254;7.8472;6.0302;1.09388;2.565;0.6695;6.485;NaN;0.22;NaN
18HU15004_281;HL_07;42.47502;-61.43334;406492;50.44;20-apr-15;20:34:00;50.44;33.7191;7.0126;6.4061;1.70645;2.145;0.6275;5.185;NaN;0.21;NaN
18HU15004_281;HL_07;42.475;-61.43332;406493;39.99;20-apr-15;20:35:00;39.993;33.269;5.8922;6.9857;2.35779;1.415;0.512;2.835;NaN;0.16;NaN
18HU15004_281;HL_07;42.47498;-61.4333;406494;29.2;20-apr-15;20:36:00;29.206;32.7308;4.865;7.7517;3.68405;0.9;0.368;0.575;NaN;0.095;NaN
18HU15004_281;HL_07;42.47496;-61.43328;406495;20.35;20-apr-15;20:37:00;20.35;32.6171;4.775;8.0028;2.68935;0.26;0.2795;-0.025;NaN;0.06;NaN
18HU15004_281;HL_07;42.47492;-61.4333;406496;10.37;20-apr-15;20:39:00;10.373;32.6141;4.9234;8.0623;2.02732;0.205;0.2645;0;NaN;0.065;NaN
18HU15004_281;HL_07;42.47488;-61.43334;406497;1.21;20-apr-15;20:40:00;1.216;32.6188;5.8573;7.9284;1.58977;0.23;0.2255;0.08;32.6137;0.05;7.575
18HU15004_281;HL_07;42.47486;-61.43336;406498;1.57;20-apr-15;20:40:00;1.577;32.6187;5.9614;7.9442;NaN;14.85;1.1475;17.06;NaN;0.045;NaN
18HU15004_285;HL_06.7;42.6147;-61.5279;406499;2329.92;21-apr-15;00:50:00;2329.923;34.9336;3.1025;6.0773;NaN;2.335;0.48;1.86;34.9268;0.095;6.218
18HU15004_285;HL_06.7;42.61512;-61.52894;406500;2001.73;21-apr-15;00:56:00;2001.735;34.9412;3.3147;6.0537;NaN;14.36;1.142;17.36;34.9353;0.045;6.147
18HU15004_285;HL_06.7;42.61526;-61.53004;406501;1501.04;21-apr-15;01:05:00;1501.042;34.963;3.8737;6.0017;NaN;12.53;1.1525;17.465;NaN;0.045;NaN
18HU15004_285;HL_06.7;42.61524;-61.53233;406502;1000.17;21-apr-15;01:14:00;1000.172;34.9741;4.2864;5.9303;NaN;11.395;1.158;17.585;34.9854;0.04;5.945
18HU15004_285;HL_06.7;42.61504;-61.5338;406503;750.65;21-apr-15;01:19:00;750.655;34.9953;4.7338;5.6905;NaN;11.38;1.1655;18.035;NaN;0.04;NaN
18HU15004_285;HL_06.7;42.6155;-61.53397;406504;501.32;21-apr-15;01:24:00;501.328;35.0395;5.8869;4.8531;NaN;12.32;1.3055;19.475;35.0355;0.03;4.835
18HU15004_285;HL_06.7;42.61546;-61.5351;406505;251.42;21-apr-15;01:28:00;251.421;35.2259;9.4785;3.2634;NaN;12.96;1.476;23.275;35.2297;0.055;3.276
18HU15004_285;HL_06.7;42.6155;-61.536;406506;100.6;21-apr-15;01:32:00;100.608;35.1108;10.8597;5.4584;0.18465;3.58;0.686;9.795;NaN;0.395;NaN
18HU15004_285;HL_06.7;42.61549;-61.53628;406507;80.14;21-apr-15;01:33:00;80.147;34.8922;10.1404;5.8221;0.80218;3.19;0.6815;8.985;NaN;0.425;NaN
18HU15004_285;HL_06.7;42.61549;-61.5366;406508;59.88;21-apr-15;01:34:00;59.881;34.7635;9.7949;5.9422;0.5834;2.645;0.6515;7.58;NaN;0.39;NaN
18HU15004_285;HL_06.7;42.6155;-61.53688;406509;49.52;21-apr-15;01:35:00;49.523;34.5873;9.3601;6.3984;1.38558;1.89;0.525;5.5;NaN;0.29;NaN
18HU15004_285;HL_06.7;42.61552;-61.5372;406510;39.93;21-apr-15;01:36:00;39.937;34.3838;8.9155;6.7917;2.9104;1.26;0.3995;2.98;NaN;0.185;NaN
18HU15004_285;HL_06.7;42.61554;-61.53759;406511;30.49;21-apr-15;01:37:00;30.496;34.2346;8.6008;7.1345;4.6419;0.605;0.27;1.175;NaN;0.095;NaN
18HU15004_285;HL_06.7;42.6155;-61.53797;406512;19.42;21-apr-15;01:38:00;19.428;34.2129;8.5696;7.1369;5.01031;2.105;0.2765;0.95;NaN;0.09;NaN
18HU15004_285;HL_06.7;42.61546;-61.53832;406513;10.61;21-apr-15;01:39:00;10.615;34.1631;8.4781;7.4602;6.04184;0.49;0.2105;0.445;NaN;0.07;NaN
18HU15004_285;HL_06.7;42.61544;-61.53862;406514;2.55;21-apr-15;01:39:00;2.559;33.994;8.2616;7.6028;4.89978;0.45;0.2015;0.14;34.0079;0.05;7.519
18HU15004_285;HL_06.7;42.61544;-61.53873;406515;2.6;21-apr-15;01:40:00;2.601;33.9876;8.251;7.5813;NaN;NaN;NaN;NaN;NaN;NaN;NaN
18HU15004_296;HL_06.3;42.72978;-61.62455;406516;1694.78;21-apr-15;04:43:00;1694.784;34.9547;3.7612;5.9844;NaN;12.815;1.13;17.415;34.9468;0.035;6.076
18HU15004_296;HL_06.3;42.72904;-61.6258;406517;1500.67;21-apr-15;04:47:00;1500.674;34.9587;3.9085;5.9783;NaN;12.39;1.085;17.455;NaN;0.03;NaN
18HU15004_296;HL_06.3;42.72729;-61.62812;406518;1001.9;21-apr-15;04:56:00;1001.906;34.9762;4.3814;5.8928;NaN;11.285;1.1295;17.385;34.9707;0.025;5.914
18HU15004_296;HL_06.3;42.72668;-61.6299;406519;751.97;21-apr-15;05:01:00;751.978;34.9927;4.7802;5.6653;NaN;11.145;1.139;17.545;NaN;0.035;NaN
18HU15004_296;HL_06.3;42.7257;-61.63156;406520;503.72;21-apr-15;05:06:00;503.727;35.0323;5.7162;4.9622;NaN;12.61;1.264;19.695;35.0299;0.035;4.9685
18HU15004_296;HL_06.3;42.72472;-61.63286;406521;252.13;21-apr-15;05:11:00;252.135;35.2504;9.7374;3.2542;NaN;13.005;1.4605;23.065;35.2535;0.045;3.263
18HU15004_296;HL_06.3;42.72424;-61.63394;406522;101.76;21-apr-15;05:14:00;101.769;35.0359;10.5211;5.6456;0.12519;3.445;0.636;9.515;NaN;0.45;NaN
18HU15004_296;HL_06.3;42.72398;-61.634;406523;80.92;21-apr-15;05:15:00;80.927;34.9957;10.4491;5.6367;0.16421;3.255;0.67;8.705;NaN;0.375;NaN
18HU15004_296;HL_06.3;42.72378;-61.6342;406524;60.48;21-apr-15;05:17:00;60.486;34.7405;9.6816;5.9647;0.21216;2.5;0.5955;7.13;NaN;0.335;NaN
18HU15004_296;HL_06.3;42.72362;-61.63458;406525;50.14;21-apr-15;05:17:00;50.149;34.5736;9.2607;6.0611;0.30645;2.355;0.6105;6.725;NaN;0.29;NaN
18HU15004_296;HL_06.3;42.7234;-61.63497;406526;40.7;21-apr-15;05:18:00;40.704;34.5292;9.173;6.0176;0.33002;2.355;0.594;6.495;NaN;0.275;NaN
18HU15004_296;HL_06.3;42.7232;-61.6352;406527;31.21;21-apr-15;05:19:00;31.21;34.1208;8.0738;5.9161;0.42039;3.455;0.7405;7.385;NaN;0.235;NaN
18HU15004_296;HL_06.3;42.72295;-61.6355;406528;20.28;21-apr-15;05:20:00;20.288;33.4779;6.2545;6.5722;0.47147;3.025;0.7245;5.985;NaN;0.175;NaN
18HU15004_296;HL_06.3;42.7227;-61.63591;406529;9.82;21-apr-15;05:21:00;9.827;32.3317;3.4611;7.9383;0.24359;0.445;0.3825;0.44;NaN;0.03;NaN
18HU15004_296;HL_06.3;42.72244;-61.63636;406530;2.52;21-apr-15;05:22:00;2.521;32.3345;3.77;7.8815;0.24359;0.295;0.356;0.83;32.3282;0.045;7.783
18HU15004_300;HL_06;42.82824;-61.73614;406531;1113.18;21-apr-15;08:59:00;1113.185;34.965;4.2536;5.9061;NaN;11.715;1.15;17.48;34.9579;0.025;4.8075
18HU15004_300;HL_06;42.8277;-61.73652;406532;749.83;21-apr-15;09:07:00;749.837;34.9835;4.8273;5.596;NaN;11.415;1.1805;18;NaN;0.02;NaN
18HU15004_300;HL_06;42.82692;-61.7368;406533;500.67;21-apr-15;09:12:00;500.671;35.0158;5.6835;4.9737;NaN;12.41;1.303;19.675;35.0113;0.025;5.018
18HU15004_300;HL_06;42.82644;-61.7379;406534;250.09;21-apr-15;09:18:00;250.096;35.2386;9.5934;3.2685;NaN;12.9;1.4815;23.22;35.2432;0.04;3.298
18HU15004_300;HL_06;42.82604;-61.73804;406535;150.28;21-apr-15;09:20:00;150.281;35.264;11.2321;5.1655;NaN;4.495;0.764;11.725;NaN;0.075;NaN
18HU15004_300;HL_06;42.82574;-61.7382;406536;101.04;21-apr-15;09:22:00;101.046;35.0027;10.5108;5.7931;0.2043;2.665;0.637;8.445;NaN;0.45;NaN
18HU15004_300;HL_06;42.82556;-61.73826;406537;80.16;21-apr-15;09:23:00;80.162;34.8311;10.0434;5.9675;0.30645;2.255;0.595;7.155;NaN;0.355;NaN
18HU15004_300;HL_06;42.82538;-61.73838;406538;59.08;21-apr-15;09:25:00;59.083;34.6621;9.4908;6.2105;0.43611;2.04;0.5575;6.11;NaN;0.335;NaN
18HU15004_300;HL_06;42.8253;-61.73854;406539;49.02;21-apr-15;09:26:00;49.024;34.5964;9.3189;6.1613;0.94803;2.015;0.5735;6.25;NaN;0.315;NaN
18HU15004_300;HL_06;42.82508;-61.73866;406540;40.35;21-apr-15;09:27:00;40.355;34.0603;7.9606;6.1872;1.03554;2.215;0.6205;5.805;NaN;0.245;NaN
18HU15004_300;HL_06;42.8249;-61.73846;406541;29.95;21-apr-15;09:29:00;29.959;33.4821;6.1905;6.6939;0.51468;1.92;0.6425;4.265;NaN;0.18;NaN
18HU15004_300;HL_06;42.8248;-61.73842;406542;19.62;21-apr-15;09:30:00;19.627;33.3454;5.6764;6.8025;0.45575;1.72;0.64;3.92;NaN;0.17;NaN
18HU15004_300;HL_06;42.82468;-61.73836;406543;10.31;21-apr-15;09:31:00;10.317;32.4538;3.9542;7.8762;1.05012;0.61;0.391;1.14;NaN;0.105;NaN
18HU15004_300;HL_06;42.82462;-61.7384;406544;1.45;21-apr-15;09:32:00;1.457;32.4235;3.9127;7.8581;0.77301;0.21;0.332;0.305;32.4152;0.07;7.769
18HU15004_300;HL_06;42.8246;-61.73844;406545;1.36;21-apr-15;09:33:00;1.369;32.4206;3.9019;7.8468;NaN;NaN;NaN;NaN;NaN;NaN;NaN
18HU15004_303;HL_05.5;42.9362;-61.84042;406546;468.63;21-apr-15;11:45:00;468.635;35.0277;5.8806;4.8312;NaN;11.91;1.2645;18.64;35.1703;0.06;4.87
18HU15004_303;HL_05.5;42.93568;-61.84086;406547;250.47;21-apr-15;11:50:00;250.476;35.2447;9.6564;3.3616;NaN;10.76;1.264;19.07;35.2472;0.09;3.434
18HU15004_303;HL_05.5;42.9356;-61.8416;406548;100.62;21-apr-15;11:54:00;100.62;35.1701;10.9883;5.4483;0.13751;3.805;0.6865;10.33;NaN;0.295;NaN
18HU15004_303;HL_05.5;42.93552;-61.84194;406549;80.45;21-apr-15;11:56:00;80.451;35.0231;10.6183;5.5934;0.2593;3.155;0.6345;9.29;NaN;0.465;NaN
18HU15004_303;HL_05.5;42.93566;-61.84236;406550;59.55;21-apr-15;11:58:00;59.559;34.7436;9.8068;6.1837;1.21056;1.75;0.475;5.41;NaN;0.315;NaN
18HU15004_303;HL_05.5;42.93552;-61.84268;406551;50.12;21-apr-15;11:59:00;50.129;34.6595;9.5921;6.3574;1.47309;1.52;0.4325;4.8;NaN;0.305;NaN
18HU15004_303;HL_05.5;42.9352;-61.84302;406552;39.55;21-apr-15;12:01:00;39.551;34.5249;9.2696;6.454;1.96898;1.45;0.4415;4.73;NaN;0.255;NaN
18HU15004_303;HL_05.5;42.93506;-61.84328;406553;30.96;21-apr-15;12:02:00;30.966;34.0238;7.9318;6.7121;2.21692;0.98;0.4055;3.365;NaN;0.2;NaN
18HU15004_303;HL_05.5;42.93497;-61.84353;406554;20.4;21-apr-15;12:03:00;20.407;33.0284;5.3949;7.5438;2.55238;0.52;0.326;1.36;NaN;0.13;NaN
18HU15004_303;HL_05.5;42.93494;-61.8437;406555;10.41;21-apr-15;12:04:00;10.413;32.4184;3.8397;7.8236;0.73561;0.34;0.3325;0.495;NaN;0.065;NaN
18HU15004_303;HL_05.5;42.93488;-61.84384;406556;2.25;21-apr-15;12:06:00;2.251;32.3063;3.5926;7.9234;0.52647;0.245;0.3495;0.335;32.2976;0.07;7.827
18HU15004_303;HL_05.5;42.93488;-61.84388;406557;2.07;21-apr-15;12:06:00;2.072;32.2983;3.5896;7.913;NaN;NaN;NaN;NaN;NaN;NaN;NaN
18HU15004_304;HL_02;44.27118;-63.31354;406251;133.05;18-apr-15;02:51:00;133.056;33.8735;7.1628;4.5133;0.04552;12.97;1.165;13.89;33.8551;0.08;4.538
18HU15004_304;HL_02;44.2715;-63.31352;406252;101.8;18-apr-15;02:54:00;101.803;32.2505;1.8054;6.9207;0.12844;10.53;0.9575;8.435;NaN;0.115;NaN
18HU15004_304;HL_02;44.27156;-63.31354;406253;81.38;18-apr-15;02:56:00;81.38;31.8881;0.4227;7.4695;0.09592;7.8;0.8545;7.7;NaN;0.1;NaN
18HU15004_304;HL_02;44.27196;-63.31354;406254;61.25;18-apr-15;02:57:00;61.25;31.4208;-0.6272;8.3731;0.5029;6.075;0.772;5.785;NaN;0.165;NaN
18HU15004_304;HL_02;44.27212;-63.31348;406255;49.48;18-apr-15;02:59:00;49.485;31.306;-0.6017;8.5069;0.67091;6.195;0.7625;5.55;NaN;0.175;NaN
18HU15004_304;HL_02;44.27232;-63.31344;406256;40.19;18-apr-15;03:00:00;40.197;31.1869;-0.5945;8.5677;1.93981;6.2;0.721;5.235;31.1906;0.165;8.4695
18HU15004_304;HL_02;44.27244;-63.31344;406257;30.99;18-apr-15;03:02:00;30.995;31.0856;0.006;9.0418;12.28395;1.855;0.4675;1.265;NaN;0.1;NaN
18HU15004_304;HL_02;44.27262;-63.31345;406258;20.82;18-apr-15;03:03:00;20.822;31.0475;0.2826;9.317;14.84311;0.65;0.4135;0.145;NaN;0.09;NaN
18HU15004_304;HL_02;44.27292;-63.31342;406259;10.54;18-apr-15;03:04:00;10.549;31.0431;0.3009;9.3071;15.01372;0.61;0.4125;0.21;NaN;0.09;NaN
18HU15004_304;HL_02;44.27298;-63.31344;406260;2.19;18-apr-15;03:06:00;2.191;31.0432;0.3026;9.3017;15.35494;0.57;0.408;0.375;31.0326;0.09;9.228
18HU15004_304;HL_02;44.27303;-63.31346;406261;2.41;18-apr-15;03:06:00;2.417;31.0433;0.302;9.3103;NaN;NaN;NaN;NaN;NaN;NaN;NaN
18HU15004_308;HL_05;43.18224;-62.09859;406558;95.8;21-apr-15;14:28:00;95.802;34.5853;9.4811;4.467;0.55423;7.675;1.039;13.78;34.5856;0.25;4.5145
18HU15004_308;HL_05;43.18204;-62.09862;406559;80.44;21-apr-15;14:30:00;80.443;34.437;9.145;4.6741;0.49589;7.135;0.9125;12.71;NaN;0.125;NaN
18HU15004_308;HL_05;43.18196;-62.09868;406560;59.87;21-apr-15;14:31:00;59.877;33.3805;6.2361;6.4911;1.72103;1.65;0.629;3.805;NaN;0.115;NaN
18HU15004_308;HL_05;43.18194;-62.09856;406561;49.94;21-apr-15;14:32:00;49.94;32.9775;5.2449;7.0076;2.72619;0.83;0.465;1.995;NaN;0.105;NaN
18HU15004_308;HL_05;43.18184;-62.0987;406562;40.43;21-apr-15;14:34:00;40.435;32.6141;4.867;7.8899;2.28411;0.235;0.266;0;NaN;0.06;NaN
18HU15004_308;HL_05;43.1817;-62.09878;406563;29.85;21-apr-15;14:35:00;29.859;32.6104;4.9119;7.9284;1.88147;0.115;0.234;0;NaN;0.04;NaN
18HU15004_308;HL_05;43.18162;-62.09886;406564;19.52;21-apr-15;14:36:00;19.522;32.5913;5.0075;7.8987;1.60435;0.125;0.25;0;NaN;0.04;NaN
18HU15004_308;HL_05;43.18156;-62.09887;406565;9.39;21-apr-15;14:37:00;9.397;32.5847;5.0304;7.909;1.58977;0.155;0.237;0;NaN;0.05;NaN
18HU15004_308;HL_05;43.18156;-62.09902;406566;1.81;21-apr-15;14:38:00;1.817;32.5847;5.0405;7.9097;1.50226;0.14;0.24;0;32.5791;0.05;7.836
18HU15004_308;HL_05;43.18156;-62.09906;406567;1.91;21-apr-15;14:39:00;1.91;32.5848;5.0441;7.8901;NaN;NaN;NaN;NaN;NaN;NaN;NaN
18HU15004_312;HL_04;43.47448;-62.4554;406568;78.43;21-apr-15;17:17:00;78.433;34.0184;8.0126;4.606;2.43147;5.855;1.0355;12.35;34.0094;0.19;4.622
18HU15004_312;HL_04;43.47424;-62.45566;406569;59.39;21-apr-15;17:18:00;59.399;33.57;6.6949;5.3732;4.16298;2.8;0.888;8.79;NaN;0.15;NaN
18HU15004_312;HL_04;43.47422;-62.4559;406570;49.71;21-apr-15;17:20:00;49.718;32.7943;4.408;6.4371;5.08399;0.825;0.6925;4.85;NaN;0.115;NaN
18HU15004_312;HL_04;43.47423;-62.45598;406571;39.48;21-apr-15;17:22:00;39.481;32.0684;2.8699;8.328;2.46831;0.065;0.302;0.2;NaN;0.06;NaN
18HU15004_312;HL_04;43.47404;-62.45624;406572;29.35;21-apr-15;17:23:00;29.357;31.8853;3.1829;8.4971;1.1668;0.085;0.234;0;NaN;0.05;NaN
18HU15004_312;HL_04;43.47383;-62.4562;406573;19.4;21-apr-15;17:24:00;19.408;31.829;3.2255;8.4753;1.21056;0.055;0.246;0;NaN;0.03;NaN
18HU15004_312;HL_04;43.47388;-62.45616;406574;9.74;21-apr-15;17:26:00;9.746;31.8333;3.2228;8.5118;1.09388;0.015;0.2125;0;NaN;0.045;NaN
18HU15004_312;HL_04;43.47378;-62.45648;406575;2.67;21-apr-15;17:27:00;2.678;31.8305;3.2287;8.5407;1.18139;0.025;0.2385;0;31.8194;0.045;8.398
18HU15004_312;HL_04;43.47376;-62.45662;406576;2.39;21-apr-15;17:27:00;2.393;31.8296;3.2257;8.5024;NaN;NaN;NaN;NaN;NaN;NaN;NaN
18HU15004_317;HL_03;43.88514;-62.89008;406577;259.93;21-apr-15;21:13:00;259.937;35.1205;9.1151;3.5469;NaN;14.77;1.4485;21.455;35.1201;0.08;3.574
18HU15004_317;HL_03;43.88544;-62.89033;406578;200.63;21-apr-15;21:16:00;200.634;35.1726;10.2026;3.4478;NaN;12.905;1.317;19.99;NaN;0.055;NaN
18HU15004_317;HL_03;43.88558;-62.8905;406579;149.88;21-apr-15;21:19:00;149.889;35.133;10.6465;3.5122;NaN;11.72;1.2;18.12;NaN;0.06;NaN
18HU15004_317;HL_03;43.8858;-62.89061;406580;101.34;21-apr-15;21:21:00;101.34;34.7426;10.1064;3.7451;1.1668;11.095;1.1085;15.505;NaN;0.05;NaN
18HU15004_317;HL_03;43.88604;-62.89104;406581;81.37;21-apr-15;21:23:00;81.373;33.8917;7.6977;4.3438;3.05776;9.915;1.1155;13.33;NaN;0.085;NaN
18HU15004_317;HL_03;43.88594;-62.8914;406582;60.46;21-apr-15;21:24:00;60.468;32.8128;4.1888;6.5517;6.41025;3.505;0.843;7.115;NaN;0.1;NaN
18HU15004_317;HL_03;43.88604;-62.89151;406583;51.04;21-apr-15;21:25:00;51.049;32.3237;2.5581;6.9793;6.85233;2.79;0.8255;6.365;NaN;0.12;NaN
18HU15004_317;HL_03;43.88599;-62.8917;406584;39.86;21-apr-15;21:27:00;39.862;32.0663;2.3135;8.0795;5.08399;0.54;0.461;0.94;NaN;0.065;NaN
18HU15004_317;HL_03;43.88607;-62.89174;406585;30.21;21-apr-15;21:28:00;30.219;31.6134;1.747;9.1948;3.94193;0.21;0.3715;0.28;NaN;0.05;NaN
18HU15004_317;HL_03;43.88628;-62.89182;406586;19.88;21-apr-15;21:29:00;19.886;31.4083;1.622;9.4331;2.54199;0;0.2935;0;NaN;0.05;NaN
18HU15004_317;HL_03;43.88636;-62.89223;406587;11.17;21-apr-15;21:30:00;11.17;31.4123;1.6187;9.4036;2.68364;0.095;0.2855;0;NaN;0.035;NaN
18HU15004_317;HL_03;43.8864;-62.89245;406588;3.17;21-apr-15;21:31:00;3.17;31.4074;1.6291;9.4013;2.61072;0.045;0.2805;0;31.3972;0.04;9.388
18HU15004_317;HL_03;43.88644;-62.89251;406589;2.71;21-apr-15;21:31:00;2.714;31.4073;1.6315;9.422;NaN;NaN;NaN;NaN;NaN;NaN;NaN
18HU15004_320;HL_02;44.2678;-63.32496;406590;158.64;22-apr-15;01:03:00;158.644;34.2037;8.043;4.1151;NaN;8.65;0.966;10.725;34.1767;0.05;4.1485
18HU15004_320;HL_02;44.26774;-63.32528;406591;101.52;22-apr-15;01:05:00;101.529;32.0341;0.7233;7.2357;0.39682;8.595;0.907;7.735;NaN;0.08;NaN
18HU15004_320;HL_02;44.26786;-63.32547;406592;81.76;22-apr-15;01:07:00;81.763;31.8484;0.1703;7.5215;0.24359;8.28;0.8975;7.47;NaN;0.1;NaN
18HU15004_320;HL_02;44.26764;-63.3255;406593;60.46;22-apr-15;01:08:00;60.462;31.6648;-0.5374;7.949;0.36146;7.405;0.8365;6.675;NaN;0.12;NaN
18HU15004_320;HL_02;44.26773;-63.32555;406594;51.66;22-apr-15;01:09:00;51.663;31.549;-0.8535;8.1309;0.90427;7.56;0.8185;6.435;NaN;0.12;NaN
18HU15004_320;HL_02;44.26777;-63.32575;406595;40.78;22-apr-15;01:10:00;40.789;31.4157;-0.9143;8.4794;2.3336;5.46;0.6965;4.77;NaN;0.11;NaN
18HU15004_320;HL_02;44.26774;-63.32606;406596;28.53;22-apr-15;01:12:00;28.532;31.376;-0.5738;8.5974;4.89979;3.25;0.65;3.405;NaN;0.12;NaN
18HU15004_320;HL_02;44.26774;-63.3263;406597;20.22;22-apr-15;01:13:00;20.226;31.2258;-0.0074;9.025;11.94273;1.48;0.531;1.795;NaN;0.075;NaN
18HU15004_320;HL_02;44.268;-63.32649;406598;10.43;22-apr-15;01:13:00;10.434;31.0292;1.115;9.377;9.89541;0.475;0.32;0;NaN;0.03;NaN
18HU15004_320;HL_02;44.2682;-63.32656;406599;1.81;22-apr-15;01:14:00;1.816;31.0278;1.1201;9.3536;9.89541;0.515;0.3505;0;31.0132;0.03;9.249
18HU15004_320;HL_02;44.26826;-63.3266;406600;2.2;22-apr-15;01:15:00;2.202;31.0192;1.1186;9.3793;NaN;NaN;NaN;NaN;NaN;NaN;NaN
18HU15004_323;HL_01;44.39994;-63.45488;406601;83.36;22-apr-15;02:56:00;83.362;31.6265;-0.0264;7.7155;0.14632;8.2;0.858;7.325;31.6106;0.095;7.62
18HU15004_323;HL_01;44.39986;-63.45486;406602;61.29;22-apr-15;02:57:00;61.294;31.4039;-0.6304;8.2219;0.27502;7.62;0.8205;6.765;NaN;0.105;NaN
18HU15004_323;HL_01;44.39974;-63.45497;406603;50.67;22-apr-15;02:58:00;50.679;31.2951;-0.2511;8.2075;1.10846;6.675;0.771;5.98;NaN;0.11;NaN
18HU15004_323;HL_01;44.39971;-63.45509;406604;40.46;22-apr-15;02:59:00;40.466;31.2086;-0.2395;8.3084;1.80854;5.99;0.7315;5.225;NaN;0.11;NaN
18HU15004_323;HL_01;44.39986;-63.45508;406605;29.51;22-apr-15;03:00:00;29.519;30.9831;0.7721;8.7453;6.07868;2.815;0.497;2.22;NaN;0.065;NaN
18HU15004_323;HL_01;44.39992;-63.45516;406606;20.41;22-apr-15;03:01:00;20.419;30.957;1.1007;8.8778;9.72479;2.28;0.471;1.835;NaN;0.055;NaN
18HU15004_323;HL_01;44.39994;-63.45524;406607;10.91;22-apr-15;03:02:00;10.917;30.9571;1.1097;8.8855;9.72479;2.31;0.4485;1.715;NaN;0.06;NaN
18HU15004_323;HL_01;44.39998;-63.45563;406608;2.99;22-apr-15;03:03:00;2.991;30.9562;1.1189;8.8792;10.40724;NaN;NaN;NaN;30.944;NaN;8.782
18HU15004_323;HL_01;44.4;-63.4557;406609;3.51;22-apr-15;03:04:00;3.516;30.9568;1.1133;8.8663;NaN;NaN;NaN;NaN;NaN;NaN;NaN
18HU15004_325;SG_28;43.71402;-59.00683;406610;819.34;23-apr-15;01:19:00;819.342;34.9649;4.6235;5.7685;NaN;11.205;1.155;17.305;34.9631;0.01;5.828
18HU15004_325;SG_28;43.71402;-59.00668;406611;752;23-apr-15;01:21:00;752.001;34.966;4.7019;5.7008;NaN;11.39;1.1825;17.6;NaN;0.015;NaN
18HU15004_325;SG_28;43.71437;-59.00688;406612;500.91;23-apr-15;01:27:00;500.913;34.9881;5.7637;4.9024;NaN;11;1.18;16.28;NaN;0.02;NaN
18HU15004_325;SG_28;43.71476;-59.00716;406613;250.88;23-apr-15;01:32:00;250.886;35.139;8.8855;3.4816;NaN;13.365;1.4915;22.13;35.1411;0.03;3.515
18HU15004_325;SG_28;43.71506;-59.00777;406614;100.68;23-apr-15;01:35:00;100.68;34.7804;9.7508;5.1096;0.10608;4.885;0.8335;10.755;NaN;0.27;NaN
18HU15004_325;SG_28;43.7151;-59.00782;406615;81.8;23-apr-15;01:36:00;81.809;34.417;8.5114;5.6909;0.16108;3.82;0.745;8.66;NaN;NaN;NaN
18HU15004_325;SG_28;43.71512;-59.00786;406616;61.03;23-apr-15;01:37:00;61.032;33.7545;6.4466;6.6502;0.10243;1.42;0.558;3.935;NaN;0.165;NaN
18HU15004_325;SG_28;43.71529;-59.00818;406617;50.94;23-apr-15;01:38:00;50.944;33.7262;6.3864;6.6573;0.11055;1.21;0.5445;3.81;NaN;0.16;NaN
18HU15004_325;SG_28;43.71542;-59.00837;406618;41.89;23-apr-15;01:39:00;41.89;33.4195;5.566;7.0324;0.18534;0.4;0.438;2.2;NaN;NaN;NaN
18HU15004_325;SG_28;43.71542;-59.00844;406619;31.76;23-apr-15;01:40:00;31.76;33.1284;4.9916;7.3317;0.27895;0;0.377;1.24;NaN;0.08;NaN
18HU15004_325;SG_28;43.71554;-59.00827;406620;19.6;23-apr-15;01:41:00;19.609;33.0275;4.8719;7.4689;0.48718;0;0.347;0.665;NaN;0.07;NaN
18HU15004_325;SG_28;43.71566;-59.00822;406621;11.2;23-apr-15;01:42:00;11.204;33.0236;4.8607;7.4467;0.48718;0;0.3335;0.655;NaN;NaN;NaN
18HU15004_325;SG_28;43.7158;-59.00825;406622;4.95;23-apr-15;01:43:00;4.955;33.0235;4.8597;7.4592;0.4754;0;0.314;0.645;33.0215;0.06;7.382
18HU15004_328;GULD_03;44.0017;-59.01806;406623;469.14;23-apr-15;04:31:00;469.146;34.9885;5.7697;5.1853;NaN;11.515;1.229;18.12;34.9879;0.045;5.215
18HU15004_328;GULD_03;44.00173;-59.01844;406624;248.06;23-apr-15;04:37:00;248.063;35.0261;8.3571;4.1792;NaN;10.925;1.2565;18.495;35.0298;0.035;4.2075
18HU15004_328;GULD_03;44.00224;-59.01798;406625;99.84;23-apr-15;04:40:00;99.84;34.609;9.1057;5.1999;0.11786;4.705;0.809;11.215;NaN;0.27;NaN
18HU15004_328;GULD_03;44.00248;-59.01755;406626;79.59;23-apr-15;04:42:00;79.593;34.4437;8.5943;5.487;0.12965;3.47;0.7425;8.815;NaN;0.235;NaN
18HU15004_328;GULD_03;44.00255;-59.01729;406627;56.98;23-apr-15;04:43:00;56.981;33.5935;5.9311;6.7393;0.2593;0.355;0.497;3.205;NaN;0.145;NaN
18HU15004_328;GULD_03;44.00266;-59.01714;406628;49.99;23-apr-15;04:44:00;49.999;33.09;4.7542;7.1295;0.49897;0;0.3915;1.175;NaN;0.085;NaN
18HU15004_328;GULD_03;44.00278;-59.01708;406629;37.97;23-apr-15;04:44:00;37.978;32.9938;4.6513;7.4391;0.4361;0;0.3495;0.875;NaN;0.07;NaN
18HU15004_328;GULD_03;44.00284;-59.01702;406630;30.15;23-apr-15;04:45:00;30.151;32.902;4.5121;7.4437;0.65143;0;0.339;0.755;NaN;0.06;NaN
18HU15004_328;GULD_03;44.00292;-59.0169;406631;18.63;23-apr-15;04:46:00;18.634;32.8673;4.4036;7.5037;0.78759;0;0.3455;0.68;NaN;0.06;NaN
18HU15004_328;GULD_03;44.00302;-59.01673;406632;9.07;23-apr-15;04:46:00;9.071;32.8154;4.2062;7.5241;0.8751;0;0.348;0.67;NaN;0.055;NaN
18HU15004_328;GULD_03;44.0031;-59.01645;406633;3.28;23-apr-15;04:47:00;3.281;32.8208;4.2351;7.5568;0.78759;0;0.343;0.71;NaN;0.045;7.477
18HU15004_330;GULD_04;43.7885;-58.89831;406634;2140.36;23-apr-15;07:59:00;2140.365;34.9424;3.4591;6.0373;NaN;11.385;1.0725;15.145;34.9391;0;6.1545
18HU15004_330;GULD_04;43.78789;-58.89812;406635;1500.59;23-apr-15;08:10:00;1500.59;34.9574;3.9842;5.9833;NaN;7.46;0.922;12.565;NaN;0.035;NaN
18HU15004_330;GULD_04;43.7877;-58.89792;406636;750.8;23-apr-15;08:24:00;750.804;34.9687;4.732;5.7144;NaN;10.005;1.182;17.22;NaN;0;NaN
18HU15004_330;GULD_04;43.78712;-58.89806;406637;499.97;23-apr-15;08:29:00;499.979;34.9919;5.7165;4.9508;NaN;7.985;1.1155;13.94;NaN;0.02;NaN
18HU15004_330;GULD_04;43.78656;-58.89786;406638;250.42;23-apr-15;08:34:00;250.421;35.1394;8.9338;3.4594;NaN;9.285;1.285;18.215;35.1442;0.075;3.506
18HU15004_330;GULD_04;43.78661;-58.89772;406639;100.39;23-apr-15;08:37:00;100.395;34.6145;9.191;5.29;0.11;2.905;0.743;9.485;NaN;0.195;NaN
18HU15004_330;GULD_04;43.78664;-58.89765;406640;81.22;23-apr-15;08:39:00;81.222;33.9125;6.7452;6.2286;0.24359;1.55;0.6265;5.855;NaN;0.155;NaN
18HU15004_330;GULD_04;43.78658;-58.89767;406641;60.52;23-apr-15;08:40:00;60.524;33.5816;5.7068;6.598;0.4354;2.48;0.555;4.005;NaN;0.155;NaN
18HU15004_330;GULD_04;43.78646;-58.89764;406642;50.19;23-apr-15;08:40:00;50.192;33.4127;5.226;6.8984;0.51048;1.86;0.501;3.245;NaN;0.16;NaN
18HU15004_330;GULD_04;43.78636;-58.89752;406643;40.54;23-apr-15;08:41:00;40.54;33.2603;4.7553;7.0957;0.83135;1.59;0.515;2.84;NaN;0.145;NaN
18HU15004_330;GULD_04;43.78634;-58.89744;406644;30.06;23-apr-15;08:42:00;30.069;32.8338;3.913;7.7583;1.70645;0.435;0.368;1.01;NaN;0.095;NaN
18HU15004_330;GULD_04;43.78635;-58.89729;406645;19.92;23-apr-15;08:43:00;19.924;32.7768;3.7668;7.8034;2.13675;0.19;0.342;0.565;NaN;0.08;NaN
18HU15004_330;GULD_04;43.78631;-58.89714;406646;11.27;23-apr-15;08:44:00;11.273;32.761;3.7164;7.7903;2.09991;0.17;0.3285;0.54;NaN;0.08;NaN
18HU15004_330;GULD_04;43.78618;-58.89712;406647;1.76;23-apr-15;08:45:00;1.76;32.752;3.7152;7.8076;2.24727;0.145;0.3195;0.535;32.7569;0.075;NaN
18HU15004_334;SG_23;43.84798;-58.73818;406648;1192.37;23-apr-15;11:44:00;1192.375;34.9568;4.2231;5.9648;NaN;8.955;0.9875;13.81;34.9542;0.03;6.03
18HU15004_334;SG_23;43.8479;-58.73968;406649;751.06;23-apr-15;11:53:00;751.067;34.9643;4.6144;5.7875;NaN;9.6;1.0645;15.25;NaN;0.015;NaN
18HU15004_334;SG_23;43.84784;-58.74036;406650;499.77;23-apr-15;11:58:00;499.77;34.9924;5.5021;5.0797;NaN;12.21;1.2805;19.215;NaN;0.045;NaN
18HU15004_334;SG_23;43.84748;-58.74071;406651;249.94;23-apr-15;12:04:00;249.943;35.1191;8.8763;3.6554;NaN;12.34;1.382;21.37;35.1242;0.105;3.689
18HU15004_334;SG_23;43.84734;-58.74113;406652;99.28;23-apr-15;12:08:00;99.289;34.6936;9.3662;5.1431;0.12179;5.305;0.8225;11.135;NaN;0.26;NaN
18HU15004_334;SG_23;43.84726;-58.74104;406653;79.39;23-apr-15;12:09:00;79.396;34.3311;8.1796;5.6437;0.14537;3.555;0.6335;6.865;NaN;0.19;NaN
18HU15004_334;SG_23;43.84714;-58.74096;406654;60.62;23-apr-15;12:10:00;60.62;33.784;6.6245;6.6076;0.23966;1.245;0.466;3.11;NaN;0.155;NaN
18HU15004_334;SG_23;43.84712;-58.7409;406655;49.98;23-apr-15;12:11:00;49.985;33.3046;5.3578;7.1573;0.60505;0.615;0.3355;1.41;NaN;0.155;NaN
18HU15004_334;SG_23;43.84698;-58.74075;406656;37.96;23-apr-15;12:13:00;37.965;33.1073;4.9742;7.4093;1.10846;0.32;0.2785;0.67;NaN;0.075;NaN
18HU15004_334;SG_23;43.84696;-58.74068;406657;31.17;23-apr-15;12:14:00;31.179;33.1006;4.9676;7.3764;1.21056;0.43;0.299;0.77;NaN;0.08;NaN
18HU15004_334;SG_23;43.84684;-58.74056;406658;19.37;23-apr-15;12:15:00;19.379;33.0976;4.966;7.4327;1.1668;0.4;0.307;0.715;NaN;0.09;NaN
18HU15004_334;SG_23;43.8467;-58.74052;406659;9.7;23-apr-15;12:17:00;9.704;33.0948;4.9636;7.4357;1.28348;0.435;0.322;0.77;NaN;0.09;NaN
18HU15004_334;SG_23;43.84637;-58.7403;406660;2.55;23-apr-15;12:18:00;2.552;33.0926;4.9618;7.4242;1.19597;0.505;0.313;0.73;33.0905;0.075;7.372
18HU15004_336;LL_09;43.48168;-57.50976;406661;3767.38;23-apr-15;19:05:00;3767.385;34.9024;2.2995;6.1958;NaN;17.845;1.095;16.44;34.8993;0.04;6.391
18HU15004_336;LL_09;43.48268;-57.50934;406662;3000.13;23-apr-15;19:19:00;3000.134;34.9208;2.714;6.1365;NaN;16.235;1.1065;16.78;NaN;0.045;NaN
18HU15004_336;LL_09;43.48338;-57.5076;406663;1998.08;23-apr-15;19:36:00;1998.083;34.9509;3.5641;6.0256;NaN;13.745;1.1495;17.535;NaN;0.03;NaN
18HU15004_336;LL_09;43.48387;-57.5061;406664;1503.24;23-apr-15;19:45:00;1503.246;34.964;3.9587;5.957;NaN;12.315;1.157;17.57;NaN;0.04;NaN
18HU15004_336;LL_09;43.4845;-57.50546;406665;1001.67;23-apr-15;19:55:00;1001.676;34.9823;4.4951;5.8548;NaN;11.075;1.156;17.535;NaN;0.04;NaN
18HU15004_336;LL_09;43.48522;-57.50424;406666;502.58;23-apr-15;20:05:00;502.583;35.0119;6.1651;4.6051;NaN;13.235;1.3405;20.765;NaN;0.045;NaN
18HU15004_336;LL_09;43.48553;-57.50379;406667;250.32;23-apr-15;20:11:00;250.323;35.3443;10.8282;3.4;NaN;10.8;1.286;20.825;35.3527;0.06;3.4375
18HU15004_336;LL_09;43.48556;-57.50273;406668;149.55;23-apr-15;20:14:00;149.556;35.3934;11.9947;5.1733;NaN;3.865;0.676;10.5;NaN;0.205;NaN
18HU15004_336;LL_09;43.4856;-57.50236;406669;98.93;23-apr-15;20:16:00;98.931;35.4317;12.3693;5.4324;0.15323;3.275;0.5785;8.785;NaN;0.435;NaN
18HU15004_336;LL_09;43.48574;-57.50181;406670;80.38;23-apr-15;20:18:00;80.389;35.2459;11.7601;5.8459;0.43218;2.56;0.4775;6.685;NaN;0.365;NaN
18HU15004_336;LL_09;43.48586;-57.50158;406671;60.52;23-apr-15;20:19:00;60.525;35.0959;11.2055;6.0347;0.6855;2.3;0.437;5.82;NaN;0.32;NaN
18HU15004_336;LL_09;43.48594;-57.50146;406672;49.59;23-apr-15;20:20:00;49.595;35.0352;10.982;6.0771;0.78759;2.15;0.424;5.455;NaN;0.335;NaN
18HU15004_336;LL_09;43.486;-57.50142;406673;40.3;23-apr-15;20:21:00;40.306;34.9546;10.7016;6.2059;0.83135;2.09;0.4255;5.22;NaN;0.31;NaN
18HU15004_336;LL_09;43.48602;-57.50142;406674;29.98;23-apr-15;20:22:00;29.982;34.8949;10.5038;6.2139;1.09388;1.94;0.41;4.86;NaN;0.285;NaN
18HU15004_336;LL_09;43.48616;-57.50124;406675;21.19;23-apr-15;20:24:00;21.191;34.7535;10.0759;6.3671;1.23973;1.695;0.4;4.295;NaN;0.26;NaN
18HU15004_336;LL_09;43.48634;-57.50068;406676;9.83;23-apr-15;20:26:00;9.832;34.1922;8.4896;6.8027;1.60435;0.82;0.349;2.44;NaN;0.175;NaN
18HU15004_336;LL_09;43.48644;-57.5003;406677;1.92;23-apr-15;20:28:00;1.92;34.0996;8.2679;6.9167;1.5606;0.655;0.3285;2.155;34.102;0.165;6.841
18HU15004_336;LL_09;43.48646;-57.50017;406678;2.21;23-apr-15;20:28:00;2.21;34.1001;8.2695;6.9003;NaN;NaN;NaN;NaN;NaN;NaN;NaN
18HU15004_339;RL_01;43.25266;-65.04116;406264;161.43;18-apr-15;11:21:00;161.432;33.7614;7.5902;5.0712;NaN;9.66;0.989;11.125;33.763;0.095;3.258
18HU15004_339;RL_01;43.25268;-65.0414;406265;99.25;18-apr-15;11:25:00;99.25;33.2865;6.2032;5.6438;0.28288;8.45;0.9165;9.99;NaN;0.085;NaN
18HU15004_339;RL_01;43.25266;-65.04126;406266;80.19;18-apr-15;11:27:00;80.199;32.7541;4.6987;6.3444;0.1768;6.625;0.794;7.985;NaN;0.08;NaN
18HU15004_339;RL_01;43.25268;-65.04118;406267;59.98;18-apr-15;11:29:00;59.982;31.6365;1.6121;7.939;1.80518;4.93;0.6885;5.265;NaN;0.18;NaN
18HU15004_339;RL_01;43.25276;-65.04113;406268;50.45;18-apr-15;11:30:00;50.451;31.5412;1.5116;8.1887;2.43147;4.295;0.639;4.445;NaN;0.185;NaN
18HU15004_339;RL_01;43.25292;-65.0412;406269;40.25;18-apr-15;11:32:00;40.254;31.4753;1.8872;8.4947;5.37871;2.32;0.5255;2.33;NaN;0.16;NaN
18HU15004_339;RL_01;43.253;-65.04135;406270;30.15;18-apr-15;11:34:00;30.15;31.4674;2.0218;8.5923;5.45239;1.745;0.472;1.57;NaN;0.15;NaN
18HU15004_339;RL_01;43.2531;-65.04132;406271;19.95;18-apr-15;11:35:00;19.95;31.4317;1.9729;8.5506;5.59976;2.02;0.5165;1.745;NaN;0.15;NaN
18HU15004_339;RL_01;43.25314;-65.04126;406272;10.01;18-apr-15;11:37:00;10.019;31.4218;1.9678;8.5774;5.34187;2.07;0.51;1.35;NaN;0.145;NaN
18HU15004_339;RL_01;43.25318;-65.04128;406273;2.96;18-apr-15;11:38:00;2.964;31.4136;1.9757;8.5898;5.78396;1.795;0.4445;1.27;31.404;0.17;7.9395
18HU15004_339;RL_01;43.25318;-65.04126;406274;2.9;18-apr-15;11:39:00;2.903;31.4138;1.9764;8.6014;NaN;NaN;NaN;NaN;NaN;NaN;NaN
18HU15004_354;LL_08;43.78336;-57.83344;406679;2941.24;24-apr-15;01:15:00;2941.244;34.927;2.9446;6.0928;NaN;14.94;1.1235;16.66;34.9241;0.05;6.246
18HU15004_354;LL_08;43.78384;-57.83396;406680;1999.58;24-apr-15;01:31:00;1999.58;34.9409;3.4156;6.0594;NaN;13.29;1.1125;16.76;NaN;0.04;NaN
18HU15004_354;LL_08;43.78374;-57.83372;406681;1499.9;24-apr-15;01:40:00;1499.908;34.961;3.8932;5.9834;NaN;12.195;1.15;17.585;NaN;0.035;NaN
18HU15004_354;LL_08;43.78422;-57.83385;406682;999.55;24-apr-15;01:49:00;999.552;34.9695;4.3103;5.936;NaN;10.53;1.12;16.685;NaN;0.045;NaN
18HU15004_354;LL_08;43.78458;-57.83428;406683;500.28;24-apr-15;01:57:00;500.287;35.0108;5.5226;5.1112;NaN;12.16;1.275;19.365;NaN;0.05;NaN
18HU15004_354;LL_08;43.78502;-57.83492;406684;250.34;24-apr-15;02:02:00;250.346;35.0835;7.8922;3.7012;NaN;13.63;1.488;22.945;35.0878;0.05;3.729
18HU15004_354;LL_08;43.78515;-57.83501;406685;150.49;24-apr-15;02:05:00;150.497;35.332;10.8543;3.6932;NaN;9.845;1.2335;19.47;NaN;0.07;NaN
18HU15004_354;LL_08;43.78521;-57.83508;406686;101.58;24-apr-15;02:06:00;101.584;34.8665;10.0513;4.8031;0.06666;5.485;0.8625;12.29;NaN;0.24;NaN
18HU15004_354;LL_08;43.7852;-57.83506;406687;80.14;24-apr-15;02:07:00;80.146;34.1181;7.5564;6.0235;0.11381;2.095;0.5595;5.36;NaN;0.245;NaN
18HU15004_354;LL_08;43.7852;-57.8351;406688;60.58;24-apr-15;02:09:00;60.58;33.6539;6.0718;6.988;0.22394;0.705;0.3915;2.215;NaN;0.145;NaN
18HU15004_354;LL_08;43.78526;-57.83522;406689;50.29;24-apr-15;02:09:00;50.29;33.1853;5.1703;7.3431;0.37717;0.355;0.3125;1.03;NaN;0.115;NaN
18HU15004_354;LL_08;43.78534;-57.83526;406690;41.14;24-apr-15;02:10:00;41.147;33.1347;5.2833;7.3731;0.68959;0.265;0.315;0.785;NaN;0.085;NaN
18HU15004_354;LL_08;43.78545;-57.83531;406691;31.14;24-apr-15;02:11:00;31.141;33.0994;5.0791;7.4153;0.75842;0.24;0.315;0.755;NaN;0.085;NaN
18HU15004_354;LL_08;43.78548;-57.83536;406692;20.22;24-apr-15;02:12:00;20.224;33.0973;5.1208;7.3956;0.6855;0.295;0.3095;0.76;NaN;0.09;NaN
18HU15004_354;LL_08;43.78548;-57.83554;406693;10.29;24-apr-15;02:13:00;10.293;33.0968;5.1265;7.4127;0.6855;0.285;0.3795;0.725;NaN;0.08;NaN
18HU15004_354;LL_08;43.78552;-57.8356;406694;1.98;24-apr-15;02:14:00;1.984;33.0966;5.1239;7.4044;0.59326;0.27;0.325;0.75;33.0954;0.085;7.35
18HU15004_354;LL_08;43.78556;-57.83561;406695;1.79;24-apr-15;02:14:00;1.79;33.097;5.1245;7.4162;NaN;NaN;NaN;NaN;NaN;NaN;NaN
18HU15004_389;LL_07;44.1314;-58.17887;406696;705.82;24-apr-15;05:49:00;705.828;34.9668;4.9223;5.5198;NaN;10.965;1.1625;17.01;34.9667;0.055;5.6105
18HU15004_389;LL_07;44.131;-58.1792;406697;500.07;24-apr-15;05:53:00;500.075;35.014;6.0383;4.7246;NaN;12.61;1.239;20.355;NaN;0.05;NaN
18HU15004_389;LL_07;44.13064;-58.17972;406698;250.39;24-apr-15;05:58:00;250.392;35.1297;8.7099;3.4158;NaN;12.22;1.35;21.35;35.1401;0.06;3.472
18HU15004_389;LL_07;44.13062;-58.18032;406699;151.05;24-apr-15;06:01:00;151.058;35.2673;10.9064;3.694;NaN;8.785;1.0875;17.17;NaN;0.095;NaN
18HU15004_389;LL_07;44.13051;-58.18067;406700;99.56;24-apr-15;06:02:00;99.56;35.1696;10.9367;4.3078;0.07966;7.175;0.9305;14.67;NaN;0.1;NaN
18HU15004_389;LL_07;44.13048;-58.18082;406701;80.94;24-apr-15;06:03:00;80.949;35.1513;11.0318;4.8415;0.0504;5.42;0.8125;12.3;NaN;0.14;NaN
18HU15004_389;LL_07;44.1303;-58.18097;406702;59.86;24-apr-15;06:04:00;59.867;34.8273;10.072;5.2392;0.09267;3.79;0.71;9.615;NaN;0.345;NaN
18HU15004_389;LL_07;44.13023;-58.18112;406703;50.67;24-apr-15;06:06:00;50.677;34.3895;8.6007;5.7989;0.1493;2.63;0.636;6.85;NaN;0.295;NaN
18HU15004_389;LL_07;44.13018;-58.1812;406704;39.52;24-apr-15;06:06:00;39.522;34.0853;7.6751;6.2938;0.36931;1.585;0.509;4.445;NaN;0.23;NaN
18HU15004_389;LL_07;44.13002;-58.18145;406705;30.88;24-apr-15;06:07:00;30.885;33.3768;5.8916;7.2252;1.50226;0.58;0.3155;1.26;NaN;0.09;NaN
18HU15004_389;LL_07;44.12994;-58.18162;406706;19.28;24-apr-15;06:08:00;19.289;33.2968;5.7675;7.3396;2.15858;0.49;0.323;0.92;NaN;0.08;NaN
18HU15004_389;LL_07;44.12979;-58.18169;406707;10.37;24-apr-15;06:09:00;10.371;33.2912;5.7756;7.3738;2.02622;0.505;0.296;0.87;NaN;0.075;NaN
18HU15004_389;LL_07;44.1297;-58.18182;406708;1.4;24-apr-15;06:10:00;1.402;33.2921;5.7751;7.358;2.09991;0.49;0.2955;0.83;33.2919;0.07;7.318
18HU15004_389;LL_07;44.12972;-58.18186;406709;2.17;24-apr-15;06:10:00;2.171;33.2915;5.7747;7.3397;NaN;NaN;NaN;NaN;NaN;NaN;NaN
18HU15004_408;LL_06;44.47039;-58.51106;406710;59.41;24-apr-15;08:27:00;59.419;32.3871;2.14;7.692;2.21043;1.2;0.5145;1.925;32.373;0.1;7.774
18HU15004_408;LL_06;44.47008;-58.51118;406711;50.87;24-apr-15;08:28:00;50.871;32.3222;1.8059;7.6042;2.35779;1.415;0.5315;2.13;NaN;0.095;NaN
18HU15004_408;LL_06;44.46979;-58.51128;406712;40.4;24-apr-15;08:29:00;40.407;32.1181;1.0823;7.6899;2.13675;2.28;0.6085;3.17;NaN;0.11;NaN
18HU15004_408;LL_06;44.46948;-58.51142;406713;30.28;24-apr-15;08:30:00;30.289;32.02;0.7661;7.782;1.95254;2.885;0.652;4;NaN;0.12;NaN
18HU15004_408;LL_06;44.46924;-58.51154;406714;21.06;24-apr-15;08:31:00;21.069;31.7998;1.2852;8.4804;3.35249;1.09;0.448;1.425;NaN;0.08;NaN
18HU15004_408;LL_06;44.46894;-58.51164;406715;10.76;24-apr-15;08:32:00;10.76;31.7939;1.3191;8.6256;3.72089;0.215;0.3475;0.425;NaN;0.05;NaN
18HU15004_408;LL_06;44.46862;-58.51174;406716;1.84;24-apr-15;08:33:00;1.845;31.7828;1.3463;8.6289;4.42086;0.285;0.3285;0;31.7731;0.04;8.455
18HU15004_408;LL_06;44.46852;-58.51176;406717;2.41;24-apr-15;08:33:00;2.413;31.7831;1.342;8.625;NaN;NaN;NaN;NaN;NaN;NaN;NaN
