CTD;CTD;CTD;CTD;CTD;CTD;CTD;CTD;CTD;CTD;CTD;labo;labo;labo;labo;labo;labo;CTD
Fichier;Station;Latitude;Longitude;Echantillon;zbouteille;Date;Heure;PSAL;TE90;DOXY;OXYM_01;Si_01;NO2_01;NOx_01;PO4_01;CHL_03;FLOR
(nom);(nom/no);(degres);(degres);(no_unique);(dbar);(jj-mmm-yyyy);(GMT);(psu);(celsius);(ml/l);(mmol/m**3);(mmol/m**3);(mmol/m**3);(mmol/m**3);(mmol/m**3);(mg/m**3);(mg/m**3)
18HU14014_1352;101;46.74217;-60.99983;414050;55.53;02-jun-14;09:40:00;31.07;-1.01;365.18482;366.68093;4.085;0.05;3.06;0.735;0.315;0.109
18HU14014_1352;101;46.74217;-60.99983;414051;50.37;02-jun-14;09:40:00;30.91;-0.47;379.47602;382.93717;2.775;0.04;1.88;0.625;0.335;0.106
18HU14014_1352;101;46.74217;-60.99983;414052;24.89;02-jun-14;09:40:00;30.82;0.24;381.44106;NaN;1.76;0.02;0.685;0.49;0.235;0.099
18HU14014_1352;101;46.74217;-60.99983;414053;14.88;02-jun-14;09:40:00;30.63;1.72;373.04498;NaN;1.325;0.015;0.225;0.395;0.21;0.087
18HU14014_1352;101;46.74217;-60.99983;414054;5.36;02-jun-14;09:40:00;29.35;8.32;329.99274;329.74711;0.58;0.005;0;0.2;0.58;0.1
18HU14014_1352;101;46.74217;-60.99983;414055;2.78;02-jun-14;09:40:00;29.34;8.38;328.20634;NaN;0.535;0.01;0;0.195;0.43;0.094
18HU14014_1353;1021;46.16633;-62.2495;414433;18.05;16-jun-14;00:03:00;30.34;6.04;326.82188;323.58403;3.17;0.025;0.05;0.33;1.325;0.13
18HU14014_1353;1021;46.16633;-62.2495;414434;1.79;16-jun-14;00:03:00;29.92;9.93;316.50542;250.27464;1.51;0.01;0;0.23;1.505;0.162
18HU14014_1354;1051;46.168;-61.7495;414435;50.08;16-jun-14;07:18:00;30.95;0.03;359.7363;359.13339;5.105;0.04;1.605;0.72;0.445;0.106
18HU14014_1354;1051;46.168;-61.7495;414436;24.69;16-jun-14;07:18:00;30.74;2.4;360.6295;362.17027;2.765;0.03;0.09;0.425;0.82;0.132
18HU14014_1354;1051;46.168;-61.7495;414437;2.58;16-jun-14;07:18:00;29.8;11.14;305.83168;303.12975;1.185;0.005;0;0.225;1.02;0.134
18HU14014_1355;11;47.83317;-64.2485;414001;35.99;01-jun-14;12:39:00;30.84;0.99;354.6004;352.54604;3.68;0.09;5.865;0.955;0.48;0.15
18HU14014_1355;11;47.83317;-64.2485;414002;24.69;01-jun-14;12:39:00;30.59;3.54;370.85664;NaN;1.695;0.055;1.745;0.525;0.27;0.107
18HU14014_1355;11;47.83317;-64.2485;414003;14.68;01-jun-14;12:39:00;29.97;5.61;349.4645;NaN;0.66;0.04;1.105;0.34;0.19;0.094
18HU14014_1355;11;47.83317;-64.2485;414004;4.16;01-jun-14;12:39:00;29.86;6.17;349.50916;348.48198;0.54;0.03;0.92;0.32;0.345;0.079
18HU14014_1355;11;47.83317;-64.2485;414005;2.38;01-jun-14;12:39:00;29.88;6.16;349.50916;NaN;0.54;0.04;0.91;0.305;0.235;0.073
18HU14014_1356;1101;46.82867;-61.7485;414438;64.85;17-jun-14;00:53:00;31.72;-0.84;317.17532;313.2899;12.775;0.115;9.04;1.245;0.265;0.175
18HU14014_1356;1101;46.82867;-61.7485;414439;25.39;17-jun-14;00:53:00;31.35;2.11;375.76924;396.00022;1.775;0.01;0.155;0.405;0.115;0.077
18HU14014_1356;1101;46.82867;-61.7485;414440;2.18;17-jun-14;00:53:00;30.75;9.47;318.47046;315.63455;0.575;0.005;0;0.255;1.085;0.259
18HU14014_1357;111;46.95817;-60.21633;414056;69.41;02-jun-14;13:52:00;31.75;0.02;326.77722;322.24423;8.52;0.09;6.88;0.935;0.34;0.117
18HU14014_1357;111;46.95817;-60.21633;414057;50.07;02-jun-14;13:52:00;31.15;0.11;362.28192;365.29647;4.425;0.055;3.225;0.67;0.765;0.139
18HU14014_1357;111;46.95817;-60.21633;414058;25.19;02-jun-14;13:52:00;30.93;1.18;383.04882;NaN;1.725;0.03;0.975;0.445;0.935;0.175
18HU14014_1357;111;46.95817;-60.21633;414059;14.97;02-jun-14;13:52:00;30.58;3.82;376.39448;NaN;1.015;0.02;0.27;0.305;0.775;0.134
18HU14014_1357;111;46.95817;-60.21633;414060;5.26;02-jun-14;13:52:00;30.56;4.17;360.58484;367.59646;0.985;0.02;0.24;0.295;0.8;0.093
18HU14014_1357;111;46.95817;-60.21633;414061;1.98;02-jun-14;13:52:00;30.51;4.57;360.80814;NaN;0.87;0.015;0.175;0.28;0.645;0.091
18HU14014_1358;1131;47.16717;-60.7495;414441;115.5;17-jun-14;08:49:00;32.96;1.6;273.63182;268.76388;14.38;0.09;12.78;1.175;NaN;0.106
18HU14014_1358;1131;47.16717;-60.7495;414442;25.39;17-jun-14;08:49:00;31.17;0.56;383.8527;402.05165;1.64;0.01;0.67;0.46;1.9;0.187
18HU14014_1358;1131;47.16717;-60.7495;414443;2.28;17-jun-14;08:49:00;30.84;8.76;327.84906;334.0568;0.485;0.005;0;0.21;0.68;0.111
18HU14014_1359;1161;47.49967;-60.7505;414444;33.61;17-jun-14;14:51:00;31.77;0.39;394.97304;NaN;NaN;NaN;NaN;NaN;2.955;0.14
18HU14014_1360;1171;47.5;-61.25217;414445;24.1;17-jun-14;17:02:00;31.4;2.38;367.95374;352.34507;0.27;0.005;0;0.415;1.63;0.214
18HU14014_1360;1171;47.5;-61.25217;414446;2.08;17-jun-14;17:02:00;30.82;7.78;329.27818;322.53452;0.185;0.005;0;0.29;0.305;0.08
18HU14014_1361;121;47.01167;-60.14167;414062;163.76;02-jun-14;15:06:00;33.92;4.6;180.51572;174.86623;23.015;0.09;18.24;1.455;NaN;0.076
18HU14014_1361;121;47.01167;-60.14167;414063;101.62;02-jun-14;15:06:00;32.54;0.99;285.95798;NaN;12.81;0.115;10.755;1.1;0.22;0.095
18HU14014_1361;121;47.01167;-60.14167;414064;50.97;02-jun-14;15:06:00;31.31;-0.84;356.02952;356.87806;5.34;0.075;4.2;0.785;2.09;0.264
18HU14014_1361;121;47.01167;-60.14167;414065;25.29;02-jun-14;15:06:00;31.13;0.07;397.56332;NaN;1.2;0.015;0.62;0.425;1.835;0.344
18HU14014_1361;121;47.01167;-60.14167;414066;15.07;02-jun-14;15:06:00;30.96;1.46;383.94202;NaN;0.28;0;0;0.305;0.65;0.111
18HU14014_1361;121;47.01167;-60.14167;414067;5.06;02-jun-14;15:06:00;30.26;4.72;358.08388;356.47612;1.305;0.02;0.33;0.32;0.455;0.089
18HU14014_1361;121;47.01167;-60.14167;414068;2.38;02-jun-14;15:06:00;30.26;4.72;356.52078;NaN;1.29;0.02;0.34;0.315;0.43;0.143
18HU14014_1362;131;47.10817;-60.00767;414069;319.27;02-jun-14;17:05:00;34.73;5.82;136.74892;134.02466;31.895;0.02;23.005;1.72;NaN;0.069
18HU14014_1362;131;47.10817;-60.00767;414070;300.06;02-jun-14;17:05:00;34.59;5.92;137.46348;NaN;29.575;0.035;22.22;1.68;NaN;0.064
18HU14014_1362;131;47.10817;-60.00767;414071;200.52;02-jun-14;17:05:00;34.16;5.35;167.87694;NaN;23.135;0.025;19.26;1.5;NaN;0.067
18HU14014_1362;131;47.10817;-60.00767;414072;100.63;02-jun-14;17:05:00;32.99;1.71;266.88816;NaN;13.715;0.02;12.32;1.145;0.11;0.071
18HU14014_1362;131;47.10817;-60.00767;414073;49.98;02-jun-14;17:05:00;31.97;-0.3;357.0567;353.9305;6.765;0.125;6.685;0.865;1.215;0.257
18HU14014_1362;131;47.10817;-60.00767;414074;25.09;02-jun-14;17:05:00;31.24;1.63;377.91292;NaN;1.475;0.035;0.925;0.445;2.01;0.309
18HU14014_1362;131;47.10817;-60.00767;414075;15.07;02-jun-14;17:05:00;30.95;2.88;375.09934;NaN;0.67;0.01;0.195;0.335;0.815;0.176
18HU14014_1362;131;47.10817;-60.00767;414076;5.06;02-jun-14;17:05:00;30.47;4.71;358.53048;361.5227;0.54;0.005;0.03;0.26;0.605;0.114
18HU14014_1362;131;47.10817;-60.00767;414077;1.98;02-jun-14;17:05:00;30.22;5.82;355.18098;NaN;0.51;0.01;0.025;0.26;0.475;0.101
18HU14014_1363;1331;47.8335;-62.75017;414460;64.35;19-jun-14;11:54:00;31.98;-0.76;320.07822;317.64425;15.86;0.2;11.05;1.24;0.16;0.099
18HU14014_1363;1331;47.8335;-62.75017;414461;25.19;19-jun-14;11:54:00;31.44;0.19;351.65284;350.00042;8.635;0.105;9.19;1.125;0.17;0.101
18HU14014_1363;1331;47.8335;-62.75017;414462;1.19;19-jun-14;11:54:00;29.82;10.36;304.04528;303.12975;1.36;0.01;0;0.2;0.775;0.189
18HU14014_1364;1361;47.78283;-64.02867;414463;76.84;19-jun-14;17:17:00;32.22;0.05;270.90756;265.59302;21.04;0.205;13.84;1.51;0.28;0.09
18HU14014_1364;1361;47.78283;-64.02867;414464;50.86;19-jun-14;17:17:00;31.07;-0.58;331.46652;334.10146;12.835;0.08;4.51;1;0.255;0.122
18HU14014_1364;1361;47.78283;-64.02867;414465;24.69;19-jun-14;17:17:00;30.62;4.1;364.24696;NaN;7.45;0.1;5.61;0.66;0.245;0.111
18HU14014_1364;1361;47.78283;-64.02867;414466;14.77;19-jun-14;17:17:00;29.2;4.35;327.22382;NaN;6.27;0.085;4.675;0.61;0.43;0.11
18HU14014_1364;1361;47.78283;-64.02867;414467;5.06;19-jun-14;17:17:00;27.62;10.93;311.19088;311.52583;3.41;0.02;0.575;0.165;2.965;0.313
18HU14014_1364;1361;47.78283;-64.02867;414468;1.88;19-jun-14;17:17:00;27.04;10.73;314.853;NaN;2.71;0.025;0.35;0.14;2.805;0.247
18HU14014_1365;141;47.267;-59.781;414078;455.37;02-jun-14;19:18:00;34.88;5.53;152.46924;150.7275;35.56;0.01;22.43;1.755;NaN;0.068
18HU14014_1365;141;47.267;-59.781;414079;399.35;02-jun-14;19:18:00;34.83;5.73;147.95858;NaN;31.285;0.01;22.895;1.7;NaN;0.065
18HU14014_1365;141;47.267;-59.781;414080;300.16;02-jun-14;19:18:00;34.67;5.95;136.25766;NaN;29.225;0.005;22.665;1.71;NaN;0.066
18HU14014_1365;141;47.267;-59.781;414081;200.22;02-jun-14;19:18:00;34.61;7.34;190.60888;NaN;14.49;0.01;17.06;1.275;NaN;0.067
18HU14014_1365;141;47.267;-59.781;414082;99.74;02-jun-14;19:18:00;32.9;1.42;278.76772;NaN;12.785;0.02;11.59;1.145;0.08;0.073
18HU14014_1365;141;47.267;-59.781;414083;50.27;02-jun-14;19:18:00;32.06;-0.74;363.21978;367.48481;6.59;0.155;6.125;0.865;0.125;0.087
18HU14014_1365;141;47.267;-59.781;414084;25.48;02-jun-14;19:18:00;31.76;0.36;381.21776;NaN;4.32;0.08;3.305;0.74;0.275;0.109
18HU14014_1365;141;47.267;-59.781;414085;14.68;02-jun-14;19:18:00;31.41;5.37;366.16734;NaN;0.545;0;0;0.36;0.245;0.097
18HU14014_1365;141;47.267;-59.781;414086;5.35;02-jun-14;19:18:00;30.95;6.31;345.13248;342.20725;0.235;0;0;0.31;0.245;0.075
18HU14014_1365;141;47.267;-59.781;414087;2.28;02-jun-14;19:18:00;30.99;6.31;345.2218;NaN;0.26;0;0;0.295;0.25;0.075
18HU14014_1366;151;47.43583;-59.54967;414088;462.48;02-jun-14;22:40:00;34.9;5.48;169.79732;167.98859;32.31;0.005;21.72;1.685;NaN;0.067
18HU14014_1366;151;47.43583;-59.54967;414089;399.55;02-jun-14;22:40:00;34.9;5.48;168.50218;NaN;32.065;0;21.84;1.675;NaN;0.065
18HU14014_1366;151;47.43583;-59.54967;414090;299.96;02-jun-14;22:40:00;34.78;6.36;160.73134;NaN;22.26;0.005;22.075;1.585;NaN;0.065
18HU14014_1366;151;47.43583;-59.54967;414091;199.72;02-jun-14;22:40:00;34.6;7.36;191.5914;NaN;14.71;0.02;17.355;1.285;NaN;0.07
18HU14014_1366;151;47.43583;-59.54967;414092;100.23;02-jun-14;22:40:00;32.77;1.71;303.33072;NaN;8.56;0.13;9.25;0.975;0.07;0.074
18HU14014_1366;151;47.43583;-59.54967;414093;50.77;02-jun-14;22:40:00;32.01;-0.39;348.92858;350.89362;3.825;0.13;5.71;0.885;0.115;0.092
18HU14014_1366;151;47.43583;-59.54967;414094;25.38;02-jun-14;22:40:00;31.38;0.83;368.04306;NaN;0.975;0.025;1.11;0.49;0.095;0.074
18HU14014_1366;151;47.43583;-59.54967;414095;15.97;02-jun-14;22:40:00;31.24;2.97;378.09156;NaN;0.425;0.005;0.08;0.385;0.135;0.073
18HU14014_1366;151;47.43583;-59.54967;414096;5.45;02-jun-14;22:40:00;30.97;6.03;347.32082;342.60919;0.155;0.005;0;0.36;0.355;0.076
18HU14014_1366;151;47.43583;-59.54967;414097;1.88;02-jun-14;22:40:00;30.97;6.05;346.29364;NaN;0.17;0.005;0;0.36;0.305;0.077
18HU14014_1367;161;47.58333;-59.34267;414098;253.61;03-jun-14;01:05:00;34.61;7.13;187.97394;184.93706;16.1;0.04;17.775;1.32;NaN;0.068
18HU14014_1367;161;47.58333;-59.34267;414099;201.11;03-jun-14;01:05:00;34.39;6.66;205.12338;NaN;14.25;0.055;16.15;1.24;NaN;0.07
18HU14014_1367;161;47.58333;-59.34267;414100;100.03;03-jun-14;01:05:00;32.82;1.97;305.51906;NaN;8.35;0.13;8.815;0.96;0.11;0.074
18HU14014_1367;161;47.58333;-59.34267;414101;50.27;03-jun-14;01:05:00;31.87;1.61;365.36346;366.77025;1.1;0.05;1.495;0.525;0.11;0.087
18HU14014_1367;161;47.58333;-59.34267;414102;25.29;03-jun-14;01:05:00;31.39;3.63;371.39256;NaN;0.28;0.025;0.185;0.39;0.24;0.084
18HU14014_1367;161;47.58333;-59.34267;414103;15.77;03-jun-14;01:05:00;31.29;5.84;352.27808;NaN;0.14;0.015;0.015;0.33;0.2;0.08
18HU14014_1367;161;47.58333;-59.34267;414104;4.96;03-jun-14;01:05:00;31.03;6.65;338.12086;335.6199;0.13;0.01;0;0.305;0.22;0.086
18HU14014_1367;161;47.58333;-59.34267;414105;1.88;03-jun-14;01:05:00;31.03;6.66;339.10338;NaN;0.13;0.005;0;0.3;0.21;0.081
18HU14014_1368;21;47.78333;-64.0335;414006;76.84;01-jun-14;14:51:00;31.82;-0.62;284.39488;282.11722;24.225;0.15;13.75;1.45;0.265;0.118
18HU14014_1368;21;47.78333;-64.0335;414007;50.07;01-jun-14;14:51:00;31.1;-0.67;354.46642;355.80622;12.345;0.095;6.565;1.04;0.115;0.148
18HU14014_1368;21;47.78333;-64.0335;414008;24.99;01-jun-14;14:51:00;30.48;3.78;369.7848;NaN;1.485;0.05;2.19;0.5;0.125;0.093
18HU14014_1368;21;47.78333;-64.0335;414009;15.27;01-jun-14;14:51:00;29.9;5.13;355.09166;NaN;0.76;0.045;2.045;0.435;0.13;0.091
18HU14014_1368;21;47.78333;-64.0335;414010;5.06;01-jun-14;14:51:00;28.41;6.92;349.06256;344.90918;1.21;0.05;1.45;0.245;0.595;0.104
18HU14014_1368;21;47.78333;-64.0335;414011;2.18;01-jun-14;14:51:00;28.32;7.38;348.43732;NaN;1.095;0.045;1.29;0.215;0.8;0.108
18HU14014_1369;3.71;47.83331;-61.74912;414453;49.58;18-jun-14;19:10:00;NaN;NaN;NaN;309.9404;6.075;0.11;8.325;1.14;2.895;NaN
18HU14014_1369;3.71;47.83331;-61.74912;414454;23.8;18-jun-14;19:10:00;NaN;NaN;NaN;413.3283;0.29;0.005;0;0.4;0.175;NaN
18HU14014_1369;3.71;47.83331;-61.74912;414455;1.98;18-jun-14;19:10:00;NaN;NaN;NaN;316.92969;0.57;0;0;0.265;0.245;NaN
18HU14014_1369;3.71;47.83331;-61.74912;414456;37.68;18-jun-14;19:10:00;NaN;NaN;NaN;NaN;NaN;NaN;NaN;NaN;3.765;NaN
18HU14014_1370;31;47.666;-63.7505;414012;59.89;01-jun-14;18:10:00;32;-0.53;298.46278;296.85502;18.925;0.175;12.895;1.36;0.4;0.118
18HU14014_1370;31;47.666;-63.7505;414013;50.07;01-jun-14;18:10:00;31.68;-0.68;313.0666;NaN;17.835;0.17;12.82;1.375;0.245;0.124
18HU14014_1370;31;47.666;-63.7505;414014;25.19;01-jun-14;18:10:00;31.03;-0.07;355.4936;NaN;7.025;0.12;8.585;1.105;0.115;0.112
18HU14014_1370;31;47.666;-63.7505;414015;15.57;01-jun-14;18:10:00;30.71;2.26;376.0372;NaN;2.12;0.06;4.055;0.725;0.195;0.096
18HU14014_1370;31;47.666;-63.7505;414016;5.35;01-jun-14;18:10:00;30.16;5.47;359.87028;355.51593;0.975;0.02667;1.28667;0.37667;0.295;0.086
18HU14014_1370;31;47.666;-63.7505;414017;1.59;01-jun-14;18:10:00;29.78;6.62;350.1344;NaN;1.005;0.02333;1.24;0.33667;0.295;0.084
18HU14014_1371;41;47.50017;-63.25267;414018;73.96;01-jun-14;20:44:00;31.67;-0.98;307.35012;307.35012;18.51;0.13;11.76;1.32;0.55;0.156
18HU14014_1371;41;47.50017;-63.25267;414019;49.97;01-jun-14;20:44:00;31.39;-0.6;332.53836;330.17138;11.405;0.09;8.615;1.205;0.22;0.187
18HU14014_1371;41;47.50017;-63.25267;414020;24.29;01-jun-14;20:44:00;31.01;2.5;393.6779;NaN;3.285;0.005;0.525;0.465;0.16;0.091
18HU14014_1371;41;47.50017;-63.25267;414021;15.57;01-jun-14;20:44:00;30.98;4.65;388.14006;NaN;2.39;0.005;0.215;0.39;0.23;0.086
18HU14014_1371;41;47.50017;-63.25267;414022;5.45;01-jun-14;20:44:00;30.39;5.38;363.35376;359.69164;1.395;0.02;1.04;0.37;0.495;0.086
18HU14014_1371;41;47.50017;-63.25267;414023;2.18;01-jun-14;20:44:00;30.21;5.92;361.43338;NaN;1.235;0.025;1.045;0.345;0.315;0.087
18HU14014_1372;51;47.33317;-62.75033;414024;48.09;01-jun-14;23:43:00;31.38;-0.61;322.71316;331.28788;11.795;0.095;8.19;1.185;0.285;0.22
18HU14014_1372;51;47.33317;-62.75033;414025;25.09;01-jun-14;23:43:00;31.19;3.53;369.1149;NaN;1.82;0.035;0.745;0.435;0.53;0.121
18HU14014_1372;51;47.33317;-62.75033;414026;15.27;01-jun-14;23:43:00;31.15;3.61;370.4547;NaN;1.415;0.015;0.28;0.375;0.445;0.102
18HU14014_1372;51;47.33317;-62.75033;414027;5.35;01-jun-14;23:43:00;31.04;4.85;352.76934;361.99163;1.08;0.005;0.075;0.345;0.29;0.081
18HU14014_1372;51;47.33317;-62.75033;414028;1.29;01-jun-14;23:43:00;31.02;5.54;351.2509;NaN;0.955;0.005;0.015;0.325;0.215;0.079
18HU14014_1373;61;47.16683;-62.25383;414029;34.9;02-jun-14;02:00:00;31.48;-0.08;367.06054;367.3285;5.785;0.06;3.905;0.725;3.59;0.566
18HU14014_1373;61;47.16683;-62.25383;414030;24.99;02-jun-14;02:00:00;31.43;0.09;372.64304;NaN;5.18;0.065;3.485;0.685;3.53;0.666
18HU14014_1373;61;47.16683;-62.25383;414031;14.28;02-jun-14;02:00:00;31.02;3.59;380.68184;NaN;2.46;0.03;0.95;0.415;2.855;0.168
18HU14014_1373;61;47.16683;-62.25383;414032;5.16;02-jun-14;02:00:00;30.9;6.52;358.35184;352.88099;0.21;0;0;0.205;0.455;0.121
18HU14014_1373;61;47.16683;-62.25383;414033;2.28;02-jun-14;02:00:00;30.87;7.05;357.63728;NaN;0.24;0.005;0;0.225;0.39;0.113
18HU14014_1374;701;47.933;-65.25183;414404;64.15;12-jun-14;12:46:00;31.72;-0.7;262.42216;264.54351;21.72;0.12;12.895;1.495;0.35;0.11
18HU14014_1374;701;47.933;-65.25183;414405;25.58;12-jun-14;12:46:00;29.99;1.82;375.85856;366.27899;1.99;0.055;2.76;0.555;0.11;0.095
18HU14014_1374;701;47.933;-65.25183;414406;2.68;12-jun-14;12:46:00;24.91;10.18;348.16936;360.71882;6.095;0.01;0;0.02;1.88;0.213
18HU14014_1375;71;47.001;-61.75167;414034;36.79;02-jun-14;04:37:00;31.37;-0.56;371.43722;374.20614;4.86;0.065;3.665;0.715;2.87;0.475
18HU14014_1375;71;47.001;-61.75167;414035;25.09;02-jun-14;04:37:00;31.31;-0.34;380.68184;NaN;4.175;0.055;3.005;0.645;3.005;0.48
18HU14014_1375;71;47.001;-61.75167;414036;14.38;02-jun-14;04:37:00;30.93;5.35;369.69548;NaN;0.435;0.005;0;0.28;1.095;0.177
18HU14014_1375;71;47.001;-61.75167;414037;5.06;02-jun-14;04:37:00;30.92;5.93;355.40428;356.3868;0.375;0.01333;0;0.27333;0.845;0.16
18HU14014_1375;71;47.001;-61.75167;414038;2.38;02-jun-14;04:37:00;30.91;6.22;NaN;NaN;0.355;0.02333;0;0.23333;0.79;0.145
18HU14014_1376;751;47.83317;-64.24933;414409;35.79;13-jun-14;04:42:00;30.88;1.66;353.2606;295.51522;5.505;0.05;3.09;0.795;0.29;0.118
18HU14014_1376;751;47.83317;-64.24933;414410;25.19;13-jun-14;04:42:00;30.41;4.39;358.53048;360.33921;1.62;0.03;2.225;0.55;0.355;0.116
18HU14014_1376;751;47.83317;-64.24933;414411;2.88;13-jun-14;04:42:00;27.02;10.84;335.57524;332.67234;4.79;0.04;0.855;0.14;1.995;0.314
18HU14014_1377;781;47.49933;-63.7515;414412;64.05;13-jun-14;11:59:00;31.54;-0.46;319.05104;320.41317;14.16;0.13;11.195;1.295;0.11;0.11
18HU14014_1377;781;47.49933;-63.7515;414413;25.38;13-jun-14;11:59:00;30.23;3.11;359.7363;357.19068;5.175;0.075;4.47;0.755;0.16;0.107
18HU14014_1377;781;47.49933;-63.7515;414414;2.48;13-jun-14;11:59:00;27.74;9.99;338.0762;333.8335;4.165;0.045;1.745;0.295;1.29;0.234
18HU14014_1378;81;46.91783;-61.50067;414039;45.51;02-jun-14;06:19:00;31.43;-0.75;349.95576;347.29849;8.02;0.1;4.685;0.94;0.75;0.201
18HU14014_1378;81;46.91783;-61.50067;414040;25.29;02-jun-14;06:19:00;31.27;-0.91;361.746;NaN;7.885;0.095;4.52;0.965;1.165;0.226
18HU14014_1378;81;46.91783;-61.50067;414041;15.77;02-jun-14;06:19:00;30.94;5.6;384.2993;NaN;0.91;0.02333;0.05667;0.28333;1.685;0.25
18HU14014_1378;81;46.91783;-61.50067;414042;5.75;02-jun-14;06:19:00;30.89;6.19;346.91888;353.32759;0.9;0.02333;0;0.25667;1.085;0.165
18HU14014_1378;81;46.91783;-61.50067;414043;2.68;02-jun-14;06:19:00;30.87;6.56;347.0082;NaN;1.085;0.02;0;0.27333;0.965;0.138
18HU14014_1379;811;47.49983;-62.249;414415;46.7;13-jun-14;18:56:00;31.97;-0.96;285.46672;296.63172;10.21;0.13;9.565;1.36;1.085;0.178
18HU14014_1379;811;47.49983;-62.249;414416;25.09;13-jun-14;18:56:00;31.6;-0.39;373.40226;373.20129;5.995;0.06;3.215;0.7;0.81;0.095
18HU14014_1379;811;47.49983;-62.249;414417;1.69;13-jun-14;18:56:00;30.75;9.19;328.9209;323.62869;0.325;0.005;0;0.245;0.305;0.067
18HU14014_1380;831;46.83383;-62.25;414418;62.96;14-jun-14;00:01:00;31.84;-1;308.8239;307.84138;13.07;0.125;9.655;1.255;0.42;0.174
18HU14014_1380;831;46.83383;-62.25;414419;25.09;14-jun-14;00:01:00;31.34;3.36;376.97506;378.69447;2.6;0.015;0.8;0.485;0.11;0.077
18HU14014_1380;831;46.83383;-62.25;414420;2.58;14-jun-14;00:01:00;30.76;9.34;322.6685;323.60636;0.385;0.005;0;0.24;0.42;0.109
18HU14014_1381;871;47.16617;-62.74733;414421;59.59;14-jun-14;09:43:00;31.61;-0.8;324.72286;325.83936;14.04;0.125;9.915;1.255;0.135;0.154
18HU14014_1381;871;47.16617;-62.74733;414422;25.29;14-jun-14;09:43:00;31.2;0.73;366.4353;366.68093;5.36;0.075;6.185;0.925;0.12;0.108
18HU14014_1381;871;47.16617;-62.74733;414423;1.98;14-jun-14;09:43:00;30.14;9.31;329.05488;331.53351;1.005;0.01;0.04;0.19;0.975;0.176
18HU14014_1382;901;46.49983;-63.2505;414424;18.84;14-jun-14;17:03:00;30.57;2.84;323.69568;318.91706;5.29;0.045;0.185;0.465;0.445;0.13
18HU14014_1382;901;46.49983;-63.2505;414425;1.79;14-jun-14;17:03:00;29.21;11.21;323.02578;312.82097;1.145;0.02;0;0.15;0.905;0.184
18HU14014_1383;91;46.83283;-61.24883;414044;55.53;02-jun-14;07:55:00;31.4;-1.01;335.88786;336.2898;9.075;0.075;5.74;1.04;0.63;0.183
18HU14014_1383;91;46.83283;-61.24883;414045;50.27;02-jun-14;07:55:00;31.36;-1.02;336.69174;335.70922;9.15;0.07;5.64;1.055;0.49;0.165
18HU14014_1383;91;46.83283;-61.24883;414046;24.99;02-jun-14;07:55:00;31.22;-0.71;357.45864;NaN;7.065;0.055;3.285;0.865;0.855;0.206
18HU14014_1383;91;46.83283;-61.24883;414047;15.57;02-jun-14;07:55:00;31.09;0.86;393.09732;NaN;2.11333;0.01;0.21333;0.47667;1.34;0.224
18HU14014_1383;91;46.83283;-61.24883;414048;5.06;02-jun-14;07:55:00;30.49;7.57;346.29364;339.70629;0.74;0;0;0.26;0.555;0.095
18HU14014_1383;91;46.83283;-61.24883;414049;1.69;02-jun-14;07:55:00;30.23;7.79;341.4257;NaN;0.76;0;0;0.255;0.445;0.089
18HU14014_1384;931;47.16683;-64.24983;414426;40.06;15-jun-14;03:09:00;30.74;1.7;335.21796;331.51118;6.305;0.075;1.555;0.69;0.3;0.146
18HU14014_1384;931;47.16683;-64.24983;414427;24.89;15-jun-14;03:09:00;30.58;3.99;339.23736;342.94414;3.115;0.05;1.205;0.49;0.64;0.136
18HU14014_1384;931;47.16683;-64.24983;414428;2.38;15-jun-14;03:09:00;28.08;11.55;338.2995;312.8433;2.25;0.02;0;0.015;1.385;0.193
18HU14014_1385;961;46.83433;-64.36683;414429;20.53;15-jun-14;09:37:00;29.79;5.52;313.78116;310.72195;3.785;0.035;0.055;0.215;0.915;0.118
18HU14014_1385;961;46.83433;-64.36683;414430;1.69;15-jun-14;09:37:00;27.93;12.15;306.18896;303.53169;3.525;0.00667;0.00333;0.08;1.455;0.193
18HU14014_1386;991;46.18983;-63.7515;414431;23.5;15-jun-14;16:32:00;27.59;12.35;287.74438;284.37255;1.17;0.02;0.015;0.18;1.84;0.207
18HU14014_1386;991;46.18983;-63.7515;414432;2.28;15-jun-14;16:32:00;27.54;12.5;287.3871;285.26575;1.065;0.02;0.005;0.175;2.145;0.237
