CTD;CTD;CTD;CTD;CTD;CTD;CTD;CTD;CTD;CTD;CTD;labo;labo;labo;labo;labo;labo;CTD;labo
Fichier;Station;Latitude;Longitude;Echantillon;zbouteille;Date;Heure;PSAL;TE90;DOXY;OXYM_01;Si_01;NO2_01;NOx_01;PO4_01;CHL_03;FLOR;CHL_04
(nom);(nom/no);(degres);(degres);(no_unique);(dbar);(jj-mmm-yyyy);(GMT);(psu);(celsius);(ml/l);(mmol/m**3);(mmol/m**3);(mmol/m**3);(mmol/m**3);(mmol/m**3);(mg/m**3);(mg/m**3);(mg/m**3)
18HU16050_1557;1331;47.66767;-59.86567;420035;515.7;01-nov-16;07:10:00;34.92;5.84;151.35274;152.24594;34.625;0.025;22.755;1.795;NaN;NaN;NaN
18HU16050_1557;1331;47.66767;-59.86567;420036;400.33;01-nov-16;07:10:00;34.92;6.04;152.91584;NaN;30.09;0.015;22.93;1.73;NaN;NaN;NaN
18HU16050_1557;1331;47.66767;-59.86567;420037;350.15;01-nov-16;07:10:00;34.84;6.56;135.63242;NaN;NaN;NaN;NaN;NaN;NaN;NaN;NaN
18HU16050_1557;1331;47.66767;-59.86567;420038;299.95;01-nov-16;07:10:00;34.72;6.66;125.2713;NaN;27.325;0.015;23.225;1.72;NaN;NaN;NaN
18HU16050_1557;1331;47.66767;-59.86567;420039;250.73;01-nov-16;07:10:00;34.38;6.45;154.92554;NaN;NaN;NaN;NaN;NaN;NaN;NaN;NaN
18HU16050_1557;1331;47.66767;-59.86567;420040;200.31;01-nov-16;07:10:00;33.95;5.99;215.08256;NaN;12.07;0.02;14.24;1.155;NaN;NaN;NaN
18HU16050_1557;1331;47.66767;-59.86567;420041;150.18;01-nov-16;07:10:00;32.67;1.84;301.85694;NaN;NaN;NaN;NaN;NaN;NaN;0.009;NaN
18HU16050_1557;1331;47.66767;-59.86567;420042;100.03;01-nov-16;07:10:00;32.25;2.24;307.97536;NaN;6.19;0.02;6.685;0.835;NaN;0.098;0.09
18HU16050_1557;1331;47.66767;-59.86567;420043;50.47;01-nov-16;07:10:00;31.31;8.86;289.8434;291.45116;1.13;0.055;0.51;0.305;NaN;0.76;1.09
18HU16050_1557;1331;47.66767;-59.86567;420044;25.19;01-nov-16;07:10:00;31.27;8.97;289.1735;NaN;1.135;0.06;0.485;0.3;NaN;0.81;1.075
18HU16050_1557;1331;47.66767;-59.86567;420045;15.07;01-nov-16;07:10:00;31.27;8.97;289.21816;NaN;1.155;0.06;0.485;0.295;NaN;0.851;1.095
18HU16050_1557;1331;47.66767;-59.86567;420046;5.06;01-nov-16;07:10:00;31.27;8.96;289.08418;290.7366;1.105;0.06;0.475;0.29;NaN;0.81;1.06
18HU16050_1557;1331;47.66767;-59.86567;420047;1.98;01-nov-16;07:10:00;31.27;8.96;289.57544;NaN;1.14;0.06;0.475;0.3;NaN;0.854;1.03
18HU16050_1558;1341;47.584;-59.3385;420048;245.48;01-nov-16;09:43:00;34.62;7.48;163.09832;166.11287;17.275;0.025;19.265;1.405;NaN;NaN;NaN
18HU16050_1558;1341;47.584;-59.3385;420049;198.53;01-nov-16;09:43:00;33.84;5.08;198.64768;NaN;16.75;0.02;16.295;1.32;NaN;NaN;NaN
18HU16050_1558;1341;47.584;-59.3385;420050;101.02;01-nov-16;09:43:00;32.02;5.25;298.9987;NaN;3.57;0.11;4.065;0.6;NaN;0.204;0.29
18HU16050_1558;1341;47.584;-59.3385;420051;51.06;01-nov-16;09:43:00;31.43;8.54;292.2997;294.71134;1.215;0.06;0.555;0.295;NaN;0.758;1.02
18HU16050_1558;1341;47.584;-59.3385;420052;24.99;01-nov-16;09:43:00;31.24;8.7;293.01426;NaN;1.26;0.065;0.495;0.285;NaN;0.842;1.05
18HU16050_1558;1341;47.584;-59.3385;420053;15.27;01-nov-16;09:43:00;31.19;8.68;292.56766;NaN;1.3;0.06;0.515;0.29;NaN;0.859;1.075
18HU16050_1558;1341;47.584;-59.3385;420054;5.45;01-nov-16;09:43:00;31.17;8.67;292.34436;293.92979;1.29;0.07;0.52;0.32;NaN;0.828;1.125
18HU16050_1558;1341;47.584;-59.3385;420055;2.28;01-nov-16;09:43:00;31.17;8.68;292.65698;NaN;1.31;0.06333;0.5;0.31333;NaN;0.778;1.135
18HU16050_1559;1351;47.43833;-59.55033;420056;464.36;01-nov-16;12:15:00;34.92;5.8;149.29838;150.19158;35.8;0.025;22.745;1.805;NaN;NaN;NaN
18HU16050_1559;1351;47.43833;-59.55033;420057;400.54;01-nov-16;12:15:00;34.92;5.85;150.59352;NaN;33.725;0.015;22.815;1.755;NaN;NaN;NaN
18HU16050_1559;1351;47.43833;-59.55033;420058;300.25;01-nov-16;12:15:00;34.86;6.94;139.87512;NaN;24.215;0.02;23.185;1.63;NaN;NaN;NaN
18HU16050_1559;1351;47.43833;-59.55033;420059;200.22;01-nov-16;12:15:00;34.29;6.82;190.65354;NaN;6.975;0.075;8.27;0.9;NaN;NaN;NaN
18HU16050_1559;1351;47.43833;-59.55033;420060;100.93;01-nov-16;12:15:00;32.62;2.2;302.39286;NaN;5.985;0.06;7.275;0.835;NaN;0.042;0.065
18HU16050_1559;1351;47.43833;-59.55033;420061;50.67;01-nov-16;12:15:00;31.64;7.8;294.17542;295.80551;1.645;0.095;1.165;0.365;NaN;0.556;0.74
18HU16050_1559;1351;47.43833;-59.55033;420062;25.78;01-nov-16;12:15:00;31.46;8.67;293.32688;NaN;1.055;0.04;0.31;0.265;NaN;0.889;1.215
18HU16050_1559;1351;47.43833;-59.55033;420063;15.07;01-nov-16;12:15:00;31.44;8.68;293.32688;NaN;0.945;0.04;0.28;0.265;NaN;1.093;1.39
18HU16050_1559;1351;47.43833;-59.55033;420064;4.86;01-nov-16;12:15:00;31.38;8.89;294.3094;295.89483;0.65;0.03;0.105;0.23;NaN;1.59;2.14
18HU16050_1559;1351;47.43833;-59.55033;420065;1.29;01-nov-16;12:15:00;31.38;8.86;294.26474;NaN;0.685;0.03;0.105;0.225;NaN;1.626;2.045
18HU16050_1560;1371;47.2665;-59.78383;420083;454.18;01-nov-16;15:46:00;34.9;5.78;145.50228;146.37315;36.73;0.025;22.93;1.785;NaN;NaN;NaN
18HU16050_1560;1371;47.2665;-59.78383;420084;400.34;01-nov-16;15:46:00;34.87;5.84;133.26544;NaN;37.315;0.015;23.455;1.8;NaN;NaN;NaN
18HU16050_1560;1371;47.2665;-59.78383;420085;300.46;01-nov-16;15:46:00;34.85;7.33;140.85764;NaN;22.03;0.01;22.745;1.575;NaN;NaN;NaN
18HU16050_1560;1371;47.2665;-59.78383;420086;201.21;01-nov-16;15:46:00;34.65;7.86;167.34102;NaN;15.545;0.02;18.475;1.31;NaN;NaN;NaN
18HU16050_1560;1371;47.2665;-59.78383;420087;100.53;01-nov-16;15:46:00;32.7;1.82;291.04922;NaN;8.105;0.015;9.04;0.955;NaN;0.009;0.045
18HU16050_1560;1371;47.2665;-59.78383;420088;50.37;01-nov-16;15:46:00;32.25;2.88;308.3773;306.63556;4.88;0.02;5.765;0.755;NaN;0.074;0.115
18HU16050_1560;1371;47.2665;-59.78383;420089;25.39;01-nov-16;15:46:00;31.45;8.54;294.57736;NaN;1.135;0.025;0.165;0.275;NaN;1.446;1.08
18HU16050_1560;1371;47.2665;-59.78383;420090;15.07;01-nov-16;15:46:00;31.41;9.01;292.523;NaN;0.99;0.015;0.035;0.245;NaN;1.623;1.335
18HU16050_1560;1371;47.2665;-59.78383;420091;5.65;01-nov-16;15:46:00;31.4;9.18;291.71912;294.28707;0.955;0.01;0.04;0.22;NaN;1.454;1.185
18HU16050_1560;1371;47.2665;-59.78383;420092;2.28;01-nov-16;15:46:00;31.4;9.22;291.94242;NaN;0.96;0.01;0.03;0.23;NaN;1.365;1.155
18HU16050_1561;1381;47.10833;-60.008;420093;314.12;01-nov-16;18:05:00;34.56;6.12;106.42478;106.17915;34.285;0.015;23.455;1.805;NaN;0.004;NaN
18HU16050_1561;1381;47.10833;-60.008;420094;302.64;01-nov-16;18:05:00;34.55;6.11;106.69274;NaN;34.245;0.015;23.35;1.84;NaN;0.013;NaN
18HU16050_1561;1381;47.10833;-60.008;420095;201.21;01-nov-16;18:05:00;34.21;5.63;142.15278;NaN;26.13;0.015;20.525;1.605;NaN;0.02;NaN
18HU16050_1561;1381;47.10833;-60.008;420096;100.43;01-nov-16;18:05:00;32.69;1.83;296.89968;NaN;NaN;NaN;NaN;NaN;NaN;0.005;NaN
18HU16050_1561;1381;47.10833;-60.008;420097;50.47;01-nov-16;18:05:00;32.08;3.23;305.0278;304.08994;5.325;0.085;5.645;0.745;NaN;0.147;0.19
18HU16050_1561;1381;47.10833;-60.008;420098;24.79;01-nov-16;18:05:00;30.78;8.4;294.04144;NaN;1.74;0.045;0.93;0.335;NaN;1.521;1.7
18HU16050_1561;1381;47.10833;-60.008;420099;15.27;01-nov-16;18:05:00;30.56;9.14;296.5424;NaN;0.76;0.02;0.09;0.245;NaN;1.91;2.29
18HU16050_1561;1381;47.10833;-60.008;420100;6.15;01-nov-16;18:05:00;29.84;9.26;297.2123;299.11035;1.215;0.05;0.29;0.275;NaN;1.529;2.08
18HU16050_1561;1381;47.10833;-60.008;420101;3.07;01-nov-16;18:05:00;29.87;9.24;296.94434;NaN;1.195;0.04;0.28;0.26667;NaN;1.504;2.155
18HU16050_1562;1391;47.01583;-60.13333;420102;161.19;01-nov-16;19:47:00;33.96;5.26;180.51572;180.60504;20.125;0.06;17.45;1.39;NaN;0.317;NaN
18HU16050_1562;1391;47.01583;-60.13333;420103;151.28;01-nov-16;19:47:00;33.95;5.22;182.16814;NaN;NaN;NaN;NaN;NaN;NaN;0.078;NaN
18HU16050_1562;1391;47.01583;-60.13333;420104;101.72;01-nov-16;19:47:00;32.62;1.81;297.39094;NaN;7.185;0.005;8.295;0.92;NaN;0.016;0.06
18HU16050_1562;1391;47.01583;-60.13333;420105;51.07;01-nov-16;19:47:00;32.01;1.06;313.2899;310.1637;7.535;0.02;7.71;0.905;NaN;0.099;0.045
18HU16050_1562;1391;47.01583;-60.13333;420106;25.58;01-nov-16;19:47:00;29.95;8.93;296.40842;NaN;0.825;0.02;0.125;0.265;NaN;1.059;1.88
18HU16050_1562;1391;47.01583;-60.13333;420107;15.77;01-nov-16;19:47:00;29.77;9.35;295.8725;NaN;1.08;0.04;0.26;0.28;NaN;1.23;1.87
18HU16050_1562;1391;47.01583;-60.13333;420108;5.95;01-nov-16;19:47:00;29.76;9.36;296.18512;297.41327;1.06;0.035;0.255;0.27;NaN;1.324;2.07
18HU16050_1562;1391;47.01583;-60.13333;420109;2.98;01-nov-16;19:47:00;29.75;9.35;295.82784;NaN;1.005;0.035;0.215;0.265;NaN;1.23;1.75
18HU16050_1563;1401;46.95667;-60.2175;420110;70.89;01-nov-16;21:08:00;32.37;2.06;304.17926;300.71811;6.13;0.04;6.945;0.85;NaN;0.074;0.12
18HU16050_1563;1401;46.95667;-60.2175;420111;50.57;01-nov-16;21:08:00;31.67;4.32;298.95404;285.824;5.2;0.125;4.83;0.725;NaN;0.225;0.325
18HU16050_1563;1401;46.95667;-60.2175;420112;25.09;01-nov-16;21:08:00;30.06;8.76;297.79288;NaN;0.805;0.03;0.135;0.275;NaN;1.13;1.86
18HU16050_1563;1401;46.95667;-60.2175;420113;15.57;01-nov-16;21:08:00;29.85;9.12;294.9793;NaN;0.93;0.025;0.16;0.28;NaN;1.145;1.835
18HU16050_1563;1401;46.95667;-60.2175;420114;5.45;01-nov-16;21:08:00;29.75;9.32;296.5424;297.99385;0.98;0.03;0.16;0.275;NaN;1.488;2.09
18HU16050_1563;1401;46.95667;-60.2175;420115;2.18;01-nov-16;21:08:00;29.71;9.42;296.0958;NaN;1.01;0.035;0.2;0.275;NaN;1.288;1.945
18HU16050_1564;1411;46.74483;-60.99833;420116;51.46;02-nov-16;01:38:00;31.29;2.04;252.7756;251.50279;15.33;0.08;7.685;1.125;NaN;0.273;0.505
18HU16050_1564;1411;46.74483;-60.99833;420117;25.58;02-nov-16;01:38:00;29.11;10.61;281.49198;NaN;1.08;0.07;0.47;0.305;NaN;0.364;0.43
18HU16050_1564;1411;46.74483;-60.99833;420118;15.27;02-nov-16;01:38:00;28.86;11.21;278.6784;NaN;2.25;0.09;0.69;0.345;NaN;0.88;1.23
18HU16050_1564;1411;46.74483;-60.99833;420119;6.15;02-nov-16;01:38:00;28.82;11.2;278.63374;281.1347;2.38;0.085;0.695;0.35;NaN;0.891;1.25
18HU16050_1564;1411;46.74483;-60.99833;420120;2.88;02-nov-16;01:38:00;28.83;11.2;278.54442;NaN;2.38;0.09;0.71;0.35;NaN;0.863;1.24
18HU16050_1565;1421;46.83167;-61.25083;420121;51.07;02-nov-16;03:14:00;31.2;0.86;267.20078;264.81147;16.16;0.05;7.435;1.195;NaN;0.213;0.445
18HU16050_1565;1421;46.83167;-61.25083;420122;25.39;02-nov-16;03:14:00;29.4;9.87;285.46672;NaN;0.82;0.06;0.41;0.31;NaN;0.376;0.51
18HU16050_1565;1421;46.83167;-61.25083;420123;15.57;02-nov-16;03:14:00;29.07;10.57;284.57352;NaN;1.22;0.06;0.51;0.29;NaN;0.969;1.45
18HU16050_1565;1421;46.83167;-61.25083;420124;5.85;02-nov-16;03:14:00;29.03;10.66;284.75216;287.14147;1.37;0.07;0.525;0.305;NaN;1.072;1.845
18HU16050_1565;1421;46.83167;-61.25083;420125;2.78;02-nov-16;03:14:00;29.03;10.64;284.9308;NaN;1.385;0.07;0.53;0.3;NaN;1.071;1.88
18HU16050_1566;1431;46.91517;-61.50183;420126;50.87;02-nov-16;04:42:00;31.28;0.96;254.82996;252.28434;18;0.055;7.565;1.26;NaN;1.084;2.415
18HU16050_1566;1431;46.91517;-61.50183;420127;25.68;02-nov-16;04:42:00;30.1;8.4;272.33668;NaN;6.16;0.1;2.67;0.68;NaN;0.429;0.765
18HU16050_1566;1431;46.91517;-61.50183;420128;15.17;02-nov-16;04:42:00;29.45;9.51;292.83562;NaN;0.92;0.05;0.28;0.295;NaN;1.176;1.46
18HU16050_1566;1431;46.91517;-61.50183;420129;4.86;02-nov-16;04:42:00;29.43;9.56;292.7463;294.17542;0.76;0.05;0.26;0.285;NaN;0.999;1.43
18HU16050_1566;1431;46.91517;-61.50183;420130;1.88;02-nov-16;04:42:00;29.43;9.55;291.89776;NaN;0.775;0.05;0.26;0.275;NaN;1.023;1.395
18HU16050_1567;1441;46.99783;-61.75;420131;35.9;02-nov-16;06:07:00;30.96;3.24;250.81056;245.98728;14.235;0.11;6.115;1.145;NaN;0.861;1.945
18HU16050_1567;1441;46.99783;-61.75;420132;25.39;02-nov-16;06:07:00;30.27;7.38;262.33284;NaN;7.095;0.11;2.795;0.71;NaN;0.43;0.67
18HU16050_1567;1441;46.99783;-61.75;420133;15.57;02-nov-16;06:07:00;29.67;9.51;289.1735;288.14632;1.685;0.055;0.54;0.35;NaN;0.806;0.97
18HU16050_1567;1441;46.99783;-61.75;420134;5.45;02-nov-16;06:07:00;29.64;9.52;290.02204;NaN;1.22;0.05;0.375;0.32;NaN;0.801;1.105
18HU16050_1568;1451;47.1655;-62.24883;420135;35.3;02-nov-16;08:20:00;30.76;3.94;255.36588;254.67365;11.78;0.12;5.82;1.015;NaN;0.404;0.69
18HU16050_1568;1451;47.1655;-62.24883;420136;24.69;02-nov-16;08:20:00;29.89;8.69;285.824;NaN;3.205;0.09;1.435;0.48;NaN;0.396;0.73
18HU16050_1568;1451;47.1655;-62.24883;420137;15.37;02-nov-16;08:20:00;29.74;8.91;289.93272;NaN;1.98;0.08;0.82;0.39;NaN;0.83;1.115
18HU16050_1568;1451;47.1655;-62.24883;420138;5.45;02-nov-16;08:20:00;29.72;8.94;290.15602;291.13854;1.84;0.07;0.76;0.375;NaN;0.802;1.2
18HU16050_1568;1451;47.1655;-62.24883;420139;2.18;02-nov-16;08:20:00;29.72;8.94;290.20068;NaN;1.765;0.08;0.74;0.375;NaN;0.79;1.18
18HU16050_1569;1461;47.33217;-62.74917;420140;44.22;02-nov-16;10:38:00;31.47;0.91;248.62222;247.1931;20.575;0.06;12.205;1.32;NaN;0.737;2.295
18HU16050_1569;1461;47.33217;-62.74917;420141;25.48;02-nov-16;10:38:00;30.34;6.99;283.18906;NaN;5.33;0.11;3.98;0.6;NaN;0.494;0.625
18HU16050_1569;1461;47.33217;-62.74917;420142;15.57;02-nov-16;10:38:00;29.59;9.28;293.01426;NaN;1.58;0.065;0.61;0.3;NaN;0.936;1.045
18HU16050_1569;1461;47.33217;-62.74917;420143;5.85;02-nov-16;10:38:00;29.56;9.26;293.1929;295.31425;1.495;0.065;0.575;0.305;NaN;1.136;1.65
18HU16050_1569;1461;47.33217;-62.74917;420144;2.08;02-nov-16;10:38:00;29.56;9.26;292.65698;NaN;1.495;0.07;0.575;0.295;NaN;1.132;1.395
18HU16050_1570;1471;47.49967;-63.24983;420145;72.58;02-nov-16;15:21:00;31.93;0.54;240.85138;252.5523;22.13;0.02;12.83;1.375;NaN;0.071;0.1
18HU16050_1570;1471;47.49967;-63.24983;420146;50.57;02-nov-16;15:21:00;31.86;0.63;251.2125;NaN;22.04;0.025;13.015;1.37;NaN;0.157;0.075
18HU16050_1570;1471;47.49967;-63.24983;420147;25.09;02-nov-16;15:21:00;29.96;8.37;289.08418;NaN;2.37;0.09667;1.62;0.38;NaN;0.47;0.64
18HU16050_1570;1471;47.49967;-63.24983;420148;15.37;02-nov-16;15:21:00;29.74;8.83;295.96182;NaN;1.805;0.08;0.765;0.315;NaN;1.104;1.5
18HU16050_1570;1471;47.49967;-63.24983;420149;4.86;02-nov-16;15:21:00;29.73;8.85;296.40842;296.85502;1.765;0.075;0.75;0.31;NaN;1.224;1.395
18HU16050_1570;1471;47.49967;-63.24983;420150;2.08;02-nov-16;15:21:00;29.73;8.85;296.72104;NaN;1.76;0.08;0.75;0.305;NaN;1.167;1.615
18HU16050_1571;1481;47.66583;-63.74883;420151;60.78;02-nov-16;17:34:00;31.82;1.73;260.41246;277.67355;12.215;0.02667;9.7;1.07333;NaN;0.074;0.07
18HU16050_1571;1481;47.66583;-63.74883;420152;50.37;02-nov-16;17:34:00;31.57;2.58;285.33274;278.54442;11.895;0.035;9.625;1.085;NaN;0.067;0.085
18HU16050_1571;1481;47.66583;-63.74883;420153;25.38;02-nov-16;17:34:00;30.14;8.43;292.61232;NaN;2.735;0.12;1.32;0.395;NaN;0.355;0.29
18HU16050_1571;1481;47.66583;-63.74883;420154;15.37;02-nov-16;17:34:00;30.03;8.4;296.27444;NaN;2.805;0.12;1.24;0.385;NaN;0.55;0.35
18HU16050_1571;1481;47.66583;-63.74883;420155;4.66;02-nov-16;17:34:00;29.63;8.61;299.6686;300.27151;3.515;0.095;1.265;0.39;NaN;1.491;1.61
18HU16050_1571;1481;47.66583;-63.74883;420156;1.59;02-nov-16;17:34:00;29.6;8.62;299.80258;NaN;3.855;0.09;1.29;0.395;NaN;1.605;1.965
18HU16050_1572;1491;47.77967;-64.047;420157;73.57;02-nov-16;19:53:00;31.88;1.49;256.97364;254.80763;20.44;0.045;11.795;1.31;NaN;0.077;0.115
18HU16050_1572;1491;47.77967;-64.047;420158;49.67;02-nov-16;19:53:00;31.15;4.37;274.16774;273.47551;10.73;0.035;8.62;0.98;NaN;0.097;0.105
18HU16050_1572;1491;47.77967;-64.047;420159;24.79;02-nov-16;19:53:00;29.85;7.96;298.46278;NaN;4.24;0.12;2.135;0.455;NaN;0.957;0.805
18HU16050_1572;1491;47.77967;-64.047;420160;14.68;02-nov-16;19:53:00;29.73;7.98;300.96374;NaN;4.73;0.12;2.34;0.455;NaN;1.342;1.38
18HU16050_1572;1491;47.77967;-64.047;420161;5.45;02-nov-16;19:53:00;29.52;8.31;299.31132;300.67345;4.855;0.12;2.14;0.47;NaN;1.42;1.495
18HU16050_1572;1491;47.77967;-64.047;420162;1.49;02-nov-16;19:53:00;29.52;8.32;299.35598;NaN;4.9;0.12;2.065;0.455;NaN;1.328;1.515
18HU16050_1573;1501;47.832;-64.25267;420163;35.6;02-nov-16;21:17:00;30.54;6.6;266.75418;267.60272;9.69;0.15;5.9;0.8;0.22;0.209;NaN
18HU16050_1573;1501;47.832;-64.25267;420164;25.28;02-nov-16;21:17:00;29.53;8.6;294.71134;NaN;4.755;0.11;2.04;0.475;1.015;1.045;NaN
18HU16050_1573;1501;47.832;-64.25267;420165;15.57;02-nov-16;21:17:00;29.55;9;293.1929;NaN;3.89;0.085;1.25;0.415;1.27;1.194;NaN
18HU16050_1573;1501;47.832;-64.25267;420166;5.06;02-nov-16;21:17:00;29.55;9;293.1929;292.83562;3.73;0.09;1.17;0.405;1.305;1.144;NaN
18HU16050_1573;1501;47.832;-64.25267;420167;2.38;02-nov-16;21:17:00;29.54;9;292.83562;NaN;3.755;0.09;1.17;0.395;1.275;1.161;NaN
18HU16050_1574;1511;47.93433;-65.247;420168;65.93;03-nov-16;01:55:00;31.57;1.96;243.12904;239.62323;24.63;0.03333;11.975;1.31667;0.175;0.132;NaN
18HU16050_1574;1511;47.93433;-65.247;420169;50.67;03-nov-16;01:55:00;30.96;3.23;230.71356;230.8922;24.05;0.03;11.86;1.29;0.145;0.144;NaN
18HU16050_1574;1511;47.93433;-65.247;420170;25.78;03-nov-16;01:55:00;29.7;7.8;258.62606;NaN;11.315;0.10667;6.775;0.83667;0.255;0.312;NaN
18HU16050_1574;1511;47.93433;-65.247;420171;15.47;03-nov-16;01:55:00;28.87;8.66;286.9405;NaN;5.085;0.10667;1.99667;0.45333;0.48;0.58;NaN
18HU16050_1574;1511;47.93433;-65.247;420172;5.55;03-nov-16;01:55:00;28.77;8.54;292.523;293.88513;4.88;0.105;1.755;0.44;0.495;0.601;NaN
18HU16050_1574;1511;47.93433;-65.247;420173;2.38;03-nov-16;01:55:00;28.77;8.55;292.92494;NaN;4.89;0.115;1.77;0.445;0.49;0.649;NaN
18HU16050_1575;1521;47.9995;-65.748;420174;25.78;03-nov-16;03:43:00;29.93;7.36;229.82036;233.16986;15.44;0.175;7.095;0.98;0.37;0.374;NaN
18HU16050_1575;1521;47.9995;-65.748;420175;15.17;03-nov-16;03:43:00;29.1;8.58;280.2415;NaN;8.37;0.15;4.335;0.66;0.41;0.45;NaN
18HU16050_1575;1521;47.9995;-65.748;420176;5.55;03-nov-16;03:43:00;28.52;8.42;296.18512;293.23756;5.245;0.105;1.735;0.43;0.73;1.112;NaN
18HU16050_1575;1521;47.9995;-65.748;420177;1.78;03-nov-16;03:43:00;28.52;8.41;296.36376;NaN;5.445;0.105;1.595;0.425;0.945;1.008;NaN
18HU16050_1576;391;47.91383;-69.77717;419426;106.47;18-oct-16;15:29:00;29.83;3.57;268.54058;267.58039;14.4;0.065;12.92;1.19;0.34;0.264;NaN
18HU16050_1576;391;47.91383;-69.77717;419427;50.07;18-oct-16;15:29:00;29.47;3.79;271.04154;NaN;14.385;0.07;12.835;1.165;0.29;0.309;NaN
18HU16050_1576;391;47.91383;-69.77717;419428;25.88;18-oct-16;15:29:00;28.53;4.23;275.1056;NaN;14.35;0.065;12.82;1.145;0.225;0.308;NaN
18HU16050_1576;391;47.91383;-69.77717;419429;10.11;18-oct-16;15:29:00;27.95;4.46;276.93666;276.6687;14.6;0.07;12.99;1.12;0.31;0.256;NaN
18HU16050_1576;391;47.91383;-69.77717;419430;1.88;18-oct-16;15:29:00;26.16;5.31;288.54826;NaN;14.515;0.075;12.845;1.07;0.32;0.297;NaN
18HU16050_1577;441;47.50417;-70.14183;419431;24.39;18-oct-16;20:17:00;24.93;5.66;284.79682;284.19391;12.285;0.08;12.665;1.035;0.73;0.491;NaN
18HU16050_1577;441;47.50417;-70.14183;419432;10.51;18-oct-16;20:17:00;24.63;5.78;286.18128;288.34729;14.32;0.07667;12.40667;0.98;0.58;0.419;NaN
18HU16050_1577;441;47.50417;-70.14183;419433;1.39;18-oct-16;20:17:00;22.08;6.71;291.71912;NaN;13.195;0.075;11.965;0.94;0.665;0.377;NaN
18HU16050_1578;471;47.2275;-70.57583;419435;23.4;18-oct-16;23:39:00;17.28;8.49;296.58706;295.76085;9.625;0.06;8.09;0.635;0.735;0.572;NaN
18HU16050_1578;471;47.2275;-70.57583;419436;10.81;18-oct-16;23:39:00;15.87;8.97;297.79288;297.10065;14.07;0.08;11.635;0.73667;0.87;0.602;NaN
18HU16050_1578;471;47.2275;-70.57583;419437;2.48;18-oct-16;23:39:00;13.95;9.55;301.455;NaN;8.035;0.075;10.64;0.59;0.76;0.552;NaN
18HU16050_1579;481;47.34983;-70.33767;419438;15.37;19-oct-16;03:20:00;19.89;7.51;293.77348;293.95212;14.025;0.07;12.00333;0.85;0.84;0.552;NaN
18HU16050_1579;481;47.34983;-70.33767;419439;10.02;19-oct-16;03:20:00;19.72;7.57;294.26474;293.8628;13.295;0.07;12.215;0.88;0.975;0.596;NaN
18HU16050_1579;481;47.34983;-70.33767;419440;2.28;19-oct-16;03:20:00;19.67;7.59;294.13076;NaN;12.54;0.07;11.1;0.83;0.92;0.584;NaN
18HU16050_1580;501;47.82833;-69.66917;419441;15.87;19-oct-16;06:39:00;25.71;5.78;296.58706;298.1055;12.185;0.085;11.42;1.035;0.885;0.799;NaN
18HU16050_1580;501;47.82833;-69.66917;419442;2.28;19-oct-16;06:39:00;25.7;5.79;299.04336;297.05599;14.145;0.085;12.35;1.055;1.55;0.873;NaN
18HU16050_1581;701;47.78867;-64.03783;419518;75.55;21-oct-16;18:31:00;31.97;1.43;260.09984;261.72993;19.85;0.05;11.605;1.29333;0.14;0.096;NaN
18HU16050_1581;701;47.78867;-64.03783;419519;50.57;21-oct-16;18:31:00;31.02;4;269.61242;270.193;12.52;0.09;9.125;1.07;0.12;0.107;NaN
18HU16050_1581;701;47.78867;-64.03783;419520;25.88;21-oct-16;18:31:00;29.41;10.46;285.91332;NaN;3.065;0.04;0.42333;0.31333;1.385;1.522;NaN
18HU16050_1581;701;47.78867;-64.03783;419521;15.57;21-oct-16;18:31:00;29.4;10.49;286.4939;NaN;2.915;0.02;0.235;0.315;1.715;1.399;NaN
18HU16050_1581;701;47.78867;-64.03783;419522;6.74;21-oct-16;18:31:00;29.4;10.49;285.86866;286.2706;2.90333;0.03;0.26;0.335;1.65;1.343;NaN
18HU16050_1581;701;47.78867;-64.03783;419523;2.48;21-oct-16;18:31:00;29.4;10.49;286.76186;NaN;2.94667;0.035;0.255;0.31;1.605;1.283;NaN
