CTD;CTD;CTD;CTD;CTD;CTD;CTD;CTD;CTD;CTD;labo;labo;labo;labo;labo;labo;labo;CTD
Fichier;Station;Latitude;Longitude;Echantillon;zbouteille;Date;Heure;PSAL;TE90;OXYM_01;Si_01;NO2_01;PO4_01;NOx_01;CHL_01;CHL_03;FLOR
(nom);(nom/no);(degres);(degres);(no_unique);(dbar);(jj-mmm-yyyy);(GMT);(psu);(celsius);(mmol/m**3);(mmol/m**3);(mmol/m**3);(mmol/m**3);(mmol/m**3);(mg/m**3);(mg/m**3);(mg/m**3)
18MF01015_572;421;47.58333;-59.34317;217691;250.83;05-jun-01;10:54:00;34.64;6.17;177.5235;18.88;0.07;1.44;20.76;NaN;NaN;2.112
18MF01015_572;421;47.58333;-59.34317;217692;199.82;05-jun-01;10:54:00;34.2;5.3;NaN;14.515;0.1;1.29;17.075;NaN;NaN;2.158
18MF01015_572;421;47.58333;-59.34317;217693;100.63;05-jun-01;10:54:00;32.57;0.69;NaN;3.745;0.085;0.8;5.405;0.37;0.335;2.388
18MF01015_572;421;47.58333;-59.34317;217694;49.77;05-jun-01;10:54:00;31.85;4.43;NaN;0.62;0.025;0.37;0.77;0.4;0.36;2.64
18MF01015_572;421;47.58333;-59.34317;217695;25.29;05-jun-01;10:54:00;31.65;6.9;NaN;0.385;0.005;0.25;0.17;0.435;0.28;2.881
18MF01015_572;421;47.58333;-59.34317;217696;14.77;05-jun-01;10:54:00;31.35;7.19;NaN;0.45;0.015;0.235;0.17;0.765;0.49;3.177
18MF01015_572;421;47.58333;-59.34317;217697;5.45;05-jun-01;10:54:00;31.32;7.2;NaN;0.355;0.01;0.19;0.27;0.795;0.555;3.32
18MF01015_572;421;47.58333;-59.34317;217698;2.48;05-jun-01;10:54:00;31.43;7.17;342.0956;0.51;0.01;0.15;0.145;0.63;0.4;3.193
18MF01015_573;431;47.434;-59.558;217699;463.28;05-jun-01;12:53:00;34.87;5.04;211.9117;23.07;0.01;1.33;20.335;NaN;NaN;2.138
18MF01015_573;431;47.434;-59.558;217700;399.84;05-jun-01;12:53:00;34.87;5.03;NaN;24.81;0.01;1.4;20.35;NaN;NaN;2.073
18MF01015_573;431;47.434;-59.558;217701;299.26;05-jun-01;12:53:00;34.76;5.85;NaN;20.26;0.015;1.48;21.545;NaN;NaN;2.115
18MF01015_573;431;47.434;-59.558;217702;200.61;05-jun-01;12:53:00;34.13;5.46;NaN;13.645;0.07;1.225;16.405;NaN;NaN;2.097
18MF01015_573;431;47.434;-59.558;217703;99.34;05-jun-01;12:53:00;32.51;0.07;NaN;2.83;0.075;0.805;4.785;0.735;0.615;2.505
18MF01015_573;431;47.434;-59.558;217704;51.76;05-jun-01;12:53:00;32.29;0.68;NaN;0.35;0.04;0.575;1.655;0.99;0.795;3.261
18MF01015_573;431;47.434;-59.558;217705;25.29;05-jun-01;12:53:00;32.2;1.37;NaN;0.835;0.035;0.505;1.295;0.575;0.435;2.483
18MF01015_573;431;47.434;-59.558;217706;15.07;05-jun-01;12:53:00;32.16;1.68;NaN;0.68;0.035;0.465;1.12;0.5;0.32;2.587
18MF01015_573;431;47.434;-59.558;217707;4.86;05-jun-01;12:53:00;32.06;3.37;NaN;0.615;0.02;0.38;0.58;0.805;0.625;2.522
18MF01015_573;431;47.434;-59.558;217708;2.68;05-jun-01;12:53:00;31.93;6.19;346.7849;0.48667;0.01;0.295;0.06;0.43;0.255;2.038
18MF01015_574;441;47.2715;-59.78333;217709;449.92;05-jun-01;14:33:00;34.86;5.12;193.8244;34.08;0.02;1.575;23.005;NaN;NaN;2.027
18MF01015_574;441;47.2715;-59.78333;217710;400.44;05-jun-01;14:33:00;34.84;5.16;NaN;30.86;0.015;1.645;21.425;NaN;NaN;2.045
18MF01015_574;441;47.2715;-59.78333;217711;300.06;05-jun-01;14:33:00;34.71;5.44;NaN;25.76;0.015;1.77;20.945;NaN;NaN;2.035
18MF01015_574;441;47.2715;-59.78333;217712;200.32;05-jun-01;14:33:00;34.36;5.98;NaN;19.32;0.04;1.425;18.83;NaN;NaN;2.045
18MF01015_574;441;47.2715;-59.78333;217713;100.83;05-jun-01;14:33:00;32.69;0.44;NaN;3.88;0.075;0.835;4.595;0.265;0.215;2.433
18MF01015_574;441;47.2715;-59.78333;217714;49.48;05-jun-01;14:33:00;32.41;0.39;NaN;1.47;0.065;0.78;4.21;1.58;1.28;3.864
18MF01015_574;441;47.2715;-59.78333;217715;24.69;05-jun-01;14:33:00;32.14;1.4;NaN;1.06;0.035;0.48;0.955;1.1;0.92;4.964
18MF01015_574;441;47.2715;-59.78333;217716;14.48;05-jun-01;14:33:00;31.96;4.84;NaN;0.54;0.015;0.31;0.055;0.485;0.31;2.252
18MF01015_574;441;47.2715;-59.78333;217717;4.86;05-jun-01;14:33:00;31.66;6.51;NaN;0.425;0.01;0.34;0.055;0.375;0.23;1.909
18MF01015_574;441;47.2715;-59.78333;217718;2.88;05-jun-01;14:33:00;31.67;6.53;344.1053;0.435;0.015;0.335;0.035;0.415;0.275;1.97
18MF01015_575;451;47.10017;-59.99167;217719;315.61;05-jun-01;17:07:00;34.59;5.61;140.679;30.015;0.03;1.7;22.3;NaN;NaN;2.511
18MF01015_575;451;47.10017;-59.99167;217720;300.26;05-jun-01;17:07:00;34.57;5.71;NaN;28.37;0.03;1.635;22.125;NaN;NaN;2.37
18MF01015_575;451;47.10017;-59.99167;217721;200.03;05-jun-01;17:07:00;34.18;5.26;NaN;22.515;0.04;1.505;18.925;NaN;NaN;2.22
18MF01015_575;451;47.10017;-59.99167;217722;99.54;05-jun-01;17:07:00;32.67;0.75;NaN;9.575;0.055;1.125;9.71;0.185;0.17;2.174
18MF01015_575;451;47.10017;-59.99167;217723;51.07;05-jun-01;17:07:00;32.09;0.21;NaN;4.695;0.07;0.86;5.08;0.32;0.29;2.553
18MF01015_575;451;47.10017;-59.99167;217724;24.29;05-jun-01;17:07:00;31.86;1.31;NaN;1.595;0.04;0.72;2.005;0.495;0.315;2.637
18MF01015_575;451;47.10017;-59.99167;217725;14.28;05-jun-01;17:07:00;31.5;4.82;NaN;0.725;0.015;0.465;0.33;0.75;0.48;2.954
18MF01015_575;451;47.10017;-59.99167;217726;4.46;05-jun-01;17:07:00;30.09;8.22;NaN;0.68;0.01;0.35;0.015;0.635;0.38;2.384
18MF01015_575;451;47.10017;-59.99167;217727;0.99;05-jun-01;17:07:00;30.09;8.26;333.3869;0.675;0.01;0.35;0.015;0.69;0.52;2.417
18MF01015_576;461;47.02333;-60.11617;217728;174.76;05-jun-01;18:49:00;34.09;4.85;166.1352;24.76;0.075;1.615;19.3;NaN;NaN;2.644
18MF01015_576;461;47.02333;-60.11617;217729;100.83;05-jun-01;18:49:00;32.75;1.07;NaN;9.13;0.075;1.05;9.275;0.12;0.105;2.249
18MF01015_576;461;47.02333;-60.11617;217730;50.27;05-jun-01;18:49:00;31.83;1.04;NaN;2.48;0.065;0.705;2.805;0.205;0.13;2.422
18MF01015_576;461;47.02333;-60.11617;217731;24.3;05-jun-01;18:49:00;30.96;3.57;NaN;1.12;0.02;0.49;0.355;0.905;0.605;4.027
18MF01015_576;461;47.02333;-60.11617;217732;14.68;05-jun-01;18:49:00;30.49;3.72;NaN;1.3;0.025;0.46;0.485;0.905;0.6;3.91
18MF01015_576;461;47.02333;-60.11617;217733;5.85;05-jun-01;18:49:00;30.21;6.78;NaN;0.965;0.01;0.37;0.15;0.805;0.61;3.157
18MF01015_576;461;47.02333;-60.11617;217734;2.38;05-jun-01;18:49:00;30.23;6.49;357.28;1.03;0.015;0.385;0.21;0.795;0.445;2.951
18MF01015_577;471;46.95867;-60.21667;217735;64.45;05-jun-01;20:26:00;32.29;0.94;338.0762;7.165;0.085;0.925;6.5;NaN;NaN;2.731
18MF01015_577;471;46.95867;-60.21667;217736;49.98;05-jun-01;20:26:00;31.97;0.82;NaN;4.965;0.085;0.83;4.605;0.33;0.15;2.315
18MF01015_577;471;46.95867;-60.21667;217737;25.19;05-jun-01;20:26:00;31.17;1.41;NaN;2.135;0.04;0.63;1.415;0.14;0.13;2.466
18MF01015_577;471;46.95867;-60.21667;217738;14.88;05-jun-01;20:26:00;30.85;3.3;NaN;1.245;0.025;0.49;0.385;0.765;0.55;3.822
18MF01015_577;471;46.95867;-60.21667;217739;5.26;05-jun-01;20:26:00;30.08;7.58;NaN;1.01;0.015;0.36;0.095;0.71;0.48;3.971
18MF01015_577;471;46.95867;-60.21667;217740;0.79;05-jun-01;20:26:00;30.03;7.95;346.5616;0.85;0.015;0.295;0.02;0.615;0.365;3.539
18MF01015_578;481;46.74467;-60.99967;217741;50.47;06-jun-01;00:36:00;31.9;0.49;368.2217;4.385;0.085;0.78;3.865;0.22;0.17;2.536
18MF01015_578;481;46.74467;-60.99967;217743;25.19;06-jun-01;00:36:00;30.98;3.71;NaN;1.255;0.015;0.395;0.15;0.755;0.43;3.765
18MF01015_578;481;46.74467;-60.99967;217744;15.17;06-jun-01;00:36:00;29.74;6.97;NaN;0.855;0.015;0.345;0.025;1.17;1.05;5.34
18MF01015_578;481;46.74467;-60.99967;217745;4.96;06-jun-01;00:36:00;29.57;8.51;NaN;0.725;0.005;0.285;0.04;0.84;0.55;4.428
18MF01015_578;481;46.74467;-60.99967;217746;0.99;06-jun-01;00:36:00;29.43;10.08;331.6005;0.75;0.005;0.28;0.025;0.75;0.46;4.071
18MF01015_579;491;46.82983;-61.25033;217747;50.17;06-jun-01;01:59:00;31.33;-0.32;NaN;5.13;0.065;0.84;3.335;0.02;0.02;2.379
18MF01015_579;491;46.82983;-61.25033;217748;24.79;06-jun-01;01:59:00;30.96;2.02;NaN;1.245;0.025;0.54;0.64;1.705;1.29;6.592
18MF01015_579;491;46.82983;-61.25033;217749;14.97;06-jun-01;01:59:00;30.48;8.41;NaN;0.63;0;0.35;0.015;0.675;0.385;3.669
18MF01015_579;491;46.82983;-61.25033;217750;4.96;06-jun-01;01:59:00;30.43;9.76;NaN;0.52;0;0.35;0.025;0.57;0.33;3.879
18MF01015_579;491;46.82983;-61.25033;217751;0.99;06-jun-01;01:59:00;30.42;9.98;331.8238;0.63;0;0.35;0.025;0.73;0.42;3.951
18MF01015_580;501;46.90217;-61.49967;217752;45.42;06-jun-01;03:21:00;31.27;-0.11;NaN;5.32667;0.06;0.735;2.765;0.21;0.15;2.518
18MF01015_580;501;46.90217;-61.49967;217753;25.09;06-jun-01;03:21:00;30.83;2.63;NaN;0.76;0.005;0.37;0.02;0.67;0.435;3.78
18MF01015_580;501;46.90217;-61.49967;217754;15.07;06-jun-01;03:21:00;30.5;7.65;NaN;0.495;0.005;0.36;0.025;0.79;0.515;4.836
18MF01015_580;501;46.90217;-61.49967;217755;5.26;06-jun-01;03:21:00;30.35;9.44;NaN;0.45;0.005;0.35;0.045;0.69;0.425;3.934
18MF01015_580;501;46.90217;-61.49967;217756;0.89;06-jun-01;03:21:00;30.35;9.51;NaN;0.41;0.015;0.335;0.05;0.565;0.375;3.994
18MF01015_581;511;47.00017;-61.74983;217757;35.7;06-jun-01;05:09:00;31.04;1.39;NaN;2.85;0.035;0.55;0.895;1.185;0.955;4.374
18MF01015_581;511;47.00017;-61.74983;217758;24.99;06-jun-01;05:09:00;31.01;1.58;NaN;3.085;0.03;0.55;0.835;1.4;1.255;4.707
18MF01015_581;511;47.00017;-61.74983;217759;15.17;06-jun-01;05:09:00;30.81;3.45;NaN;1.39;0.005;0.38;0.03;0.79;0.465;3.757
18MF01015_581;511;47.00017;-61.74983;217760;4.96;06-jun-01;05:09:00;30.6;9.01;NaN;0.47;0.01;0.31;0.02;0.57;0.315;3.703
18MF01015_581;511;47.00017;-61.74983;217761;1.79;06-jun-01;05:09:00;30.6;9.13;NaN;0.575;0.005;0.34;0.02;0.64;0.36;3.854
18MF01015_582;521;47.17017;-62.24983;217762;35.1;06-jun-01;07:22:00;31.18;1.17;NaN;2.63;0.035;0.59;0.645;1.05;0.93;4.655
18MF01015_582;521;47.17017;-62.24983;217763;24.99;06-jun-01;07:22:00;31.15;1.41;NaN;2.7;0.03;0.605;0.63;1.37;1.115;5.536
18MF01015_582;521;47.17017;-62.24983;217764;15.07;06-jun-01;07:22:00;31;2.82;NaN;1.985;0.01;0.465;0.13;1.81;1.535;7.12
18MF01015_582;521;47.17017;-62.24983;217765;4.96;06-jun-01;07:22:00;30.67;8.79;NaN;0.615;0;0.34;0.04;0.71;0.435;3.663
18MF01015_582;521;47.17017;-62.24983;217766;0.89;06-jun-01;07:22:00;30.66;8.94;NaN;0.67;0.005;0.35;0.04;0.715;0.4;3.772
18MF01015_583;531;47.33033;-62.74867;217767;50.27;06-jun-01;12:41:00;31.2;-0.12;NaN;8.015;0.11;0.935;5.76;0.15;0.155;2.679
18MF01015_583;531;47.33033;-62.74867;217768;24.79;06-jun-01;12:41:00;30.93;2.69;NaN;2.15;0.05;0.54;2.085;0.755;0.41;3.771
18MF01015_583;531;47.33033;-62.74867;217769;14.87;06-jun-01;12:41:00;30.85;7.55;NaN;0.57;0.01;0.36;0.14;0.9;0.64;3.988
18MF01015_583;531;47.33033;-62.74867;217770;4.96;06-jun-01;12:41:00;30.82;8.22;NaN;0.575;0;0.32;0.045;0.795;0.565;3.662
18MF01015_583;531;47.33033;-62.74867;217771;1.09;06-jun-01;12:41:00;30.82;8.28;NaN;0.66;0;0.32;0.045;0.84;0.62;3.184
18MF01015_584;541;47.5;-63.2495;217772;75.35;06-jun-01;14:44:00;31.24;-0.51;NaN;8.245;0.1;1.09;4.81;0.155;0.255;2.666
18MF01015_584;541;47.5;-63.2495;217773;50.07;06-jun-01;14:44:00;31.18;-0.14;NaN;3.905;0.08;1.07;3.81;0.015;0.025;2.453
18MF01015_584;541;47.5;-63.2495;217774;24.69;06-jun-01;14:44:00;30.79;1.4;NaN;4.585;0.09;0.755;4.13;0.095;0.09;2.126
18MF01015_584;541;47.5;-63.2495;217775;14.58;06-jun-01;14:44:00;30.66;6.23;NaN;1.735;0.02;0.46;0.96;1.695;1.49;7.144
18MF01015_584;541;47.5;-63.2495;217776;4.86;06-jun-01;14:44:00;30.65;8.43;NaN;0.695;0;0.355;0.065;0.82;0.605;2.984
18MF01015_584;541;47.5;-63.2495;217777;0.99;06-jun-01;14:44:00;30.64;8.52;NaN;0.62;0;0.325;0.02;0.79;0.585;2.695
18MF01015_585;551;47.65967;-63.74983;217778;60.58;06-jun-01;16:52:00;31.09;-0.56;NaN;8.875;0.11;1.145;6.49;0.185;0.16;2.567
18MF01015_585;551;47.65967;-63.74983;217779;50.47;06-jun-01;16:52:00;30.94;-0.1;NaN;4.2;0.085;0.92;3.905;0.06;0.045;2.467
18MF01015_585;551;47.65967;-63.74983;217780;24.69;06-jun-01;16:52:00;30.79;3.86;NaN;0.77;0.01;0.445;0.385;1.855;1.58;7.164
18MF01015_585;551;47.65967;-63.74983;217781;14.97;06-jun-01;16:52:00;30.53;7.54;NaN;0.565;0;0.32;0.015;0.91;0.75;4.462
18MF01015_585;551;47.65967;-63.74983;217782;4.86;06-jun-01;16:52:00;30.11;8.08;NaN;0.69;0.005;0.28;0.03;0.8;0.595;3.65
18MF01015_585;551;47.65967;-63.74983;217783;1.29;06-jun-01;16:52:00;30.12;8.14;NaN;0.725;0.005;0.285;0.03;0.8;0.51;3.143
18MF01015_586;561;47.74;-63.9995;217784;75.55;06-jun-01;18:08:00;31.76;-0.35;NaN;20.975;0.18;1.345;11.145;0.265;0.345;2.682
18MF01015_586;561;47.74;-63.9995;217785;50.07;06-jun-01;18:08:00;31.09;-0.73;NaN;11.115;0.115;1.2;8.465;0.05;0.05;2.542
18MF01015_586;561;47.74;-63.9995;217786;25.29;06-jun-01;18:08:00;30.62;1.2;NaN;6.53;0.105;0.955;5.355;0.1;0.1;2.298
18MF01015_586;561;47.74;-63.9995;217787;14.68;06-jun-01;18:08:00;30.03;7.04;NaN;1.46;0.01;0.34;0.46;2.05;1.75;7.837
18MF01015_586;561;47.74;-63.9995;217788;5.26;06-jun-01;18:08:00;29.91;7.81;NaN;1.1;0;0.28;0.015;0.875;0.86;3.024
18MF01015_586;561;47.74;-63.9995;217789;1.09;06-jun-01;18:08:00;29.88;8.44;NaN;1.045;0.01;0.285;0.04;0.805;0.715;2.723
18MF01015_587;571;47.82967;-64.24983;217790;40.26;06-jun-01;19:22:00;30.79;0.4;NaN;7.44;0.1;0.985;5.135;0.42;0.345;2.892
18MF01015_587;571;47.82967;-64.24983;217791;24.39;06-jun-01;19:22:00;30.64;1.97;NaN;6.01;0.085;0.825;3.915;0.325;0.285;3.231
18MF01015_587;571;47.82967;-64.24983;217792;14.87;06-jun-01;19:22:00;30.58;4.03;NaN;1.235;0.025;0.545;1.015;0.715;0.445;3.774
18MF01015_587;571;47.82967;-64.24983;217793;5.26;06-jun-01;19:22:00;29.73;7.92;NaN;1.165;0.005;0.32;0.07;2.2;1.84;9.162
18MF01015_587;571;47.82967;-64.24983;217794;1.39;06-jun-01;19:22:00;29.58;8.31;NaN;1.2;0.005;0.295;0.07;1.335;1.23;5.041
