CTD;CTD;CTD;CTD;CTD;CTD;CTD;CTD;CTD;CTD;CTD;labo;labo;labo;labo;labo;labo;CTD
Fichier;Station;Latitude;Longitude;Echantillon;zbouteille;Date;Heure;PSAL;TE90;DOXY;OXYM_01;Si_01;NO2_01;PO4_01;NOx_01;CHL_03;FLOR
(nom);(nom/no);(degres);(degres);(no_unique);(dbar);(jj-mmm-yyyy);(GMT);(psu);(celsius);(ml/l);(mmol/m**3);(mmol/m**3);(mmol/m**3);(mmol/m**3);(mmol/m**3);(mg/m**3);(mg/m**3)
18MF02023_604;261;47.58783;-59.33867;218291;229.34;01-jun-02;18:41:00;34.57;6.22;175.42448;173.7274;11.945;0.035;1.365;16.755;NaN;1.914
18MF02023_604;261;47.58783;-59.33867;218292;202.1;01-jun-02;18:41:00;34.15;5.18;201.55058;NaN;7.95;0.025;1.245;15.9;NaN;1.786
18MF02023_604;261;47.58783;-59.33867;218293;99.04;01-jun-02;18:41:00;32.52;0.83;312.03942;NaN;5.29;0.1;0.875;6.44;1.295;6.247
18MF02023_604;261;47.58783;-59.33867;218294;49.97;01-jun-02;18:41:00;32.1;0.91;336.91504;NaN;2.195;0.085;0.65;3.62;3.525;17.93
18MF02023_604;261;47.58783;-59.33867;218295;25.19;01-jun-02;18:41:00;31.69;3.21;357.99456;NaN;0.445;0.015;0.32;0.38;1.965;19.88
18MF02023_604;261;47.58783;-59.33867;218296;14.58;01-jun-02;18:41:00;31.5;3.86;358.79844;NaN;0.325;0.01;0.31;0.16;1.45;12.715
18MF02023_604;261;47.58783;-59.33867;218297;4.96;01-jun-02;18:41:00;31.36;4.12;357.90524;NaN;0.25;0.01;0.285;0.1;1.32;5.365
18MF02023_604;261;47.58783;-59.33867;218298;2.78;01-jun-02;18:41:00;31.37;4.1;358.75378;360.4062;0.215;0.01;0.295;0.09;1.43;4.834
18MF02023_605;271;47.43467;-59.5555;218299;462.39;01-jun-02;22:36:00;34.86;5.14;170.73518;168.8148;25.485;0.01;1.535;17.225;NaN;1.819
18MF02023_605;271;47.43467;-59.5555;218300;400.34;01-jun-02;22:36:00;34.86;5.16;168.32354;NaN;25.875;0.01;1.58;18.89333;NaN;1.606
18MF02023_605;271;47.43467;-59.5555;218301;300.75;01-jun-02;22:36:00;34.79;5.51;152.91584;NaN;25.03;0.01;1.585;19.42667;NaN;1.472
18MF02023_605;271;47.43467;-59.5555;218302;200.12;01-jun-02;22:36:00;34.65;6.59;167.74296;NaN;15;0.02;1.36;17.03;NaN;1.431
18MF02023_605;271;47.43467;-59.5555;218303;99.93;01-jun-02;22:36:00;32.38;0.38;315.70154;NaN;7.73;0.125;0.925;7.045;0.315;1.815
18MF02023_605;271;47.43467;-59.5555;218304;50.77;01-jun-02;22:36:00;31.82;0.71;354.73438;NaN;3.43;0.08;0.67;2.675;0.435;3.449
18MF02023_605;271;47.43467;-59.5555;218305;25.38;01-jun-02;22:36:00;31.51;0.85;356.92272;NaN;3.03;0.05;0.68;2.025;0.32;3.069
18MF02023_605;271;47.43467;-59.5555;218306;15.07;01-jun-02;22:36:00;31.21;4.22;350.22372;NaN;1.045;0.01;0.44;0.36;1.91;15.105
18MF02023_605;271;47.43467;-59.5555;218307;4.76;01-jun-02;22:36:00;30.93;4.85;342.49754;NaN;1.515;0.02;0.56333;0.555;1.38;12.744
18MF02023_605;271;47.43467;-59.5555;218308;2.38;01-jun-02;22:36:00;30.95;4.82;343.03346;345.8917;1.5;0.02;0.52;0.545;1.38;12.894
18MF02023_606;281;47.2725;-59.78317;218309;454.87;02-jun-02;01:52:00;34.86;5.14;170.73518;169.0381;25.595;0.01;1.505;17.365;NaN;1.772
18MF02023_606;281;47.2725;-59.78317;218310;400.34;02-jun-02;01:52:00;34.85;5.24;167.65364;NaN;25.515;0.01;1.395;12.555;NaN;1.615
18MF02023_606;281;47.2725;-59.78317;218311;301.84;02-jun-02;01:52:00;34.72;5.75;143.3586;NaN;23.785;0.01;1.545;17.375;NaN;1.599
18MF02023_606;281;47.2725;-59.78317;218312;199.13;02-jun-02;01:52:00;34.14;4.89;156.31;NaN;19.075;0.075;1.505;13.76;NaN;1.685
18MF02023_606;281;47.2725;-59.78317;218313;100.93;02-jun-02;01:52:00;32.53;0.69;309.7171;NaN;6.92;0.05;0.895;6.65333;0.05;1.571
18MF02023_606;281;47.2725;-59.78317;218314;49.78;02-jun-02;01:52:00;31.83;1.35;360.8528;NaN;0.525;0.015;0.545;0.29;1.5;6.093
18MF02023_606;281;47.2725;-59.78317;218315;24.49;02-jun-02;01:52:00;31.42;2.65;366.212;NaN;0.745;0.01;0.455;0.2;1.48;11.424
18MF02023_606;281;47.2725;-59.78317;218316;15.37;02-jun-02;01:52:00;31.04;4.24;344.90918;NaN;1.24;0.015;0.76;0.58;0.89;6.899
18MF02023_606;281;47.2725;-59.78317;218317;5.26;02-jun-02;01:52:00;31;4.75;341.29172;NaN;1.415;0.015;0.585;0.61;0.685;5.821
18MF02023_606;281;47.2725;-59.78317;218318;1.79;02-jun-02;01:52:00;30.99;4.99;341.649;342.9888;1.39;0.02;0.575;0.6;0.715;5.784
18MF02023_607;291;47.09983;-59.9905;218319;321.65;02-jun-02;06:47:00;34.8;5.48;149.70032;145.8149;25.5;0.025;1.675;17.97;NaN;1.47
18MF02023_607;291;47.09983;-59.9905;218320;301.35;02-jun-02;06:47:00;34.75;5.62;147.77994;NaN;25.055;0.03;1.59;16.54;NaN;1.354
18MF02023_607;291;47.09983;-59.9905;218321;201.81;02-jun-02;06:47:00;34.31;5.36;157.73912;NaN;19.245;0.1;1.57;17.655;NaN;1.428
18MF02023_607;291;47.09983;-59.9905;218322;99.24;02-jun-02;06:47:00;32.3;0.36;316.23746;NaN;5.7;0.075;0.91;5.96;0.05;1.391
18MF02023_607;291;47.09983;-59.9905;218323;50.57;02-jun-02;06:47:00;31.85;1.23;362.14794;NaN;1.055;0.03;0.58;0.975;0.335;2.695
18MF02023_607;291;47.09983;-59.9905;218324;24.99;02-jun-02;06:47:00;31.32;2.53;366.52462;NaN;0.53;0.01;0.45;0.085;5.28;44.265
18MF02023_607;291;47.09983;-59.9905;218325;15.27;02-jun-02;06:47:00;31.07;5.12;352.94798;NaN;0.45;0.01;0.4;0.095;1.92;15.823
18MF02023_607;291;47.09983;-59.9905;218326;5.16;02-jun-02;06:47:00;30.96;5.37;347.27616;NaN;0.76;0.015;0.43;0.285;1.585;11.452
18MF02023_607;291;47.09983;-59.9905;218327;2.58;02-jun-02;06:47:00;30.96;5.37;347.05286;344.1053;0.885;0.015;0.455;0.31;1.55;11.288
18MF02023_608;301;47.02167;-60.11583;218328;171.39;02-jun-02;09:16:00;33.89;4.15;169.0381;167.475;19.095;0.1;1.55;17.065;NaN;1.589
18MF02023_608;301;47.02167;-60.11583;218329;100.24;02-jun-02;09:16:00;32.84;1.85;268.13864;NaN;10.7;0.14;1.11;8.87;0.085;1.534
18MF02023_608;301;47.02167;-60.11583;218330;51.17;02-jun-02;09:16:00;31.67;0.38;357.59262;NaN;2.2;0.04;0.67;1.63;0.245;2.207
18MF02023_608;301;47.02167;-60.11583;218331;26.18;02-jun-02;09:16:00;31.13;2.98;340.21988;NaN;1.84;0.02;0.575;0.79;0.285;4.142
18MF02023_608;301;47.02167;-60.11583;218332;15.17;02-jun-02;09:16:00;31.12;4.04;340.62182;NaN;1.535;0.03;0.615;0.84;0.56;5.441
18MF02023_608;301;47.02167;-60.11583;218333;4.86;02-jun-02;09:16:00;30.63;5.64;332.98496;NaN;0.53;0.015;0.43;0.145;1.185;10.675
18MF02023_608;301;47.02167;-60.11583;218334;1.19;02-jun-02;09:16:00;30.41;6.46;334.36942;332.2704;0.26;0.01;0.395;0.05;1.385;10.483
18MF02023_609;311;46.95567;-60.21533;218335;73.47;02-jun-02;11:03:00;32.24;0.76;319.89958;320.4355;6.775;0.09;0.875;5.24;0.09;2.276
18MF02023_609;311;46.95567;-60.21533;218336;50.17;02-jun-02;11:03:00;31.46;1.36;357.23534;NaN;2.51;0.03;0.61;1.11;0.175;2.513
18MF02023_609;311;46.95567;-60.21533;218337;24.49;02-jun-02;11:03:00;30.99;3.93;358.1732;NaN;0.995;0.015;0.48;0.36;1.61;13.184
18MF02023_609;311;46.95567;-60.21533;218338;14.08;02-jun-02;11:03:00;30.33;6.08;349.4645;NaN;0.515;0.015;0.39;0.185;1.305;10.366
18MF02023_609;311;46.95567;-60.21533;218339;5.16;02-jun-02;11:03:00;30.29;6.6;341.91696;NaN;0.365;0.01;0.41;0.11;1.495;6.783
18MF02023_609;311;46.95567;-60.21533;218340;1.49;02-jun-02;11:03:00;30.3;6.56;343.25676;334.5034;0.505;0.01;0.415;0.13;1.515;6.258
18MF02023_610;321;46.74067;-60.996;218341;50.37;02-jun-02;16:16:00;31.2;1.36;342.85482;338.7461;3.3;0.04;0.73;1.195;0.17;2.162
18MF02023_610;321;46.74067;-60.996;218342;25.58;02-jun-02;16:16:00;30.58;5.9;350.62566;NaN;0.36;0.005;0.395;0.035;0.645;7.121
18MF02023_610;321;46.74067;-60.996;218343;15.87;02-jun-02;16:16:00;30.49;6.11;348.7946;NaN;0.46;0.005;0.385;0.035;0.67;7.222
18MF02023_610;321;46.74067;-60.996;218344;6.15;02-jun-02;16:16:00;30.44;6.29;346.3383;NaN;0.395;0.005;0.385;0.035;0.79;4.505
18MF02023_610;321;46.74067;-60.996;218345;2.68;02-jun-02;16:16:00;30.43;6.32;347.18684;338.9694;0.465;0.005;0.43667;0.03;0.83;3.716
18MF02023_611;331;46.82917;-61.25217;218346;60.58;02-jun-02;18:05:00;31.79;0.2;309.85108;311.0569;9.785;0.115;1.09;5.49;0.14;1.964
18MF02023_611;331;46.82917;-61.25217;218347;49.98;02-jun-02;18:05:00;31.43;0.62;334.45874;NaN;5.815;0.08;0.905;2.875;0.125;1.961
18MF02023_611;331;46.82917;-61.25217;218348;24.3;02-jun-02;18:05:00;30.75;5.12;361.21008;NaN;0.33;0.005;0.41;0.03;0.875;9.704
18MF02023_611;331;46.82917;-61.25217;218349;15.17;02-jun-02;18:05:00;30.59;5.78;349.4645;NaN;0.51;0.01;0.41;0.1;0.775;6.316
18MF02023_611;331;46.82917;-61.25217;218350;4.96;02-jun-02;18:05:00;30.32;6;344.46258;NaN;0.585;0.01;0.43;0.07;0.84;6.553
18MF02023_611;331;46.82917;-61.25217;218351;1.29;02-jun-02;18:05:00;30.27;6.53;346.74024;347.2315;0.575;0.01;0.42;0.055;0.77;4.809
18MF02023_612;341;46.9005;-61.49717;218352;50.17;02-jun-02;20:08:00;31.74;0.21;311.99476;312.1734;9.465;0.105;1.1;4.75;0.23;2.081
18MF02023_612;341;46.9005;-61.49717;218353;25.29;02-jun-02;20:08:00;30.87;3.23;362.46056;NaN;0.54;0.025;0.515;0.205;0.82;7.809
18MF02023_612;341;46.9005;-61.49717;218354;14.88;02-jun-02;20:08:00;30.81;5.3;355.89554;NaN;0.17;0.005;0.405;0.015;0.645;7.012
18MF02023_612;341;46.9005;-61.49717;218355;5.26;02-jun-02;20:08:00;30.81;5.48;359.02174;NaN;0.2;0.01;0.41333;0.01;0.735;7.117
18MF02023_612;341;46.9005;-61.49717;218356;2.48;02-jun-02;20:08:00;30.81;5.48;357.86058;349.6878;0.19;0.015;0.38;0.05;0.77;7.327
18MF02023_613;351;47.01083;-61.75;218357;33.02;02-jun-02;22:22:00;30.97;1.06;332.67234;337.8529;1.14;0.02;0.46;0.595;0.9;4.711
18MF02023_613;351;47.01083;-61.75;218358;24.69;02-jun-02;22:22:00;30.97;1.07;335.12864;NaN;3.655;0.075;0.865;1.81;0.6;4.732
18MF02023_613;351;47.01083;-61.75;218359;14.97;02-jun-02;22:22:00;30.75;4.07;324.6782;NaN;1.725;0.025;0.55;0.83;0.86;8.296
18MF02023_613;351;47.01083;-61.75;218360;5.36;02-jun-02;22:22:00;30.61;7.48;352.01012;NaN;0.35;0.01;0.24;0.015;1.16;10.062
18MF02023_613;351;47.01083;-61.75;218361;2.78;02-jun-02;22:22:00;30.62;7.46;351.83148;344.9985;0.31;0.01;0.23;0.015;1.28;10.135
18MF02023_614;361;47.164;-62.2515;218362;35.2;03-jun-02;01:21:00;31.11;0.11;322.04326;319.7656;6.635;0.105;1.215;3.655;1.175;5.188
18MF02023_614;361;47.164;-62.2515;218363;25.19;03-jun-02;01:21:00;30.93;2;343.30142;NaN;2.035;0.05;0.775;1.66;3.92;23.136
18MF02023_614;361;47.164;-62.2515;218364;15.77;03-jun-02;01:21:00;30.53;5.37;374.6974;NaN;0.3;0.025;0.28;0.055;2.255;15.819
18MF02023_614;361;47.164;-62.2515;218365;5.75;03-jun-02;01:21:00;30.43;6.63;354.91302;NaN;0.43;0.01;0.21;0.03;1.275;17.977
18MF02023_614;361;47.164;-62.2515;218366;2.08;03-jun-02;01:21:00;30.41;7.57;354.73438;351.9208;0.27;0.005;0.195;0;1.29;11.66
18MF02023_615;371;47.32983;-62.757;218367;44.52;03-jun-02;04:08:00;31.24;-0.16;315.70154;311.0569;10.16;0.11;1.28;6.44;1.77;6.653
18MF02023_615;371;47.32983;-62.757;218368;24.79;03-jun-02;04:08:00;30.77;4.9;393.32062;NaN;0.515;0.015;0.35;0.03;1.09;9.607
18MF02023_615;371;47.32983;-62.757;218369;15.27;03-jun-02;04:08:00;30.13;7.52;365.18482;NaN;0.36;0.01;0.165;0.015;1.115;11.14
18MF02023_615;371;47.32983;-62.757;218370;4.86;03-jun-02;04:08:00;30.12;7.75;359.42368;NaN;0.335;0.01;0.16;0.015;1.14;10.825
18MF02023_615;371;47.32983;-62.757;218371;2.28;03-jun-02;04:08:00;30.12;7.75;359.7363;352.814;0.375;0.015;0.155;0.065;1.125;11.035
18MF02023_616;381;47.50117;-63.25033;218372;75.25;03-jun-02;06:54:00;31.98;-0.57;307.17148;306.8142;16.42;0.155;1.29;9.46;0.65;3.284
18MF02023_616;381;47.50117;-63.25033;218373;50.07;03-jun-02;06:54:00;31.33;0.51;336.87038;NaN;12.17;0.16;1.14;8.075;1.665;7.546
18MF02023_616;381;47.50117;-63.25033;218374;25.29;03-jun-02;06:54:00;30.65;1.92;355.76156;NaN;5.015;0.09;0.8;4.15;3.04;13.339
18MF02023_616;381;47.50117;-63.25033;218375;15.27;03-jun-02;06:54:00;30.48;2.85;361.34406;NaN;2.92;0.09;0.69;3.28;7.765;31.794
18MF02023_616;381;47.50117;-63.25033;218376;4.86;03-jun-02;06:54:00;29.81;6.77;347.27616;NaN;0.365;0.01;0.15;0.02;0.945;11.196
18MF02023_616;381;47.50117;-63.25033;218377;3.17;03-jun-02;06:54:00;29.44;7.86;342.40822;340.9791;0.3;0.005;0.135;0.015;0.895;9.985
18MF02023_617;391;47.66167;-63.74983;218378;62.96;03-jun-02;09:45:00;31.81;-0.32;310.96758;313.5132;14.98;0.16;1.285;9.205;0.61;3.359
18MF02023_617;391;47.66167;-63.74983;218379;49.87;03-jun-02;09:45:00;31.67;-0.03;324.41024;NaN;12.82;0.16;1.21;8.655;0.56;3.302
18MF02023_617;391;47.66167;-63.74983;218380;24.39;03-jun-02;09:45:00;30.5;2.1;341.02376;NaN;7.985;0.125;1;6.04;NaN;4.754
18MF02023_617;391;47.66167;-63.74983;218381;15.27;03-jun-02;09:45:00;30.07;3.17;361.61202;NaN;0.6;0.03;0.305;0.565;NaN;74.814
18MF02023_617;391;47.66167;-63.74983;218382;5.35;03-jun-02;09:45:00;28.93;7.57;358.6198;NaN;0.495;0.03;0.285;0.53;NaN;17.021
18MF02023_617;391;47.66167;-63.74983;218383;2.97;03-jun-02;09:45:00;28.87;7.59;358.44116;349.4645;0.23;0.02;0.115;0.05;1.46;17.056
18MF02023_618;401;47.7355;-64.00217;218384;76.14;03-jun-02;12:15:00;32.24;-0.05;281.71528;288.9502;17.755;0.125;1.4;9.325;0.475;3.461
18MF02023_618;401;47.7355;-64.00217;218385;50.17;03-jun-02;12:15:00;31.64;0.09;321.23938;NaN;12.58;0.15;1.275;8.325;0.34;3.111
18MF02023_618;401;47.7355;-64.00217;218386;25.19;03-jun-02;12:15:00;31.22;1.22;335.88786;NaN;11.295;0.115;1.015;5.31;0.825;4.362
18MF02023_618;401;47.7355;-64.00217;218387;14.68;03-jun-02;12:15:00;30.56;2.33;349.37518;NaN;2.855;0.11;0.815;3.97;8.44;25.174
18MF02023_618;401;47.7355;-64.00217;218388;4.46;03-jun-02;12:15:00;28.92;7.37;352.05478;NaN;0.53;0.01;0.115;0.075;2.335;13.047
18MF02023_618;401;47.7355;-64.00217;218389;2.38;03-jun-02;12:15:00;28.83;7.67;353.2606;345.6684;0.49;0.01;0.095;0.06;1.88;8.739
18MF02023_619;411;47.82717;-64.25217;218390;38.27;03-jun-02;14:37:00;30.88;2.03;336.11116;334.5034;3.635;0.09;0.69;3.17;0.795;4.226
18MF02023_619;411;47.82717;-64.25217;218391;25.68;03-jun-02;14:37:00;30.15;3.84;361.21008;NaN;6.615;0.11;0.955;4.11;0.78;5.766
18MF02023_619;411;47.82717;-64.25217;218392;14.58;03-jun-02;14:37:00;27.96;7.4;352.99264;NaN;2.23;0.03;0.205;0.805;2.27;15.428
18MF02023_619;411;47.82717;-64.25217;218393;4.86;03-jun-02;14:37:00;27.97;7.52;352.1441;NaN;0.435;0.025;0.12;0.4;2.655;9.54
18MF02023_619;411;47.82717;-64.25217;218394;2.08;03-jun-02;14:37:00;27.97;7.51;352.50138;343.882;0.305;0.02;0.11;0.43;2.32;8.249
