CTD;CTD;CTD;CTD;CTD;CTD;CTD;CTD;CTD;CTD;CTD;CTD;labo;labo;labo;labo;labo;labo;labo
Fichier;Station;Latitude;Longitude;Echantillon;zbouteille;Date;Heure;PRES;PSAL;TEMP_XX;DOXY;CHL_01;Si_01;PO4_01;NOx_01;PSAL_BS;NO2_01;OXY_02
(nom);(nom/no);(degres);(degres);(no_unique);(dbar);(jj-mmm-yyyy);(GMT);(dbar);(psu);(celsius);(ml/l);(mg/m**3);(mmol/m**3);(mmol/m**3);(mmol/m**3);(PSU);(mmol/m**3);(ml/l)
18NE14101_002;1;44.03322;-63.66291;397815;175.54;08-mar-14;02:05:00;175.541;34.7749;9.9684;3.2445;0.0222;13.745;1.292;17.555;34.785;0.06;3.76
18NE14101_002;1;44.03366;-63.66603;397816;50.57;08-mar-14;02:10:00;50.574;32.1291;2.2597;6.3925;0.0851;8.41;0.9385;8.43;NaN;0.05;NaN
18NE14101_002;1;44.03376;-63.66675;397817;25.37;08-mar-14;02:11:00;25.374;31.6118;0.6152;7.5185;0.93111;5.625;0.729;5.555;NaN;0.165;NaN
18NE14101_002;1;44.03384;-63.66719;397818;5.03;08-mar-14;02:12:00;5.032;31.316;-0.3393;7.7432;0.51542;6.265;0.762;5.705;NaN;0.205;8.0345
18NE14101_003;10;42.8584;-64.0355;397851;106.31;09-mar-14;19:17:00;106.31;33.612;6.7908;4.4166;0.0259;11.675;1.13;12.94;33.623;0.13;4.939
18NE14101_003;10;42.85836;-64.03572;397852;50.79;09-mar-14;19:20:00;50.799;32.0169;2.5617;6.6438;0.15518;6.55;0.8195;7.265;NaN;0.25;NaN
18NE14101_003;10;42.8583;-64.03584;397853;24.78;09-mar-14;19:21:00;24.782;31.4863;0.9441;7.417;0.66252;7.645;0.7415;5.645;NaN;0.19;NaN
18NE14101_003;10;42.85826;-64.03595;397854;4.74;09-mar-14;19:23:00;4.748;31.1669;1.0477;7.4484;0.48771;6.26;0.739;5.645;NaN;0.155;7.871
18NE14101_014;11;42.87882;-63.78654;397855;144.7;09-mar-14;21:04:00;144.706;35.1452;10.5736;3.2;0.0185;11;1.283;17.415;35.103;0.04;3.7525
18NE14101_014;11;42.87847;-63.78543;397856;48.99;09-mar-14;21:08:00;48.997;32.2243;3.1967;6.3763;0.11655;6.485;0.8435;7.4;NaN;0.11;NaN
18NE14101_014;11;42.87836;-63.78506;397857;24.79;09-mar-14;21:09:00;24.799;31.8149;2.1226;6.7952;0.19951;6.77;0.8435;6.83;NaN;0.125;NaN
18NE14101_014;11;42.87826;-63.78476;397858;5.25;09-mar-14;21:10:00;5.257;31.3454;0.4889;7.5302;0.46554;6.265;0.7845;5.89;NaN;0.18;7.8985
18NE14101_025;12;42.76046;-63.47921;397859;617.08;10-mar-14;02:57:00;617.088;34.9963;5.921;4.436;0.0111;12.545;1.3815;19.495;35.017;0.055;4.9785
18NE14101_025;12;42.7577;-63.47366;397860;49.58;10-mar-14;03:16:00;49.589;33.533;6.658;4.5698;0.10545;10.485;1.046;11.76;NaN;0.1;NaN
18NE14101_025;12;42.75756;-63.47343;397861;24.71;10-mar-14;03:17:00;24.716;32.243;3.406;6.4057;0.31036;6.555;0.831;7.245;NaN;0.16;NaN
18NE14101_025;12;42.75746;-63.47321;397862;5.32;10-mar-14;03:18:00;5.323;31.8718;2.2648;7.2222;1.03854;5.3;0.724;5.74;NaN;0.155;7.65
18NE14101_036;13;42.8072;-63.75448;397863;267.91;10-mar-14;07:56:00;267.917;35.2488;10.5347;3.1108;0.01295;11.555;1.4035;20.17;35.269;0.105;3.63
18NE14101_036;13;42.8069;-63.75286;397864;50.16;10-mar-14;08:05:00;50.165;33.3411;6.1953;4.8799;0.1184;10.045;1.069;11.06;NaN;0.205;NaN
18NE14101_036;13;42.80684;-63.75255;397865;24.49;10-mar-14;08:07:00;24.491;31.8729;2.1442;7.0867;0.26048;5.57;0.7525;5.695;NaN;0.195;NaN
18NE14101_036;13;42.8068;-63.75233;397866;5.09;10-mar-14;08:08:00;5.09;31.6048;1.1873;7.2861;0.65952;5.895;0.7795;5.675;NaN;0.2;7.573
18NE14101_047;14;43.30312;-65.223;397867;144.8;11-mar-14;17:01:00;144.806;33.9022;7.9052;4.3885;0.01665;10.83;1.1215;12.25;33.917;0.105;4.869
18NE14101_047;14;43.30296;-65.22411;397868;50.57;11-mar-14;17:04:00;50.574;31.5605;1.7027;7.1139;0.26602;6.065;0.7945;5.935;NaN;0.155;NaN
18NE14101_047;14;43.30292;-65.22446;397869;24.67;11-mar-14;17:05:00;24.674;31.4611;1.3811;7.3195;0.55422;6.015;0.7835;5.755;NaN;0.165;NaN
18NE14101_047;14;43.30286;-65.22472;397870;5.14;11-mar-14;17:06:00;5.14;31.4386;1.424;7.3566;0.59301;6.005;0.7635;5.52;NaN;0.155;7.787
18NE14101_058;15;42.79783;-65.97257;397871;79.66;12-mar-14;01:07:00;79.663;32.6232;4.6999;6.3448;0.4212;6.77;0.887;8.905;32.645;0.165;6.6695
18NE14101_058;15;42.79794;-65.97196;397872;50.69;12-mar-14;01:08:00;50.698;32.6231;4.7003;6.3555;0.34915;6.72;0.8835;8.83;NaN;0.175;NaN
18NE14101_058;15;42.79804;-65.97145;397873;25.14;12-mar-14;01:10:00;25.149;32.6208;4.7263;6.3764;0.4212;6.765;0.8805;8.84;NaN;0.185;NaN
18NE14101_058;15;42.7981;-65.97104;397874;4.99;12-mar-14;01:11:00;4.998;32.6228;4.7336;6.3764;0.53205;6.785;0.9545;8.84;NaN;0.205;6.7665
18NE14101_080;17;42.68643;-66.09678;397875;68.19;12-mar-14;09:30:00;68.194;32.501;4.4266;6.4587;0.47662;6.535;0.869;8.465;32.523;0.17;6.898
18NE14101_080;17;42.68686;-66.09696;397876;50.42;12-mar-14;09:31:00;50.424;32.5018;4.4234;6.4557;0.47108;6.52;0.8515;8.315;NaN;0.145;NaN
18NE14101_080;17;42.68734;-66.0971;397877;25.19;12-mar-14;09:32:00;25.199;32.499;4.4179;6.4598;0.47663;6.595;0.8625;8.16;NaN;0.16;NaN
18NE14101_080;17;42.68771;-66.09718;397878;4.49;12-mar-14;09:33:00;4.498;32.4619;4.3336;6.4885;0.49879;6.52;0.866;8.19;NaN;0.205;6.924
18NE14101_091;18;42.63412;-66.31475;397880;106.91;12-mar-14;10:58:00;106.919;34.2745;8.9973;4.7812;0.0814;7.525;0.9735;12.065;34.237;0.095;5.3175
18NE14101_091;18;42.6352;-66.31636;397881;50.69;12-mar-14;11:01:00;50.69;32.5525;4.7231;5.9941;0.1258;7.5;0.9175;8.755;NaN;0.04;NaN
18NE14101_091;18;42.63546;-66.31683;397882;24.67;12-mar-14;11:02:00;24.674;31.5877;2.1392;7.1091;0.49325;6.23;0.784;6.39;NaN;0.135;NaN
18NE14101_091;18;42.63576;-66.31735;397883;3.54;12-mar-14;11:02:00;3.54;31.5551;2.0969;7.1829;0.59301;5.995;0.754;5.695;NaN;0.125;7.5385
18NE14101_102;19;42.87366;-66.72496;397884;214.8;12-mar-14;19:18:00;214.802;34.8255;9.853;3.9203;0.0259;9.615;1.177;15.845;34.847;0.085;4.399
18NE14101_102;19;42.87436;-66.72666;397885;50.25;12-mar-14;19:24:00;50.257;33.0905;5.2485;6.2977;0.2771;6.07;0.8675;9.185;NaN;0.18;NaN
18NE14101_102;19;42.87446;-66.72696;397886;25.75;12-mar-14;19:25:00;25.758;32.4327;3.9695;6.6143;0.37686;6.095;0.796;7.495;NaN;0.175;NaN
18NE14101_102;19;42.87458;-66.72725;397887;5.13;12-mar-14;19:26:00;5.132;31.5757;2.1467;7.2533;0.59301;5.74;0.7325;5.415;NaN;0.125;7.601
18NE14101_113;2;44.02791;-63.47234;397819;192.11;08-mar-14;08:51:00;192.114;35.0663;10.5713;2.9608;0.0111;13.78;1.347;18.435;35.078;0.045;3.468
18NE14101_113;2;44.02732;-63.47358;397820;50.13;08-mar-14;08:56:00;50.131;32.3327;3.6483;6.3219;0.2106;6.405;0.8035;7.345;NaN;0.13;NaN
18NE14101_113;2;44.02721;-63.47382;397821;25.29;08-mar-14;08:57:00;25.291;31.6765;0.8088;7.3941;0.60963;5.565;0.7375;5.605;NaN;0.225;NaN
18NE14101_113;2;44.02708;-63.47406;397822;4.79;08-mar-14;08:58:00;4.798;31.3145;-0.3039;7.6926;0.38795;6.18;0.7925;5.89;NaN;0.17;8.011
18NE14101_114;20;45.39496;-65.17782;397888;50.72;14-mar-14;01:07:00;50.723;31.2915;0.2852;7.4425;0.34361;6.575;0.9195;8.475;31.321;0.225;7.9795
18NE14101_114;20;45.3948;-65.17696;397889;25.4;14-mar-14;01:08:00;25.407;31.2871;0.2682;7.4422;0.33807;6.61;0.9215;7.965;NaN;0.205;NaN
18NE14101_114;20;45.39466;-65.17629;397890;5.08;14-mar-14;01:09:00;5.082;31.2746;0.2134;7.45;0.28819;6.735;0.8915;8.385;NaN;0.205;7.977
18NE14101_127;21;45.20112;-65.75123;397891;59.16;14-mar-14;08:35:00;59.166;31.4525;0.426;7.4484;0.42674;7.11;0.9925;8.62;31.476;0.215;7.954
18NE14101_127;21;45.20114;-65.75102;397892;50.45;14-mar-14;08:36:00;50.457;31.4471;0.3914;7.4333;0.34915;7.065;1.036;8.195;NaN;0.26;NaN
18NE14101_127;21;45.20116;-65.7507;397893;24.41;14-mar-14;08:36:00;24.416;31.4461;0.3935;7.4258;0.38241;7.04;1.046;8.23;NaN;0.255;NaN
18NE14101_127;21;45.2012;-65.75045;397894;4.99;14-mar-14;08:37:00;4.998;31.4397;0.3268;7.4315;0.37132;7.09;0.995;8.41;NaN;0.31;8.005
18NE14101_138;22;45.05774;-65.95577;397895;86;14-mar-14;10:34:00;86.008;32.0039;2.2616;6.9817;0.21614;6.165;0.9185;7.96;32.027;0.16;7.4105
18NE14101_138;22;45.05815;-65.95436;397896;50.39;14-mar-14;10:36:00;50.39;32.0035;2.2459;6.9773;0.22168;6.2;0.9245;7.99;NaN;0.205;NaN
18NE14101_138;22;45.05829;-65.95384;397897;25.24;14-mar-14;10:37:00;25.241;32.0031;2.2507;6.9857;0.2106;5.955;0.8765;7.79;NaN;0.135;NaN
18NE14101_138;22;45.0585;-65.95314;397898;5.76;14-mar-14;10:37:00;5.765;31.9681;1.956;7.0311;0.2494;6.01;0.872;7.855;NaN;0.13;7.512
18NE14101_149;23;45.0643;-66.34586;397899;53.25;14-mar-14;18:36:00;53.251;31.795;2.0179;7.0289;0.19397;6.585;0.9285;8.105;31.818;0.19;7.3315
18NE14101_149;23;45.06438;-66.34656;397900;25.18;14-mar-14;18:38:00;25.182;31.6401;1.8753;7.0663;0.18289;7.025;0.9095;8.025;NaN;0.175;NaN
18NE14101_149;23;45.06444;-66.347;397901;5.55;14-mar-14;18:39:00;5.557;31.1716;1.5965;7.1663;0.22168;8.095;0.941;9.105;NaN;0.165;7.4425
18NE14101_160;24;44.9139;-66.69638;397902;105.98;14-mar-14;21:16:00;105.984;32.4374;4.1819;6.3869;0.16626;6.965;0.974;9.565;32.457;0.16;6.7545
18NE14101_160;24;44.91488;-66.6966;397903;50.75;14-mar-14;21:19:00;50.757;32.197;3.3719;6.685;0.13301;6.07;0.8725;8.225;NaN;0.115;NaN
18NE14101_160;24;44.91526;-66.69672;397904;25.12;14-mar-14;21:20:00;25.124;31.8386;2.3656;6.9346;0.16072;6.87;0.9;8.81;NaN;0.155;NaN
18NE14101_160;24;44.91548;-66.69677;397905;3.42;14-mar-14;21:21:00;3.424;31.5087;1.8932;7.107;0.33807;7.295;0.883;8.63;NaN;0.155;7.439
18NE14101_171;25;44.84906;-66.74328;397910;138.9;15-mar-14;14:09:00;138.903;32.1988;3.3134;6.7956;0.16072;6.695;0.881;8.995;32.22;0.3;7.12
18NE14101_171;25;44.85015;-66.74316;397911;50.73;15-mar-14;14:12:00;50.732;31.8195;2.2885;7.0778;0.21614;7.27;0.894;8.86;NaN;0.18;NaN
18NE14101_171;25;44.8506;-66.74316;397912;24.74;15-mar-14;14:13:00;24.741;31.7745;2.1783;7.1334;0.23277;7.315;0.8755;8.53;NaN;0.22;NaN
18NE14101_171;25;44.85081;-66.74316;397913;4.49;15-mar-14;14:14:00;4.498;31.7627;2.2017;7.1225;0.25494;7.3;0.8805;8.835;NaN;0.135;7.4365
18NE14101_182;26;44.72566;-66.64706;397914;103.86;15-mar-14;17:20:00;103.862;32.5706;4.3916;6.4031;0.14964;7.05;0.9195;9.57;32.591;0.135;6.7395
18NE14101_182;26;44.72571;-66.64759;397915;49.51;15-mar-14;17:23:00;49.514;32.2224;3.2972;6.7801;0.20506;6.69;0.856;8.87;NaN;0.13;NaN
18NE14101_182;26;44.72576;-66.64778;397916;24.52;15-mar-14;17:24:00;24.524;32.0259;2.8528;6.9297;0.23277;6.86;0.861;8.67;NaN;0.12;NaN
18NE14101_182;26;44.72584;-66.64798;397917;5.16;15-mar-14;17:25:00;5.165;32.0102;2.8482;6.948;0.2771;6.89;0.862;8.695;NaN;0.115;7.187
18NE14101_193;27;45.00114;-66.72988;397918;55.35;15-mar-14;23:06:00;55.353;31.9634;2.7386;6.8704;0.23831;7.52;0.8805;8.695;31.985;0.145;7.113
18NE14101_193;27;45.00163;-66.72948;397919;25.28;15-mar-14;23:08:00;25.282;31.6619;2.0327;7.0887;0.23277;7.08;0.793;7.695;NaN;0.185;NaN
18NE14101_193;27;45.00186;-66.72934;397920;5.57;15-mar-14;23:09:00;5.573;31.5773;1.9083;7.1224;0.2771;7.385;0.8265;7.87;NaN;0.135;7.322
18NE14101_204;28;44.93056;-66.0703;397921;112.36;16-mar-14;02:55:00;112.366;32.3229;3.4914;6.7681;0.31036;6.19;0.8525;8.575;32.343;0.135;7.1885
18NE14101_204;28;44.9315;-66.06988;397922;50.38;16-mar-14;02:58:00;50.382;32.3277;3.5096;6.7709;0.29927;6.22;0.875;8.895;NaN;0.105;NaN
18NE14101_204;28;44.93182;-66.06974;397923;25.3;16-mar-14;02:59:00;25.307;32.3245;3.4985;6.768;0.27156;6.44;0.8805;8.77;NaN;0.09;NaN
18NE14101_204;28;44.93214;-66.0696;397924;4.03;16-mar-14;03:00:00;4.032;32.3271;3.511;6.7807;0.2771;6.645;0.892;8.81;NaN;0.135;7.202
18NE14101_215;29;44.91918;-65.87853;397925;84.17;16-mar-14;11:00:00;84.171;32.0806;2.7087;6.9889;0.37132;5.895;0.868;8.34;32.104;0.115;7.2825
18NE14101_215;29;44.91972;-65.87731;397926;49.77;16-mar-14;11:02:00;49.773;32.0755;2.6785;7.0087;0.33253;6.085;0.879;8.465;NaN;0.205;NaN
18NE14101_215;29;44.92008;-65.87653;397927;24.89;16-mar-14;11:03:00;24.899;32.0757;2.6688;7.0014;0.37686;6.02;0.874;8.525;NaN;0.1;NaN
18NE14101_215;29;44.92061;-65.87545;397928;6.72;16-mar-14;11:04:00;6.723;32.075;2.6704;7.0088;0.29927;6.115;0.868;8.53;NaN;0.105;7.3085
18NE14101_225;3;43.47666;-63.4805;397823;167.2;08-mar-14;12:54:00;167.206;34.997;10.1494;2.99;0.0148;14.645;1.387;19.085;35.013;0.1;3.515
18NE14101_225;3;43.47666;-63.4811;397824;50.85;08-mar-14;13:00:00;50.857;32.1956;3.5098;6.6253;0.20506;4.915;0.7575;6.495;NaN;0.21;NaN
18NE14101_225;3;43.47666;-63.48124;397825;25.35;08-mar-14;13:01:00;25.357;31.5804;0.9526;7.2921;0.42674;5.635;0.712;5.445;NaN;0.145;NaN
18NE14101_225;3;43.47664;-63.48134;397826;5.55;08-mar-14;13:01:00;5.557;31.3705;0.2191;7.635;0.5653;6.215;0.737;5.62;NaN;0.21;8.055
18NE14101_226;30;44.89827;-65.64647;397929;67.16;16-mar-14;13:43:00;67.168;32.0066;2.5068;7.0071;0.33253;6.16;0.857;8.69;32.029;0.13;7.383
18NE14101_226;30;44.89876;-65.64506;397930;50.77;16-mar-14;13:45:00;50.774;32.005;2.4983;7.008;0.40458;6.195;0.8485;8.565;NaN;0.11;NaN
18NE14101_226;30;44.89928;-65.64345;397931;24.59;16-mar-14;13:46:00;24.599;32.0088;2.5205;7.021;0.39903;6.185;0.8615;8.59;NaN;0.115;NaN
18NE14101_226;30;44.89977;-65.64214;397932;6.31;16-mar-14;13:47:00;6.315;32.0053;2.5054;7.0116;0.29927;6.12;0.8585;8.565;NaN;0.11;7.4065
18NE14101_237;31;44.8068;-65.78694;397933;83.98;17-mar-14;19:27:00;83.987;32.1713;3.1207;7.0517;0.49879;6.495;0.869;8.87;32.198;0.155;7.005
18NE14101_237;31;44.80638;-65.78766;397934;50.32;17-mar-14;19:29:00;50.323;32.1713;3.1171;7.0541;0.46;6.415;0.861;8.915;NaN;0.16;NaN
18NE14101_237;31;44.80616;-65.7881;397935;25.23;17-mar-14;19:31:00;25.232;32.1714;3.1184;7.0368;0.46;6.68;0.8685;8.895;NaN;0.155;NaN
18NE14101_237;31;44.80596;-65.7885;397936;5.31;17-mar-14;19:31:00;5.315;32.1692;3.1173;7.0622;0.46554;6.455;0.8685;8.8;NaN;0.145;7.063
18NE14101_239;32;44.77489;-65.89828;397937;92.86;18-mar-14;04:58:00;92.863;32.259;3.3781;7.0156;0.43783;6.635;0.8645;8.955;32.28;0.13;7.0195
18NE14101_239;32;44.7747;-65.89769;397938;50.09;18-mar-14;04:59:00;50.098;32.2589;3.3739;7.0213;0.41566;6.545;0.8775;9.095;NaN;0.15;NaN
18NE14101_239;32;44.77452;-65.89706;397939;25.02;18-mar-14;05:01:00;25.024;32.2589;3.3716;7.026;0.43783;6.535;0.873;8.96;NaN;0.125;NaN
18NE14101_239;32;44.77438;-65.89667;397940;4.69;18-mar-14;05:02:00;4.698;32.2565;3.3519;7.0218;0.38795;6.585;0.8815;8.97;NaN;0.125;7.032
18NE14101_243;33;44.76017;-66.04446;397941;107.81;18-mar-14;06:32:00;107.814;32.3389;3.6477;6.9298;0.29928;6.61;0.8765;9.135;32.36;0.13;6.931
18NE14101_243;33;44.75922;-66.0441;397942;49.73;18-mar-14;06:35:00;49.739;32.339;3.6192;6.9311;0.32145;6.37;0.8405;9.01;NaN;0.14;NaN
18NE14101_243;33;44.75879;-66.04392;397943;24.69;18-mar-14;06:36:00;24.69;32.2876;3.5137;6.9451;0.33253;6.61;0.869;9.005;NaN;0.125;NaN
18NE14101_243;33;44.75845;-66.04382;397944;5.82;18-mar-14;06:37:00;5.823;32.2815;3.4677;6.9505;0.31036;6.63;0.8745;8.855;NaN;0.11;6.9705
18NE14101_244;34;44.74306;-66.10062;397945;105.5;18-mar-14;12:38:00;105.508;32.3041;3.4762;6.9201;0.32699;6.53;0.876;8.9;32.327;0.11;6.9415
18NE14101_244;34;44.74362;-66.09866;397946;49.08;18-mar-14;12:40:00;49.089;32.3057;3.4852;6.9234;0.37132;6.38;0.8935;8.79;NaN;0.17;NaN
18NE14101_244;34;44.74394;-66.0977;397947;25.99;18-mar-14;12:41:00;25.999;32.3044;3.4779;6.9227;0.36024;6.385;0.891;8.65;NaN;0.14;NaN
18NE14101_244;34;44.74436;-66.09644;397948;6.21;18-mar-14;12:43:00;6.215;32.3036;3.4719;6.9347;0.35469;6.395;0.895;8.72;NaN;0.145;7.007
18NE14101_247;35;44.08473;-66.90781;397949;171.25;18-mar-14;19:23:00;171.256;33.9402;8.031;4.8714;0.0444;9.345;1.0925;13.64;33.958;0.13;4.9575
18NE14101_247;35;44.08392;-66.90704;397950;50.41;18-mar-14;19:27:00;50.415;32.9651;5.0173;6.362;0.33253;7.075;0.897;9.89;NaN;0.14;NaN
18NE14101_247;35;44.0837;-66.90682;397951;25.03;18-mar-14;19:28:00;25.032;32.8095;4.3747;6.7673;0.68042;6.58;0.8575;9.15;NaN;0.245;NaN
18NE14101_247;35;44.08349;-66.90666;397952;4.7;18-mar-14;19:29:00;4.707;32.812;4.4614;6.7981;0.76996;6.59;0.8495;8.955;NaN;0.16;6.6315
18NE14101_253;36;43.79294;-67.24266;397954;176.83;19-mar-14;02:47:00;176.838;34.4394;9.0442;4.335;0.03145;6.95;0.9105;9.795;34.457;0.14;4.3865
18NE14101_253;36;43.79456;-67.24128;397955;49.47;19-mar-14;02:53:00;49.472;32.8714;4.5963;6.6743;0.34915;6.635;0.8655;8.9;NaN;0.165;NaN
18NE14101_253;36;43.79508;-67.24078;397956;24.47;19-mar-14;02:55:00;24.474;32.7956;4.3253;6.9034;0.71624;NaN;NaN;NaN;NaN;NaN;NaN
18NE14101_253;36;43.79546;-67.24041;397957;5.65;19-mar-14;02:56:00;5.656;32.7949;4.3002;6.9142;0.64461;6.545;0.8635;8.775;NaN;0.175;6.6825
18NE14101_257;37;43.30426;-67.10798;397958;227.31;19-mar-14;06:28:00;227.311;34.8807;9.592;3.9669;0.0222;10.83;1.268;17.105;34.898;0.09;4.148
18NE14101_257;37;43.30222;-67.1057;397959;50.98;19-mar-14;06:34:00;50.982;33.5947;6.9056;5.6275;0.16626;7.865;1.0055;11.51;NaN;0.105;NaN
18NE14101_257;37;43.30183;-67.10526;397960;25.26;19-mar-14;06:35:00;25.266;32.8709;4.7875;6.6999;1.05645;6.15;0.8405;8.24;NaN;0.145;NaN
18NE14101_257;37;43.3015;-67.10492;397961;5.24;19-mar-14;06:36:00;5.248;32.6925;4.2126;7.0622;1.14598;5.39;0.764;6.61;NaN;0.17;6.8985
18NE14101_261;38;43.20531;-67.44396;397962;188.58;19-mar-14;13:38:00;188.586;34.847;9.4284;3.948;0.02405;11.47;1.3205;16.735;34.863;0.125;4.1205
18NE14101_261;38;43.20622;-67.44374;397963;50.36;19-mar-14;13:38:00;50.365;32.9045;4.7067;6.7911;0.49325;6.605;0.8625;8.315;NaN;0.16;NaN
18NE14101_261;38;43.20636;-67.44372;397964;26.24;19-mar-14;13:38:00;26.249;32.8825;4.6231;6.8395;0.66252;6.545;0.8525;7.97;NaN;0.2;NaN
18NE14101_261;38;43.20642;-67.4437;397965;6.33;19-mar-14;13:38:00;6.331;32.8631;4.5267;6.8578;0.66252;6.485;0.842;8.26;NaN;0.145;6.764
18NE14101_263;39;42.91564;-67.55357;397966;220.95;19-mar-14;15:57:00;220.959;34.805;9.3941;4.0196;0.03515;10.81;1.264;15.54;34.818;0.075;4.2495
18NE14101_263;39;42.91446;-67.55712;397967;50.6;19-mar-14;16:04:00;50.607;32.7084;4.0288;6.9368;0.50434;6.01;0.8385;7.43;NaN;0.17;NaN
18NE14101_263;39;42.91426;-67.55779;397968;25.01;19-mar-14;16:06:00;25.016;32.7078;4.0328;6.9461;0.53205;6;0.833;7.465;NaN;0.17;NaN
18NE14101_263;39;42.91406;-67.5584;397969;4.94;19-mar-14;16:07:00;4.94;32.7084;4.1319;6.9749;0.43228;5.88;0.831;7.425;NaN;0.165;6.8755
18NE14101_264;4;43.53754;-63.59089;397827;189.49;08-mar-14;18:13:00;189.494;35.0313;10.1113;3;0.0111;14.225;1.4045;19.715;35.05;0.13;3.5475
18NE14101_264;4;43.53682;-63.59094;397828;50.24;08-mar-14;18:18:00;50.24;32.3049;3.7611;6.3826;0.19951;6.06;0.7685;7.075;NaN;0.175;NaN
18NE14101_264;4;43.53667;-63.59094;397829;24.96;08-mar-14;18:19:00;24.966;31.8258;1.9237;7.1382;0.55421;5.66;0.7165;5.78;NaN;0.195;NaN
18NE14101_264;4;43.53654;-63.59092;397830;4.76;08-mar-14;18:20:00;4.765;31.3094;0.2624;7.6376;0.47108;6.305;0.771;5.58;NaN;0.185;7.848
18NE14101_265;40;42.64328;-66.85656;397970;218.36;19-mar-14;23:29:00;218.363;35.0437;10.0418;3.8466;0.0185;10.345;1.251;16.345;35.06;0.06;4.1195
18NE14101_265;40;42.64134;-66.85935;397971;51.03;19-mar-14;23:36:00;51.032;33.4888;6.3459;5.9839;0.14964;7.19;0.991;10.395;NaN;0.19;NaN
18NE14101_265;40;42.64099;-66.85976;397972;25.35;19-mar-14;23:38:00;25.357;32.3806;3.5101;7.2502;1.62944;4.865;0.7375;5.67;NaN;0.175;NaN
18NE14101_265;40;42.64076;-66.86013;397973;4.59;19-mar-14;23:39:00;4.598;32.245;3.2413;7.5097;2.2648;4.615;0.69;4.65;NaN;0.16;7.409
18NE14101_275;41;42.64288;-66.65655;397974;167.52;20-mar-14;01:07:00;167.524;34.8427;9.85;4.167;0.0296;9.715;1.166;15.865;34.862;0.135;4.409
18NE14101_275;41;42.64406;-66.65838;397975;50.59;20-mar-14;01:12:00;50.591;32.6716;4.342;6.9993;1.30713;4.945;0.757;7;NaN;0.21;NaN
18NE14101_275;41;42.64432;-66.65878;397976;24.81;20-mar-14;01:13:00;24.816;32.5193;3.9302;7.1716;1.64735;4.705;0.7135;6.36;NaN;0.195;NaN
18NE14101_275;41;42.64455;-66.65916;397977;5.14;20-mar-14;01:14:00;5.148;31.9746;2.6616;7.5472;1.61154;5.06;0.7085;5.115;NaN;0.185;7.388
18NE14101_276;42;42.5309;-66.53276;397978;246.1;20-mar-14;07:22:00;246.104;35.1845;9.9624;3.6803;0.0222;11.08;1.302;19.465;35.202;0.095;3.934
18NE14101_276;42;42.53112;-66.534;397979;49.33;20-mar-14;07:26:00;49.331;32.7272;4.3311;6.9963;1.32504;5.295;0.7425;7.795;NaN;0.245;NaN
18NE14101_276;42;42.53116;-66.5343;397980;24.29;20-mar-14;07:28:00;24.299;32.1822;3.0654;7.455;1.82641;4.92;0.68;6.125;NaN;0.22;NaN
18NE14101_276;42;42.53118;-66.5345;397981;4.13;20-mar-14;07:28:00;4.132;31.8379;2.4466;7.6251;NaN;NaN;NaN;NaN;NaN;NaN;NaN
18NE14101_277;43;42.33966;-66.74482;397982;309.94;20-mar-14;09:38:00;309.943;35.0762;8.6722;3.7807;0.0185;12.4;1.4125;18.98;35.093;0.04;4.151
18NE14101_277;43;42.33866;-66.74526;397983;50.86;20-mar-14;09:47:00;50.866;32.6759;4.3327;7.089;1.66526;4.645;0.744;6.665;NaN;0.21;NaN
18NE14101_277;43;42.3386;-66.74538;397984;25.39;20-mar-14;09:49:00;25.399;32.5429;3.9986;7.2054;1.32504;4.815;0.7255;6.495;NaN;0.21;NaN
18NE14101_277;43;42.33856;-66.74548;397985;4.82;20-mar-14;09:50:00;4.823;32.5411;3.9952;7.2014;1.21761;5.16;0.6965;6.615;NaN;0.22;7.264
18NE14101_278;44;42.61256;-65.96708;397986;80.38;20-mar-14;23:28:00;80.389;32.5387;4.5673;6.6188;0.24385;6.625;0.8855;8.205;32.548;0.165;6.6305
18NE14101_278;44;42.61264;-65.96696;397987;49.33;20-mar-14;23:30:00;49.331;32.4767;4.3928;6.7104;0.33253;6.75;0.8715;8.79;NaN;0.16;NaN
18NE14101_278;44;42.61266;-65.96696;397988;24.11;20-mar-14;23:31:00;24.115;31.5837;1.9441;7.5864;0.94902;5.78;0.7765;5.72;NaN;0.13;NaN
18NE14101_278;44;42.61275;-65.96708;397989;3.74;20-mar-14;23:32:00;3.749;31.5296;1.8629;7.6384;0.93111;5.77;0.764;5.4;NaN;0.14;7.63
18NE14101_279;45;42.51063;-65.67056;397990;91.27;21-mar-14;04:36:00;91.276;32.606;4.5876;6.1838;0.17735;7.74;0.9225;9.27;32.621;0.145;6.37
18NE14101_279;45;42.51122;-65.6708;397991;49.97;21-mar-14;04:37:00;49.973;32.5398;4.4728;6.282;0.2106;7.475;0.9095;8.98;NaN;0.17;NaN
18NE14101_279;45;42.51154;-65.67092;397992;24.45;21-mar-14;04:38:00;24.457;31.6588;2.3617;7.4779;1.03855;5.28;0.742;5.605;NaN;0.13;NaN
18NE14101_279;45;42.51182;-65.67102;397993;4.79;21-mar-14;04:39:00;4.798;31.6111;2.1793;7.5038;0.85948;5.455;0.7655;5.655;NaN;0.14;7.6315
18NE14101_280;46;42.31142;-65.48603;397994;105.95;21-mar-14;07:29:00;105.95;33.8924;7.8506;5.1668;0.13301;7.91;0.948;10.94;33.91;0.13;5.3925
18NE14101_280;46;42.31118;-65.48516;397995;49.84;21-mar-14;07:32:00;49.84;32.4596;3.8983;6.2741;0.29927;6.625;0.8375;7.33;NaN;0.135;NaN
18NE14101_280;46;42.31112;-65.4849;397996;25.04;21-mar-14;07:33:00;25.049;31.4656;1.5451;7.481;0.75205;5.905;0.7725;5.76;NaN;0.125;NaN
18NE14101_280;46;42.31109;-65.48478;397997;5.49;21-mar-14;07:34:00;5.499;31.2913;1.3192;7.7022;0.8953;5.705;0.743;5.395;NaN;0.14;7.693
18NE14101_281;47;42.47386;-65.26508;388967;107.14;21-mar-14;10:22:00;107.145;33.1161;5.8699;5.4724;0.04255;9.235;1.0355;10.62;33.134;0.07;5.654
18NE14101_281;47;42.47386;-65.26522;388968;59.77;21-mar-14;10:24:00;59.775;32.4544;4.1203;6.1767;0.09065;8.155;0.961;9.015;NaN;0.085;NaN
18NE14101_281;47;42.47386;-65.26524;388969;51.05;21-mar-14;10:24:00;51.057;32.252;3.4952;6.4929;0.17735;7.295;0.8955;7.905;NaN;0.1;NaN
18NE14101_281;47;42.47386;-65.2653;388970;25.54;21-mar-14;10:26:00;25.549;31.3068;1.3999;7.6348;0.73415;5.695;0.757;5.37;NaN;0.135;NaN
18NE14101_281;47;42.47382;-65.26532;388971;4.96;21-mar-14;10:27:00;4.965;31.2995;1.414;7.6435;0.85948;5.685;0.761;5.31;NaN;0.14;7.667
18NE14101_282;48;42.69616;-64.59486;388972;122.51;21-mar-14;14:37:00;122.519;35.4236;12.0803;4.2101;0.07215;7.57;0.9795;14.22;35.439;0.145;4.6755
18NE14101_282;48;42.6971;-64.59482;388973;51.4;21-mar-14;14:40:00;51.408;32.1034;2.8877;6.3641;0.111;8.31;0.954;8.625;NaN;0.095;NaN
18NE14101_282;48;42.69739;-64.5948;388974;24.46;21-mar-14;14:41:00;24.466;31.4077;0.8021;7.7774;0.98483;5.405;0.7445;5.18;NaN;0.15;NaN
18NE14101_282;48;42.69756;-64.59476;388975;4.62;21-mar-14;14:42:00;4.623;31.3982;0.8175;7.8364;1.05645;5.285;0.7355;4.985;NaN;0.15;7.5665
18NE14101_283;49;42.8424;-64.68718;388976;97.98;21-mar-14;17:20:00;97.983;33.1674;5.9011;5.2862;0.04625;9.88;1.053;10.79;33.184;0.105;5.5575
18NE14101_283;49;42.84286;-64.68636;388977;49.45;21-mar-14;17:22:00;49.456;31.5754;1.8346;7.3844;0.51927;6.21;0.779;5.955;NaN;0.165;NaN
18NE14101_283;49;42.84304;-64.68596;388978;25.74;21-mar-14;17:23:00;25.741;31.3445;1.419;7.6507;0.96692;5.645;0.7535;5.395;NaN;0.17;NaN
18NE14101_283;49;42.84318;-64.68558;388979;5.58;21-mar-14;17:24:00;5.581;31.2891;1.5336;7.7059;0.85948;5.665;0.7325;5.22;NaN;0.15;7.7455
18NE14101_284;5;43.45116;-63.98496;397831;111.45;08-mar-14;21:47:00;111.456;33.944;7.6443;4.0981;0.01295;12.285;1.202;13.97;33.963;0;4.49
18NE14101_284;5;43.45013;-63.98526;397832;47.74;08-mar-14;21:51:00;47.746;31.2884;0.2995;7.4136;0.22723;6.665;0.764;6.01;NaN;0.18;NaN
18NE14101_284;5;43.44974;-63.98538;397833;24.79;08-mar-14;21:52:00;24.791;31.1872;0.2284;7.5375;0.4212;6.55;0.7545;5.835;NaN;0.19;NaN
18NE14101_284;5;43.44936;-63.98546;397834;4.79;08-mar-14;21:53:00;4.79;30.9069;1.0508;7.4757;NaN;NaN;NaN;NaN;NaN;NaN;NaN
18NE14101_285;50;42.90336;-64.65986;388980;88.88;21-mar-14;22:45:00;88.88;32.7382;4.7567;5.7685;0.0555;9.18;1.007;9.72;32.76;0.105;5.9605
18NE14101_285;50;42.9033;-64.65955;388981;49.72;21-mar-14;22:47:00;49.723;31.4004;1.4787;7.3502;0.47108;6.26;0.7955;5.895;NaN;0.175;NaN
18NE14101_285;50;42.90324;-64.65926;388982;25.79;21-mar-14;22:49:00;25.791;31.3083;1.5292;7.7038;0.8953;NaN;NaN;NaN;NaN;NaN;NaN
18NE14101_285;50;42.90314;-64.65896;388983;5.21;21-mar-14;22:50:00;5.215;31.3018;1.5149;7.7166;0.8953;5.375;0.7125;4.77;NaN;0.145;7.7605
18NE14101_295;51;42.99414;-64.66222;388984;87.62;22-mar-14;00:32:00;87.628;32.4971;4.1038;6.1083;0.0555;8.59;0.958;8.865;32.52;0.11;6.2865
18NE14101_295;51;42.99424;-64.66212;388985;51.02;22-mar-14;00:34:00;51.024;32.0291;2.8559;6.7956;0.15355;7.075;0.8635;7.32;NaN;0.14;NaN
18NE14101_295;51;42.99432;-64.66206;388986;25.76;22-mar-14;00:35:00;25.766;31.3516;1.4967;7.6608;0.82367;5.62;0.7345;5.1;NaN;0.17;NaN
18NE14101_295;51;42.99438;-64.66204;388987;5.82;22-mar-14;00:36:00;5.823;31.348;1.4904;7.6577;0.96692;5.655;0.7375;5.155;NaN;0.165;7.7925
18NE14101_296;52;43.15744;-64.67646;388988;127.2;22-mar-14;02:36:00;127.208;33.5286;6.7862;4.8832;0.02775;10.885;1.1195;11.82;33.542;0.08;5.0755
18NE14101_296;52;43.15798;-64.67646;388989;50.5;22-mar-14;02:39:00;50.507;32.2454;3.8443;6.4902;0.2146;7.365;0.891;8.005;NaN;0.13;NaN
18NE14101_296;52;43.15816;-64.67649;388990;25.42;22-mar-14;02:40:00;25.424;31.5276;1.9651;7.5392;1.12808;5.635;0.7335;5.19;NaN;0.145;NaN
18NE14101_296;52;43.15827;-64.6765;388991;5.74;22-mar-14;02:40:00;5.748;31.5263;1.9744;7.5574;0.8953;5.61;0.738;5.17;NaN;0.15;7.6165
18NE14101_297;53;43.34817;-64.7558;388992;65.92;22-mar-14;04:59:00;65.925;32.2387;3.3978;6.28;0.08325;8.62;0.9555;8.47;32.257;0.085;6.397
18NE14101_297;53;43.34834;-64.75576;388993;49.53;22-mar-14;05:00:00;49.539;31.9745;2.7222;6.4694;0.16465;7.785;0.9005;7.715;NaN;0.1;NaN
18NE14101_297;53;43.34862;-64.75574;388994;26.28;22-mar-14;05:01:00;26.283;31.4213;1.6061;7.5831;0.93111;5.7;0.741;5.12;NaN;0.155;NaN
18NE14101_297;53;43.34888;-64.7557;388995;4.31;22-mar-14;05:02:00;4.315;31.1632;1.1371;7.7128;NaN;NaN;NaN;NaN;NaN;NaN;NaN
18NE14101_298;54;43.62144;-64.34992;388996;171.28;22-mar-14;08:36:00;171.281;34.6711;9.5436;3.2899;0.01295;15.71;1.4015;16.095;34.68;0.07;3.6605
18NE14101_298;54;43.62244;-64.34781;388997;48.88;22-mar-14;08:40:00;48.889;32.0125;2.038;6.8077;0.0814;7.35;0.894;7.18;NaN;0.06;NaN
18NE14101_298;54;43.62258;-64.3474;388998;24.99;22-mar-14;08:41:00;24.991;31.3167;0.6676;7.6322;0.38795;6.345;0.793;5.785;NaN;0.135;NaN
18NE14101_298;54;43.62274;-64.34704;388999;5.4;22-mar-14;08:42:00;5.407;31.0285;0.7622;7.7598;0.55976;6.47;0.757;5.165;NaN;0.14;7.7255
18NE14101_299;HL_02;44.25444;-63.32524;398001;145.63;22-mar-14;14:40:00;145.634;34.6228;9.4852;3.4266;0.0185;14.65;1.2835;16.145;NaN;0.12;3.838
18NE14101_299;HL_02;44.25452;-63.32485;398002;101.08;22-mar-14;14:42:00;101.089;33.8136;7.4879;4.4304;0.0518;11.545;1.122;13.11;NaN;0.115;NaN
18NE14101_299;HL_02;44.25456;-63.32468;398003;76.2;22-mar-14;14:43:00;76.207;32.5725;2.6923;6.0627;0.0407;10.26;1.033;9.8;NaN;0;NaN
18NE14101_299;HL_02;44.25458;-63.32458;398004;50.13;22-mar-14;14:44:00;50.131;32.3437;3.1125;6.969;1.1997;4.355;0.6865;5.225;NaN;0.19;NaN
18NE14101_299;HL_02;44.25459;-63.3245;398005;41.77;22-mar-14;14:44:00;41.774;32.1121;2.4253;7.4531;1.45038;3.405;0.634;4.28;NaN;0.18;7.4995
18NE14101_299;HL_02;44.2546;-63.32446;398006;28.59;22-mar-14;14:45:00;28.592;31.4291;0.2856;8.0491;3.66224;3.435;0.607;3.36;NaN;0.15;NaN
18NE14101_299;HL_02;44.2546;-63.32436;398007;20.03;22-mar-14;14:45:00;20.039;31.3369;0.1837;8.2196;4.43323;3.805;0.6045;3.215;NaN;0.14;NaN
18NE14101_299;HL_02;44.25462;-63.32426;398008;10.09;22-mar-14;14:46:00;10.097;31.2454;0.2466;8.1106;3.32493;4.625;0.6305;3.795;NaN;0.15;NaN
18NE14101_299;HL_02;44.25462;-63.32417;398009;4.78;22-mar-14;14:46:00;4.782;31.2458;0.26;8.1285;3.0358;4.675;0.652;3.86;NaN;0.145;NaN
18NE14101_299;HL_02;44.25464;-63.32406;398010;3.92;22-mar-14;14:47:00;3.924;31.2465;0.2624;8.1287;2.98762;4.625;0.63;3.71;NaN;0.145;8.112
18NE14101_304;6;43.28098;-64.10822;397835;89.01;09-mar-14;00:17:00;89.014;32.3817;3.5612;5.8534;0.0703;9.145;1.0215;9.515;32.402;0.05;6.4285
18NE14101_304;6;43.28116;-64.10827;397836;50.72;09-mar-14;00:16:00;50.724;31.3574;1.296;7.2702;0.24385;6.085;0.7995;6.065;NaN;0.11;NaN
18NE14101_304;6;43.28124;-64.10832;397837;25.09;09-mar-14;00:15:00;25.099;31.2436;1.1077;7.4383;0.5653;5.885;0.7685;5.56;NaN;0.155;NaN
18NE14101_304;6;43.28134;-64.10836;397838;5.2;09-mar-14;00:13:00;5.207;31.1531;1.1662;7.4544;0.43278;6.07;0.7585;5.625;NaN;0.125;7.937
18NE14101_315;7;43.14678;-64.177;397839;84.43;09-mar-14;04:36:00;84.43;32.1626;3.0458;6.117;0.16263;8.345;0.9535;8.39;32.153;0.04;6.637
18NE14101_315;7;43.14662;-64.17684;397840;50.44;09-mar-14;04:38:00;50.449;31.4044;1.3621;7.2008;0.22723;5.985;0.7815;6.095;NaN;0.135;NaN
18NE14101_315;7;43.14654;-64.17676;397841;25.82;09-mar-14;04:39:00;25.824;31.2092;1.1095;7.4002;0.55421;6.005;0.767;5.57;NaN;0.125;NaN
18NE14101_315;7;43.14644;-64.17664;397842;4.46;09-mar-14;04:40:00;4.465;31.1544;1.0563;7.4396;0.53759;6.005;0.753;5.4;NaN;0.205;7.8985
18NE14101_326;8;43.04274;-64.18172;397843;87.87;09-mar-14;11:57:00;87.878;31.9465;2.6185;6.3724;0.09435;8.035;0.894;8.1;31.967;0.165;6.8665
18NE14101_326;8;43.04228;-64.1817;397844;49.72;09-mar-14;11:59:00;49.723;31.3485;1.3078;7.1396;0.28265;6.535;0.784;6.39;NaN;0.16;NaN
18NE14101_326;8;43.04194;-64.18174;397845;24.17;09-mar-14;12:00:00;24.174;31.2248;1.083;7.3808;0.48217;5.785;0.762;5.59;NaN;0.19;NaN
18NE14101_326;8;43.04172;-64.18174;397846;4.91;09-mar-14;12:00:00;4.915;31.2146;1.1096;7.4003;0.50988;5.905;0.763;5.45;NaN;0.22;7.9275
18NE14101_339;9;42.92478;-64.34655;397847;120.7;09-mar-14;13:21:00;120.706;34.2161;8.6641;4.3673;0.0296;9.58;1.0585;13.28;NaN;0.185;4.787
18NE14101_339;9;42.92402;-64.34774;397848;49.98;09-mar-14;13:25:00;49.981;31.2474;0.7618;7.3316;0.27156;6.35;0.7705;6.085;NaN;0.16;NaN
18NE14101_339;9;42.92382;-64.34813;397849;25.21;09-mar-14;13:26:00;25.216;31.1212;1.0648;7.4179;0.53204;6.28;0.736;5.595;NaN;0.15;NaN
18NE14101_339;9;42.92364;-64.34856;397850;5.28;09-mar-14;13:28:00;5.281;31.1215;1.0771;7.4343;0.60409;6.135;0.762;5.81;NaN;0.15;7.626
18NE14101_368;925;44.9738;-66.74758;397906;72.9;14-mar-14;21:43:00;72.902;32.0367;2.9486;6.7706;0.18843;7.18;0.8945;8.845;32.061;0.185;7.141
18NE14101_368;925;44.97346;-66.74776;397907;50.19;14-mar-14;21:42:00;50.19;31.8103;2.2678;6.9675;0.2106;7.365;0.8935;8.68;NaN;0.18;NaN
18NE14101_368;925;44.97313;-66.74796;397908;25.12;14-mar-14;21:41:00;25.124;31.7393;2.128;7.0284;0.2106;7.41;0.8835;8.57;NaN;0.175;NaN
18NE14101_368;925;44.97286;-66.74816;397909;5.79;14-mar-14;21:39:00;5.79;31.5183;1.8214;7.0849;0.17735;7.67;0.881;8.72;NaN;0.15;7.4295
