CTD;CTD;CTD;CTD;CTD;CTD;CTD;CTD;CTD;CTD;CTD;labo;labo;labo;labo;labo;labo;CTD
Fichier;Station;Latitude;Longitude;Echantillon;zbouteille;Date;Heure;PSAL;TE90;DOXY;OXYM_01;Si_01;NO2_01;PO4_01;NOx_01;CHL_03;FLOR
(nom);(nom/no);(degres);(degres);(no_unique);(dbar);(jj-mmm-yyyy);(GMT);(psu);(celsius);(ml/l);(mmol/m**3);(mmol/m**3);(mmol/m**3);(mmol/m**3);(mmol/m**3);(mg/m**3);(mg/m**3)
18OL03019_652;291;47.584;-59.34117;233772;244.59;13-jun-03;05:07:00;34.24;5.18;198.5137;192.038;19.135;0.115;1.395;18.655;NaN;1.414
18OL03019_652;291;47.584;-59.34117;233773;199.12;13-jun-03;05:07:00;33.61;2.99;266.3969;NaN;15.27;0.105;1.265;14.375;NaN;1.449
18OL03019_652;291;47.584;-59.34117;233774;99.93;13-jun-03;05:07:00;32.61;-0.43;343.56938;NaN;5.46;0.07;0.935;6.375;0.03;1.466
18OL03019_652;291;47.584;-59.34117;233775;50.96;13-jun-03;05:07:00;32.34;-0.49;367.5518;NaN;2.695;0.09;0.75;3.74;0.035;1.776
18OL03019_652;291;47.584;-59.34117;233776;25.29;13-jun-03;05:07:00;32.1;0.8;346.3383;NaN;0.89667;0.045;0.48;0.595;0.14;3.528
18OL03019_652;291;47.584;-59.34117;233777;14.87;13-jun-03;05:07:00;31.82;3.2;333.20826;NaN;0.95667;0.04;0.395;0.33;0.335;8.257
18OL03019_652;291;47.584;-59.34117;233778;5.06;13-jun-03;05:07:00;31.64;4.7;330.75196;NaN;1.17333;0.03;0.365;0.23;0.45;10.157
18OL03019_652;291;47.584;-59.34117;233779;1.69;13-jun-03;05:07:00;31.61;4.88;330.12672;342.5422;1.27333;0.035;0.37;0.33;0.6;10.609
18OL03019_653;301;47.43333;-59.558;233780;468.12;13-jun-03;07:40:00;34.88;5.22;162.16046;175.7371;30.31;0.055;1.585;21.665;NaN;1.456
18OL03019_653;301;47.43333;-59.558;233781;399.35;13-jun-03;07:40:00;34.87;5.28;158.40902;NaN;29.93;0.05;1.63;21.94;NaN;1.333
18OL03019_653;301;47.43333;-59.558;233782;299.16;13-jun-03;07:40:00;34.79;5.93;150.99546;NaN;25.38;0.055;1.61;22.725;NaN;1.294
18OL03019_653;301;47.43333;-59.558;233783;201.6;13-jun-03;07:40:00;34.29;5.52;195.29818;NaN;18.025;0.07;1.44;19.25;NaN;1.312
18OL03019_653;301;47.43333;-59.558;233784;99.93;13-jun-03;07:40:00;32.72;-0.34;346.87422;NaN;5.95;0.09;0.94;7.47;0.02;1.302
18OL03019_653;301;47.43333;-59.558;233785;50.96;13-jun-03;07:40:00;32.23;-0.49;349.9111;NaN;4.37667;0.11;0.88;4.955;0.045;1.755
18OL03019_653;301;47.43333;-59.558;233786;25.38;13-jun-03;07:40:00;31.76;0.36;358.12854;NaN;2.79667;0.07;0.765;2.7;0.825;12.103
18OL03019_653;301;47.43333;-59.558;233787;15.37;13-jun-03;07:40:00;31.38;4.55;347.36548;NaN;1.61;0.035;0.475;0.42;0.895;12.3
18OL03019_653;301;47.43333;-59.558;233788;5.06;13-jun-03;07:40:00;31.3;5.12;345.57908;NaN;1.56667;0.045;0.445;0.31;1.015;12.848
18OL03019_653;301;47.43333;-59.558;233789;1.49;13-jun-03;07:40:00;31.3;5.13;345.40044;341.8723;1.44333;0.02;0.435;0.16;1.05;12.687
18OL03019_654;311;47.27217;-59.78367;233790;458.14;13-jun-03;10:50:00;34.89;5.22;162.7857;177.3002;30.155;0.06;1.605;21.34;NaN;1.424
18OL03019_654;311;47.27217;-59.78367;233791;399.75;13-jun-03;10:50:00;34.87;5.26;156.57796;NaN;28.93;0.06;1.6;21.65;NaN;1.354
18OL03019_654;311;47.27217;-59.78367;233792;302.34;13-jun-03;10:50:00;34.81;5.74;153.1838;NaN;27.15;0.01;1.645;22.915;NaN;1.348
18OL03019_654;311;47.27217;-59.78367;233793;200.52;13-jun-03;10:50:00;34.46;6.04;183.5526;NaN;18.295;0.03;1.475;19.705;NaN;1.321
18OL03019_654;311;47.27217;-59.78367;233794;99.84;13-jun-03;10:50:00;32.9;0.33;321.15006;NaN;8.92;0.065;1.07;9.67;0.03;1.341
18OL03019_654;311;47.27217;-59.78367;233795;49.97;13-jun-03;10:50:00;32.31;-0.45;341.24706;NaN;5.04;0.075;0.905;6.115;0.045;1.918
18OL03019_654;311;47.27217;-59.78367;233796;24.69;13-jun-03;10:50:00;31.87;-0.07;351.42954;NaN;4.01333;0.065;0.905;3.68;0.045;12.916
18OL03019_654;311;47.27217;-59.78367;233797;14.68;13-jun-03;10:50:00;31.28;5.37;335.88786;NaN;1.51333;0.015;0.43;0.05;0.87;10.071
18OL03019_654;311;47.27217;-59.78367;233798;5.35;13-jun-03;10:50:00;31.29;5.41;337.00436;NaN;1.40333;0.02;0.43;0.04;0.66;4.206
18OL03019_654;311;47.27217;-59.78367;233799;1.19;13-jun-03;10:50:00;31.29;5.41;NaN;342.7655;1.60667;0.03;0.41;0.085;0.86;4.023
18OL03019_655;321;47.10017;-59.99167;233800;323.53;13-jun-03;13:18:00;34.81;5.55;135.05184;150.9508;31.28;0.055;1.69;22.24;NaN;1.448
18OL03019_655;321;47.10017;-59.99167;233801;300.06;13-jun-03;13:18:00;34.66;5.84;126.56644;NaN;29.465;0.065;1.715;22.335;NaN;1.419
18OL03019_655;321;47.10017;-59.99167;233802;199.63;13-jun-03;13:18:00;34.2;5.01;170.42256;NaN;23.38;0.105;1.555;20;NaN;1.413
18OL03019_655;321;47.10017;-59.99167;233803;99.94;13-jun-03;13:18:00;32.92;0.52;304.17926;NaN;8.75;0.065;1.055;10.045;0.01;1.361
18OL03019_655;321;47.10017;-59.99167;233804;49.98;13-jun-03;13:18:00;32.23;-0.73;333.43156;NaN;6.645;0.11;0.935;6.395;0.075;2.522
18OL03019_655;321;47.10017;-59.99167;233805;25.19;13-jun-03;13:18:00;31.58;2.8;334.14612;NaN;1.59333;0.035;0.46;0.8;0.39;6.102
18OL03019_655;321;47.10017;-59.99167;233806;15.17;13-jun-03;13:18:00;31.35;5.6;319.00638;NaN;1.26333;0.03;0.37;0.14;0.385;5.669
18OL03019_655;321;47.10017;-59.99167;233807;5.36;13-jun-03;13:18:00;31.35;5.75;317.57726;NaN;1.83333;0.03;0.355;0.1;0.39;2.645
18OL03019_655;321;47.10017;-59.99167;233808;0.89;13-jun-03;13:18:00;31.35;5.8;317.086;333.6102;0.82;0.02;0.365;0.105;0.425;2.216
18OL03019_656;331;47.0235;-60.1165;233809;175.95;13-jun-03;15:05:00;33.77;3.6;216.46702;208.7855;19.08;0.135;1.395;16.805;NaN;1.387
18OL03019_656;331;47.0235;-60.1165;233810;99.94;13-jun-03;15:05:00;32.73;-0.04;322.6685;NaN;8.49;0.11;1.035;9;0.01;1.265
18OL03019_656;331;47.0235;-60.1165;233811;50.97;13-jun-03;15:05:00;31.98;-0.56;348.30334;NaN;6.36;0.14667;0.995;5.11;0.075;2.245
18OL03019_656;331;47.0235;-60.1165;233812;25.68;13-jun-03;15:05:00;31.51;4.25;334.59272;NaN;1.73667;0.07;0.475;0.29;1.345;22.751
18OL03019_656;331;47.0235;-60.1165;233813;15.27;13-jun-03;15:05:00;31.2;6.25;319.85492;NaN;1.5;0.045;0.4;0.12;0.72;6.737
18OL03019_656;331;47.0235;-60.1165;233814;4.76;13-jun-03;15:05:00;31.12;6.69;319.27434;NaN;1.19;0.045;0.355;0.195;0.585;2.696
18OL03019_656;331;47.0235;-60.1165;233815;0.99;13-jun-03;15:05:00;31.12;6.72;NaN;327.3578;1.24;0.04;0.35;0.14667;0.7;2.62
18OL03019_657;341;46.95767;-60.21633;233816;77.34;13-jun-03;17:11:00;32.51;0.33;296.89968;309.4938;9.515;0.12667;1.12;8.26;0.185;1.568
18OL03019_657;341;46.95767;-60.21633;233817;51.46;13-jun-03;17:11:00;31.43;1.69;330.57332;NaN;1.69;0.07;0.435;0.31;0.24;4.409
18OL03019_657;341;46.95767;-60.21633;233818;24.89;13-jun-03;17:11:00;31;5.98;314.49572;NaN;1.69333;0.06;0.46;0.335;0.44;8.648
18OL03019_657;341;46.95767;-60.21633;233819;14.08;13-jun-03;17:11:00;30.85;6.55;310.43166;NaN;2.63667;0.09;0.66;0.925;0.515;5.655
18OL03019_657;341;46.95767;-60.21633;233820;4.46;13-jun-03;17:11:00;30.76;7.65;308.02002;NaN;1.63;0.06;0.38;0.185;0.535;2.688
18OL03019_657;341;46.95767;-60.21633;233821;1.69;13-jun-03;17:11:00;30.75;7.7;307.61808;321.7753;1.66;0.025;0.38;0.16;0.545;2.691
18OL03019_658;351;46.746;-60.99917;233822;62.87;13-jun-03;22:44:00;31.73;-0.19;320.70346;342.0956;4.635;0.095;0.93;2.525;0.315;3
18OL03019_658;351;46.746;-60.99917;233823;49.98;13-jun-03;22:44:00;31.55;0.7;322.80248;NaN;4.185;0.075;0.78;1.47;0.135;3.766
18OL03019_658;351;46.746;-60.99917;233824;24.89;13-jun-03;22:44:00;31.06;4.88;307.79672;NaN;2.40667;0.03;0.44;0.16;0.285;4.32
18OL03019_658;351;46.746;-60.99917;233825;14.88;13-jun-03;22:44:00;30.81;6.87;295.60454;NaN;2.16333;0.04;0.4;0.16;0.415;4.683
18OL03019_658;351;46.746;-60.99917;233826;5.16;13-jun-03;22:44:00;30;9.84;287.1638;NaN;2.025;0.035;0.29;0.11;0.52;4.449
18OL03019_658;351;46.746;-60.99917;233827;1.49;13-jun-03;22:44:00;30;9.83;288.41428;311.0569;2.11667;0.03;0.275;0.11;0.59;4.22
18OL03019_659;361;46.82967;-61.25117;233828;60.58;14-jun-03;00:17:00;32.17;-1.01;301.32102;326.018;14.305;0.15;1.22;8.685;0.21;2.829
18OL03019_659;361;46.82967;-61.25117;233829;49.98;14-jun-03;00:17:00;32.15;-1;315.65688;NaN;14.455;0.16;1.245;8.66;0.23;3.332
18OL03019_659;361;46.82967;-61.25117;233830;24.99;14-jun-03;00:17:00;31.64;3.11;323.69568;NaN;2.76667;0.06;0.575;0.26;1.36;26.608
18OL03019_659;361;46.82967;-61.25117;233831;14.97;14-jun-03;00:17:00;31.43;6.8;303.86664;NaN;1.77333;0.05;0.49;0.12;0.4;8.606
18OL03019_659;361;46.82967;-61.25117;233832;4.96;14-jun-03;00:17:00;31.4;7.65;299.84724;NaN;1.82667;0.045;0.425;0.085;0.345;6.854
18OL03019_659;361;46.82967;-61.25117;233833;1.29;14-jun-03;00:17:00;31.4;7.7;299.13268;333.8335;1.88667;0.05;0.42;0.105;0.34;6.882
18OL03019_660;371;46.90133;-61.50017;233834;50.47;14-jun-03;01:52:00;32.14;-1.01;314.67436;318.6491;14.66;0.145;1.245;8.42;0.255;3.182
18OL03019_660;371;46.90133;-61.50017;233835;25.19;14-jun-03;01:52:00;31.75;1.75;347.0082;NaN;3.145;0.085;0.7;2.195;0.53;10.313
18OL03019_660;371;46.90133;-61.50017;233836;15.07;14-jun-03;01:52:00;31.46;6.1;325.08014;NaN;1.9;0.05;0.5;0.14;0.42;8.652
18OL03019_660;371;46.90133;-61.50017;233837;5.26;14-jun-03;01:52:00;31.34;7.5;321.81996;NaN;2.32;0.015;0.44;0.095;0.315;6.596
18OL03019_660;371;46.90133;-61.50017;233838;1.19;14-jun-03;01:52:00;31.35;7.64;322.31122;334.5034;2.39333;0.035;0.45;0.105;0.29;6.694
18OL03019_661;381;47.00033;-61.75067;233839;40.95;14-jun-03;03:22:00;31.75;1.35;319.40832;340.9791;7.38667;0.085;0.845;3.595;0.835;9.161
18OL03019_661;381;47.00033;-61.75067;233840;25.09;14-jun-03;03:22:00;31.65;2.13;327.89372;NaN;6.43;0.07;0.74;2.46;1.915;14.741
18OL03019_661;381;47.00033;-61.75067;233841;15.27;14-jun-03;03:22:00;31.38;6.32;315.25494;NaN;2.81;0.02667;0.455;0.095;0.585;9.674
18OL03019_661;381;47.00033;-61.75067;233842;5.26;14-jun-03;03:22:00;31.39;6.95;314.6297;NaN;2.835;0.03333;0.445;0.055;0.55;9.544
18OL03019_661;381;47.00033;-61.75067;233843;1.29;14-jun-03;03:22:00;31.39;7.1;313.82582;340.9791;2.145;0.03333;0.44;0.07;0.575;9.221
18OL03019_662;391;47.17;-62.25;233844;40.26;14-jun-03;05:49:00;31.95;0.94;314.27242;325.7947;9.165;0.085;0.99;5.25;0.58;6.847
18OL03019_662;391;47.17;-62.25;233845;25.19;14-jun-03;05:49:00;31.88;1.22;329.1442;NaN;8.49667;0.09;0.96;4.715;1.755;13.931
18OL03019_662;391;47.17;-62.25;233846;14.78;14-jun-03;05:49:00;31.43;5.55;330.0374;NaN;2.63333;0.05;0.48;0.265;1.45;13.397
18OL03019_662;391;47.17;-62.25;233847;4.86;14-jun-03;05:49:00;31.36;6.94;326.06266;NaN;2.04;0.015;0.42;0.1;1.27;14.304
18OL03019_662;391;47.17;-62.25;233848;1.29;14-jun-03;05:49:00;31.36;6.98;326.6879;344.7752;2.13;0.03;0.41;0.05;1.315;14.245
18OL03019_663;401;47.32983;-62.751;233849;49.87;14-jun-03;08:38:00;32.06;-0.84;327.98304;325.1248;12.785;0.10667;1.22;8.44;0.37;3.059
18OL03019_663;401;47.32983;-62.751;233850;24.69;14-jun-03;08:38:00;31.71;3.01;363.39842;NaN;6.25;0.12667;0.77;3.595;1.01;12.577
18OL03019_663;401;47.32983;-62.751;233851;14.78;14-jun-03;08:38:00;31.65;5.54;360.8528;NaN;3.585;0.07667;0.49;0.165;2.6;33.941
18OL03019_663;401;47.32983;-62.751;233852;5.06;14-jun-03;08:38:00;31.62;7.23;352.90332;NaN;4.21;0.05;0.47;0.075;1.775;24.344
18OL03019_663;401;47.32983;-62.751;233853;1.19;14-jun-03;08:38:00;31.62;7.23;352.76934;367.3285;4.015;0.045;0.465;0.045;1.855;23.839
18OL03019_664;411;47.4995;-63.25083;233854;76.14;14-jun-03;11:12:00;32.14;-0.84;255.72316;261.7076;16.865;0.11;1.355;10.21;0.185;1.92
18OL03019_664;411;47.4995;-63.25083;233855;50.07;14-jun-03;11:12:00;31.93;-1.11;339.99658;NaN;9.28;0.15667;1.085;7.325;0.06;1.31
18OL03019_664;411;47.4995;-63.25083;233856;25.09;14-jun-03;11:12:00;31.62;2.36;337.8529;NaN;2.195;0.10667;0.62;1.33;0.88;14.385
18OL03019_664;411;47.4995;-63.25083;233857;14.97;14-jun-03;11:12:00;31.36;3.68;319.85492;NaN;2.065;0.075;0.565;1.195;1.185;9.861
18OL03019_664;411;47.4995;-63.25083;233858;4.96;14-jun-03;11:12:00;30.2;9.12;292.79096;NaN;2.225;0.09;0.36;0.94;1.105;9.943
18OL03019_664;411;47.4995;-63.25083;233859;1.19;14-jun-03;11:12:00;30.2;9.12;293.46086;325.5714;3.04;0.085;0.355;0.95;1.29;7.629
18OL03019_665;421;47.66067;-63.7505;233860;62.36;14-jun-03;13:48:00;31.98;-0.84;287.11914;293.8628;18.82;0.14667;1.295;9.66;0.24;2.014
18OL03019_665;421;47.66067;-63.7505;233861;50.27;14-jun-03;13:48:00;31.8;-0.44;315.56756;NaN;12.585;0.16333;1.22;6.37;0.115;1.961
18OL03019_665;421;47.66067;-63.7505;233862;25.09;14-jun-03;13:48:00;31.39;2.39;348.1247;NaN;1.905;0.10667;0.585;0.975;0.21;3.602
18OL03019_665;421;47.66067;-63.7505;233863;15.17;14-jun-03;13:48:00;30.95;3.53;322.80248;NaN;3.73;0.09333;0.69;2.6;0.375;4.167
18OL03019_665;421;47.66067;-63.7505;233864;5.35;14-jun-03;13:48:00;29.87;9.18;300.60646;NaN;3.135;0.08667;0.35;1.425;1.14;9.263
18OL03019_665;421;47.66067;-63.7505;233865;1.09;14-jun-03;13:48:00;29.87;9.21;301.18704;326.6879;3.335;0.075;0.335;1.415;1.255;6.422
18OL03019_666;431;47.74033;-63.999;233866;76.94;14-jun-03;15:33:00;32.29;-0.56;283.63566;273.9891;23.19;0.17;1.455;12.115;0.27;2.487
18OL03019_666;431;47.74033;-63.999;233867;50.67;14-jun-03;15:33:00;31.75;-0.13;314.04912;NaN;12.45;0.09;1.185;7.4;0.105;2.043
18OL03019_666;431;47.74033;-63.999;233868;24.99;14-jun-03;15:33:00;31.2;2.99;322.04326;NaN;7.7;0.13;0.85;4.145;0.55;7.769
18OL03019_666;431;47.74033;-63.999;233869;15.17;14-jun-03;15:33:00;30;8.04;299.17734;NaN;4;0.09333;0.41;1.92;0.655;8.909
18OL03019_666;431;47.74033;-63.999;233870;5.26;14-jun-03;15:33:00;29.85;9.32;299.13268;NaN;3.74;0.07;0.36;1.78;0.98;8.511
18OL03019_666;431;47.74033;-63.999;233871;1.29;14-jun-03;15:33:00;29.85;9.41;299.4453;324.4549;3.84;0.08;0.355;1.805;0.925;6.526
18OL03019_667;441;47.82783;-64.24783;233872;38.67;14-jun-03;17:54:00;30.73;3.03;308.19866;330.7073;9.2;0.11667;0.86;4.19;0.515;3.846
18OL03019_667;441;47.82783;-64.24783;233873;24.79;14-jun-03;17:54:00;30.31;4.59;318.02386;NaN;4.905;0.11;0.63;3.05;1.515;9.254
18OL03019_667;441;47.82783;-64.24783;233874;14.87;14-jun-03;17:54:00;29.43;5.93;316.05882;NaN;2.36;0.08333;0.32;1.25;2.25;15.118
18OL03019_667;441;47.82783;-64.24783;233875;4.56;14-jun-03;17:54:00;27.79;10.9;290.20068;NaN;2.5;0.05;0.09;0.11;1.755;16.027
18OL03019_667;441;47.82783;-64.24783;233876;1.19;14-jun-03;17:54:00;27.79;10.91;290.20068;319.9889;2.425;0.035;0.105;0.09;2.08;16.023
