CTD;CTD;CTD;CTD;CTD;CTD;CTD;CTD;CTD;labo;labo;terrain;labo;labo;labo;labo
Fichier;Station;Latitude;Longitude;Echantillon;zbouteille;Date;Heure;PRES;PSAL_BS;OXYM_01;TEMP_XX;Si_01;PO4_01;NOx_01;CHL_03
(nom);(nom/no);(degres);(degres);(no_unique);(dbar);(jj-mmm-yyyy);(GMT);(dbar);(PSU);(mmol/m**3);(celsius);(mmol/m**3);(mmol/m**3);(mmol/m**3);(mg/m**3)
18TL05601_002;STN27;47.5467;-52.5867;259567;170;30-apr-05;18:59:00;171.78;33.03;278.2;-0.35;12.22;1.46;9.61;NaN
18TL05601_002;STN27;47.5467;-52.5867;259568;148;30-apr-05;18:59:00;149.19;32.88;318;-0.85;7.26;1.16;7.36;1.43
18TL05601_002;STN27;47.5467;-52.5867;259569;99;30-apr-05;18:59:00;99.96;32.68;339.4;-1.25;2.2;0.78;4.47;2.45
18TL05601_002;STN27;47.5467;-52.5867;259570;74;30-apr-05;18:59:00;74.93;32.61;349.2;-1.15;2;0.7;3.56;2.13
18TL05601_002;STN27;47.5467;-52.5867;259571;49;30-apr-05;18:59:00;49.79;32.46;359.5;-0.88;1.56;0.54;1.34;1.8
18TL05601_002;STN27;47.5467;-52.5867;259572;39;30-apr-05;18:59:00;39.47;32.43;363.5;-0.77;1.1;0.34;0.78;2.23
18TL05601_002;STN27;47.5467;-52.5867;259573;30;30-apr-05;18:59:00;30.51;32.39;371.1;-0.64;1.08;0.31;0.47;1.47
18TL05601_002;STN27;47.5467;-52.5867;259574;20;30-apr-05;18:59:00;19.95;32.32;382.3;-0.05;1.57;0.33;0.94;0.95
18TL05601_002;STN27;47.5467;-52.5867;259575;9;30-apr-05;18:59:00;9.39;32.27;372.9;0.54;1.93;0.5;1.2;0.82
18TL05601_002;STN27;47.5467;-52.5867;259576;5;30-apr-05;18:59:00;5.24;32.17;371.1;0.65;1.11;0.39;2.17;0.84
18TL05601_003;SEGB-09;44.725;-51.395;259612;67;01-may-05;19:14:00;67.59;32.86;299.7;2.01;3.95;0.87;3.32;4.86
18TL05601_003;SEGB-09;44.725;-51.395;259613;49;01-may-05;19:14:00;49.59;32.72;328.7;2.62;1.8;0.5;1.03;1.89
18TL05601_003;SEGB-09;44.725;-51.395;259614;39;01-may-05;19:14:00;39.26;32.69;335.4;2.79;1.8;0.45;0.6;1.79
18TL05601_003;SEGB-09;44.725;-51.395;259615;29;01-may-05;19:14:00;29.14;32.67;348.3;3.08;1.21;0.4;0.26;1.64
18TL05601_003;SEGB-09;44.725;-51.395;259616;19;01-may-05;19:14:00;19.31;32.55;341.6;3.88;0.91;0.36;1.54;0.79
18TL05601_003;SEGB-09;44.725;-51.395;259617;9;01-may-05;19:14:00;8.75;32.5;339.4;4.29;0.88;0.32;1.09;0.72
18TL05601_003;SEGB-09;44.725;-51.395;259618;4;01-may-05;19:14:00;3.54;32.49;337.2;4.77;0.87;0.34;2.56;0.66
18TL05601_014;SEGB-10;44.3633;-51.1033;259619;67;01-may-05;22:09:00;67.75;32.95;303.7;2.05;NaN;NaN;NaN;NaN
18TL05601_025;SEGB-11;44;-50.8083;259620;68;02-may-05;00:44:00;68.97;32.95;304.1;2.21;4.79;0.74;3.98;0.69
18TL05601_025;SEGB-11;44;-50.8083;259621;49;02-may-05;00:44:00;49.73;32.93;301.5;2.29;5.42;0.77;3.63;0.66
18TL05601_025;SEGB-11;44;-50.8083;259622;39;02-may-05;00:44:00;39.39;32.63;327.4;3.8;1.33;0.42;0.29;0.94
18TL05601_025;SEGB-11;44;-50.8083;259623;29;02-may-05;00:44:00;29.61;32.63;327.8;3.87;1.3;0.39;1.11;0.69
18TL05601_025;SEGB-11;44;-50.8083;259624;19;02-may-05;00:44:00;19.28;32.62;327.8;4;1.12;0.25;0.21;0.62
18TL05601_025;SEGB-11;44;-50.8083;259625;9;02-may-05;00:44:00;9.2;32.62;324.2;4.73;1.85;0.34;0.48;0.45
18TL05601_025;SEGB-11;44;-50.8083;259626;4;02-may-05;00:44:00;4.23;32.62;324.7;4.73;1.44;0.28;0.39;0.45
18TL05601_036;SEGB-12;43.6333;-50.5167;259627;62;02-may-05;03:56:00;62.79;32.98;305.5;2.5;4.08;0.7;1.73;1.97
18TL05601_036;SEGB-12;43.6333;-50.5167;259628;49;02-may-05;03:56:00;49.72;32.98;305.9;2.51;3.57;0.64;1.27;1.53
18TL05601_036;SEGB-12;43.6333;-50.5167;259629;39;02-may-05;03:56:00;39.55;32.95;318;2.91;1.96;0.47;0.77;1.83
18TL05601_036;SEGB-12;43.6333;-50.5167;259630;29;02-may-05;03:56:00;29.46;32.88;330.5;3.59;1.2;0.3;0.26;1.58
18TL05601_036;SEGB-12;43.6333;-50.5167;259631;19;02-may-05;03:56:00;19.47;32.83;327.4;3.92;1.07;0.27;0.21;0.95
18TL05601_036;SEGB-12;43.6333;-50.5167;259632;10;02-may-05;03:56:00;9.71;32.79;326.5;4.21;1.41;0.28;0.41;0.66
18TL05601_036;SEGB-12;43.6333;-50.5167;259633;4;02-may-05;03:56:00;4.34;32.79;326;4.29;1.7;0.32;1.18;0.7
18TL05601_047;SEGB-13;43.2;-50.1667;259634;62;02-may-05;07:39:00;62.94;33.37;307.7;1.24;3.56;0.81;5.33;3.58
18TL05601_047;SEGB-13;43.2;-50.1667;259635;50;02-may-05;07:39:00;50.58;33.37;309;1.23;3.33;0.79;5.14;4.23
18TL05601_047;SEGB-13;43.2;-50.1667;259636;40;02-may-05;07:39:00;40.73;33.21;337.2;1.4;1.58;0.4;2.34;6.56
18TL05601_047;SEGB-13;43.2;-50.1667;259637;30;02-may-05;07:39:00;30.73;33.09;358.6;1.71;NaN;NaN;NaN;NaN
18TL05601_047;SEGB-13;43.2;-50.1667;259638;20;02-may-05;07:39:00;20.65;33;382.7;1.71;1.63;0.24;0.62;4.13
18TL05601_047;SEGB-13;43.2;-50.1667;259639;10;02-may-05;07:39:00;10.27;32.92;391.2;1.76;1.4;0.24;0.4;2.71
18TL05601_047;SEGB-13;43.2;-50.1667;259640;5;02-may-05;07:39:00;5.51;32.87;377.8;2.88;2.39;0.29;2.66;1.34
18TL05601_058;SEGB-14;42.92;-49.9417;259641;164;02-may-05;10:07:00;165.75;33.42;318;0.21;NaN;NaN;NaN;NaN
18TL05601_069;SEGB-15;42.85;-49.8867;259642;375;02-may-05;11:01:00;377.97;34.52;284;3.24;10.66;1.12;15.03;NaN
18TL05601_069;SEGB-15;42.85;-49.8867;259643;150;02-may-05;11:01:00;150.77;33.78;307.3;1.3;8.73;0.83;10.1;NaN
18TL05601_069;SEGB-15;42.85;-49.8867;259644;99;02-may-05;11:01:00;99.94;33.41;321.1;0.13;7.92;0.78;8.41;1.49
18TL05601_069;SEGB-15;42.85;-49.8867;259645;74;02-may-05;11:01:00;74.86;33.15;333.6;-0.45;4.68;0.77;6.49;5.96
18TL05601_069;SEGB-15;42.85;-49.8867;259646;50;02-may-05;11:01:00;50.56;33.08;355.5;-0.03;2.56;0.45;3.28;6.26
18TL05601_069;SEGB-15;42.85;-49.8867;259647;40;02-may-05;11:01:00;40.32;33.03;357.7;-0.11;2.11;0.49;2.77;7.34
18TL05601_069;SEGB-15;42.85;-49.8867;259648;29;02-may-05;11:01:00;29.42;32.97;381.4;0.29;1.11;0.23;0.5;4.82
18TL05601_069;SEGB-15;42.85;-49.8867;259649;20;02-may-05;11:01:00;19.76;32.94;377.8;0.03;1.19;0.36;0.74;11.1
18TL05601_069;SEGB-15;42.85;-49.8867;259650;9;02-may-05;11:01:00;9.15;32.77;414;0.4;1.01;0.21;0.74;1.95
18TL05601_069;SEGB-15;42.85;-49.8867;259651;6;02-may-05;11:01:00;5.69;32.77;415.8;0.3;0.89;0.19;0.79;2.21
18TL05601_080;SEGB-16;42.775;-49.8283;259652;1015;02-may-05;12:58:00;1020.47;34.89;276.9;3.76;NaN;NaN;NaN;NaN
18TL05601_113;SEGB-01;46.5833;-52.9333;259577;50;01-may-05;02:05:00;50.01;32.22;360.8;-0.08;1.29;0.39;1.06;1.94
18TL05601_113;SEGB-01;46.5833;-52.9333;259578;40;01-may-05;02:05:00;40.44;32.21;362.2;-0.05;1.41;0.42;1.12;2.1
18TL05601_113;SEGB-01;46.5833;-52.9333;259579;30;01-may-05;02:05:00;29.81;32.15;372;0.44;1.02;0.27;0.41;1.37
18TL05601_113;SEGB-01;46.5833;-52.9333;259580;20;01-may-05;02:05:00;20.25;32.11;371.1;0.44;0.94;0.26;0.35;1.44
18TL05601_113;SEGB-01;46.5833;-52.9333;259581;10;01-may-05;02:05:00;10.01;32.08;371.1;0.75;1.7;0.31;1.47;0.43
18TL05601_113;SEGB-01;46.5833;-52.9333;259582;5;01-may-05;02:05:00;5.31;32.08;370.7;0.77;1.01;0.25;0.39;0.46
18TL05601_160;FC-12;47;-48.1167;259695;130;04-may-05;12:59:00;130.88;33.48;285.4;0.33;8.38;1.71;8.73;NaN
18TL05601_160;FC-12;47;-48.1167;259696;100;04-may-05;12:59:00;100.79;33.23;322.4;-0.2;5.77;0.83;7.59;1.74
18TL05601_160;FC-12;47;-48.1167;259697;75;04-may-05;12:59:00;76.02;33.03;331.8;-0.9;2.9;0.77;6.46;5.3
18TL05601_160;FC-12;47;-48.1167;259698;49;04-may-05;12:59:00;49.49;32.76;349.7;-0.78;2.15;1.16;3.51;5.27
18TL05601_160;FC-12;47;-48.1167;259699;39;04-may-05;12:59:00;39.59;32.65;374.2;-0.23;1.2;0.38;0;4.35
18TL05601_160;FC-12;47;-48.1167;259700;29;04-may-05;12:59:00;29.69;32.63;380.9;0.04;1.05;0.38;0;5.19
18TL05601_160;FC-12;47;-48.1167;259701;19;04-may-05;12:59:00;19.45;32.63;384.1;1.29;2.57;1.12;2.29;1.03
18TL05601_160;FC-12;47;-48.1167;259702;11;04-may-05;12:59:00;10.79;32.63;383.6;1.31;1.45;0.3;1.09;1.08
18TL05601_160;FC-12;47;-48.1167;259703;6;04-may-05;12:59:00;5.56;32.63;383.6;1.32;1.39;0.28;0.98;1.17
18TL05601_171;FC-11;47;-48.6167;259704;100;04-may-05;16:44:00;101.31;33.24;280.9;-0.02;NaN;NaN;NaN;NaN
18TL05601_182;FC-10;47;-49.1167;259705;75;04-may-05;18:58:00;75.85;32.88;316.2;-0.06;4.42;1.04;3.96;2.84
18TL05601_182;FC-10;47;-49.1167;259706;50;04-may-05;18:58:00;50.16;32.78;353.7;0.49;1.3;0.45;0.79;7.32
18TL05601_182;FC-10;47;-49.1167;259707;40;04-may-05;18:58:00;40.59;32.76;358.6;0.6;1.01;0.32;0.49;4.93
18TL05601_182;FC-10;47;-49.1167;259708;30;04-may-05;18:58:00;30.61;32.73;370.2;1.46;1.42;0.35;1.25;1.65
18TL05601_182;FC-10;47;-49.1167;259709;20;04-may-05;18:58:00;20.42;32.73;368.4;1.73;1.27;0.36;1.11;1.71
18TL05601_182;FC-10;47;-49.1167;259710;10;04-may-05;18:58:00;10.19;32.73;368.9;1.74;0.81;0.4;0.44;1.58
18TL05601_182;FC-10;47;-49.1167;259711;5;04-may-05;18:58:00;4.84;32.52;366.2;1.84;1.09;0.22;0.42;1.31
18TL05601_193;FC-09;47;-50;259712;74;04-may-05;23:27:00;74.94;32.85;328.7;0.58;3.68;1.03;4.31;5.68
18TL05601_193;FC-09;47;-50;259713;50;04-may-05;23:27:00;50.51;32.8;364;1.37;0.71;0.43;0.11;4.46
18TL05601_193;FC-09;47;-50;259714;40;04-may-05;23:27:00;40.52;32.8;372;1.43;0.85;0.29;1.44;2.61
18TL05601_193;FC-09;47;-50;259715;31;04-may-05;23:27:00;30.95;32.8;377.8;1.46;0.71;0.24;0.09;1.32
18TL05601_193;FC-09;47;-50;259716;21;04-may-05;23:27:00;21.28;32.69;364.9;2.53;0.74;0.31;0;1.66
18TL05601_193;FC-09;47;-50;259717;11;04-may-05;23:27:00;10.88;32.69;365.8;2.55;0.71;0.34;0.59;1.4
18TL05601_193;FC-09;47;-50;259718;5;04-may-05;23:27:00;4.62;32.69;366.2;2.59;0.91;0.47;0.15;1.31
18TL05601_204;FC-08;47;-50.6667;259719;172;05-may-05;02:24:00;173.21;33.09;286.3;0.33;NaN;NaN;NaN;NaN
18TL05601_215;FC-07;47;-51;259720;101;05-may-05;04:23:00;101.72;33.04;292.5;0.15;11;1.21;8.23;1.37
18TL05601_215;FC-07;47;-51;259721;75;05-may-05;04:23:00;75.82;32.83;330;0.54;4.02;0.62;5.41;1.95
18TL05601_215;FC-07;47;-51;259722;50;05-may-05;04:23:00;50.65;32.75;351.9;1.05;1.55;0.5;2.44;3.75
18TL05601_215;FC-07;47;-51;259723;40;05-may-05;04:23:00;39.88;32.73;355.5;1.05;0.72;0.56;0.56;3.87
18TL05601_215;FC-07;47;-51;259724;29;05-may-05;04:23:00;29.64;32.71;355.9;1.15;0.89;0.39;0.93;0.05
18TL05601_215;FC-07;47;-51;259725;20;05-may-05;04:23:00;19.72;32.63;374.7;2.43;0.77;0.3;0.09;4.03
18TL05601_215;FC-07;47;-51;259726;10;05-may-05;04:23:00;9.87;32.6;375.1;2.69;0.82;0.27;0.06;1.85
18TL05601_215;FC-07;47;-51;259727;5;05-may-05;04:23:00;4.64;32.59;374.7;2.76;0.7;0.28;0;1.83
18TL05601_225;SEGB-02;46.5;-52.85;259583;173;01-may-05;03:38:00;173.9;32.91;314;-0.66;NaN;NaN;NaN;NaN
18TL05601_226;FC-06;47;-51.485;259728;96;05-may-05;07:09:00;97.26;32.99;297;0.3;NaN;NaN;NaN;NaN
18TL05601_237;FC-05;47;-52.0333;259729;135;05-may-05;09:29:00;136.35;33.08;293;-0.34;8.07;1.05;7.37;NaN
18TL05601_237;FC-05;47;-52.0333;259730;100;05-may-05;09:29:00;100.87;32.78;333.2;-1.23;5.29;0.88;6.12;1.31
18TL05601_237;FC-05;47;-52.0333;259731;74;05-may-05;09:29:00;74.94;32.66;338.5;-1.47;1.66;0.63;4.48;1.43
18TL05601_237;FC-05;47;-52.0333;259732;50;05-may-05;09:29:00;49.94;32.43;369.8;-0.01;0.94;0.25;0;0.28
18TL05601_237;FC-05;47;-52.0333;259733;40;05-may-05;09:29:00;40.13;32.4;371.1;0.58;0.94;0.23;0;0.18
18TL05601_237;FC-05;47;-52.0333;259734;29;05-may-05;09:29:00;29.45;32.35;369.3;0.61;0.87;0.28;1.27;0.15
18TL05601_237;FC-05;47;-52.0333;259735;20;05-may-05;09:29:00;19.9;32.33;368;0.69;1.27;0.27;0.78;0.2
18TL05601_237;FC-05;47;-52.0333;259736;10;05-may-05;09:29:00;9.89;32.3;364.9;0.86;0.94;0.24;0.09;0.09
18TL05601_237;FC-05;47;-52.0333;259737;5;05-may-05;09:29:00;5.03;32.29;360.4;1.25;0.94;0.23;0;0.1
18TL05601_239;FC-04;47;-52.3217;259738;120;05-may-05;12:12:00;121.23;33.07;288.9;-0.28;8.04;1.08;7.66;NaN
18TL05601_239;FC-04;47;-52.3217;259739;99;05-may-05;12:12:00;100.3;32.87;330;-1.09;NaN;NaN;NaN;1.64
18TL05601_239;FC-04;47;-52.3217;259740;74;05-may-05;12:12:00;75.08;32.75;338.1;-0.61;2.79;0.82;4.69;1.57
18TL05601_239;FC-04;47;-52.3217;259741;50;05-may-05;12:12:00;50.16;32.72;361.7;0.62;1.16;0.44;1;1.94
18TL05601_239;FC-04;47;-52.3217;259742;40;05-may-05;12:12:00;39.88;32.63;370.7;0.07;0.94;0.27;0;0.51
18TL05601_239;FC-04;47;-52.3217;259743;30;05-may-05;12:12:00;30.54;32.57;372;0.92;1.1;0.34;0;0.49
18TL05601_239;FC-04;47;-52.3217;259744;20;05-may-05;12:12:00;20.24;32.48;363.5;1.49;0.87;0.27;0.83;0.21
18TL05601_239;FC-04;47;-52.3217;259745;10;05-may-05;12:12:00;10.33;32.43;358.6;1.9;1.45;0.3;0.26;0.11
18TL05601_239;FC-04;47;-52.3217;259746;5;05-may-05;12:12:00;5.49;32.42;356.8;2.01;NaN;NaN;NaN;NaN
18TL05601_243;FC-03;47;-52.58;259747;151;05-may-05;13:45:00;152.43;33.1;278.7;0.09;11.51;1.19;8.48;NaN
18TL05601_243;FC-03;47;-52.58;259748;149;05-may-05;13:45:00;149.96;33.1;279.1;0.08;NaN;NaN;NaN;NaN
18TL05601_243;FC-03;47;-52.58;259749;100;05-may-05;13:45:00;101.07;32.92;311.3;-0.67;6.12;0.89;6.7;0.81
18TL05601_243;FC-03;47;-52.58;259750;74;05-may-05;13:45:00;74.42;32.75;334.1;-0.32;2.72;0.92;6.3;1.47
18TL05601_243;FC-03;47;-52.58;259751;49;05-may-05;13:45:00;48.93;32.68;366.7;0.51;0.87;0.37;1.78;0.98
18TL05601_243;FC-03;47;-52.58;259752;39;05-may-05;13:45:00;39.5;32.53;371.6;-0.51;0.94;0.31;0;0.34
18TL05601_243;FC-03;47;-52.58;259753;29;05-may-05;13:45:00;29.26;32.47;368.9;0.45;0.94;0.23;0;0.17
18TL05601_243;FC-03;47;-52.58;259754;19;05-may-05;13:45:00;19.27;32.42;367.5;0.91;0.94;0.23;0;0.09
18TL05601_243;FC-03;47;-52.58;259755;10;05-may-05;13:45:00;9.93;32.32;357.3;1.85;0.94;0.23;0;0.01
18TL05601_243;FC-03;47;-52.58;259756;5;05-may-05;13:45:00;5.07;32.33;357.3;1.82;0.94;0.3;1.9;0.02
18TL05601_244;FC-02;47;-52.705;259757;181;05-may-05;15:25:00;182.79;33.14;272.4;0.05;NaN;NaN;NaN;NaN
18TL05601_247;FC-01;47;-52.8317;259758;99;05-may-05;16:20:00;100.14;32.6;333.2;-1.25;4.18;0.95;7.34;1.64
18TL05601_247;FC-01;47;-52.8317;259759;74;05-may-05;16:20:00;75.01;32.57;336.3;-1.3;2;0.78;6.14;0.91
18TL05601_247;FC-01;47;-52.8317;259760;50;05-may-05;16:20:00;50.14;32.47;343;-1.14;1.85;0.73;4.88;0.99
18TL05601_247;FC-01;47;-52.8317;259761;39;05-may-05;16:20:00;39.82;32.38;356.4;-0.68;1.61;0.52;4.42;1
18TL05601_247;FC-01;47;-52.8317;259762;30;05-may-05;16:20:00;30.1;32.27;367.1;-0.05;0.87;0.33;1.3;0.66
18TL05601_247;FC-01;47;-52.8317;259763;20;05-may-05;16:20:00;20.1;32.17;366.7;0.38;0.87;0.31;1.51;0.4
18TL05601_247;FC-01;47;-52.8317;259764;10;05-may-05;16:20:00;9.61;32.03;364.9;1.08;1.3;0.34;0.13;0.35
18TL05601_247;FC-01;47;-52.8317;259765;4;05-may-05;16:20:00;3.85;31.94;361.3;1.48;1.65;0.36;0.75;0.13
18TL05601_253;STN27;47.5467;-52.5867;259766;170;05-may-05;21:37:00;171.8;33.15;274.2;-0.14;10.7;1.37;9.9;NaN
18TL05601_253;STN27;47.5467;-52.5867;259767;146;05-may-05;21:37:00;146.84;32.92;323.3;-1;4.93;0.95;7.78;1.36
18TL05601_253;STN27;47.5467;-52.5867;259768;100;05-may-05;21:37:00;100.37;32.67;336.7;-1.55;4.02;0.86;6.96;0.82
18TL05601_253;STN27;47.5467;-52.5867;259769;75;05-may-05;21:37:00;75.15;32.55;343.4;-1.53;3.79;0.76;5.43;0.81
18TL05601_253;STN27;47.5467;-52.5867;259770;50;05-may-05;21:37:00;50.81;32.45;370.2;-0.74;1.79;0.5;1.85;1.61
18TL05601_253;STN27;47.5467;-52.5867;259771;40;05-may-05;21:37:00;40.83;32.37;368.4;-0.77;1.41;0.47;0.81;2.06
18TL05601_253;STN27;47.5467;-52.5867;259772;31;05-may-05;21:37:00;30.95;32.26;377.4;-0.63;1.52;0.45;0.12;0.41
18TL05601_253;STN27;47.5467;-52.5867;259773;20;05-may-05;21:37:00;19.77;32.03;366.7;0.92;2.7;0.46;2.5;0.25
18TL05601_253;STN27;47.5467;-52.5867;259774;9;05-may-05;21:37:00;9.47;32;360.8;1.69;1.42;0.36;0.09;0.09
18TL05601_253;STN27;47.5467;-52.5867;259775;4;05-may-05;21:37:00;4.21;32;360.4;1.75;1.61;0.4;0.07;0.07
18TL05601_264;SEGB-03;46.35;-52.7333;259584;167;01-may-05;04:59:00;168.1;33.12;282.7;0.14;13.61;1.22;10.96;NaN
18TL05601_264;SEGB-03;46.35;-52.7333;259585;149;01-may-05;04:59:00;150.39;33.12;285.8;0.14;12.24;1.1;9.75;NaN
18TL05601_264;SEGB-03;46.35;-52.7333;259586;99;01-may-05;04:59:00;99.66;32.86;318;0.05;5.88;0.91;7.13;1.2
18TL05601_264;SEGB-03;46.35;-52.7333;259587;74;01-may-05;04:59:00;74.72;32.72;338.1;-0.18;3.86;0.87;5.41;1.77
18TL05601_264;SEGB-03;46.35;-52.7333;259588;50;01-may-05;04:59:00;50.35;32.62;344.8;-0.34;2.3;0.77;3.93;1.75
18TL05601_264;SEGB-03;46.35;-52.7333;259589;40;01-may-05;04:59:00;39.97;32.52;363.5;0.59;1.71;0.41;1.2;1.17
18TL05601_264;SEGB-03;46.35;-52.7333;259590;30;01-may-05;04:59:00;30.1;32.42;360;1.49;1.19;0.3;0.58;0.47
18TL05601_264;SEGB-03;46.35;-52.7333;259591;20;01-may-05;04:59:00;20.16;32.42;359.1;1.54;1.3;0.33;0.62;0.38
18TL05601_264;SEGB-03;46.35;-52.7333;259592;10;01-may-05;04:59:00;10.15;32.41;358.2;1.74;0.97;0.25;0.35;0.28
18TL05601_264;SEGB-03;46.35;-52.7333;259593;5;01-may-05;04:59:00;4.96;32.37;361.3;1.7;0.97;0.31;0.4;0.25
18TL05601_284;SEGB-04;46.2083;-52.6083;259594;124;01-may-05;07:05:00;124.58;33.05;289.8;-0.01;NaN;NaN;NaN;NaN
18TL05601_296;CBAY-01;47.8333;-52.9167;259879;194;09-may-05;03:14:00;196.04;33.06;266.6;-0.19;14.85;1.3;9.52;NaN
18TL05601_296;CBAY-01;47.8333;-52.9167;259880;150;09-may-05;03:14:00;150.9;32.82;320.2;-1.15;5.24;0.68;6.92;NaN
18TL05601_296;CBAY-01;47.8333;-52.9167;259881;100;09-may-05;03:14:00;100.42;32.65;324.2;-1.27;3.72;0.64;6.23;0.27
18TL05601_296;CBAY-01;47.8333;-52.9167;259882;75;09-may-05;03:14:00;75.41;32.53;333.2;-1.24;2.83;0.59;5.9;0.31
18TL05601_296;CBAY-01;47.8333;-52.9167;259883;49;09-may-05;03:14:00;49.69;32.28;348.3;-0.81;1.5;0.44;2.97;0.59
18TL05601_296;CBAY-01;47.8333;-52.9167;259884;41;09-may-05;03:14:00;41.17;32.16;376.9;-0.51;1.68;0.46;1.58;0.2
18TL05601_296;CBAY-01;47.8333;-52.9167;259885;30;09-may-05;03:14:00;29.99;31.98;376.5;0.17;1.04;0.25;0.33;0.12
18TL05601_296;CBAY-01;47.8333;-52.9167;259886;20;09-may-05;03:14:00;19.97;31.85;358.2;1.97;1.11;0.41;0.34;0.09
18TL05601_296;CBAY-01;47.8333;-52.9167;259887;10;09-may-05;03:14:00;9.98;31.84;352.8;2.31;1.15;0.44;0.48;0.04
18TL05601_296;CBAY-01;47.8333;-52.9167;259888;5;09-may-05;03:14:00;5.21;31.84;352.8;2.32;2.45;0.43;4.35;0.06
18TL05601_297;STN27;47.5467;-52.5867;259889;172;09-may-05;07:28:00;173.08;33.14;272;-0.18;9.88;1.3;7.87;NaN
18TL05601_297;STN27;47.5467;-52.5867;259890;149;09-may-05;07:28:00;150.65;32.92;321.5;-0.91;7.9;1.16;6.75;0.26
18TL05601_297;STN27;47.5467;-52.5867;259891;99;09-may-05;07:28:00;99.94;32.67;334.5;-1.37;1.35;0.72;3.62;0.23
18TL05601_297;STN27;47.5467;-52.5867;259892;75;09-may-05;07:28:00;75.15;32.47;365.3;-0.45;1.72;0.46;1.87;0.05
18TL05601_297;STN27;47.5467;-52.5867;259893;49;09-may-05;07:28:00;49.69;32.4;374.7;0.26;1.07;0.26;0.24;0.03
18TL05601_297;STN27;47.5467;-52.5867;259894;40;09-may-05;07:28:00;39.89;32.36;370.2;0.67;0.88;0.27;0.12;0.07
18TL05601_297;STN27;47.5467;-52.5867;259895;30;09-may-05;07:28:00;29.78;32.11;361.7;0.96;0.89;0.31;0.14;0.05
18TL05601_297;STN27;47.5467;-52.5867;259896;20;09-may-05;07:28:00;19.77;32.03;354.2;1.69;0.91;0.28;0.17;0.02
18TL05601_297;STN27;47.5467;-52.5867;259897;10;09-may-05;07:28:00;9.73;32.04;350.1;2.03;1.84;0.52;1.46;0
18TL05601_297;STN27;47.5467;-52.5867;259898;4;09-may-05;07:28:00;4.47;32.03;350.1;2.06;1.11;0.31;0.32;0.02
18TL05601_304;SEGB-05;46.07;-52.5;259595;85;01-may-05;08:24:00;85.95;32.91;254.1;0.76;9.99;2.02;8.57;2.48
18TL05601_304;SEGB-05;46.07;-52.5;259596;75;01-may-05;08:24:00;76.03;32.76;321.5;1.38;3.37;0.85;5.27;1.73
18TL05601_304;SEGB-05;46.07;-52.5;259597;49;01-may-05;08:24:00;49.25;32.59;346.6;2.13;1.51;0.41;0.61;2.69
18TL05601_304;SEGB-05;46.07;-52.5;259598;39;01-may-05;08:24:00;39.78;32.54;353.7;2.24;1.38;0.35;0.17;1.92
18TL05601_304;SEGB-05;46.07;-52.5;259599;29;01-may-05;08:24:00;29.39;32.54;354.2;2.34;1.18;0.32;0.19;1.64
18TL05601_304;SEGB-05;46.07;-52.5;259600;19;01-may-05;08:24:00;19.45;32.54;357.3;2.4;1.03;0.29;0.19;1.37
18TL05601_304;SEGB-05;46.07;-52.5;259601;10;01-may-05;08:24:00;9.97;32.54;356.4;2.53;1.33;0.39;0.52;1.39
18TL05601_304;SEGB-05;46.07;-52.5;259602;4;01-may-05;08:24:00;4.51;32.53;354.6;2.7;1.63;0.37;0.48;1.08
18TL05601_315;SEGB-06;45.7883;-52.2667;259603;78;01-may-05;11:01:00;78.23;33.02;274.7;0.83;NaN;NaN;NaN;NaN
18TL05601_326;SEGB-07;45.4583;-52;259604;76;01-may-05;13:23:00;76.3;33.03;296.1;1.44;4.44;1.04;4.38;0.39
18TL05601_326;SEGB-07;45.4583;-52;259605;51;01-may-05;13:23:00;50.96;32.76;328.7;1.69;3.59;0.81;3.88;1.09
18TL05601_326;SEGB-07;45.4583;-52;259606;40;01-may-05;13:23:00;40.5;32.67;339;2.57;1.5;0.45;1.51;1.99
18TL05601_326;SEGB-07;45.4583;-52;259607;30;01-may-05;13:23:00;30.25;32.66;341.6;2.72;1.41;0.41;1.32;2.24
18TL05601_326;SEGB-07;45.4583;-52;259608;20;01-may-05;13:23:00;20.33;32.66;347.9;2.75;1.76;0.41;0.82;2.46
18TL05601_326;SEGB-07;45.4583;-52;259609;11;01-may-05;13:23:00;10.86;32.66;353.7;2.96;1.47;0.36;0.63;1.68
18TL05601_326;SEGB-07;45.4583;-52;259610;6;01-may-05;13:23:00;5.6;32.65;351;3.28;1.88;0.4;1.61;1.72
18TL05601_339;SEGB-08;45.095;-51.7;259611;69;01-may-05;16:33:00;69.06;33.04;313.5;1.61;NaN;NaN;NaN;NaN
