CTD;CTD;CTD;CTD;CTD;CTD;CTD;CTD;CTD;CTD;CTD;labo;labo;labo;labo;labo;labo;labo;labo;labo;labo;CTD
Fichier;Station;Latitude;Longitude;Echantillon;zbouteille;Date;Heure;PSAL;TE90;DOXY;OXYM_01;Si_01;NO2_01;PO4_01;NOx_01;Si_01;NO2_01;NOx_01;PO4_01;CHL_03;FLOR
(nom);(nom/no);(degres);(degres);(no_unique);(dbar);(jj-mmm-yyyy);(GMT);(psu);(celsius);(ml/l);(mmol/m**3);(mmol/m**3);(mmol/m**3);(mmol/m**3);(mmol/m**3);(mmol/m**3);(mmol/m**3);(mmol/m**3);(mmol/m**3);(mg/m**3);(mg/m**3)
18TL04021_685;1071;47.93083;-65.24717;275940;69.8;21-jun-04;23:57:00;31.5;-0.65;273.67648;283.8143;NaN;NaN;NaN;NaN;22.165;0.19;10.82;1.45;NaN;0.636
18TL04021_685;1071;47.93083;-65.24717;275941;49.67;21-jun-04;23:57:00;30.75;-0.09;298.3288;NaN;NaN;NaN;NaN;NaN;14.685;0.32;8.53;1.29;0.405;0.582
18TL04021_685;1071;47.93083;-65.24717;275942;24.89;21-jun-04;23:57:00;29.37;3.3;326.41994;NaN;NaN;NaN;NaN;NaN;5.345;0.22;3.335;0.72;0.57;1.169
18TL04021_685;1071;47.93083;-65.24717;275943;15.27;21-jun-04;23:57:00;28.54;5.75;334.99466;NaN;NaN;NaN;NaN;NaN;2.295;0.11;1.46;0.335;0.69;1.277
18TL04021_685;1071;47.93083;-65.24717;275944;4.96;21-jun-04;23:57:00;27.81;9.47;321.73064;NaN;NaN;NaN;NaN;NaN;1.665;0.055;0.25;0.13;1.255;3.228
18TL04021_685;1071;47.93083;-65.24717;275945;0.79;21-jun-04;23:57:00;27.81;9.47;321.68598;322.6685;NaN;NaN;NaN;NaN;1.625;0.05;0.245;0.13;1.23;3.25
18TL04021_686;361;47.58383;-59.3435;275701;250.44;15-jun-04;01:50:00;34.58;5.89;160.82066;255.9018;12.05;0.09;1.09;11.34;NaN;NaN;NaN;NaN;NaN;0.278
18TL04021_686;361;47.58383;-59.3435;275702;198.63;15-jun-04;01:50:00;33.89;4.27;202.84572;NaN;16.475;0.1;1.33;15.47;NaN;NaN;NaN;NaN;NaN;0.28
18TL04021_686;361;47.58383;-59.3435;275703;98.65;15-jun-04;01:50:00;32.6;0.97;300.24918;NaN;4.915;0.135;0.95;6.18;NaN;NaN;NaN;NaN;0.075;0.356
18TL04021_686;361;47.58383;-59.3435;275704;52.95;15-jun-04;01:50:00;32.32;1.22;313.9598;NaN;1.615;0.09;0.765;2.93;NaN;NaN;NaN;NaN;0.085;0.53
18TL04021_686;361;47.58383;-59.3435;275705;24.19;15-jun-04;01:50:00;32.15;2.38;324.81218;NaN;1.21;0.07;0.62;1.585;NaN;NaN;NaN;NaN;0.095;1.107
18TL04021_686;361;47.58383;-59.3435;275706;14.18;15-jun-04;01:50:00;31.79;5.17;317.13066;NaN;0.835;0.04;0.42;0.55;NaN;NaN;NaN;NaN;0.18;1.685
18TL04021_686;361;47.58383;-59.3435;275707;4.86;15-jun-04;01:50:00;31.79;5.27;310.56564;NaN;0.795;0.035;0.42;0.55;NaN;NaN;NaN;NaN;0.205;1.764
18TL04021_686;361;47.58383;-59.3435;275708;1.59;15-jun-04;01:50:00;31.79;5.27;308.3773;317.086;0.9;0.04;0.41;0.42;NaN;NaN;NaN;NaN;0.19;1.764
18TL04021_687;371;47.437;-59.557;275709;464.66;15-jun-04;03:56:00;34.85;5.04;185.5623;186.4555;26.135;0.02667;1.48;19.19;NaN;NaN;NaN;NaN;NaN;0.278
18TL04021_687;371;47.437;-59.557;275710;400.83;15-jun-04;03:56:00;34.84;5.24;174.30798;NaN;27.335;0.025;1.555;21.24;NaN;NaN;NaN;NaN;NaN;0.264
18TL04021_687;371;47.437;-59.557;275711;300.05;15-jun-04;03:56:00;34.76;5.96;145.54694;NaN;23.32;0.015;1.635;22.685;NaN;NaN;NaN;NaN;NaN;0.28
18TL04021_687;371;47.437;-59.557;275712;199.92;15-jun-04;03:56:00;34.31;5.72;159.92746;NaN;20.175;0.035;1.45;18.155;NaN;NaN;NaN;NaN;NaN;0.295
18TL04021_687;371;47.437;-59.557;275713;100.03;15-jun-04;03:56:00;32.71;0.99;294.04144;NaN;6.445;0.145;1;7.37;NaN;NaN;NaN;NaN;0.04;0.321
18TL04021_687;371;47.437;-59.557;275714;49.87;15-jun-04;03:56:00;32.43;0.94;309.89574;NaN;2.455;0.11;0.865;4.455;NaN;NaN;NaN;NaN;0.17;0.66
18TL04021_687;371;47.437;-59.557;275715;24.99;15-jun-04;03:56:00;32.17;2.48;326.59858;NaN;0.92;0.035;0.45;0.485;NaN;NaN;NaN;NaN;0.08;1.124
18TL04021_687;371;47.437;-59.557;275716;15.27;15-jun-04;03:56:00;31.87;4.43;329.18886;NaN;0.745;0.035;0.36;0.135;NaN;NaN;NaN;NaN;0.2;2.192
18TL04021_687;371;47.437;-59.557;275717;4.86;15-jun-04;03:56:00;31.75;5.98;311.41418;NaN;0.8;0.03;0.36;0.155;NaN;NaN;NaN;NaN;0.18;1.744
18TL04021_687;371;47.437;-59.557;275718;1.69;15-jun-04;03:56:00;31.75;5.98;308.33264;332.0471;0.865;0.03;0.345;0.16;NaN;NaN;NaN;NaN;0.18;1.828
18TL04021_688;381;47.27067;-59.77983;275719;455.86;15-jun-04;06:29:00;34.85;5.08;182.70406;192.4846;28.11;0.05;1.505;19.285;NaN;NaN;NaN;NaN;NaN;0.27
18TL04021_688;381;47.27067;-59.77983;275720;399.55;15-jun-04;06:29:00;34.84;5.22;169.08276;NaN;28.36;0.025;1.655;19.26;NaN;NaN;NaN;NaN;NaN;0.267
18TL04021_688;381;47.27067;-59.77983;275721;299.96;15-jun-04;06:29:00;34.78;5.9;154.34496;NaN;20.465;0.05;1.77;21.15;NaN;NaN;NaN;NaN;NaN;0.272
18TL04021_688;381;47.27067;-59.77983;275722;200.02;15-jun-04;06:29:00;34.32;5.47;143.62656;NaN;24.99;0.03;1.62;19.845;NaN;NaN;NaN;NaN;NaN;0.305
18TL04021_688;381;47.27067;-59.77983;275723;99.84;15-jun-04;06:29:00;32.62;0.3;289.79874;NaN;9.115;0.105;1.02;8.29;NaN;NaN;NaN;NaN;0.03;0.3
18TL04021_688;381;47.27067;-59.77983;275724;49.58;15-jun-04;06:29:00;32.1;0.93;323.51704;NaN;3.66;0.115;0.77;3.47;NaN;NaN;NaN;NaN;0.13;1.119
18TL04021_688;381;47.27067;-59.77983;275725;24.89;15-jun-04;06:29:00;31.83;3.86;325.3481;NaN;1.455;0.06;0.435;0.375;NaN;NaN;NaN;NaN;0.255;2.238
18TL04021_688;381;47.27067;-59.77983;275726;14.68;15-jun-04;06:29:00;31.75;4.93;321.3287;NaN;0.995;0.04;0.44;0.315;NaN;NaN;NaN;NaN;0.2;2.16
18TL04021_688;381;47.27067;-59.77983;275727;4.86;15-jun-04;06:29:00;31.66;5.5;313.02194;NaN;0.93;0.045;0.475;0.375;NaN;NaN;NaN;NaN;0.24;1.719
18TL04021_688;381;47.27067;-59.77983;275728;1.59;15-jun-04;06:29:00;31.66;5.51;309.58312;335.6199;1.04;0.04;0.51;0.4;NaN;NaN;NaN;NaN;0.425;1.701
18TL04021_689;391;47.1015;-59.99083;275729;324.42;15-jun-04;09:24:00;34.8;5.51;147.46732;156.0867;28.875;0.03;1.67;22.475;NaN;NaN;NaN;NaN;NaN;0.291
18TL04021_689;391;47.1015;-59.99083;275730;300.36;15-jun-04;09:24:00;34.72;5.71;141.66152;NaN;25.785;0.06;1.66;22.42;NaN;NaN;NaN;NaN;NaN;0.292
18TL04021_689;391;47.1015;-59.99083;275731;200.03;15-jun-04;09:24:00;34.13;4.85;161.31192;NaN;19.86;0.045;1.475;17.13;NaN;NaN;NaN;NaN;NaN;0.305
18TL04021_689;391;47.1015;-59.99083;275732;100.73;15-jun-04;09:24:00;32.63;0.63;295.91716;NaN;5.44;0.14;0.925;6.41;NaN;NaN;NaN;NaN;0.135;0.383
18TL04021_689;391;47.1015;-59.99083;275733;49.58;15-jun-04;09:24:00;32.22;0.81;324.81218;NaN;2.02;0.085;0.705;2.65;NaN;NaN;NaN;NaN;0.345;1.02
18TL04021_689;391;47.1015;-59.99083;275734;24.99;15-jun-04;09:24:00;31.82;3.35;331.10924;NaN;0.58;0.04;0.48;0.415;NaN;NaN;NaN;NaN;0.37;1.723
18TL04021_689;391;47.1015;-59.99083;275735;14.68;15-jun-04;09:24:00;31.65;4.88;317.13066;NaN;5.735;0.085;0.9;6.955;NaN;NaN;NaN;NaN;0.365;1.571
18TL04021_689;391;47.1015;-59.99083;275736;5.06;15-jun-04;09:24:00;31.66;5.31;311.41418;NaN;0.87;0.03;0.475;0.41;NaN;NaN;NaN;NaN;0.445;1.548
18TL04021_689;391;47.1015;-59.99083;275737;1.49;15-jun-04;09:24:00;31.66;5.26;307.75206;334.0568;0.99;0.05;0.465;0.455;NaN;NaN;NaN;NaN;0.445;1.568
18TL04021_690;401;47.02283;-60.115;275738;175.16;15-jun-04;11:26:00;33.93;4.26;171.62838;183.3293;20.905;0.105;1.445;15.985;NaN;NaN;NaN;NaN;NaN;0.326
18TL04021_690;401;47.02283;-60.115;275739;100.63;15-jun-04;11:26:00;32.38;0.78;295.11328;NaN;3.03;0.13;0.855;4.46;NaN;NaN;NaN;NaN;0.465;0.938
18TL04021_690;401;47.02283;-60.115;275740;51.17;15-jun-04;11:26:00;31.74;3.4;321.59666;NaN;1.565;0.055;0.565;0.925;NaN;NaN;NaN;NaN;0.34;1.489
18TL04021_690;401;47.02283;-60.115;275741;25.29;15-jun-04;11:26:00;31.62;5.2;318.82774;NaN;0.875;0.05;0.42;0.295;NaN;NaN;NaN;NaN;0.635;2.643
18TL04021_690;401;47.02283;-60.115;275742;14.38;15-jun-04;11:26:00;31.31;5.34;315.79086;NaN;1.115;0.03;0.41;0.175;NaN;NaN;NaN;NaN;0.68;3.068
18TL04021_690;401;47.02283;-60.115;275743;4.66;15-jun-04;11:26:00;30.25;6.03;302.7948;NaN;1.59;0.05;0.345;0.555;NaN;NaN;NaN;NaN;0.715;1.951
18TL04021_690;401;47.02283;-60.115;275744;0.89;15-jun-04;11:26:00;30.24;6.04;295.4259;NaN;NaN;NaN;NaN;NaN;NaN;NaN;NaN;NaN;NaN;1.51
18TL04021_691;411;46.95867;-60.2165;275745;75.75;15-jun-04;12:45:00;31.63;0.19;291.54048;313.7365;8.02;0.13;0.815;4.035;NaN;NaN;NaN;NaN;0.115;0.521
18TL04021_691;411;46.95867;-60.2165;275746;50.27;15-jun-04;12:45:00;31.09;1.38;311.19088;NaN;2.26;0.08;0.6;1.925;NaN;NaN;NaN;NaN;0.205;1.058
18TL04021_691;411;46.95867;-60.2165;275747;25.19;15-jun-04;12:45:00;30.39;5.54;310.25302;NaN;1.375;0.065;0.365;0.55;NaN;NaN;NaN;NaN;0.345;1.694
18TL04021_691;411;46.95867;-60.2165;275748;14.97;15-jun-04;12:45:00;30.16;6.34;301.94626;NaN;1.305;0.07;0.295;0.425;NaN;NaN;NaN;NaN;0.735;2.224
18TL04021_691;411;46.95867;-60.2165;275749;4.66;15-jun-04;12:45:00;30.1;6.81;292.21038;NaN;1.265;0.06;0.305;0.365;NaN;NaN;NaN;NaN;1.41;2.933
18TL04021_691;411;46.95867;-60.2165;275750;1.59;15-jun-04;12:45:00;30.1;6.83;282.11722;323.785;1.215;0.05;0.26;0.335;NaN;NaN;NaN;NaN;1.48;2.393
18TL04021_692;421;46.74717;-60.99867;275751;61.97;15-jun-04;17:08:00;31.72;0.05;288.36962;312.3967;8.64;0.19;0.975;5.725;NaN;NaN;NaN;NaN;0.125;0.421
18TL04021_692;421;46.74717;-60.99867;275752;49.88;15-jun-04;17:08:00;30.93;0.05;299.57928;NaN;6.09;0.185;0.855;4.68;NaN;NaN;NaN;NaN;0.16;0.78
18TL04021_692;421;46.74717;-60.99867;275753;24.79;15-jun-04;17:08:00;30.34;7.42;293.4162;NaN;1.46;0.035;0.33;0.335;NaN;NaN;NaN;NaN;0.535;2.218
18TL04021_692;421;46.74717;-60.99867;275754;14.88;15-jun-04;17:08:00;30.44;8.05;229.50774;NaN;1.46;0.02;0.33;0.185;NaN;NaN;NaN;NaN;0.575;2.435
18TL04021_692;421;46.74717;-60.99867;275755;4.86;15-jun-04;17:08:00;30.47;8.35;301.76762;NaN;0.995;0.025;0.28;0.115;NaN;NaN;NaN;NaN;0.535;0.771
18TL04021_692;421;46.74717;-60.99867;275756;1.39;15-jun-04;17:08:00;30.47;8.36;298.7754;317.086;1.145;0.02;0.295;0.135;NaN;NaN;NaN;NaN;0.48;0.731
18TL04021_693;431;46.83167;-61.25117;275758;50.08;15-jun-04;19:10:00;31.74;0.1;282.51916;310.387;8.72;0.18;0.955;5.14;NaN;NaN;NaN;NaN;0.175;0.517
18TL04021_693;431;46.83167;-61.25117;275759;24.59;15-jun-04;19:10:00;31;1.74;316.1928;NaN;2.65;0.075;0.55;1.57;NaN;NaN;NaN;NaN;0.485;2.507
18TL04021_693;431;46.83167;-61.25117;275760;14.88;15-jun-04;19:10:00;30.87;7.04;303.37538;NaN;1.375;0.04;0.375;0.355;NaN;NaN;NaN;NaN;0.495;1.84
18TL04021_693;431;46.83167;-61.25117;275761;5.06;15-jun-04;19:10:00;30.87;7.17;291.67446;NaN;1.23;0.03;0.35;0.225;NaN;NaN;NaN;NaN;1.015;1.694
18TL04021_693;431;46.83167;-61.25117;275762;2.18;15-jun-04;19:10:00;30.87;7.19;289.03952;324.6782;1.425;0.04;0.37;0.31;NaN;NaN;NaN;NaN;0.885;1.343
18TL04021_694;441;46.90267;-61.4995;275763;50.17;15-jun-04;20:39:00;31.63;0.08;282.42984;310.1637;8.675;0.195;0.915;4.32;NaN;NaN;NaN;NaN;0.23;0.674
18TL04021_694;441;46.90267;-61.4995;275764;25.49;15-jun-04;20:39:00;31.2;1.27;299.84724;NaN;2.855;0.085;0.63;1.845;NaN;NaN;NaN;NaN;0.265;1.376
18TL04021_694;441;46.90267;-61.4995;275765;14.88;15-jun-04;20:39:00;30.97;6.97;304.93848;NaN;2.21;0.03;0.395;0.275;NaN;NaN;NaN;NaN;1.135;3.175
18TL04021_694;441;46.90267;-61.4995;275766;5.16;15-jun-04;20:39:00;30.98;7.02;294.04144;NaN;1.705;0.03;0.37;0.245;NaN;NaN;NaN;NaN;1.105;2.843
18TL04021_694;441;46.90267;-61.4995;275767;1.59;15-jun-04;20:39:00;30.97;7.05;268.4066;327.1345;2.005;0.035;0.37;0.47;NaN;NaN;NaN;NaN;1.3;2.554
18TL04021_695;451;47.0005;-61.75017;275768;35.3;15-jun-04;22:08:00;31.3;3.6;276.57938;303.688;4.815;0.05;1.245;0.945;NaN;NaN;NaN;NaN;0.605;2.36
18TL04021_695;451;47.0005;-61.75017;275769;25.39;15-jun-04;22:08:00;31.27;3.48;275.68618;NaN;4.79;0.055;0.995;0.975;NaN;NaN;NaN;NaN;0.81;3.113
18TL04021_695;451;47.0005;-61.75017;275770;15.17;15-jun-04;22:08:00;31.13;6.56;303.9113;NaN;2.13;0.025;0.38;0.155;NaN;NaN;NaN;NaN;0.815;3.776
18TL04021_695;451;47.0005;-61.75017;275771;5.06;15-jun-04;22:08:00;31.06;7.48;290.24534;NaN;1.92;0.045;0.34;0.2;NaN;NaN;NaN;NaN;0.75;3.582
18TL04021_695;451;47.0005;-61.75017;275772;1.19;15-jun-04;22:08:00;31.06;7.47;263.53866;324.9015;2.34;0.025;0.38;0.375;NaN;NaN;NaN;NaN;0.845;3.882
18TL04021_696;461;47.1695;-62.24967;275773;35.4;16-jun-04;00:36:00;31.17;2.93;299.31132;320.8821;4.875;0.065;0.55;1.52;NaN;NaN;NaN;NaN;0.605;2.414
18TL04021_696;461;47.1695;-62.24967;275774;25.09;16-jun-04;00:36:00;31.17;2.97;302.88412;NaN;3.67;0.06;0.48;1.46;NaN;NaN;NaN;NaN;0.535;2.436
18TL04021_696;461;47.1695;-62.24967;275775;15.17;16-jun-04;00:36:00;31.04;5.77;318.06852;NaN;1.845;0.035;0.405;0.35;NaN;NaN;NaN;NaN;0.825;3.743
18TL04021_696;461;47.1695;-62.24967;275776;4.56;16-jun-04;00:36:00;30.99;7.69;310.65496;NaN;1.15;0.015;0.36;0.09;NaN;NaN;NaN;NaN;0.595;2.382
18TL04021_696;461;47.1695;-62.24967;275777;1.09;16-jun-04;00:36:00;30.96;7.72;310.65496;327.3578;1.515;0.025;0.255;0.13;NaN;NaN;NaN;NaN;0.615;2.682
18TL04021_697;471;47.3285;-62.74817;275778;49.87;16-jun-04;02:48:00;31.53;-0.91;265.727;283.8143;10.57;0.09;1.25;7.54;NaN;NaN;NaN;NaN;0.285;0.56
18TL04021_697;471;47.3285;-62.74817;275779;24.69;16-jun-04;02:48:00;30.85;2.49;327.22382;NaN;1.835;0.055;0.535;1.195;NaN;NaN;NaN;NaN;0.49;1.876
18TL04021_697;471;47.3285;-62.74817;275780;14.87;16-jun-04;02:48:00;30.46;6.63;309.58312;NaN;1.465;0.03;0.35;0.18;NaN;NaN;NaN;NaN;0.545;2.614
18TL04021_697;471;47.3285;-62.74817;275781;4.96;16-jun-04;02:48:00;30.19;8.29;300.74044;NaN;1.11;0.02;0.305;0.23;NaN;NaN;NaN;NaN;0.73;2.725
18TL04021_697;471;47.3285;-62.74817;275782;1.39;16-jun-04;02:48:00;30.2;8.29;301.2317;317.3093;1.195;0.025;0.31;0.155;NaN;NaN;NaN;NaN;0.62;2.627
18TL04021_698;481;47.50317;-63.2505;275783;70.2;16-jun-04;05:25:00;31.3;-1.04;259.34062;277.7852;10.18;0.085;1.3;8.25;NaN;NaN;NaN;NaN;0.43;0.59
18TL04021_698;481;47.50317;-63.2505;275784;49.48;16-jun-04;05:25:00;31.2;-0.99;272.24736;NaN;7.86;0.095;1.085;7.34;NaN;NaN;NaN;NaN;0.21;0.478
18TL04021_698;481;47.50317;-63.2505;275785;24.49;16-jun-04;05:25:00;30.23;2.9;333.65486;NaN;4.08;0.095;0.615;2.68;NaN;NaN;NaN;NaN;1.44;1.711
18TL04021_698;481;47.50317;-63.2505;275786;14.97;16-jun-04;05:25:00;29.79;6.71;332.62768;NaN;1.035;0.035;0.365;0.28;NaN;NaN;NaN;NaN;0.67;3.339
18TL04021_698;481;47.50317;-63.2505;275787;4.76;16-jun-04;05:25:00;29.23;9.04;305.921;NaN;1.275;0.035;0.265;0.17;NaN;NaN;NaN;NaN;0.505;2.638
18TL04021_698;481;47.50317;-63.2505;275788;1.39;16-jun-04;05:25:00;29.22;9.05;301.09772;314.853;0.845;0.03;0.295;0.26;NaN;NaN;NaN;NaN;0.6;2.671
18TL04021_699;491;47.65833;-63.74917;275789;50.17;16-jun-04;07:45:00;30.83;0.43;321.9986;329.5908;12.38;0.215;1.155;7.84;NaN;NaN;NaN;NaN;0.3;0.714
18TL04021_699;491;47.65833;-63.74917;275790;26.08;16-jun-04;07:45:00;29.28;4.42;337.31698;NaN;3.795;0.125;0.585;2.84;NaN;NaN;NaN;NaN;1.76;3.607
18TL04021_699;491;47.65833;-63.74917;275791;15.27;16-jun-04;07:45:00;28.72;7.41;332.18108;NaN;1.03;0.04;0.265;0.295;NaN;NaN;NaN;NaN;0.885;2.844
18TL04021_699;491;47.65833;-63.74917;275792;5.06;16-jun-04;07:45:00;28.32;9.12;324.09762;NaN;0.96;0.045;0.165;0.145;NaN;NaN;NaN;NaN;0.85;3.002
18TL04021_699;491;47.65833;-63.74917;275793;2.08;16-jun-04;07:45:00;28.32;9.12;324.14228;324.0083;0.88;0.02;0.15;0.11;NaN;NaN;NaN;NaN;0.825;2.892
18TL04021_700;501;47.73967;-63.99767;275794;74.56;16-jun-04;09:12:00;31.93;-0.63;280.59878;288.7269;21.54;0.15;1.35;11.34;NaN;NaN;NaN;NaN;0.35;0.654
18TL04021_700;501;47.73967;-63.99767;275795;49.67;16-jun-04;09:12:00;31.05;0.79;330.12672;NaN;8.465;0.165;0.96;6.16;NaN;NaN;NaN;NaN;0.575;1.317
18TL04021_700;501;47.73967;-63.99767;275796;24.79;16-jun-04;09:12:00;30;5.34;327.17916;NaN;3.39;0.075;0.47;1.77;NaN;NaN;NaN;NaN;0.83;2.74
18TL04021_700;501;47.73967;-63.99767;275797;14.48;16-jun-04;09:12:00;29.65;6.38;329.68012;NaN;2.405;0.055;0.325;0.89;NaN;NaN;NaN;NaN;1.665;3.765
18TL04021_700;501;47.73967;-63.99767;275798;4.86;16-jun-04;09:12:00;28.2;8;331.8238;NaN;2.12;0.04;0.18;0.335;NaN;NaN;NaN;NaN;1.835;4.244
18TL04021_700;501;47.73967;-63.99767;275799;0.99;16-jun-04;09:12:00;28.15;8.04;331.86846;331.8238;2.185;0.05;0.195;0.34;NaN;NaN;NaN;NaN;1.66;3.861
18TL04021_701;511;47.87867;-64.249;275800;25.38;16-jun-04;11:17:00;29.72;5.62;332.18108;330.2607;3.29;0.08;0.49;1.685;NaN;NaN;NaN;NaN;1.325;3.078
18TL04021_701;511;47.87867;-64.249;275801;14.97;16-jun-04;11:17:00;28.35;8.75;321.68598;NaN;2.07;0.05;0.25;0.345;NaN;NaN;NaN;NaN;1.42;4.407
18TL04021_701;511;47.87867;-64.249;275802;5.06;16-jun-04;11:17:00;28.19;9.18;319.40832;NaN;2.23;0.045;0.26;0.315;NaN;NaN;NaN;NaN;1.44;4.47
18TL04021_701;511;47.87867;-64.249;275803;0.99;16-jun-04;11:17:00;28.19;9.18;319.85492;317.9792;2.03;0.045;0.32;0.325;NaN;NaN;NaN;NaN;1.78;2.455
18TL04021_702;531;47.16917;-64.754;275804;14.97;16-jun-04;16:39:00;29.24;6.88;286.58322;260.8144;NaN;NaN;NaN;NaN;7.22;0.175;1.105;0.605;1.09;2.826
18TL04021_702;531;47.16917;-64.754;275805;4.56;16-jun-04;16:39:00;28.64;10.47;316.4161;NaN;NaN;NaN;NaN;NaN;1.76;0.055;0.035;0.15;1.71;3.338
18TL04021_702;531;47.16917;-64.754;275806;1.69;16-jun-04;16:39:00;28.64;10.59;316.05882;313.7365;NaN;NaN;NaN;NaN;2.325;0.06;0.03;0.26667;1.7;2.436
18TL04021_703;571;47.50867;-64.25283;275807;50.17;17-jun-04;00:38:00;30.82;0.78;317.80056;317.7559;NaN;NaN;NaN;NaN;10.105;0.19;6.385;1.045;0.69;1.316
18TL04021_703;571;47.50867;-64.25283;275808;24.89;17-jun-04;00:38:00;29.31;4.16;336.87038;NaN;NaN;NaN;NaN;NaN;3.905;0.115;2.52;0.615;0.84;1.777
18TL04021_703;571;47.50867;-64.25283;275809;15.07;17-jun-04;00:38:00;28.97;6.11;339.10338;NaN;NaN;NaN;NaN;NaN;1.145;0.095;0.755;0.345;0.935;2.702
18TL04021_703;571;47.50867;-64.25283;275810;4.66;17-jun-04;00:38:00;28.14;9.69;326.10732;NaN;NaN;NaN;NaN;NaN;0.83;0.045;0.035;0.1;0.53;2.689
18TL04021_703;571;47.50867;-64.25283;275811;1.29;17-jun-04;00:38:00;28.23;9.65;325.83936;324.4549;NaN;NaN;NaN;NaN;0.8;0.09;0.105;0.11;0.8;2.723
18TL04021_704;591;47.16783;-63.7495;275812;50.07;17-jun-04;05:23:00;30.97;-0.93;297.39094;281.8046;NaN;NaN;NaN;NaN;10.385;0.135;5.895;1.18;0.375;0.59
18TL04021_704;591;47.16783;-63.7495;275813;24.99;17-jun-04;05:23:00;30.38;3.25;337.8529;NaN;NaN;NaN;NaN;NaN;1.925;0.105;1.325;0.515;1.52;2.004
18TL04021_704;591;47.16783;-63.7495;275814;14.78;17-jun-04;05:23:00;29.58;7.31;323.3384;NaN;NaN;NaN;NaN;NaN;0.855;0.03;0.195;0.3;0.795;3.3
18TL04021_704;591;47.16783;-63.7495;275815;4.76;17-jun-04;05:23:00;29;10.04;316.95202;NaN;NaN;NaN;NaN;NaN;0.865;0.045;0.025;0.145;1.105;3.871
18TL04021_704;591;47.16783;-63.7495;275816;1.29;17-jun-04;05:23:00;29;10.05;316.8627;315.2996;NaN;NaN;NaN;NaN;1.05;0.045;0.015;0.15;1.095;3.882
18TL04021_705;611;46.50367;-63.25367;275817;20.83;17-jun-04;10:40:00;29.44;10.3;298.01618;295.8725;NaN;NaN;NaN;NaN;2.195;0.055;0.06;0.255;1.405;4.204
18TL04021_705;611;46.50367;-63.25367;275818;15.07;17-jun-04;10:40:00;29.41;10.43;301.72296;NaN;NaN;NaN;NaN;NaN;2.385;0.035;0.01;0.195;1.395;4.379
18TL04021_705;611;46.50367;-63.25367;275819;4.96;17-jun-04;10:40:00;29.4;10.73;303.2414;NaN;NaN;NaN;NaN;NaN;2.155;0.06;0.04;0.22;1.135;3.394
18TL04021_705;611;46.50367;-63.25367;275820;0.99;17-jun-04;10:40:00;29.4;10.77;304.04528;301.9016;NaN;NaN;NaN;NaN;2.245;0.06;0.025;0.19;1.325;2.395
18TL04021_706;631;47.17067;-63.25217;275821;61.18;17-jun-04;14:57:00;31.15;-1.21;286.09196;296.989;NaN;NaN;NaN;NaN;9.05333;0.175;8.69;1.275;0.24;0.614
18TL04021_706;631;47.17067;-63.25217;275822;50.17;17-jun-04;14:57:00;31.13;-1.12;299.31132;NaN;NaN;NaN;NaN;NaN;7.765;0.175;8.17;1.21;0.17;0.539
18TL04021_706;631;47.17067;-63.25217;275823;24.69;17-jun-04;14:57:00;30.48;2.91;341.38104;NaN;NaN;NaN;NaN;NaN;1.14;0.165;0.86;0.5;0.565;2.523
18TL04021_706;631;47.17067;-63.25217;275824;15.27;17-jun-04;14:57:00;30.1;8.89;316.32678;NaN;NaN;NaN;NaN;NaN;1.155;0.04;0.12;0.28;0.955;3.65
18TL04021_706;631;47.17067;-63.25217;275825;4.86;17-jun-04;14:57:00;29.81;9.86;313.5132;NaN;NaN;NaN;NaN;NaN;1.03;0.08333;0.14;0.3;0.625;0.799
18TL04021_706;631;47.17067;-63.25217;275826;1.79;17-jun-04;14:57:00;29.75;9.93;313.60252;312.1734;NaN;NaN;NaN;NaN;0.77333;0.06;0.05;0.27;0.665;0.635
18TL04021_707;651;47.16783;-62.74683;275827;60.38;17-jun-04;19:54:00;31.71;-1.24;257.77752;268.1833;NaN;NaN;NaN;NaN;12.04;0.105;6.875;1.39;0.34;0.545
18TL04021_707;651;47.16783;-62.74683;275828;50.07;17-jun-04;19:54:00;31.52;-1.04;260.3678;NaN;NaN;NaN;NaN;NaN;7.97;0.095;6.64;1.375;0.36;0.519
18TL04021_707;651;47.16783;-62.74683;275829;24.99;17-jun-04;19:54:00;30.72;1.96;352.76934;NaN;NaN;NaN;NaN;NaN;1.585;0.06;0.925;0.495;0.475;1.494
18TL04021_707;651;47.16783;-62.74683;275830;14.87;17-jun-04;19:54:00;30.45;6.84;342.63152;NaN;NaN;NaN;NaN;NaN;0.60333;0.08;0.08;0.27;0.715;2.413
18TL04021_707;651;47.16783;-62.74683;275831;4.86;17-jun-04;19:54:00;30.1;8.7;323.38306;NaN;NaN;NaN;NaN;NaN;0.71333;0.105;0.255;0.345;0.545;1.017
18TL04021_707;651;47.16783;-62.74683;275832;1.59;17-jun-04;19:54:00;30.1;8.76;322.84714;322.4452;NaN;NaN;NaN;NaN;1;0.07;0.095;0.265;0.52;0.85
18TL04021_708;671;46.504;-62.74917;275833;25.59;18-jun-04;00:12:00;29.69;7.87;320.34618;319.9889;NaN;NaN;NaN;NaN;0.83;0.05;0.09;0.205;0.915;4.586
18TL04021_708;671;46.504;-62.74917;275834;14.97;18-jun-04;00:12:00;29.37;10;318.91706;NaN;NaN;NaN;NaN;NaN;1.3;0.085;0.05;0.17;1.285;4.916
18TL04021_708;671;46.504;-62.74917;275835;5.06;18-jun-04;00:12:00;29.35;11.05;317.39862;NaN;NaN;NaN;NaN;NaN;1.335;0.11;0.105;0.17;1.075;3.704
18TL04021_708;671;46.504;-62.74917;275836;0.89;18-jun-04;00:12:00;29.36;10.74;317.57726;316.8627;NaN;NaN;NaN;NaN;1.385;0.03;0.01;0.185;1.23;3.701
18TL04021_709;691;46.832;-62.25033;275837;57.11;18-jun-04;04:29:00;31.37;-1.12;286.13662;299.222;NaN;NaN;NaN;NaN;8.995;0.13;6.545;1.17;0.21;0.525
18TL04021_709;691;46.832;-62.25033;275838;50.27;18-jun-04;04:29:00;31.34;-1.06;291.71912;NaN;NaN;NaN;NaN;NaN;8.42;0.12;6.675;1.195;0.175;0.575
18TL04021_709;691;46.832;-62.25033;275839;24.89;18-jun-04;04:29:00;30.79;4.94;342.05094;NaN;NaN;NaN;NaN;NaN;0.815;0.04;0.185;0.41;0.555;2.65
18TL04021_709;691;46.832;-62.25033;275840;15.17;18-jun-04;04:29:00;30.63;7.33;327.93838;NaN;NaN;NaN;NaN;NaN;0.66;0.025;0;0.33;0.59;2.664
18TL04021_709;691;46.832;-62.25033;275841;5.85;18-jun-04;04:29:00;30.52;9.69;316.95202;NaN;NaN;NaN;NaN;NaN;0.995;0.025;0.015;0.3;0.33;1.452
18TL04021_709;691;46.832;-62.25033;275842;1.79;18-jun-04;04:29:00;30.52;9.72;316.05882;317.3093;NaN;NaN;NaN;NaN;1.055;0.03;0.03;0.3;0.36;1.423
18TL04021_710;711;46.83767;-61.74067;275843;60.49;18-jun-04;09:37:00;31.36;-0.68;305.4744;298.7754;NaN;NaN;NaN;NaN;7.71;0.165;5.78;1.04;0.16;0.541
18TL04021_710;711;46.83767;-61.74067;275844;50.37;18-jun-04;09:37:00;31.34;-0.65;310.74428;NaN;NaN;NaN;NaN;NaN;7.165;0.175;5.695;1.06;0.15;0.615
18TL04021_710;711;46.83767;-61.74067;275845;25.49;18-jun-04;09:37:00;30.86;0.64;330.79662;NaN;NaN;NaN;NaN;NaN;4.42;0.145;3.22;0.795;0.31;1.258
18TL04021_710;711;46.83767;-61.74067;275846;15.37;18-jun-04;09:37:00;30.87;4.34;344.86452;NaN;NaN;NaN;NaN;NaN;1.355;0.055;0.235;0.43;0.885;4.344
18TL04021_710;711;46.83767;-61.74067;275847;4.66;18-jun-04;09:37:00;30.66;9.25;309.53846;NaN;NaN;NaN;NaN;NaN;1.345;0.045;0.02;0.33;0.51;2.039
18TL04021_710;711;46.83767;-61.74067;275848;0.89;18-jun-04;09:37:00;30.63;9.38;312.1734;316.1928;NaN;NaN;NaN;NaN;1.065;0.06;0.02;0.375;0.585;1.431
18TL04021_711;731;46.17183;-62.24867;275849;20.43;18-jun-04;14:42:00;30.15;7.27;310.25302;309.4938;NaN;NaN;NaN;NaN;2.37;0.06;0.195;0.33;0.525;2.02
18TL04021_711;731;46.17183;-62.24867;275850;14.88;18-jun-04;14:42:00;30.04;8.64;311.68214;NaN;NaN;NaN;NaN;NaN;1.4;0.065;0.11;0.275;0.95;3.997
18TL04021_711;731;46.17183;-62.24867;275851;4.86;18-jun-04;14:42:00;30;10.61;311.14622;NaN;NaN;NaN;NaN;NaN;1.495;0.055;0.025;0.23;0.505;0.963
18TL04021_711;731;46.17183;-62.24867;275852;2.08;18-jun-04;14:42:00;29.95;11.35;310.6103;306.5909;NaN;NaN;NaN;NaN;1.83;0.05;0.025;0.22;0.455;0.644
18TL04021_712;761;45.8345;-61.77083;275853;30.15;18-jun-04;22:04:00;29.94;3.81;309.40448;313.0666;NaN;NaN;NaN;NaN;2.965;0.115;1;0.485;0.47;0.994
18TL04021_712;761;45.8345;-61.77083;275854;24.79;18-jun-04;22:04:00;29.61;5.37;321.37336;NaN;NaN;NaN;NaN;NaN;1.55;0.105;0.31;0.4;0.615;1.553
18TL04021_712;761;45.8345;-61.77083;275855;14.98;18-jun-04;22:04:00;29.32;7.9;316.77338;NaN;NaN;NaN;NaN;NaN;0.965;0.03;0.04333;0.2;0.63;1.711
18TL04021_712;761;45.8345;-61.77083;275856;4.96;18-jun-04;22:04:00;29.29;11.76;299.84724;NaN;NaN;NaN;NaN;NaN;0.95667;0.035;0.015;0.175;0.38;1.015
18TL04021_712;761;45.8345;-61.77083;275857;1.19;18-jun-04;22:04:00;29.29;11.89;298.59676;300.3385;NaN;NaN;NaN;NaN;1.36;0.065;0.035;0.17;0.43;1.019
18TL04021_713;771;46.50683;-61.24733;275858;55.33;19-jun-04;02:13:00;31.01;-0.21;298.06084;308.6006;NaN;NaN;NaN;NaN;5.615;0.195;4.365;0.825;0.195;0.666
18TL04021_713;771;46.50683;-61.24733;275859;49.78;19-jun-04;02:13:00;31;-0.2;300.07054;NaN;NaN;NaN;NaN;NaN;7.015;0.285;5.455;0.965;0.17;0.683
18TL04021_713;771;46.50683;-61.24733;275860;24.99;19-jun-04;02:13:00;30;6.71;319.36366;NaN;NaN;NaN;NaN;NaN;1.27;0.11;0.21;0.24667;0.53;2.083
18TL04021_713;771;46.50683;-61.24733;275861;14.97;19-jun-04;02:13:00;30.06;9.31;313.9598;NaN;NaN;NaN;NaN;NaN;0.835;0.07;0.05333;0.21333;0.46;2.258
18TL04021_713;771;46.50683;-61.24733;275862;4.96;19-jun-04;02:13:00;29.83;10.9;311.01224;NaN;NaN;NaN;NaN;NaN;0.79667;0.12;0.23;0.14;0.435;1.972
18TL04021_713;771;46.50683;-61.24733;275863;1.98;19-jun-04;02:13:00;29.75;11.31;310.43166;309.7171;NaN;NaN;NaN;NaN;0.975;0.15;0.135;0.185;0.49;1.991
18TL04021_714;791;47.1735;-61.24783;275864;45.12;19-jun-04;07:21:00;31.73;1.07;322.80248;331.3772;NaN;NaN;NaN;NaN;6.37;0.175;2.985;0.8;0.45;1.248
18TL04021_714;791;47.1735;-61.24783;275865;24.89;19-jun-04;07:21:00;31.47;4.23;339.28202;NaN;NaN;NaN;NaN;NaN;1.27;0.075;0.61;0.52;1.005;2.758
18TL04021_714;791;47.1735;-61.24783;275866;14.87;19-jun-04;07:21:00;31.19;5.9;330.2607;NaN;NaN;NaN;NaN;NaN;0.795;0.065;0.1;0.435;0.76;2.061
18TL04021_714;791;47.1735;-61.24783;275867;5.26;19-jun-04;07:21:00;31.07;8.15;322.40054;NaN;NaN;NaN;NaN;NaN;0.62;0.09;0.085;0.39;0.315;1.356
18TL04021_714;791;47.1735;-61.24783;275868;1.98;19-jun-04;07:21:00;31.04;8.88;323.20442;323.785;NaN;NaN;NaN;NaN;0.315;0.035;0.03;0.33;0.33;1.67
18TL04021_715;811;47.498;-60.743;275869;50.07;19-jun-04;11:51:00;31.83;1.57;340.44318;349.2412;NaN;NaN;NaN;NaN;2.49;0.08;1.535;0.66;0.425;1.793
18TL04021_715;811;47.498;-60.743;275870;25.09;19-jun-04;11:51:00;31.51;4.51;339.6393;NaN;NaN;NaN;NaN;NaN;0.71333;0.07;0.205;0.475;0.715;2.468
18TL04021_715;811;47.498;-60.743;275871;15.47;19-jun-04;11:51:00;31.33;6.12;330.97526;NaN;NaN;NaN;NaN;NaN;NaN;NaN;NaN;NaN;NaN;0.976
18TL04021_715;811;47.498;-60.743;275872;5.55;19-jun-04;11:51:00;31.11;7.53;323.20442;NaN;NaN;NaN;NaN;NaN;0.45;0.04;0.03;0.425;0.39;0.769
18TL04021_715;811;47.498;-60.743;275873;1.29;19-jun-04;11:51:00;31.11;7.67;322.98112;324.9015;NaN;NaN;NaN;NaN;0.59667;0.04;0.03;0.4;0.35;0.527
18TL04021_716;831;47.7975;-61.222;275874;24.89;19-jun-04;16:29:00;30.95;5.09;319.319;332.0471;NaN;NaN;NaN;NaN;1.385;0.095;0.67;0.54;0.465;1.82
18TL04021_716;831;47.7975;-61.222;275875;15.27;19-jun-04;16:29:00;30.71;6.69;311.9501;NaN;NaN;NaN;NaN;NaN;1.06667;0.07;0.25;0.385;0.425;1.964
18TL04021_716;831;47.7975;-61.222;275876;4.66;19-jun-04;16:29:00;30.66;7.2;305.96566;NaN;NaN;NaN;NaN;NaN;0.925;0.055;0.09;0.365;0.435;1.505
18TL04021_716;831;47.7975;-61.222;275877;2.28;19-jun-04;16:29:00;30.6;7.46;281.22402;336.7364;NaN;NaN;NaN;NaN;0.73;0.035;0.065;0.35;0.51;1.369
18TL04021_717;891;47.83317;-61.75133;275890;50.47;20-jun-04;06:47:00;31.57;-0.4;NaN;309.4938;NaN;NaN;NaN;NaN;10.145;0.165;7.105;1.2;0.665;0.864
18TL04021_717;891;47.83317;-61.75133;275891;24.99;20-jun-04;06:47:00;30.81;4.92;347.41014;NaN;NaN;NaN;NaN;NaN;0.9;0.085;0.625;0.485;0.765;2.541
18TL04021_717;891;47.83317;-61.75133;275892;14.97;20-jun-04;06:47:00;30.55;6.24;343.70336;NaN;NaN;NaN;NaN;NaN;0.79;0.1;0.38;0.375;0.555;2.152
18TL04021_717;891;47.83317;-61.75133;275893;5.06;20-jun-04;06:47:00;30.17;7.61;328.78692;NaN;NaN;NaN;NaN;NaN;0.585;0.055;0.065;0.29;0.54;1.735
18TL04021_717;891;47.83317;-61.75133;275894;1.98;20-jun-04;06:47:00;29.82;8.45;324.49956;323.5617;NaN;NaN;NaN;NaN;0.615;0.035;0.035;0.235;NaN;1.717
18TL04021_718;911;47.497;-62.25067;275895;50.27;20-jun-04;10:39:00;31.52;-0.91;283.591;292.9696;NaN;NaN;NaN;NaN;9.36;0.125;7.35;1.275;0.385;0.636
18TL04021_718;911;47.497;-62.25067;275896;24.59;20-jun-04;10:39:00;31.02;4.22;342.67618;NaN;NaN;NaN;NaN;NaN;0.95;0.04;0.145;0.44;0.735;2.185
18TL04021_718;911;47.497;-62.25067;275897;15.07;20-jun-04;10:39:00;30.55;5.9;336.87038;NaN;NaN;NaN;NaN;NaN;0.605;0.03;0.05;0.38;0.63;2.519
18TL04021_718;911;47.497;-62.25067;275898;4.76;20-jun-04;10:39:00;29.94;8.75;320.2122;NaN;NaN;NaN;NaN;NaN;0.48;0.03;0.015;0.25;0.68;2.113
18TL04021_718;911;47.497;-62.25067;275899;0.69;20-jun-04;10:39:00;29.94;8.83;320.30152;319.319;NaN;NaN;NaN;NaN;0.41;0.03;0;0.29;0.715;2.146
18TL04021_719;971;47.8335;-62.74967;275912;65.73;20-jun-04;23:09:00;31.45;-1.05;279.39296;292.0764;NaN;NaN;NaN;NaN;9.64;0.13;6.285;1.085;NaN;0.473
18TL04021_719;971;47.8335;-62.74967;275913;50.57;20-jun-04;23:09:00;31.19;-1.25;303.15208;NaN;NaN;NaN;NaN;NaN;6.92;0.27;7.595;1.11;0.385;0.424
18TL04021_719;971;47.8335;-62.74967;275914;25.19;20-jun-04;23:09:00;30.27;1.99;344.73054;NaN;NaN;NaN;NaN;NaN;4.02333;0.185;3.5;0.655;0.665;1.741
18TL04021_719;971;47.8335;-62.74967;275915;15.27;20-jun-04;23:09:00;30.15;5.98;330.75196;NaN;NaN;NaN;NaN;NaN;0.465;0.10667;0.17333;0.29333;0.57;2.502
18TL04021_719;971;47.8335;-62.74967;275916;5.26;20-jun-04;23:09:00;29.5;8.96;315.47824;NaN;NaN;NaN;NaN;NaN;0.565;0.09333;0.11667;0.18667;0.915;3.628
18TL04021_719;971;47.8335;-62.74967;275917;1.39;20-jun-04;23:09:00;29.44;9.28;315.43358;318.2025;NaN;NaN;NaN;NaN;0.76;0.045;0.04;0.175;0.97;3.667
