CTD;CTD;CTD;CTD;CTD;CTD;CTD;CTD;CTD;CTD;CTD;CTD;labo;labo;labo;labo;labo;labo;CTD
Fichier;Station;Latitude;Longitude;Echantillon;zbouteille;Date;Heure;PSAL;TE90;DOXY;PHPH;OXYM_01;Si_01;NO2_01;NOx_01;PO4_01;CHL_03;FLOR
(nom);(nom/no);(degres);(degres);(no_unique);(dbar);(jj-mmm-yyyy);(GMT);(psu);(celsius);(ml/l);((none));(mmol/m**3);(mmol/m**3);(mmol/m**3);(mmol/m**3);(mmol/m**3);(mg/m**3);(mg/m**3)
18TL13019_1276;1001;47.82833;-61.24467;349043;9.92;17-jun-13;19:50:00;31.16;7.34;344.14996;8.688;339.95192;0.72;0.01;0.115;0.345;1.205;2.777
18TL13019_1276;1001;47.82833;-61.24467;349044;2.08;17-jun-13;19:50:00;31.05;8.42;334.7267;8.648;329.43449;0.39;0;0.025;0.295;0.415;1.052
18TL13019_1277;1081;47.835;-62.24917;349048;54.63;18-jun-13;16:46:00;32.05;0.53;300.51714;8.688;299.4453;12.3;0.195;8.145;1.195;NaN;0.72
18TL13019_1277;1081;47.835;-62.24917;349049;24.89;18-jun-13;16:46:00;31.18;5.28;354.10914;8.73;NaN;2.155;0.04;1.18;0.565;3.725;15.813
18TL13019_1277;1081;47.835;-62.24917;349050;2.08;18-jun-13;16:46:00;30.09;10.04;333.07428;8.565;330.28303;0.76;0;0.045;0.275;0.55;2.216
18TL13019_1278;1091;47.83333;-62.751;349051;60.98;18-jun-13;19:38:00;31.59;-0.54;326.59858;8.731;325.52674;16.41;0.23;10.775;1.23;NaN;0.545
18TL13019_1278;1091;47.83333;-62.751;349052;24.79;18-jun-13;19:38:00;30.78;2.47;351.96546;8.717;NaN;4.64;0.08;4.84;0.83;0.52;1.411
18TL13019_1278;1091;47.83333;-62.751;349053;2.68;18-jun-13;19:38:00;30.34;9.86;349.41984;8.551;346.71791;1.98;0;0.06;0.285;2.33;4.532
18TL13019_1279;441;47.5825;-59.33467;348903;240.63;10-jun-13;16:26:00;34.46;5.48;178.55068;8.341;177.25554;20.02;0.04;20.18667;1.49;NaN;0.247
18TL13019_1279;441;47.5825;-59.33467;348904;200.31;10-jun-13;16:26:00;33.85;4.38;221.82622;8.39;NaN;14.61;0.06333;15.64;1.255;NaN;0.271
18TL13019_1279;441;47.5825;-59.33467;348905;99.83;10-jun-13;16:26:00;32.6;1.84;321.7753;8.574;NaN;5.885;0.09667;6.70667;0.82;0.07;0.35
18TL13019_1279;441;47.5825;-59.33467;348906;49.58;10-jun-13;16:26:00;32.17;2.16;348.61596;8.619;349.41984;2.26;0.08667;2.79333;0.62;0.14;0.855
18TL13019_1279;441;47.5825;-59.33467;348907;24.49;10-jun-13;16:26:00;31.61;5.22;338.61212;8.555;NaN;1.265;0.02667;0.77333;0.4;0.435;1.718
18TL13019_1279;441;47.5825;-59.33467;348908;14.08;10-jun-13;16:26:00;31.52;5.81;337.13834;8.533;NaN;1.085;0.02333;0.63;0.37;0.675;1.71
18TL13019_1279;441;47.5825;-59.33467;348909;4.26;10-jun-13;16:26:00;31.49;5.99;335.75388;8.541;334.86068;1.275;0.02333;0.71;0.37;0.835;0.807
18TL13019_1279;441;47.5825;-59.33467;348910;1.98;10-jun-13;16:26:00;31.49;5.99;335.6199;8.543;NaN;1.27;0.03;0.71333;0.37;0.76;0.774
18TL13019_1280;451;47.43283;-59.55583;348911;453.78;10-jun-13;18:51:00;34.9;5.39;173.01284;8.336;173.81672;30.59;0;22.16667;1.685;NaN;0.304
18TL13019_1280;451;47.43283;-59.55583;348912;399.35;10-jun-13;18:51:00;34.89;5.44;171.09246;8.335;NaN;29.69;0;22.70667;1.66;NaN;0.298
18TL13019_1280;451;47.43283;-59.55583;348913;304.11;10-jun-13;18:51:00;34.8;5.96;152.42458;8.294;NaN;25.155;0.00333;23.25;1.66;NaN;0.297
18TL13019_1280;451;47.43283;-59.55583;348914;203.29;10-jun-13;18:51:00;34.31;5.39;159.48086;8.293;NaN;22.44;0.01;20.73667;1.585;NaN;0.316
18TL13019_1280;451;47.43283;-59.55583;348915;100.53;10-jun-13;18:51:00;32.85;1.76;288.10166;8.557;NaN;10.135;0.02;10.46333;1.015;0.095;0.366
18TL13019_1280;451;47.43283;-59.55583;348916;50.47;10-jun-13;18:51:00;32.16;1.28;346.29364;8.666;351.27323;2.23;0.11333;3.89;0.745;0.785;2.094
18TL13019_1280;451;47.43283;-59.55583;348917;25.09;10-jun-13;18:51:00;31.14;4.4;346.47228;8.648;NaN;0.855;0.01667;0.63667;0.48;0.435;1.79
18TL13019_1280;451;47.43283;-59.55583;348918;13.59;10-jun-13;18:51:00;31.04;5.92;337.67426;8.594;NaN;0.75;0.01;0.46333;0.435;0.405;0.745
18TL13019_1280;451;47.43283;-59.55583;348919;4.16;10-jun-13;18:51:00;31.03;6.01;337.49562;8.584;337.80824;0.75;0.01667;0.46667;0.35;0.415;0.547
18TL13019_1280;451;47.43283;-59.55583;348920;1.49;10-jun-13;18:51:00;31.03;6.01;337.31698;8.584;NaN;0.745;0.01;0.46333;0.43;0.405;0.498
18TL13019_1281;461;47.26617;-59.786;348921;445.27;10-jun-13;21:31:00;34.9;5.39;172.56624;8.346;174.26332;31.345;0.00333;22.15333;1.665;NaN;0.313
18TL13019_1281;461;47.26617;-59.786;348922;399.85;10-jun-13;21:31:00;34.89;5.42;174.08468;8.35;NaN;28.555;0;22.24333;1.665;NaN;0.296
18TL13019_1281;461;47.26617;-59.786;348923;299.47;10-jun-13;21:31:00;34.79;6.02;153.04982;8.302;NaN;24.36;0;23.17333;1.645;NaN;0.302
18TL13019_1281;461;47.26617;-59.786;348924;199.43;10-jun-13;21:31:00;34.22;5.24;175.5138;8.329;NaN;19.03;0.01333;19.06;1.45;NaN;0.326
18TL13019_1281;461;47.26617;-59.786;348925;99.54;10-jun-13;21:31:00;32.82;1.67;287.34244;8.549;NaN;11.18;0.01;10.87333;1.065;0.08;0.368
18TL13019_1281;461;47.26617;-59.786;348926;49.78;10-jun-13;21:31:00;32.22;1.14;339.68396;8.661;345.35578;4.765;0.13667;5.09333;0.765;0.31;1.122
18TL13019_1281;461;47.26617;-59.786;348927;25.29;10-jun-13;21:31:00;31.53;4.11;358.35184;8.68;NaN;0.84;0.02667;0.73;0.465;0.955;4.094
18TL13019_1281;461;47.26617;-59.786;348928;15.07;10-jun-13;21:31:00;31.32;6.16;336.87038;8.609;NaN;0.21;0;0.05;0.345;0.555;2.009
18TL13019_1281;461;47.26617;-59.786;348929;4.96;10-jun-13;21:31:00;31.25;7.37;329.32284;8.553;329.32284;0.37;0;0.02667;0.33;0.36;1.248
18TL13019_1281;461;47.26617;-59.786;348930;1.69;10-jun-13;21:31:00;31.25;7.37;328.74226;8.543;NaN;0.375;0;0.02667;0.355;0.3;0.998
18TL13019_1282;471;47.10467;-60.0105;348931;308.78;11-jun-13;00:44:00;34.69;5.95;140.32172;8.28;140.96929;27.75;0.015;23.3;1.72;NaN;0.322
18TL13019_1282;471;47.10467;-60.0105;348932;300.66;11-jun-13;00:44:00;34.64;5.93;139.83046;8.278;NaN;27.26;0.02;23.085;1.715;NaN;0.319
18TL13019_1282;471;47.10467;-60.0105;348933;197.94;11-jun-13;00:44:00;34.1;4.93;165.95656;8.389;NaN;22.17;0.09;20.215;1.595;NaN;0.304
18TL13019_1282;471;47.10467;-60.0105;348934;99.14;11-jun-13;00:44:00;32.6;1.46;315.83552;8.706;NaN;7.545;0.065;8.51;0.9;0.09;0.364
18TL13019_1282;471;47.10467;-60.0105;348935;49.48;11-jun-13;00:44:00;31.69;0.17;347.36548;8.708;344.70821;4.4;0.085;4.775;0.925;0.145;0.55
18TL13019_1282;471;47.10467;-60.0105;348936;24.69;11-jun-13;00:44:00;31.18;6.08;335.08398;8.647;NaN;0.5;0.005;0.185;0.37;0.77;2.227
18TL13019_1282;471;47.10467;-60.0105;348937;14.68;11-jun-13;00:44:00;30.96;7.81;327.31314;8.636;NaN;0.43;0.005;0.09;0.315;0.755;2.463
18TL13019_1282;471;47.10467;-60.0105;348938;4.86;11-jun-13;00:44:00;30.86;8.34;320.70346;8.633;321.19472;0.48;0;0.085;0.285;0.605;2.367
18TL13019_1282;471;47.10467;-60.0105;348939;0.79;11-jun-13;00:44:00;30.82;8.51;319.45298;8.637;NaN;0.47;0;0.11;0.275;0.565;2.206
18TL13019_1283;481;47.0175;-60.13167;348940;161.19;11-jun-13;02:30:00;33.45;3.28;216.86896;8.46;217.02527;18.585;0.14;15.865;1.365;NaN;0.41
18TL13019_1283;481;47.0175;-60.13167;348941;100.93;11-jun-13;02:30:00;32.24;1.01;293.68416;8.589;NaN;11.045;0.165;9.09;1.115;0.1;0.46
18TL13019_1283;481;47.0175;-60.13167;348942;50.27;11-jun-13;02:30:00;31.2;2.22;349.2412;8.727;353.10429;2.335;0.04;2.065;0.665;0.145;0.844
18TL13019_1283;481;47.0175;-60.13167;348943;25.09;11-jun-13;02:30:00;31.03;3.13;349.28586;8.712;NaN;1.695;0.03;1.225;0.6;0.42;1.456
18TL13019_1283;481;47.0175;-60.13167;348944;14.87;11-jun-13;02:30:00;30.7;5.89;337.31698;8.63;NaN;1.125;0.01;0.555;0.42;0.315;1.43
18TL13019_1283;481;47.0175;-60.13167;348945;5.06;11-jun-13;02:30:00;30.15;9.35;318.4258;8.505;319.87725;0.855;0;0.145;0.315;0.655;1.833
18TL13019_1283;481;47.0175;-60.13167;348946;1.69;11-jun-13;02:30:00;30.06;9.44;318.91706;8.489;NaN;0.86;0;0.165;0.31;0.695;2.243
18TL13019_1284;491;46.9605;-60.21567;348947;75.16;11-jun-13;04:34:00;31.77;0.57;324.58888;8.642;327.75974;6.9;0.105;6.315;1.03;0.125;0.556
18TL13019_1284;491;46.9605;-60.21567;348948;49.78;11-jun-13;04:34:00;31.39;0.8;351.11692;8.718;354.51108;3.055;0.06;3.35;0.87;0.115;0.679
18TL13019_1284;491;46.9605;-60.21567;348949;24.99;11-jun-13;04:34:00;31.08;2.9;349.4645;8.715;NaN;1.935;0.03;1.565;0.605;0.24;1.019
18TL13019_1284;491;46.9605;-60.21567;348950;14.68;11-jun-13;04:34:00;30.71;5.02;340.66648;8.654;NaN;1.425;0.02;0.905;0.495;0.46;2.013
18TL13019_1284;491;46.9605;-60.21567;348951;5.36;11-jun-13;04:34:00;30.08;7.61;326.55392;8.543;326.48693;1.29;0.01;0.45;0.385;0.47;1.516
18TL13019_1284;491;46.9605;-60.21567;348952;1.49;11-jun-13;04:34:00;30.06;7.81;324.32092;8.524;NaN;1.3;0.01;0.445;0.39;0.385;1.476
18TL13019_1285;501;46.741;-60.999;348953;54.93;11-jun-13;09:37:00;31.14;1.13;353.30526;8.785;354.8237;2.81;0.035;1.525;0.7;0.14;0.658
18TL13019_1285;501;46.741;-60.999;348954;49.48;11-jun-13;09:37:00;31.12;1.19;353.7072;8.784;NaN;2.78;0.03;1.515;0.695;0.215;0.742
18TL13019_1285;501;46.741;-60.999;348955;24.99;11-jun-13;09:37:00;30.49;4.38;341.4257;8.695;NaN;1.94;0.02;0.785;0.535;0.405;1.689
18TL13019_1285;501;46.741;-60.999;348956;14.88;11-jun-13;09:37:00;29.97;7.59;326.77722;8.571;NaN;1.435;0.01;0.315;0.395;0.57;1.708
18TL13019_1285;501;46.741;-60.999;348957;4.96;11-jun-13;09:37:00;29.55;9.9;315.03164;8.479;315.61222;1;0;0.06;0.265;0.53;1.166
18TL13019_1285;501;46.741;-60.999;348958;1.88;11-jun-13;09:37:00;29.55;9.88;313.0666;8.472;NaN;0.955;0;0.05;0.28;0.415;1.205
18TL13019_1286;511;46.82967;-61.251;348959;55.73;11-jun-13;11:17:00;31.53;0.12;332.18108;8.648;332.2704;5.19;0.095;7.33;1.13;0.255;0.722
18TL13019_1286;511;46.82967;-61.251;348960;24.99;11-jun-13;11:17:00;31.41;0.73;351.2509;8.689;NaN;1.75;0.07;4.17;0.905;0.125;0.548
18TL13019_1286;511;46.82967;-61.251;348961;14.38;11-jun-13;11:17:00;31.03;8.13;333.07428;8.604;NaN;0.575;0;0.14;0.33;0.275;0.821
18TL13019_1286;511;46.82967;-61.251;348962;4.86;11-jun-13;11:17:00;31.04;8.57;330.12672;8.548;327.06751;0.5;0;0.065;0.3;0.32;0.726
18TL13019_1286;511;46.82967;-61.251;348963;1.39;11-jun-13;11:17:00;31.03;8.58;329.76944;8.55;NaN;0.53;0.005;0.065;0.3;0.29;0.662
18TL13019_1287;521;46.91583;-61.50067;348964;50.47;11-jun-13;13:54:00;31.55;0.98;341.38104;8.722;345.08782;4.105;0.06;3.205;0.86;1.535;3.663
18TL13019_1287;521;46.91583;-61.50067;348965;24.59;11-jun-13;13:54:00;31.53;1.21;348.25868;8.725;NaN;1.92;0.03;0.865;0.665;4.02;27.072
18TL13019_1287;521;46.91583;-61.50067;348966;14.78;11-jun-13;13:54:00;31.26;6.25;398.54584;8.795;NaN;0.23;0;0.04;0.19;2.8;3.659
18TL13019_1287;521;46.91583;-61.50067;348967;4.56;11-jun-13;13:54:00;31.14;8.82;329.45682;8.583;328.07236;0.365;0;0.035;0.25;0.375;0.603
18TL13019_1287;521;46.91583;-61.50067;348968;1.98;11-jun-13;13:54:00;31.15;8.73;330.12672;8.565;NaN;0.335;0;0.05;0.255;0.39;0.715
18TL13019_1288;531;46.99233;-61.74567;348969;36.19;11-jun-13;15:54:00;31.41;2.34;320.97142;8.701;321.68598;2.76;0.02;0.3;0.55;1.53;3.802
18TL13019_1288;531;46.99233;-61.74567;348970;24.39;11-jun-13;15:54:00;31.39;2.45;319.67628;8.678;NaN;2.66;0.02;0.175;0.54;1.29;3.723
18TL13019_1288;531;46.99233;-61.74567;348971;14.48;11-jun-13;15:54:00;31.23;7.42;367.19452;8.72;NaN;0.395;0;0.03;0.26;1.865;2.93
18TL13019_1288;531;46.99233;-61.74567;348972;4.86;11-jun-13;15:54:00;31.21;9.11;328.29566;8.572;327.5811;0.21;0;0.03;0.265;0.34;0.549
18TL13019_1288;531;46.99233;-61.74567;348973;1.79;11-jun-13;15:54:00;31.22;8.89;330.7073;8.568;NaN;0.2;0;0.03;0.25;0.34;0.495
18TL13019_1289;541;47.16733;-62.25233;348974;35.7;11-jun-13;18:49:00;31.51;1.73;330.484;8.746;333.96748;3.48;0.07;3;0.735;3.055;6.388
18TL13019_1289;541;47.16733;-62.25233;348975;24.69;11-jun-13;18:49:00;31.46;2.5;348.5713;8.776;NaN;1.755;0.045;1.25;0.595;3.45;10.494
18TL13019_1289;541;47.16733;-62.25233;348976;14.48;11-jun-13;18:49:00;31.43;3.29;335.66456;8.702;NaN;2.14;0.05;1.335;0.59;2.42;4.378
18TL13019_1289;541;47.16733;-62.25233;348977;4.07;11-jun-13;18:49:00;31.1;8.13;343.70336;8.637;344.03831;0.49;0;0.045;0.28;1.2;1.734
18TL13019_1289;541;47.16733;-62.25233;348978;1.59;11-jun-13;18:49:00;31.1;8.62;337.67426;8.604;NaN;0.5;0;0.03;0.29;0.805;0.951
18TL13019_1290;551;47.33417;-62.752;348979;47;11-jun-13;21:51:00;31.45;0.14;339.32668;8.706;340.95677;10.82;0.145;8.815;1.13;0.245;0.944
18TL13019_1290;551;47.33417;-62.752;348980;24.49;11-jun-13;21:51:00;30.85;4.21;349.86644;8.686;NaN;4.72;0.065;3.73;0.75;0.125;0.614
18TL13019_1290;551;47.33417;-62.752;348981;14.87;11-jun-13;21:51:00;30.6;7.09;333.74418;8.581;NaN;3.245;0.05;2.09;0.56;0.245;1.243
18TL13019_1290;551;47.33417;-62.752;348982;4.96;11-jun-13;21:51:00;30.56;7.73;330.9306;8.538;330.484;3.1;0.04;2.005;0.535;0.515;1.452
18TL13019_1290;551;47.33417;-62.752;348983;1.88;11-jun-13;21:51:00;30.54;7.94;331.06458;8.526;NaN;3.135;0.045;2;0.54;0.45;1.655
18TL13019_1291;561;47.4995;-63.24683;348984;72.97;12-jun-13;01:15:00;31.46;-0.78;331.95778;8.684;334.59272;14.495;0.16;9.6;1.205;0.325;0.691
18TL13019_1291;561;47.4995;-63.24683;348985;49.38;12-jun-13;01:15:00;31.34;-0.6;345.04316;8.687;NaN;11.145;0.155;9.59;1.165;0.105;0.599
18TL13019_1291;561;47.4995;-63.24683;348986;24.99;12-jun-13;01:15:00;30.88;2.33;354.8237;8.69;NaN;3.83;0.07;4.59;0.83;0.125;0.741
18TL13019_1291;561;47.4995;-63.24683;348987;15.17;12-jun-13;01:15:00;30.19;6.32;339.72862;8.584;NaN;3.11;0.045;2.63;0.575;0.55;3.477
18TL13019_1291;561;47.4995;-63.24683;348988;5.06;12-jun-13;01:15:00;29.95;8.23;329.05488;8.496;328.80925;3.425;0.05;2.44;0.48;0.61;2.575
18TL13019_1291;561;47.4995;-63.24683;348989;2.08;12-jun-13;01:15:00;29.7;9.28;327.31314;8.458;NaN;3.46;0.05;2.355;0.43;0.95;3.639
18TL13019_1292;571;47.66517;-63.74933;348990;62.36;12-jun-13;03:51:00;31.24;-0.41;317.39862;8.66;321.03841;12.145;0.17;9.12;1.215;0.185;0.669
18TL13019_1292;571;47.66517;-63.74933;348991;49.58;12-jun-13;03:51:00;30.99;-0.3;322.93646;8.676;NaN;8.26;0.13;6.635;1.14;0.205;0.649
18TL13019_1292;571;47.66517;-63.74933;348992;24.79;12-jun-13;03:51:00;30.09;2.55;347.54412;8.694;NaN;7.615;0.155;6.235;0.8;0.23;0.926
18TL13019_1292;571;47.66517;-63.74933;348993;14.77;12-jun-13;03:51:00;28.45;7.7;331.46652;8.61;NaN;3.865;0.06;2.21;0.36;0.56;2.629
18TL13019_1292;571;47.66517;-63.74933;348994;4.56;12-jun-13;03:51:00;28.12;8.75;330.97526;8.542;329.76944;3.675;0.045;1.795;0.245;1.305;5.31
18TL13019_1292;571;47.66517;-63.74933;348995;2.08;12-jun-13;03:51:00;28.18;8.45;331.8238;8.537;NaN;3.725;0.04;1.74;0.24;1.35;5.604
18TL13019_1293;581;47.78367;-64.04133;348996;75.94;12-jun-13;05:45:00;31.77;-0.32;299.71326;8.611;302.23655;19.24;0.15;11.76;1.35;0.195;0.543
18TL13019_1293;581;47.78367;-64.04133;348997;49.48;12-jun-13;05:45:00;31.24;0.46;334.36942;8.671;NaN;11.06;0.18;8.725;1.075;0.205;0.713
18TL13019_1293;581;47.78367;-64.04133;348998;24.49;12-jun-13;05:45:00;29.24;4.22;339.72862;8.667;NaN;6.665;0.09;4.725;0.595;0.275;1.278
18TL13019_1293;581;47.78367;-64.04133;348999;15.07;12-jun-13;05:45:00;28.36;6.48;337.22766;8.571;NaN;5.655;0.07;3.9;0.42;1.75;5.327
18TL13019_1293;581;47.78367;-64.04133;349000;4.66;12-jun-13;05:45:00;28;7.13;339.28202;8.564;338.38882;4.865;0.06;2.87;0.32;1.885;6.043
18TL13019_1293;581;47.78367;-64.04133;349001;1.69;12-jun-13;05:45:00;27.13;8.76;335.3966;8.557;NaN;2.04;0.03;0.73;0.11;1.79;7.021
18TL13019_1294;591;47.83;-64.2445;349002;38.07;12-jun-13;08:53:00;30.03;2.82;345.48976;8.736;345.8917;5.905;0.12;4.585;0.68;0.235;1.076
18TL13019_1294;591;47.83;-64.2445;349003;24.89;12-jun-13;08:53:00;29.39;3.97;343.07812;8.714;NaN;5.255;0.105;3.98;0.595;0.295;1.071
18TL13019_1294;591;47.83;-64.2445;349004;14.28;12-jun-13;08:53:00;28.72;5.51;333.92282;8.633;NaN;5.895;0.07;3.795;0.495;0.76;2.188
18TL13019_1294;591;47.83;-64.2445;349005;4.66;12-jun-13;08:53:00;28.21;6.86;337.80824;8.577;337.49562;7.55;0.07;4.53;0.44;1.785;5.455
18TL13019_1294;591;47.83;-64.2445;349006;1.78;12-jun-13;08:53:00;27.24;8.21;336.64708;8.561;NaN;5.03;0.065;2.875;0.285;2.545;9.478
18TL13019_1295;621;47.93267;-65.252;349009;67.32;13-jun-13;06:13:00;31.29;-0.41;277.51724;8.576;280.73276;20.695;0.205;11.275;1.475;NaN;0.759
18TL13019_1295;621;47.93267;-65.252;349010;50.07;13-jun-13;06:13:00;30.1;1.83;346.96354;8.721;NaN;6.145;0.125;5.495;0.86;0.22;0.757
18TL13019_1295;621;47.93267;-65.252;349011;2.88;13-jun-13;06:13:00;27.03;8.46;332.80632;8.525;331.19856;4.615;0.055;2.425;0.245;2.01;6.936
18TL13019_1296;701;47.16783;-64.2525;349015;38.28;14-jun-13;07:32:00;29.8;4.99;289.75408;8.606;289.06185;7.06;0.055;1.55;0.58;NaN;1.116
18TL13019_1296;701;47.16783;-64.2525;349016;25.09;14-jun-13;07:32:00;29.29;5.27;304.40256;8.597;NaN;6.295;0.08;2.83;0.59;0.24;0.958
18TL13019_1296;701;47.16783;-64.2525;349017;2.38;14-jun-13;07:32:00;28.12;9.81;351.2509;8.6;350.60333;0.275;0.015;0.06;0.08;1.97;12.715
18TL13019_1297;711;47.50667;-64.25033;349018;54.93;14-jun-13;10:12:00;30.83;0.27;312.75398;8.599;318.2025;9.855;0.13;8.09;1.21;NaN;0.996
18TL13019_1297;711;47.50667;-64.25033;349019;24.89;14-jun-13;10:12:00;29.8;5.75;329.32284;8.647;NaN;2.805;0.04;1.82;0.42;3.16;3.434
18TL13019_1297;711;47.50667;-64.25033;349020;0.89;14-jun-13;10:12:00;28.83;10.7;321.68598;8.501;320.85977;2.52;0.035;0.385;0.175;3.165;7.529
18TL13019_1298;731;47.1625;-63.74733;349021;53.05;14-jun-13;15:24:00;30.82;0.45;331.24322;8.68;334.34709;7.185;0.115;6.975;1.07;NaN;0.78
18TL13019_1298;731;47.1625;-63.74733;349022;24.99;14-jun-13;15:24:00;30;4.67;324.18694;8.66;NaN;4.995;0.055;2.57;0.58;0.33;0.901
18TL13019_1298;731;47.1625;-63.74733;349023;1.29;14-jun-13;15:24:00;28.17;9.81;358.66446;8.636;358.37417;0.205;0;0.055;0.065;1.33;4.978
18TL13019_1299;761;46.83617;-63.25267;349024;45.02;14-jun-13;23:34:00;30.8;0.53;327.62576;8.709;329.41216;5.775;0.08;4.335;0.99;NaN;0.729
18TL13019_1299;761;46.83617;-63.25267;349025;24.59;14-jun-13;23:34:00;30.44;4.62;347.94606;8.689;NaN;2.7;0.05;2.515;0.58;0.595;1.774
18TL13019_1299;761;46.83617;-63.25267;349026;1.79;14-jun-13;23:34:00;30.29;8.72;333.20826;8.539;333.63253;2.28;0.04;1.235;0.385;1.4;5.13
18TL13019_1300;791;47.1625;-62.75317;349027;58.2;15-jun-13;08:10:00;31.72;0.11;336.2898;8.714;341.40337;11.515;0.2;8.09;1.04;NaN;0.663
18TL13019_1300;791;47.1625;-62.75317;349028;24.69;15-jun-13;08:10:00;30.95;3.24;348.52664;8.705;NaN;3.985;0.06;3.33;0.825;0.095;0.471
18TL13019_1300;791;47.1625;-62.75317;349029;2.28;15-jun-13;08:10:00;30.32;9.07;329.85876;8.528;331.26555;3.73;0.045;1.035;0.38;1.705;6.55
18TL13019_1301;831;46.83017;-62.25817;349030;59.1;15-jun-13;18:03:00;31.6;0.01;333.69952;8.742;332.35972;11.46;0.19;8.45;1.095;NaN;0.654
18TL13019_1301;831;46.83017;-62.25817;349031;24.79;15-jun-13;18:03:00;31.27;2.52;353.9305;8.759;NaN;2.145;0.04;2.35;0.67;0.29;1.124
18TL13019_1301;831;46.83017;-62.25817;349032;2.88;15-jun-13;18:03:00;30.73;9.23;335.6199;8.563;332.09176;1.18;0;0.075;0.32;0.95;0.777
18TL13019_1302;851;46.49417;-61.74517;349033;44.13;15-jun-13;23:25:00;30.95;1.23;336.87038;8.782;337.45096;3.28;0.05;2.04;0.81;NaN;0.676
18TL13019_1302;851;46.49417;-61.74517;349034;24.3;15-jun-13;23:25:00;30.86;1.89;338.38882;8.747;NaN;2.905;0.05;1.975;0.75;0.46;1.665
18TL13019_1302;851;46.49417;-61.74517;349035;1.59;15-jun-13;23:25:00;30.12;10.12;318.78308;8.555;316.10348;1.21;0.005;0.07;0.26;0.69;2.874
18TL13019_1303;871;45.83517;-62.2535;349036;29.36;16-jun-13;06:15:00;30.39;6.99;305.60838;8.592;303.42004;3.325;0.02;0.375;0.46;0.935;3.095
18TL13019_1303;871;45.83517;-62.2535;349037;1.69;16-jun-13;06:15:00;29.64;9.91;308.91322;8.503;305.13945;1.635;0.01;0.05;0.315;0.535;2.075
18TL13019_1304;881;45.83433;-61.747;349038;26.78;16-jun-13;08:59:00;29.96;4.28;333.43156;8.658;327.08984;2.48;0.015;0.15;0.49;0.665;1.141
18TL13019_1304;881;45.83433;-61.747;349039;1.59;16-jun-13;08:59:00;29.13;11.36;301.6783;8.465;298.82006;1.38;0;0.03;0.285;0.425;1.381
18TL13019_1305;931;47.1685;-61.25583;349040;44.42;16-jun-13;23:24:00;31.88;0.46;304.98314;8.631;303.59868;10.845;0.115;7.2;1.11;NaN;0.848
18TL13019_1305;931;47.1685;-61.25583;349041;24.89;16-jun-13;23:24:00;31.6;1.59;322.75782;8.614;NaN;4.45;0.055;2.51;0.815;0.435;2.236
18TL13019_1305;931;47.1685;-61.25583;349042;1.88;16-jun-13;23:24:00;31.15;8.76;321.81996;8.507;319.11803;0.365;0;0.045;0.335;0.585;1.312
