CTD;CTD;CTD;CTD;CTD;CTD;CTD;CTD;CTD;CTD;CTD;labo;labo;labo;labo;labo;CTD;labo
Fichier;Station;Latitude;Longitude;Echantillon;zbouteille;Date;Heure;PSAL;TE90;DOXY;OXYM_01;Si_01;NO2_01;NOx_01;PO4_01;FLOR;CHL_04
(nom);(nom/no);(degres);(degres);(no_unique);(dbar);(jj-mmm-yyyy);(GMT);(psu);(celsius);(ml/l);(mmol/m**3);(mmol/m**3);(mmol/m**3);(mmol/m**3);(mmol/m**3);(mg/m**3);(mg/m**3)
18TL17027_1640;601;47.98983;-59.68867;421875;345.48;12-aug-17;07:18:00;34.93;6.44;147.46732;149.52168;NaN;NaN;NaN;NaN;0.032;NaN
18TL17027_1640;601;47.98983;-59.68867;421876;250.13;12-aug-17;07:18:00;34.74;6.94;138.49066;140.32172;NaN;NaN;NaN;NaN;0.035;NaN
18TL17027_1640;601;47.98983;-59.68867;421877;50.17;12-aug-17;07:18:00;31.58;1.81;355.31496;349.97809;NaN;NaN;NaN;NaN;0.334;NaN
18TL17027_1640;601;47.98983;-59.68867;421878;14.28;12-aug-17;07:18:00;30.28;16.98;249.11348;253.86977;NaN;NaN;NaN;NaN;0.591;NaN
18TL17027_1641;621;47.67433;-59.86817;421879;518.57;12-aug-17;12:20:00;34.97;5.86;164.92938;166.22452;30.51;0.01;22.43;1.76;0.049;NaN
18TL17027_1641;621;47.67433;-59.86817;421880;349.16;12-aug-17;12:20:00;34.93;6.39;147.6013;NaN;NaN;NaN;NaN;NaN;0.033;NaN
18TL17027_1641;621;47.67433;-59.86817;421881;301.34;12-aug-17;12:20:00;34.83;6.67;126.52178;NaN;NaN;NaN;NaN;NaN;0.045;NaN
18TL17027_1641;621;47.67433;-59.86817;421882;250.33;12-aug-17;12:20:00;34.78;7.29;136.8829;137.70911;22.78;0.01;22.635;1.65;0.032;NaN
18TL17027_1641;621;47.67433;-59.86817;421883;200.21;12-aug-17;12:20:00;34.6;7.47;169.84198;NaN;NaN;NaN;NaN;NaN;0.031;NaN
18TL17027_1641;621;47.67433;-59.86817;421884;150.08;12-aug-17;12:20:00;33.79;4.85;217.0476;NaN;NaN;NaN;NaN;NaN;0.039;NaN
18TL17027_1641;621;47.67433;-59.86817;421885;100.43;12-aug-17;12:20:00;32.61;1.26;312.35204;NaN;7.165;0.015;8.805;0.95;0.049;0.025
18TL17027_1641;621;47.67433;-59.86817;421886;50.96;12-aug-17;12:20:00;32.11;1.29;338.79076;335.12864;2.06;0.18;3.33;0.68;0.171;0.22
18TL17027_1641;621;47.67433;-59.86817;421887;25.09;12-aug-17;12:20:00;31.64;3.31;343.30142;NaN;1.235;0.135;1.065;0.47;0.889;0.91
18TL17027_1641;621;47.67433;-59.86817;421888;15.27;12-aug-17;12:20:00;31.45;6.6;333.56554;333.11894;1.245;0.01;0.13;0.345;0.993;0.93
18TL17027_1641;621;47.67433;-59.86817;421889;2.58;12-aug-17;12:20:00;29.77;17.83;251.25716;NaN;1.03;0.01;0.12;0.075;0.364;0.5
18TL17027_1642;641;47.86583;-59.87633;421890;494.42;12-aug-17;15:38:00;34.97;5.89;167.83228;167.58665;NaN;NaN;NaN;NaN;0.035;NaN
18TL17027_1642;641;47.86583;-59.87633;421891;248.84;12-aug-17;15:38:00;34.6;6.54;121.74316;121.00627;NaN;NaN;NaN;NaN;0.043;NaN
18TL17027_1642;641;47.86583;-59.87633;421892;52.95;12-aug-17;15:38:00;31.8;0.89;345.40044;342.9888;NaN;NaN;NaN;NaN;0.192;NaN
18TL17027_1642;641;47.86583;-59.87633;421893;15.87;12-aug-17;15:38:00;30.35;16.89;256.21442;260.05518;NaN;NaN;NaN;NaN;0.89;NaN
18TL17027_1643;661;47.86867;-60.2235;421894;488.39;12-aug-17;22:50:00;34.96;5.88;161.35658;164.01385;NaN;NaN;NaN;NaN;0.042;NaN
18TL17027_1643;661;47.86867;-60.2235;421895;251.82;12-aug-17;22:50:00;34.72;6.91;130.54118;135.56543;NaN;NaN;NaN;NaN;0.036;NaN
18TL17027_1643;661;47.86867;-60.2235;421896;54.53;12-aug-17;22:50:00;32.05;1.52;344.3286;339.97425;NaN;NaN;NaN;NaN;0.144;NaN
18TL17027_1643;661;47.86867;-60.2235;421897;14.97;12-aug-17;22:50:00;30.69;15.96;257.77752;264.05225;NaN;NaN;NaN;NaN;0.958;NaN
18TL17027_1644;701;47.78767;-60.64033;421898;215.76;13-aug-17;10:59:00;34.44;6.22;122.18976;121.31889;NaN;NaN;NaN;NaN;0.046;NaN
18TL17027_1644;701;47.78767;-60.64033;421899;51.26;13-aug-17;10:59:00;31.72;0.84;314.22776;301.43267;NaN;NaN;NaN;NaN;0.17;NaN
18TL17027_1644;701;47.78767;-60.64033;421900;15.67;13-aug-17;10:59:00;30.82;8.82;315.5229;316.32678;NaN;NaN;NaN;NaN;1.019;NaN
18TL17027_1645;711;47.927;-60.51733;421901;440;13-aug-17;13:50:00;34.96;5.91;161.04396;161.60221;30.725;0.01;22.585;1.765;0.039;NaN
18TL17027_1645;711;47.927;-60.51733;421902;350.93;13-aug-17;13:50:00;34.93;6.28;147.91392;NaN;NaN;NaN;NaN;NaN;0.038;NaN
18TL17027_1645;711;47.927;-60.51733;421903;300.54;13-aug-17;13:50:00;34.89;6.91;138.6693;NaN;NaN;NaN;NaN;NaN;0.035;NaN
18TL17027_1645;711;47.927;-60.51733;421904;249.83;13-aug-17;13:50:00;34.69;6.83;124.78004;125.048;27.025;0.01;23.11;1.745;0.038;NaN
18TL17027_1645;711;47.927;-60.51733;421905;200.41;13-aug-17;13:50:00;34.26;5.9;148.13722;NaN;NaN;NaN;NaN;NaN;0.05;NaN
18TL17027_1645;711;47.927;-60.51733;421906;149.88;13-aug-17;13:50:00;33.39;3.43;234.55432;NaN;NaN;NaN;NaN;NaN;0.047;NaN
18TL17027_1645;711;47.927;-60.51733;421907;99.73;13-aug-17;13:50:00;32.49;1.14;324.63354;NaN;5.285;0.135;7.395;0.875;0.048;0.04
18TL17027_1645;711;47.927;-60.51733;421908;51.46;13-aug-17;13:50:00;32.08;1.85;346.82956;342.65385;1.605;0.145;2.125;0.58;0.187;0.205
18TL17027_1645;711;47.927;-60.51733;421909;24.89;13-aug-17;13:50:00;31.77;5.13;345.71306;NaN;1.09;0.04;0.31;0.365;1.26;1.16
18TL17027_1645;711;47.927;-60.51733;421910;14.97;13-aug-17;13:50:00;31.22;8.49;324.18694;325.7947;0.93;0.01;0.08;0.245;0.967;1.06
18TL17027_1645;711;47.927;-60.51733;421911;2.78;13-aug-17;13:50:00;29.81;18.18;245.00476;NaN;0.945;0.01;0.09;0.045;0.424;0.49
