CTD;CTD;CTD;CTD;CTD;CTD;CTD;CTD;CTD;CTD;CTD;CTD;labo;labo;labo;labo;labo;labo;labo;CTD
Fichier;Station;Latitude;Longitude;Echantillon;zbouteille;Date;Heure;PSAL;TE90;DOXY;PHPH;OXYM_01;NO2_01;PO4_01;NOx_01;Si_01;CHL_01;CHL_03;FLOR
(nom);(nom/no);(degres);(degres);(no_unique);(dbar);(jj-mmm-yyyy);(GMT);(psu);(celsius);(ml/l);((none));(mmol/m**3);(mmol/m**3);(mmol/m**3);(mmol/m**3);(mmol/m**3);(mg/m**3);(mg/m**3);(mg/m**3)
18TL09037_1016;1031;47.82717;-61.75067;342497;48.98;19-jun-09;19:07:00;31.88;0.25;331.33254;8.51;325.3481;0.145;1;7.39;11.31;NaN;0.17;0.5
18TL09037_1016;1031;47.82717;-61.75067;342498;25.48;19-jun-09;19:07:00;31.02;3.29;360.98678;8.64;NaN;0.055;0.51;2.09;1.64;NaN;0.985;3.294
18TL09037_1016;1031;47.82717;-61.75067;342499;16.76;19-jun-09;19:07:00;30.79;4.9;358.35184;8.676;NaN;0.03;0.385;0.605;1;NaN;0.72;2.29
18TL09037_1016;1031;47.82717;-61.75067;342500;5.85;19-jun-09;19:07:00;29.33;11.82;309.22584;8.717;NaN;0.005;0.075;0.06;2.095;NaN;0.75;2.277
18TL09037_1016;1031;47.82717;-61.75067;342501;2.18;19-jun-09;19:07:00;29.33;11.84;309.67244;8.741;313.69184;0.01;0.07;0.04;2.17;NaN;0.81;1.675
18TL09037_1017;1081;47.83217;-62.24633;342520;56.71;20-jun-09;07:06:00;32.05;-0.3;320.25686;8.48;313.0666;0.18;1.095;9.175;13.525;NaN;0.135;0.391
18TL09037_1017;1081;47.83217;-62.24633;342521;26.87;20-jun-09;07:06:00;31.43;1.2;360.58484;8.554;NaN;0.09;0.795;4.82;4.71;NaN;0.35;0.898
18TL09037_1017;1081;47.83217;-62.24633;342522;17.06;20-jun-09;07:06:00;30.9;3.34;363.71104;8.633;NaN;0.07;0.43;2.285;2;NaN;2.265;4.268
18TL09037_1017;1081;47.83217;-62.24633;342523;1.69;20-jun-09;07:06:00;29.17;12.26;303.77732;8.747;NaN;0.01;0.025;0.035;2.62;NaN;0.94;3.383
18TL09037_1018;1091;47.83217;-62.74667;342525;56.81;20-jun-09;09:42:00;31.89;-0.38;313.37922;8.443;NaN;0.14;0.98;7.075;12.375;NaN;0.125;0.369
18TL09037_1018;1091;47.83217;-62.74667;342527;25.98;20-jun-09;09:42:00;30.82;2.47;363.17512;8.606;NaN;0.11;0.66;3.77;3.475;NaN;0.25;0.826
18TL09037_1018;1091;47.83217;-62.74667;342528;16.36;20-jun-09;09:42:00;30.03;8.06;346.42762;8.691;NaN;0.025;0.13;0.42;1.175;NaN;1.54;5.712
18TL09037_1018;1091;47.83217;-62.74667;342529;7.14;20-jun-09;09:42:00;28.53;11.61;318.8724;8.729;NaN;0.015;0.06;0.035;5.785;NaN;1.195;3.64
18TL09037_1018;1091;47.83217;-62.74667;342530;2.48;20-jun-09;09:42:00;28.59;11.46;321.28404;8.748;NaN;0.01;0.05;0.03;5.44;NaN;1.305;3.475
18TL09037_1019;1151;47.83233;-63.25233;342546;81.59;20-jun-09;23:57:00;32.07;-0.19;269.88038;8.344;263.78429;0.215;1.41;12.645;22.13;NaN;0.18;0.415
18TL09037_1019;1151;47.83233;-63.25233;342547;51.26;20-jun-09;23:57:00;31.49;0.44;338.43348;8.493;NaN;0.145;1.005;7.42;9.815;NaN;0.11;0.415
18TL09037_1019;1151;47.83233;-63.25233;342548;26.47;20-jun-09;23:57:00;30.53;3.28;361.03144;8.637;NaN;0.085;0.585;3.15;3.215;NaN;0.225;0.639
18TL09037_1019;1151;47.83233;-63.25233;342549;16.46;20-jun-09;23:57:00;29.17;6.9;336.7364;8.645;NaN;0.07;0.35;2.51;4.695;NaN;2.085;2.995
18TL09037_1019;1151;47.83233;-63.25233;342550;6.74;20-jun-09;23:57:00;28.59;11.68;324.05296;8.741;NaN;0.01;0.065;0.035;6.155;NaN;1.19;3.883
18TL09037_1019;1151;47.83233;-63.25233;342551;2.68;20-jun-09;23:57:00;28.59;11.71;325.25878;8.767;328.07236;0.01;0.06;0.03;6.02;NaN;1.23;3.727
18TL09037_1020;391;47.58417;-59.34267;342293;243.01;12-jun-09;15:49:00;34.47;5.43;195.34284;8.486;196.12439;0.09;1.05;12.84;10.665;NaN;NaN;0.248
18TL09037_1020;391;47.58417;-59.34267;342294;197.54;12-jun-09;15:49:00;34.12;4.8;215.35052;8.5;NaN;0.035;1.005;10.87;9.525;NaN;NaN;0.253
18TL09037_1020;391;47.58417;-59.34267;342295;101.52;12-jun-09;15:49:00;32.69;1.13;322.08792;8.564;NaN;0.07;0.65;5.055;3.365;0.05;NaN;0.295
18TL09037_1020;391;47.58417;-59.34267;342296;49.77;12-jun-09;15:49:00;32.13;1.83;351.20624;8.605;NaN;0.05;0.535;2.335;1.5;0.2;NaN;0.67
18TL09037_1020;391;47.58417;-59.34267;342297;25.98;12-jun-09;15:49:00;31.85;4.12;348.83926;8.661;NaN;0.01;0.3;0.145;0;0.19;NaN;0.513
18TL09037_1020;391;47.58417;-59.34267;342298;15.67;12-jun-09;15:49:00;31.21;6.92;327.49178;8.653;NaN;0.01;0.3;0.2;0;0.42;NaN;1.003
18TL09037_1020;391;47.58417;-59.34267;342299;5.85;12-jun-09;15:49:00;31.16;7.23;324.36558;8.668;NaN;0.01;0.21;0.065;0;0.6;NaN;1.147
18TL09037_1020;391;47.58417;-59.34267;342300;1.78;12-jun-09;15:49:00;31.16;7.23;324.4549;8.68;326.35295;0.005;0.315;0.045;0;0.56;NaN;1.234
18TL09037_1021;401;47.4335;-59.55917;342301;461.99;12-jun-09;18:45:00;34.84;5.04;177.56816;8.437;179.86815;0.005;1.225;16.09;22.57667;NaN;NaN;0.253
18TL09037_1021;401;47.4335;-59.55917;342302;409.15;12-jun-09;18:45:00;34.84;5.07;176.94292;8.438;NaN;0.01;1.39;21.85;25.715;NaN;NaN;0.247
18TL09037_1021;401;47.4335;-59.55917;342303;299.26;12-jun-09;18:45:00;34.67;5.39;148.2712;8.383;NaN;0.005;1.43;17.89;20.3;NaN;NaN;0.253
18TL09037_1021;401;47.4335;-59.55917;342304;200.02;12-jun-09;18:45:00;34.25;4.79;162.87502;8.381;NaN;0.01;1.44;19.105;21.02;NaN;NaN;0.26
18TL09037_1021;401;47.4335;-59.55917;342305;99.74;12-jun-09;18:45:00;33.09;1.3;257.50956;8.44;NaN;0.025;0.895;8.095;10.38;0.01;NaN;0.292
18TL09037_1021;401;47.4335;-59.55917;342306;49.87;12-jun-09;18:45:00;32.26;-0.08;341.73832;8.541;NaN;0.09;0.78;5.955;4.08;0.13;NaN;0.487
18TL09037_1021;401;47.4335;-59.55917;342307;25.09;12-jun-09;18:45:00;31.84;2.11;363.13046;8.624;NaN;0.03;0.43;1.165;0.49;0.19;NaN;0.568
18TL09037_1021;401;47.4335;-59.55917;342308;15.97;12-jun-09;18:45:00;31.65;4.38;359.37902;8.652;NaN;0.03;0.335;0.115;0;0.5;NaN;0.875
18TL09037_1021;401;47.4335;-59.55917;342309;5.35;12-jun-09;18:45:00;31.18;7.25;324.05296;8.657;NaN;0.01;0.25;0.075;0.005;0.84;NaN;1.67
18TL09037_1021;401;47.4335;-59.55917;342310;1.78;12-jun-09;18:45:00;31.16;7.25;325.08014;8.672;326.88887;0.005;0.28;0.045;0.015;1.25;NaN;1.705
18TL09037_1022;411;47.27183;-59.7835;342311;434.98;12-jun-09;21:24:00;34.84;5.06;175.15652;8.422;177.99243;0.01;1.505;21.415;27.67;NaN;NaN;0.256
18TL09037_1022;411;47.27183;-59.7835;342312;399.45;12-jun-09;21:24:00;34.82;5.12;172.47692;8.416;NaN;0;1.47;19.985;23;NaN;NaN;0.252
18TL09037_1022;411;47.27183;-59.7835;342313;303.13;12-jun-09;21:24:00;34.58;5.33;157.02456;8.384;NaN;0.025;1.525;21.525;21.63;NaN;NaN;0.248
18TL09037_1022;411;47.27183;-59.7835;342314;206.86;12-jun-09;21:24:00;34.15;4.48;165.86724;8.361;NaN;0.015;1.525;19.795;22.425;NaN;NaN;0.27
18TL09037_1022;411;47.27183;-59.7835;342315;102.02;12-jun-09;21:24:00;33.12;1.38;254.65132;8.428;NaN;0.03;1.18;13.4;13.2;0.03;NaN;0.294
18TL09037_1022;411;47.27183;-59.7835;342316;51.16;12-jun-09;21:24:00;32.13;-0.09;347.72276;8.547;NaN;0.115;0.845;6.155;5.51;0.42;NaN;0.628
18TL09037_1022;411;47.27183;-59.7835;342317;16.46;12-jun-09;21:24:00;31.58;3.24;368.40034;8.642;NaN;0.025;0.375;0.38;0.33;0.6;NaN;1.608
18TL09037_1022;411;47.27183;-59.7835;342318;6.25;12-jun-09;21:24:00;30.62;8.04;318.29182;8.645;NaN;0.01;0.275;0.07;0.395;2.37;NaN;2.555
18TL09037_1022;411;47.27183;-59.7835;342319;1.09;12-jun-09;21:24:00;30.61;8.07;318.55978;8.677;323.13743;0.005;0.275;0.045;0.45;1.73;NaN;2.499
18TL09037_1023;421;47.10033;-59.992;342321;313.23;13-jun-09;00:09:00;34.62;5.29;162.07114;8.412;164.32647;0.04;1.435;21.775;21.98;NaN;NaN;0.276
18TL09037_1023;421;47.10033;-59.992;342322;291.35;13-jun-09;00:09:00;34.6;5.32;156.7566;8.395;NaN;0.02;1.325;20.7;24.56;NaN;NaN;0.276
18TL09037_1023;421;47.10033;-59.992;342323;194.18;13-jun-09;00:09:00;34.16;4.55;169.52936;8.378;NaN;0.015;1.305;19.39;21.245;NaN;NaN;0.28
18TL09037_1023;421;47.10033;-59.992;342324;99.74;13-jun-09;00:09:00;32.75;0.86;292.9696;8.479;NaN;0.115;0.98;10.415;10.475;0.16;NaN;0.357
18TL09037_1023;421;47.10033;-59.992;342325;50.67;13-jun-09;00:09:00;31.89;1.45;356.11884;8.584;NaN;0.07;0.61;2.965;2.765;0.84;NaN;1.225
18TL09037_1023;421;47.10033;-59.992;342326;26.38;13-jun-09;00:09:00;31.01;3.85;356.92272;8.643;NaN;0.025;0.375;0.3;0.045;0.42;NaN;1.151
18TL09037_1023;421;47.10033;-59.992;342327;16.36;13-jun-09;00:09:00;30.55;4.79;343.882;8.647;NaN;0.02;0.3;0.28;0.135;0.36;NaN;1.084
18TL09037_1023;421;47.10033;-59.992;342328;6.64;13-jun-09;00:09:00;30.15;8.43;314.36174;8.656;NaN;0.005;0.24;0.085;0;0.57;NaN;1.765
18TL09037_1023;421;47.10033;-59.992;342329;1.98;13-jun-09;00:09:00;30.16;8.42;314.6297;8.681;316.66173;0.005;0.21;0.075;0;NaN;0.845;1.767
18TL09037_1024;431;47.02367;-60.116;342330;175.36;13-jun-09;01:56:00;34.17;4.54;193.42246;8.44;192.73023;0.07;1.335;17.65;15.25;NaN;NaN;0.284
18TL09037_1024;431;47.02367;-60.116;342331;99.64;13-jun-09;01:56:00;32.68;0.74;307.52876;8.518;NaN;0.105;0.93;9.24;8.435;NaN;0.045;0.32
18TL09037_1024;431;47.02367;-60.116;342332;48.98;13-jun-09;01:56:00;31.65;0.57;340.04124;8.553;NaN;0.07;0.78;4.18;3.555;NaN;0.245;0.769
18TL09037_1024;431;47.02367;-60.116;342333;26.18;13-jun-09;01:56:00;31.07;3.36;353.61788;8.638;NaN;0.025;0.4;0.68;0.285;NaN;0.325;0.606
18TL09037_1024;431;47.02367;-60.116;342334;16.46;13-jun-09;01:56:00;30.63;5.94;344.3286;8.663;NaN;0.01;0.265;0.105;0;NaN;0.575;1.317
18TL09037_1024;431;47.02367;-60.116;342335;6.45;13-jun-09;01:56:00;30.2;8.27;318.15784;8.661;NaN;0.015;0.225;0.105;0;NaN;1.2;1.975
18TL09037_1024;431;47.02367;-60.116;342336;2.08;13-jun-09;01:56:00;30.19;8.3;318.33648;8.683;318.38114;0.01;0.255;0.1;0.05;NaN;1.17;1.957
18TL09037_1025;441;46.9585;-60.21683;342337;75.65;13-jun-09;03:11:00;32.76;1.18;284.43954;8.507;278.16481;0.125;1.07;11.145;11.375;NaN;0.095;0.36
18TL09037_1025;441;46.9585;-60.21683;342338;48.59;13-jun-09;03:11:00;31.91;1.3;329.27818;8.565;NaN;0.09;0.745;5.21;4.705;NaN;0.18;0.519
18TL09037_1025;441;46.9585;-60.21683;342339;25.68;13-jun-09;03:11:00;31.09;3.65;348.97324;8.637;NaN;0.02;0.365;0.76;0.375;0.25;NaN;0.739
18TL09037_1025;441;46.9585;-60.21683;342340;16.56;13-jun-09;03:11:00;30.65;6.03;341.649;8.664;NaN;0.01;0.305;0.255;0.12;0.41;NaN;1.228
18TL09037_1025;441;46.9585;-60.21683;342341;6.45;13-jun-09;03:11:00;30.26;8.2;320.83744;8.671;NaN;0.005;0.25;0.065;0;0.51;NaN;1.436
18TL09037_1025;441;46.9585;-60.21683;342342;2.28;13-jun-09;03:11:00;30.21;8.33;318.78308;8.686;318.53745;0.01;0.255;0.03;0;0.55;NaN;1.448
18TL09037_1026;451;46.74383;-61.00117;342343;53.74;13-jun-09;08:10:00;32.12;0.07;293.68416;8.526;287.18613;0.135;1.105;8.44;7.315;0.1;NaN;0.403
18TL09037_1026;451;46.74383;-61.00117;342344;50.08;13-jun-09;08:10:00;32.04;-0.02;299.6686;8.509;NaN;0.13;1.065;8.15;7.25;0.08;NaN;0.43
18TL09037_1026;451;46.74383;-61.00117;342345;25.19;13-jun-09;08:10:00;29.76;8.71;310.74428;8.667;NaN;0.015;0.2;0.075;0.07;0.57;NaN;1.088
18TL09037_1026;451;46.74383;-61.00117;342346;15.17;13-jun-09;08:10:00;29.44;10.23;306.8142;8.717;NaN;0.01;0.17;0.025;0.205;1.145;NaN;2.329
18TL09037_1026;451;46.74383;-61.00117;342347;6.05;13-jun-09;08:10:00;29.4;10.21;307.30546;8.747;NaN;0.01;0.165;0.03;0.065;0.62;NaN;2.68
18TL09037_1026;451;46.74383;-61.00117;342348;1.39;13-jun-09;08:10:00;29.4;10.22;307.17148;8.757;308.75691;0.01;0.155;0.025;0.18;1.28;NaN;2.445
18TL09037_1027;461;46.8315;-61.24867;342349;58.4;13-jun-09;09:50:00;31.8;-0.23;305.34042;8.503;298.06084;0.105;1.05;6.82;6.9;0.16;NaN;0.509
18TL09037_1027;461;46.8315;-61.24867;342350;51.07;13-jun-09;09:50:00;31.68;-0.26;315.2996;8.503;NaN;0.1;1.01;6.22;5.495;0.11;NaN;0.501
18TL09037_1027;461;46.8315;-61.24867;342351;25.58;13-jun-09;09:50:00;30.95;2.21;371.1246;8.686;NaN;0.02;0.44;0.325;0.475;0.61;NaN;1.491
18TL09037_1027;461;46.8315;-61.24867;342352;15.77;13-jun-09;09:50:00;30.42;9.2;318.8724;8.694;NaN;0.01;0.26;0.015;0.185;1.135;NaN;2.939
18TL09037_1027;461;46.8315;-61.24867;342353;5.95;13-jun-09;09:50:00;29.93;9.84;309.2705;8.734;NaN;0.01;0.19;0.055;0.155;1.02;NaN;2.528
18TL09037_1027;461;46.8315;-61.24867;342354;1.98;13-jun-09;09:50:00;29.93;9.84;309.35982;8.754;309.80642;0.01;0.205;0.035;0.33;1.08;NaN;2.454
18TL09037_1028;471;46.90183;-61.49967;342355;51.46;13-jun-09;13:09:00;31.61;-0.77;327.49178;8.542;317.39862;0.07;0.975;5.52;5.08;0.18;NaN;0.574
18TL09037_1028;471;46.90183;-61.49967;342356;25.88;13-jun-09;13:09:00;31.22;2.9;381.70902;8.718;NaN;0.01;0.41;0.125;0.37;0.91;NaN;2.483
18TL09037_1028;471;46.90183;-61.49967;342357;15.07;13-jun-09;13:09:00;30.57;8.67;329.32284;8.726;NaN;0.01;0.28;0.045;0.23;1.5;NaN;3.862
18TL09037_1028;471;46.90183;-61.49967;342358;5.65;13-jun-09;13:09:00;30.53;8.93;324.0083;8.75;NaN;0.01;0.27;0.02;0.29;1.29;NaN;1.82
18TL09037_1028;471;46.90183;-61.49967;342359;1.88;13-jun-09;13:09:00;30.53;8.94;324.2316;8.759;323.13743;0.01;0.215;0.03;0;1.33;NaN;1.669
18TL09037_1029;481;46.99917;-61.74917;342360;36.39;13-jun-09;14:44:00;31.37;1.21;353.2606;8.678;345.24413;0.05;0.68;2.325;2.555;0.59;NaN;1.357
18TL09037_1029;481;46.99917;-61.74917;342361;25.29;13-jun-09;14:44:00;31.27;2.58;346.96354;8.66;NaN;0.015;0.415;0.425;0.285;0.7;NaN;1.473
18TL09037_1029;481;46.99917;-61.74917;342362;15.97;13-jun-09;14:44:00;30.89;7.88;323.87432;8.697;NaN;0.01;0.36;0.04;0.165;1;NaN;1.931
18TL09037_1029;481;46.99917;-61.74917;342363;5.55;13-jun-09;14:44:00;30.87;7.99;322.84714;8.71;NaN;0.01;0.35;0.04;0.125;0.74;NaN;1.206
18TL09037_1029;481;46.99917;-61.74917;342364;2.18;13-jun-09;14:44:00;30.87;7.98;322.71316;8.716;323.18209;0.005;0.355;0.04;0.215;0.93;NaN;0.967
18TL09037_1030;491;47.17117;-62.2515;342365;36.09;13-jun-09;17:47:00;31.57;0.17;336.9597;8.574;330.17138;0.075;0.87;4.08;4.025;0.53;NaN;1.217
18TL09037_1030;491;47.17117;-62.2515;342366;25.19;13-jun-09;17:47:00;31.33;1.91;389.39054;8.714;NaN;0.02;0.49;0.295;0.9;1.46;NaN;3.823
18TL09037_1030;491;47.17117;-62.2515;342367;15.57;13-jun-09;17:47:00;30.73;8.28;328.87624;8.72;NaN;0.01;0.285;0.06;0.485;0.92;NaN;2.093
18TL09037_1030;491;47.17117;-62.2515;342368;5.06;13-jun-09;17:47:00;30.57;9.13;319.40832;8.743;NaN;0;0.27;0.03;0.385;0.84;NaN;1.918
18TL09037_1030;491;47.17117;-62.2515;342369;1.88;13-jun-09;17:47:00;30.58;9.03;319.67628;8.754;320.14521;0.01;0.255;0.03;0.41;0.94;NaN;1.596
18TL09037_1031;501;47.32967;-62.75133;342370;46.11;13-jun-09;20:30:00;31.5;0.02;335.88786;8.547;329.21119;0.095;1.04;6.76;9.47;0.24;NaN;0.594
18TL09037_1031;501;47.32967;-62.75133;342371;25.39;13-jun-09;20:30:00;30.93;4.48;354.95768;8.695;NaN;0.045;0.48;1.47;1.37;0.5;NaN;1.207
18TL09037_1031;501;47.32967;-62.75133;342372;15.37;13-jun-09;20:30:00;30.81;5.34;353.0373;8.728;NaN;0.035;0.425;0.795;0.915;0.68;NaN;1.691
18TL09037_1031;501;47.32967;-62.75133;342373;5.95;13-jun-09;20:30:00;30.14;8.29;330.43934;8.75;346.3383;0.015;0.25;0.08;1.53;1.81;NaN;4.596
18TL09037_1031;501;47.32967;-62.75133;342374;1.49;13-jun-09;20:30:00;30.09;8.53;332.0471;8.776;332.60535;0.015;0.235;0.07;1.53;2;NaN;3.897
18TL09037_1032;511;47.4975;-63.25017;342375;71.19;13-jun-09;23:37:00;31.68;-0.99;304.53654;8.436;296.989;0.09;1.145;5.385;7.8;0.16;NaN;0.458
18TL09037_1032;511;47.4975;-63.25017;342376;51.66;13-jun-09;23:37:00;31.63;-1;317.9792;8.451;NaN;0.09;1.135;7.215;8.695;0.18;NaN;0.487
18TL09037_1032;511;47.4975;-63.25017;342377;26.67;13-jun-09;23:37:00;31.11;2.81;370.05276;8.644;NaN;0.06;0.615;2.44;2;0.47;NaN;1.072
18TL09037_1032;511;47.4975;-63.25017;342378;16.56;13-jun-09;23:37:00;30.08;6.24;344.3286;8.732;NaN;0.045;0.335;1.53;1.91;1.115;NaN;2.376
18TL09037_1032;511;47.4975;-63.25017;342379;6.74;13-jun-09;23:37:00;28.51;9.87;328.4743;8.77;NaN;0.015;0.12;0.14;3.915;1.69;NaN;4.137
18TL09037_1032;511;47.4975;-63.25017;342380;2.18;13-jun-09;23:37:00;28.55;10.04;329.01022;8.785;337.80824;0.01;0.105;0.07;3.9;1.77;NaN;4.136
18TL09037_1033;521;47.66;-63.7505;342381;61.67;14-jun-09;02:03:00;31.91;-0.34;290.7366;8.449;284.43954;0.19;1.345;11.905;19.485;0.16;NaN;0.454
18TL09037_1033;521;47.66;-63.7505;342382;51.26;14-jun-09;02:03:00;31.56;-0.28;337.00436;8.518;NaN;0.13;1.095;8.435;9.525;0.06;NaN;0.382
18TL09037_1033;521;47.66;-63.7505;342383;26.38;14-jun-09;02:03:00;30.83;1.1;358.03922;8.581;NaN;0.13;0.91;6.415;5.72;0.22;NaN;0.684
18TL09037_1033;521;47.66;-63.7505;342384;16.76;14-jun-09;02:03:00;29.87;3.2;354.6004;8.652;NaN;0.115;0.665;4.19;3.425;0.59;NaN;1.483
18TL09037_1033;521;47.66;-63.7505;342385;6.94;14-jun-09;02:03:00;28.19;10.61;326.55392;8.739;NaN;0.025;0.1;0.23;4.42;1.89;NaN;4.331
18TL09037_1033;521;47.66;-63.7505;342386;1.49;14-jun-09;02:03:00;28.17;11.04;324.9015;8.77;327.06751;0.015;0.08;0.065;4.65;1.91;NaN;4.427
18TL09037_1034;531;47.7395;-63.99983;342387;76.24;14-jun-09;03:47:00;32.29;0.07;253.80278;8.374;249.02416;0.08;0.555;3.25;3.15;0.08;NaN;0.397
18TL09037_1034;531;47.7395;-63.99983;342388;51.06;14-jun-09;03:47:00;31.38;-0.08;336.11116;8.502;NaN;0.2;1.54;13.68;26.67;0.06;NaN;0.387
18TL09037_1034;531;47.7395;-63.99983;342389;26.87;14-jun-09;03:47:00;30.42;2.93;367.06054;8.665;NaN;0.2;1.15;9.655;12.955;0.29;NaN;0.797
18TL09037_1034;531;47.7395;-63.99983;342390;16.16;14-jun-09;03:47:00;29.3;4.28;343.56938;8.645;NaN;0.1;0.565;4.09;5.495;0.22;NaN;1.03
18TL09037_1034;531;47.7395;-63.99983;342391;7.44;14-jun-09;03:47:00;28.17;9.42;355.85088;8.794;NaN;0.01;0.05;0.11;1.325;0.77;NaN;7.437
18TL09037_1034;531;47.7395;-63.99983;342392;1.59;14-jun-09;03:47:00;27.63;11.04;353.4839;8.816;355.96253;0.01;0.045;0.045;1.405;0.78;NaN;8.884
18TL09037_1035;541;47.82933;-64.2475;342393;37.18;14-jun-09;06:20:00;30.96;0.81;336.11116;8.601;331.73448;0.18;0.955;7.675;10.93;0.06;NaN;0.69
18TL09037_1035;541;47.82933;-64.2475;342394;26.57;14-jun-09;06:20:00;29.26;3.96;329.72478;8.635;NaN;0.085;0.545;3.445;6.72667;0.17;NaN;1.077
18TL09037_1035;541;47.82933;-64.2475;342395;16.66;14-jun-09;06:20:00;28.24;6.41;329.45682;8.656;NaN;0.11;0.51;5.47;8.33;0.37;NaN;1.985
18TL09037_1035;541;47.82933;-64.2475;342396;6.15;14-jun-09;06:20:00;27.5;10.47;329.90342;8.792;NaN;0.015;0.05;0.29;0;0.5;NaN;1.81
18TL09037_1035;541;47.82933;-64.2475;342397;1.39;14-jun-09;06:20:00;27.49;10.83;327.71508;8.814;327.1345;0.005;0.035;0.07;0;0.4;NaN;1.88
18TL09037_1036;561;47.93083;-65.24333;342404;69.9;14-jun-09;13:47:00;31.82;-0.22;289.48612;8.427;NaN;0.135;1.17;8.96;19.115;0.09;NaN;0.516
18TL09037_1036;561;47.93083;-65.24333;342405;50.67;14-jun-09;13:47:00;31.16;-0.46;296.58706;8.389;NaN;0.23;1.435;12.4;22.27;0.07;NaN;0.53
18TL09037_1036;561;47.93083;-65.24333;342406;24.89;14-jun-09;13:47:00;29.76;2.2;341.55968;8.534;NaN;0.21;0.965;7.585;11.795;0.11;NaN;0.802
18TL09037_1036;561;47.93083;-65.24333;342407;15.27;14-jun-09;13:47:00;28.2;5.8;329.90342;8.609;NaN;0.125;0.535;4.725;6.27;0.31;NaN;1.216
18TL09037_1036;561;47.93083;-65.24333;342408;5.65;14-jun-09;13:47:00;27;10.43;323.38306;8.755;NaN;0.025;0.075;0.38;1.305;0.77;NaN;1.746
18TL09037_1036;561;47.93083;-65.24333;342409;1.49;14-jun-09;13:47:00;27;10.45;324.05296;8.788;324.16461;0.025;0.055;0.155;1.105;0.78;NaN;1.442
18TL09037_1037;611;47.499;-64.66667;342415;21.52;15-jun-09;08:21:00;28.51;5.43;285.10944;8.58;288.19098;0.07;0.41;1.17;1.3;1.41;NaN;1.708
18TL09037_1037;611;47.499;-64.66667;342416;6.64;15-jun-09;08:21:00;27.38;11.69;311.41418;8.788;NaN;0.01;0.045;0.05;0.31;1.09;NaN;1.992
18TL09037_1037;611;47.499;-64.66667;342417;1.19;15-jun-09;08:21:00;27.38;11.67;311.99476;8.804;313.91514;0.015;0.04;0.075;0.345;1.19;NaN;1.974
18TL09037_1038;621;47.50033;-64.2475;342418;56.12;15-jun-09;10:52:00;31.62;-0.03;282.6978;8.387;316.39377;0.2;1.22;9.445;13.03;2.23;NaN;0.45
18TL09037_1038;621;47.50033;-64.2475;342419;24.99;15-jun-09;10:52:00;28.45;5.26;332.40438;8.62;NaN;0.12;0.53;4.785;6.745;0.14;NaN;0.829
18TL09037_1038;621;47.50033;-64.2475;342420;15.47;15-jun-09;10:52:00;27.88;6.89;321.95394;8.64;NaN;0.095;0.4;3.855;3.68;NaN;0.52;2.001
18TL09037_1038;621;47.50033;-64.2475;342421;5.65;15-jun-09;10:52:00;27.58;9.99;347.09752;8.804;NaN;0.015;0.03;0.085;0;NaN;0.415;1.916
18TL09037_1038;621;47.50033;-64.2475;342422;13.49;15-jun-09;10:52:00;27.68;8.24;328.9209;8.768;NaN;NaN;NaN;NaN;NaN;NaN;3.615;14.233
18TL09037_1039;631;47.5;-63.74983;342423;66.23;15-jun-09;13:38:00;31.77;-0.59;284.2609;8.392;287.11914;0.22;1.34;11.11;18.845;NaN;0.115;0.397
18TL09037_1039;631;47.5;-63.74983;342424;50.87;15-jun-09;13:38:00;31.42;-0.66;329.23352;8.475;NaN;0.185;1.14;8.75;12.415;NaN;0.105;0.383
18TL09037_1039;631;47.5;-63.74983;342425;25.58;15-jun-09;13:38:00;30.6;1.08;332.18108;8.495;NaN;0.155;0.99;7.25;6.615;NaN;0.15;0.687
18TL09037_1039;631;47.5;-63.74983;342426;13.39;15-jun-09;13:38:00;28.87;7.12;326.10732;8.704;NaN;0.04;0.25;0.73;1.25;NaN;1.43;2.995
18TL09037_1039;631;47.5;-63.74983;342427;5.75;15-jun-09;13:38:00;28.24;10.93;316.59474;8.764;NaN;0.015;0.055;0.235;2.365;NaN;1.13;2.471
18TL09037_1039;631;47.5;-63.74983;342428;1.49;15-jun-09;13:38:00;28.01;10.91;320.74812;8.792;321.21705;0.01;0.11;0.045;3;NaN;0.69;1.63
18TL09037_1040;671;46.57083;-62.25017;342429;41.55;16-jun-09;02:04:00;31.05;0.37;314.09378;8.496;306.99284;0.115;1.055;4.15;3.92;NaN;0.22;0.405
18TL09037_1040;671;46.57083;-62.25017;342430;26.08;16-jun-09;02:04:00;30.11;3.6;353.7072;8.671;NaN;0.08;0.59;1.87;1.495;NaN;0.3;0.828
18TL09037_1040;671;46.57083;-62.25017;342431;15.87;16-jun-09;02:04:00;29.19;7.84;330.0374;8.747;NaN;0.01;0.165;0.05;0;NaN;0.905;2.189
18TL09037_1040;671;46.57083;-62.25017;342432;6.25;16-jun-09;02:04:00;28.45;10.93;313.87048;8.761;NaN;0.01;0.1;0.04;0.315;NaN;0.53;2.139
18TL09037_1041;701;47.17083;-62.7455;342434;61.08;16-jun-09;09:34:00;32;-0.68;305.74236;8.461;300.65112;0.205;1.14;9.13;16.625;NaN;0.195;0.457
18TL09037_1041;701;47.17083;-62.7455;342435;26.18;16-jun-09;09:34:00;31.15;5.61;352.01012;8.687;NaN;0.005;0.445;0.075;1.46;NaN;0.89;2.791
18TL09037_1041;701;47.17083;-62.7455;342436;16.76;16-jun-09;09:34:00;30.69;6.17;347.27616;8.737;NaN;0.01;0.355;0.13;0.925;NaN;1.035;3.041
18TL09037_1041;701;47.17083;-62.7455;342437;6.35;16-jun-09;09:34:00;30.42;10.25;313.69184;8.724;NaN;0.01;0.26;0.05;0.99;NaN;0.34;1.55
18TL09037_1041;701;47.17083;-62.7455;342438;1.49;16-jun-09;09:34:00;30.42;10.2;314.36174;8.745;313.71417;0.005;0.25;0.025;1.11;NaN;0.315;1.4
18TL09037_1042;711;47.17167;-63.255;342439;62.27;16-jun-09;12:25:00;31.46;-1;319.5423;8.462;310.43166;0.13;1.18;8.25;12.15;NaN;0.14;0.462
18TL09037_1042;711;47.17167;-63.255;342440;51.66;16-jun-09;12:25:00;31.44;-0.9;323.1151;8.448;NaN;0.14;1.15;8.24;11.745;NaN;0.105;0.448
18TL09037_1042;711;47.17167;-63.255;342441;25.58;16-jun-09;12:25:00;30.95;1.07;362.81784;8.615;NaN;0.1;0.775;4.68;4.29;NaN;0.235;0.671
18TL09037_1042;711;47.17167;-63.255;342442;15.67;16-jun-09;12:25:00;29.9;6.12;344.73054;8.693;NaN;0.04;0.375;1.585;2.48;NaN;1.97;7.002
18TL09037_1042;711;47.17167;-63.255;342443;5.65;16-jun-09;12:25:00;28.42;10.48;325.08014;8.749;NaN;0.01;0.13;0.04;3.34;NaN;0.915;1.854
18TL09037_1042;711;47.17167;-63.255;342444;1.79;16-jun-09;12:25:00;28.49;10.48;325.1248;8.778;326.17431;0.01;0.105;0.025;3.56;NaN;1.115;2.001
18TL09037_1043;731;46.50117;-63.24733;342445;23.6;16-jun-09;17:28:00;29.79;4.38;277.29394;8.553;278.0085;0.165;0.75;3.245;7.145;NaN;0.205;0.745
18TL09037_1043;731;46.50117;-63.24733;342446;15.77;16-jun-09;17:28:00;29.12;6.43;294.39872;8.652;NaN;0.11;0.505;1.745;3.56;NaN;0.255;1.297
18TL09037_1043;731;46.50117;-63.24733;342447;5.95;16-jun-09;17:28:00;28.37;10.64;310.6103;8.728;NaN;0.01;0.13;0.05;0.7;NaN;0.71;1.327
18TL09037_1043;731;46.50117;-63.24733;342448;1.69;16-jun-09;17:28:00;28.19;13.52;299.35598;8.745;301.72296;0.015;0.115;0.05;0.65;NaN;0.275;0.711
18TL09037_1044;741;46.83667;-63.74867;342449;31.83;16-jun-09;20:56:00;30.44;1.5;277.60656;8.396;283.32304;0.155;1.145;6.71;7.135;NaN;0.12;0.588
18TL09037_1044;741;46.83667;-63.74867;342450;25.78;16-jun-09;20:56:00;29.46;3.93;287.74438;8.504;NaN;0.105;0.75;3.71;3.925;NaN;0.295;0.875
18TL09037_1044;741;46.83667;-63.74867;342451;16.36;16-jun-09;20:56:00;28.83;8.51;320.92676;8.718;NaN;0.015;0.185;0.145;0.535;NaN;1.135;3.486
18TL09037_1044;741;46.83667;-63.74867;342452;5.55;16-jun-09;20:56:00;28.08;12.2;305.74236;8.758;NaN;0.01;0.085;0.025;0.3;NaN;0.745;2.626
18TL09037_1044;741;46.83667;-63.74867;342453;1.69;16-jun-09;20:56:00;28.07;12.41;305.83168;8.771;308.64526;0.01;0.085;0.025;0.43;NaN;0.67;2.331
18TL09037_1045;901;46.49783;-61.75017;342454;41.15;18-jun-09;08:08:00;31.17;1.03;333.69952;8.516;329.45682;0.09;0.83;2.98;4.11;NaN;0.11;0.486
18TL09037_1045;901;46.49783;-61.75017;342455;26.58;18-jun-09;08:08:00;30.85;2.04;331.73448;8.518;NaN;0.105;0.765;2.69;2.59;NaN;0.235;0.732
18TL09037_1045;901;46.49783;-61.75017;342456;16.16;18-jun-09;08:08:00;29.75;7.05;324.54422;8.655;NaN;0.015;0.25;0.11;0.54;NaN;0.93;2.771
18TL09037_1045;901;46.49783;-61.75017;342457;6.35;18-jun-09;08:08:00;29.15;10.37;310.6103;8.673;NaN;0.01;0.155;0.19;0.71;NaN;0.83;2.598
18TL09037_1046;921;46.83167;-60.92017;342459;100.63;18-jun-09;13:48:00;33.36;2.29;234.28636;8.41;233.01355;0.225;1.315;15.025;16.32;NaN;0.07;0.326
18TL09037_1046;921;46.83167;-60.92017;342460;50.67;18-jun-09;13:48:00;31.87;-0.08;317.26464;8.474;NaN;0.11;0.95;6.31;4.84;NaN;0.51;0.439
18TL09037_1046;921;46.83167;-60.92017;342461;26.28;18-jun-09;13:48:00;29.76;8.66;307.12682;8.625;NaN;0.01;0.235;0.06;0.53;NaN;0.625;1.794
18TL09037_1046;921;46.83167;-60.92017;342462;15.17;18-jun-09;13:48:00;29.3;11.3;306.45692;8.69;NaN;0.01;0.13;0.05;0.4;NaN;0.51;2.763
18TL09037_1046;921;46.83167;-60.92017;342463;4.96;18-jun-09;13:48:00;29.21;11.52;304.53654;8.723;NaN;0.005;0.135;0.05;0.375;NaN;0.635;1.38
18TL09037_1046;921;46.83167;-60.92017;342464;1.69;18-jun-09;13:48:00;29.21;11.53;304.62586;8.73;307.21614;0.005;0.135;0.05;0.37;NaN;0.485;1.519
18TL09037_1047;951;47.16917;-61.7435;342465;26.18;18-jun-09;20:42:00;31.23;3.41;349.9111;8.661;347.76742;0.025;0.56;0.85;1.725;NaN;0.39;1.998
18TL09037_1047;951;47.16917;-61.7435;342466;15.47;18-jun-09;20:42:00;30.93;7.68;336.82572;8.684;NaN;0.005;0.37;0.03;0;NaN;0.165;0.801
18TL09037_1047;951;47.16917;-61.7435;342467;5.06;18-jun-09;20:42:00;30.56;11.38;307.0375;8.69;NaN;0.005;0.29;0.025;0.385;NaN;0.24;0.778
18TL09037_1047;951;47.16917;-61.7435;342468;2.98;18-jun-09;20:42:00;30.56;11.14;308.3773;8.707;311.92777;0.005;0.28;0.035;0.335;NaN;0.25;0.727
18TL09037_1048;961;47.50267;-61.245;342469;26.77;19-jun-09;00:00:00;31.14;4.66;339.1927;8.662;337.09368;0.05;0.495;0.94;1.46;NaN;2.635;3.539
18TL09037_1048;961;47.50267;-61.245;342470;15.37;19-jun-09;00:00:00;30.98;5.98;352.54604;8.708;NaN;0.015;0.35;0.04;0;NaN;0.75;5.221
18TL09037_1048;961;47.50267;-61.245;342471;5.95;19-jun-09;00:00:00;30.8;9.89;318.6491;8.684;NaN;0.01;0.335;0.035;0;NaN;0.265;1.72
18TL09037_1048;961;47.50267;-61.245;342472;1.49;19-jun-09;00:00:00;30.8;9.88;318.55978;8.699;322.15491;0.005;0.335;0.03;0;NaN;0.3;1.636
18TL09037_1049;971;47.4995;-60.74583;342473;51.46;19-jun-09;02:26:00;32.17;0.41;352.68002;8.604;345.4451;0.105;0.705;4.78;3.84;NaN;0.18;0.579
18TL09037_1049;971;47.4995;-60.74583;342474;25.98;19-jun-09;02:26:00;31.74;2.19;365.05084;8.644;NaN;0.04;0.5;1.425;0.84;NaN;0.135;0.527
18TL09037_1049;971;47.4995;-60.74583;342475;16.36;19-jun-09;02:26:00;31.42;6.58;336.0665;8.646;NaN;0.015;0.37;0.13;0.35;NaN;0.235;0.868
18TL09037_1049;971;47.4995;-60.74583;342476;6.54;19-jun-09;02:26:00;30.93;9.6;314.13844;8.659;NaN;0.005;0.28;0.025;0.68;NaN;0.24;0.886
18TL09037_1049;971;47.4995;-60.74583;342477;1.49;19-jun-09;02:26:00;30.93;9.6;314.13844;8.674;316.05882;0.005;0.305;0.025;0.87;NaN;0.23;0.902
