CTD;CTD;CTD;CTD;CTD;CTD;CTD;CTD;CTD;CTD;CTD;CTD;labo;labo;labo;labo;labo;labo;labo
Fichier;Station;Latitude;Longitude;Echantillon;zbouteille;Date;Heure;PRES;PSAL;TEMP_XX;DOXY;CHL_01;Si_01;PO4_01;NOx_01;PSAL_BS;NO2_01;OXY_02
(nom);(nom/no);(degres);(degres);(no_unique);(dbar);(jj-mmm-yyyy);(GMT);(dbar);(psu);(celsius);(ml/l);(mg/m**3);(mmol/m**3);(mmol/m**3);(mmol/m**3);(PSU);(mmol/m**3);(ml/l)
18TL18023_002;HL_02;44.273;-63.32482;441751;204.66;14-jul-18;01:46:00;204.666;34.6457;9.8572;3.6096;0.01073;16.04;1.164;15.665;34.648;0.04;3.40359
18TL18023_002;HL_02;44.27288;-63.32415;441752;101.52;14-jul-18;01:49:00;101.528;33.1954;6.1281;5.8239;0.13241;4.625;0.734;6.63;NaN;0.02;NaN
18TL18023_002;HL_02;44.2729;-63.32402;441753;75.95;14-jul-18;01:50:00;75.956;32.4846;3.4997;6.0296;0.37517;7.105;0.8625;7.905;NaN;0.015;NaN
18TL18023_002;HL_02;44.27296;-63.32386;441754;50.84;14-jul-18;01:53:00;50.849;32.2676;5.4838;6.978;1.30321;2.255;0.5025;0.905;NaN;0.06;NaN
18TL18023_002;HL_02;44.27294;-63.32378;441755;40.78;14-jul-18;01:53:00;40.78;32.0135;5.6365;7.0864;0.74814;1.23;0.3895;0.13;31.957;0.015;7.30363
18TL18023_002;HL_02;44.27292;-63.32371;441756;30.55;14-jul-18;01:54:00;30.554;31.6422;8.5414;6.9338;0.4344;0.82;0.317;0;NaN;0.01;NaN
18TL18023_002;HL_02;44.27289;-63.32364;441757;20.58;14-jul-18;01:54:00;20.584;31.0318;7.435;7.0398;0.2896;0.5;0.3085;0;NaN;0.01;NaN
18TL18023_002;HL_02;44.27256;-63.32288;441758;10.09;14-jul-18;01:55:00;10.097;30.6498;11.9777;6.2887;0.19588;0.55;0.269;0;NaN;0.005;NaN
18TL18023_002;HL_02;44.27256;-63.3228;441759;5.53;14-jul-18;01:56:00;5.535;30.6415;12.2194;6.2859;0.20252;0.525;0.283;0;NaN;0;NaN
18TL18023_002;HL_02;44.27226;-63.32232;441760;1.76;14-jul-18;01:59:00;1.768;30.9855;12.703;5.1206;0.2158;0.49;0.269;0;30.627;0;6.65437
18TL18023_014;10;43.66216;-63.98822;441789;217.15;15-jul-18;05:10:00;217.151;35.1001;10.9195;3.0284;0.00477;17.9;1.278;18.92;35.103;0.015;NaN
18TL18023_014;10;43.66144;-63.9887;441790;50.86;15-jul-18;05:16:00;50.86;32.3291;4.7711;6.6595;0.89294;2.3;0.5555;1.88;NaN;0.23;NaN
18TL18023_014;10;43.66132;-63.98877;441791;25.41;15-jul-18;05:17:00;25.416;31.7197;10.0053;6.573;0.73607;0.725;0.303;0;NaN;0.015;NaN
18TL18023_014;10;43.66122;-63.98887;441792;5.77;15-jul-18;05:18:00;5.771;30.7275;13.6455;6.0308;0.23904;0.64;0.2665;0;NaN;0.01;NaN
18TL18023_025;11;43.64716;-63.66408;441793;228.02;15-jul-18;08:35:00;228.026;35.1474;10.9674;2.9314;0.00596;18.315;1.278;18.89;35.147;0.015;NaN
18TL18023_025;11;43.64744;-63.66444;441794;50.38;15-jul-18;08:42:00;50.387;32.7582;4.5961;6.0508;0.3258;4.455;0.708;5.755;NaN;0.01;NaN
18TL18023_025;11;43.64752;-63.66444;441795;24.6;15-jul-18;08:43:00;24.608;32.2904;7.1792;7.0183;1.11014;1.24;0.3485;0;NaN;0.02;NaN
18TL18023_025;11;43.64756;-63.66444;441796;5.21;15-jul-18;08:44:00;5.21;30.8194;14.2694;5.8884;0.22908;0.54;0.2705;0;NaN;0;NaN
18TL18023_036;12;43.73806;-63.237;441797;109.65;15-jul-18;11:27:00;109.659;33.6171;7.1481;4.8277;0.02624;8.655;0.906;11.09;33.638;0.01;NaN
18TL18023_036;12;43.73848;-63.23728;441798;50.53;15-jul-18;11:37:00;50.534;32.2401;3.307;6.3805;0.28552;5.18;0.76;6.275;NaN;0.16;NaN
18TL18023_036;12;43.73862;-63.2374;441799;25.8;15-jul-18;11:38:00;25.804;31.3548;7.7719;7.0082;0.52457;0.53;0.3015;0;NaN;0;NaN
18TL18023_036;12;43.73874;-63.23738;441800;5.69;15-jul-18;11:39:00;5.695;30.985;14.9289;5.7535;0.23904;0.345;0.262;0;NaN;0;NaN
18TL18023_047;13;43.58706;-63.23488;441801;220.62;15-jul-18;14:12:00;220.625;35.1745;10.9395;2.892;0.00477;16.565;1.3075;20.435;35.22;0.025;NaN
18TL18023_047;13;43.58774;-63.23524;441802;50.87;15-jul-18;14:18:00;50.873;32.1557;2.8576;6.4962;0.56714;5.055;0.796;6.67;NaN;0.155;NaN
18TL18023_047;13;43.58784;-63.2353;441803;25.41;15-jul-18;14:19:00;25.415;31.412;8.6713;7.2314;0.67574;0.665;0.3235;0.055;NaN;0;NaN
18TL18023_047;13;43.58786;-63.23512;441804;6.03;15-jul-18;14:20:00;6.032;30.9876;14.8661;5.8261;0.2324;0.305;0.2635;0;NaN;0;6.2155
18TL18023_058;15;43.35516;-63.13862;441805;143.61;15-jul-18;18:26:00;143.616;35.3021;11.8308;4.323;0.00596;7.15;0.817;13.32;35.302;0.05;4.643
18TL18023_058;15;43.35502;-63.13889;441806;50.39;15-jul-18;18:28:00;50.394;32.4746;3.9525;6.3366;0.37406;4.385;0.717;5.675;NaN;0.04;NaN
18TL18023_058;15;43.35497;-63.13896;441807;25.36;15-jul-18;18:29:00;25.366;31.7395;7.2488;7.1141;1.23081;1.18;0.3915;0.6;NaN;0.02;7.4895
18TL18023_058;15;43.35494;-63.13908;441808;5.68;15-jul-18;18:30:00;5.686;30.8945;15.2028;5.7891;0.1992;0.44;0.26;0.03;NaN;0;NaN
18TL18023_069;16;43.31936;-63.24852;441809;163.64;15-jul-18;20:31:00;163.647;35.0958;11.1034;3.6294;0.00716;12.635;1.059;16.395;35.09;0.025;3.931
18TL18023_069;16;43.31886;-63.24983;441810;49.55;15-jul-18;20:36:00;49.556;32.3196;4.1798;6.2352;0.3258;3.995;0.722;6.125;NaN;0.085;NaN
18TL18023_069;16;43.31878;-63.2503;441811;25;15-jul-18;20:37:00;25.001;31.5691;4.8557;7.3261;0.63953;1.31;0.379;0.21;NaN;0.02;7.7905
18TL18023_069;16;43.3187;-63.25074;441812;4.92;15-jul-18;20:38:00;4.924;30.6372;15.5151;5.7494;0.19256;0.53;0.255;0.045;NaN;0.015;NaN
18TL18023_080;17;43.0567;-63.39828;441813;155.01;15-jul-18;23:11:00;155.013;35.4099;12.2553;4.4604;0.00596;6.21;0.7515;12.33;35.387;0.025;4.824
18TL18023_080;17;43.05725;-63.3987;441814;49.89;15-jul-18;23:16:00;49.892;32.0592;3.2328;6.6559;0.56714;3.79;0.709;4.61;NaN;0.185;NaN
18TL18023_080;17;43.05744;-63.3988;441815;25.16;15-jul-18;23:18:00;25.166;31.8644;8.1714;6.9681;0.85674;0.64;0.2915;0;NaN;0;NaN
18TL18023_080;17;43.05754;-63.39886;441816;4.96;15-jul-18;23:19:00;4.96;30.7273;15.322;5.7282;0.166;0.495;0.248;0;NaN;0;6.161
18TL18023_102;18;43.06206;-63.49762;441817;161.8;16-jul-18;01:42:00;161.802;35.221;11.4303;4.1874;0.01312;7.745;0.8715;14.155;35.206;0.02;4.558
18TL18023_102;18;43.06278;-63.4971;441818;49.29;16-jul-18;01:46:00;49.294;32.156;3.0388;6.4794;0.33787;4.93;0.7665;6.13;NaN;0.175;NaN
18TL18023_102;18;43.06292;-63.49696;441819;24.58;16-jul-18;01:47:00;24.58;31.2071;10.0931;6.8127;0.28552;0.645;0.274;0.08;NaN;0;NaN
18TL18023_102;18;43.06306;-63.49668;441820;4.68;16-jul-18;01:48:00;4.683;30.8747;15.5109;5.7544;0.14608;0.455;0.251;0.025;NaN;0;6.1
18TL18023_114;19;43.02324;-64.11767;441821;90.84;16-jul-18;05:58:00;90.84;32.3921;3.7569;6.1023;0.10624;5.32;0.8135;7.57;32.385;0.07;6.4
18TL18023_114;19;43.02292;-64.11758;441822;50.58;16-jul-18;06:00:00;50.584;31.9881;3.1204;6.7146;0.74813;3.47;0.731;5.135;NaN;0.275;NaN
18TL18023_114;19;43.02268;-64.11746;441823;25.48;16-jul-18;06:01:00;25.483;31.377;7.817;7.0852;0.37406;0.435;0.291;0;NaN;0;NaN
18TL18023_114;19;43.02252;-64.11725;441824;6.01;16-jul-18;06:02:00;6.015;30.7654;16.0265;5.706;0.13612;0.415;0.226;0;NaN;0;6.115
18TL18023_127;20;42.96838;-64.4035;441825;125.83;16-jul-18;08:52:00;125.831;34.1439;8.6438;4.1333;0.01431;13.7;1.0405;13.625;34.136;0.01;4.4155
18TL18023_127;20;42.96814;-64.40348;441826;49.84;16-jul-18;08:55:00;49.844;32.0553;3.7223;6.5792;0.3982;3.285;0.6715;4.65;NaN;0.21;NaN
18TL18023_127;20;42.96808;-64.40346;441827;25.07;16-jul-18;08:56:00;25.074;31.1235;8.2065;6.9679;0.42233;0.485;0.315;0.045;NaN;0.02;NaN
18TL18023_127;20;42.96808;-64.4035;441828;5.49;16-jul-18;08:57:00;5.498;30.7826;15.5062;5.7871;0.15936;0.445;0.2375;0;NaN;0;6.1805
18TL18023_138;21;43.25248;-64.3733;441829;142.34;16-jul-18;11:36:00;142.343;33.9225;8.0421;4.6051;0.02266;11.325;0.985;12.33;33.832;0.01;4.79201
18TL18023_138;21;43.25248;-64.373;441830;50.47;16-jul-18;11:41:00;50.477;31.5125;1.4173;7.2282;0.41027;2.405;0.691;3.32;NaN;0.23;NaN
18TL18023_138;21;43.25248;-64.37296;441831;25.34;16-jul-18;11:42:00;25.346;31.3217;6.232;7.2738;0.33787;0.78;0.33;0;NaN;0;NaN
18TL18023_138;21;43.25242;-64.3729;441832;6.21;16-jul-18;11:43:00;6.216;30.852;15.8765;5.7112;0.17928;0.26;0.2415;0.025;NaN;0;6.09588
18TL18023_149;22;43.26993;-64.21039;441833;84.28;16-jul-18;13:29:00;84.286;32.6222;4.253;5.8718;0.06084;6.745;0.8365;8.4;32.618;0.05;6.14748
18TL18023_149;22;43.27;-64.21026;441834;50.66;16-jul-18;13:32:00;50.663;32.0024;3.7674;6.7628;0.543;3.005;0.612;2.935;NaN;0.15;NaN
18TL18023_149;22;43.27004;-64.21024;441835;25.49;16-jul-18;13:33:00;25.496;31.023;8.9491;6.8878;0.4344;0.5;0.271;0;NaN;0;NaN
18TL18023_149;22;43.26998;-64.21018;441836;5.54;16-jul-18;13:34:00;5.54;30.735;15.5573;5.763;0.30212;0.45;0.231;0;NaN;0;6.15315
18TL18023_171;23;43.38268;-63.97144;441837;107;16-jul-18;17:06:00;107.002;33.8297;7.6916;4.5327;0.02266;10.565;0.9615;12.155;33.83;0;4.7995
18TL18023_171;23;43.3825;-63.97142;441838;49.36;16-jul-18;17:08:00;49.363;32.4229;4.0659;6.4377;0.3982;3.77;0.6655;4.51;NaN;0.09;NaN
18TL18023_171;23;43.38244;-63.97143;441839;23.95;16-jul-18;17:09:00;23.952;31.5439;10.5325;6.5503;0.45853;0.535;0.269;0.025;NaN;0;NaN
18TL18023_171;23;43.38246;-63.97152;441840;3.9;16-jul-18;17:10:00;3.909;30.8099;15.1659;5.7969;0.17264;0.545;0.261;0.15;NaN;0.025;6.21
18TL18023_182;24;43.57466;-64.03502;441841;171.33;16-jul-18;20:20:00;171.336;34.817;10.4374;3.572;0.00716;14.29;1.103;16.09;34.809;0.02;3.846
18TL18023_182;24;43.57406;-64.03476;441842;49.09;16-jul-18;20:24:00;49.091;32.2481;4.597;6.7271;0.71194;2.72;0.556;1.685;NaN;0.15;NaN
18TL18023_182;24;43.57385;-64.03468;441843;24.82;16-jul-18;20:25:00;24.827;31.8197;10.2524;6.5857;0.45853;0.545;0.266;0.045;NaN;0.02;NaN
18TL18023_182;24;43.57362;-64.03452;441844;4.84;16-jul-18;20:27:00;4.848;30.7352;15.6851;5.8103;0.1992;0.505;0.238;0;NaN;0;6.17765
18TL18023_193;25;43.68236;-64.36726;441845;168.73;16-jul-18;23:12:00;168.733;34.647;9.9589;3.5061;0.01073;17.25;1.182;15.945;34.646;0.025;3.7695
18TL18023_193;25;43.68242;-64.36722;441846;48.82;16-jul-18;23:16:00;48.827;31.5727;2.7419;7.1492;0.55507;2.435;0.6145;2.55;NaN;0.19;NaN
18TL18023_193;25;43.68228;-64.36705;441847;24.04;16-jul-18;23:17:00;24.04;30.9202;9.0326;6.938;0.48267;0.52;0.2675;0;NaN;0.01;NaN
18TL18023_193;25;43.6821;-64.36683;441848;5.26;16-jul-18;23:18:00;5.269;30.6519;14.3353;6.0123;0.20252;0.37;0.2385;0;NaN;0;6.4185
18TL18023_204;26;43.67462;-64.6164;441849;137.73;17-jul-18;01:48:00;137.734;33.6053;7.0657;4.6004;0.0167;12.33;1.0305;11.695;33.587;0.05;4.9735
18TL18023_204;26;43.67414;-64.6159;441850;48.7;17-jul-18;01:52:00;48.702;31.6192;4.0713;7.0514;0.56713;1.405;0.5155;1.275;NaN;0.06;NaN
18TL18023_204;26;43.67404;-64.61585;441851;24.45;17-jul-18;01:53:00;24.458;31.0146;8.4318;6.9832;0.4706;0.5;0.289;0;NaN;0;NaN
18TL18023_204;26;43.67394;-64.61571;441852;4.88;17-jul-18;01:54:00;4.88;30.7005;15.1597;5.9099;NaN;NaN;NaN;NaN;NaN;NaN;7.354
18TL18023_215;27;43.54838;-64.57766;441853;132.81;17-jul-18;05:04:00;132.814;33.6144;7.1251;4.6348;0.01431;10.67;0.998;11.44;33.611;0.065;4.9785
18TL18023_215;27;43.54838;-64.57762;441854;50.48;17-jul-18;05:07:00;50.48;31.8049;3.1945;6.8535;0.37407;3.03;0.6665;3.5;NaN;0.18;NaN
18TL18023_215;27;43.54838;-64.57762;441855;25.5;17-jul-18;05:08:00;25.504;31.3346;6.0083;7.2672;0.67573;0.74;0.355;0;NaN;0;NaN
18TL18023_215;27;43.54838;-64.57765;441856;5.33;17-jul-18;05:08:00;5.332;30.6995;15.3705;5.8637;0.16268;0.615;0.237;0;NaN;0.005;6.287
18TL18023_225;3;44.14514;-63.49332;441761;149.34;14-jul-18;06:34:00;149.34;34.5204;9.5559;3.592;0.01312;16.19;1.154;15.345;34.501;0.03;NaN
18TL18023_225;3;44.14543;-63.49386;441762;51.8;14-jul-18;06:38:00;51.801;32.4017;3.7152;6.3922;0.67574;5.12;0.7175;5.485;NaN;0.11;NaN
18TL18023_225;3;44.14554;-63.49403;441763;25.43;14-jul-18;06:39:00;25.438;31.8487;9.6672;6.6357;0.85674;0.835;0.273;0;NaN;0.005;NaN
18TL18023_225;3;44.1457;-63.49412;441764;5.44;14-jul-18;06:40:00;5.449;30.961;14.6813;5.8414;0.1682;0.635;0.255;0;NaN;0;NaN
18TL18023_226;28;43.41938;-64.75869;441857;59.3;18-jul-18;18:46:00;59.303;31.9402;4.2422;6.4959;0.3982;3.505;0.6525;4.505;31.946;0.22;6.616
18TL18023_226;28;43.4194;-64.75848;441858;50.51;18-jul-18;18:47:00;50.519;31.9049;4.2222;6.5574;0.362;3.39;0.6585;4.405;NaN;0.23;NaN
18TL18023_226;28;43.4195;-64.75834;441859;24.63;18-jul-18;18:49:00;24.639;31.3269;7.4277;6.9016;1.01361;0.93;0.3685;0.48;NaN;0.17;NaN
18TL18023_226;28;43.41954;-64.75822;441860;4.9;18-jul-18;18:50:00;4.908;31.0017;15.0304;5.9244;0.41026;0.13;0.228;0;NaN;0.01;6.312
18TL18023_237;29;43.37822;-64.60862;441861;77.86;18-jul-18;20:55:00;77.862;32.0233;3.7587;6.4453;0.1992;4.245;0.6975;5.3;32.026;0.2;6.8925
18TL18023_237;29;43.37862;-64.60894;441862;50.79;18-jul-18;20:58:00;50.79;31.8383;4.1837;6.6316;0.35857;3.225;0.617;3.92;NaN;0.215;NaN
18TL18023_237;29;43.37882;-64.60924;441863;24.96;18-jul-18;21:00:00;24.964;30.9939;11.7399;6.5814;0.44157;0.44;0.2595;0;NaN;0;NaN
18TL18023_237;29;43.37897;-64.60961;441864;5.05;18-jul-18;21:01:00;5.05;30.898;14.5693;6.0786;0.35193;0.275;0.23;0.035;NaN;0.045;6.444
18TL18023_239;32;43.19907;-65.02524;441865;165.6;19-jul-18;03:00:00;165.606;33.6812;7.7465;4.6969;0.02863;11.22;0.943;11.435;33.682;0.03;4.978
18TL18023_239;32;43.19891;-65.02504;441866;49.88;19-jul-18;03:04:00;49.882;31.8961;5.6164;6.6859;0.543;1.955;0.524;2.54;NaN;0.21;NaN
18TL18023_239;32;43.19885;-65.02512;441867;25.32;19-jul-18;03:05:00;25.323;31.1767;10.9124;6.7059;0.55507;0.21;0.2805;0.035;NaN;0.025;NaN
18TL18023_239;32;43.19876;-65.02516;441868;4.55;19-jul-18;03:06:00;4.55;30.8934;16.5389;5.5847;0.20584;0.11;0.2145;0;NaN;0;5.9925
18TL18023_244;34;43.23324;-65.28057;441869;130.3;19-jul-18;10:23:00;130.3;33.0457;6.0682;5.3566;0.07304;8.395;0.858;9.35;33.048;0.025;5.727
18TL18023_244;34;43.23328;-65.27926;441870;49.65;19-jul-18;10:26:00;49.653;31.8053;4.1746;6.7948;0.43825;2.615;0.583;3.2;NaN;0.225;NaN
18TL18023_244;34;43.23312;-65.27883;441871;24.89;19-jul-18;10:27:00;24.896;31.3621;12.0305;6.3615;1.11014;0.44;0.2825;0;NaN;0;NaN
18TL18023_244;34;43.23296;-65.27846;441872;4.91;19-jul-18;10:28:00;4.918;31.3518;12.4328;6.3486;0.78433;0.34;0.2685;0;NaN;0.005;NaN
18TL18023_247;35;42.8597;-65.37172;441873;140.41;19-jul-18;13:10:00;140.418;33.4982;7.4447;4.8663;0.03316;10.14;0.9035;10.91;33.497;0.045;5.1565
18TL18023_247;35;42.85894;-65.3711;441874;50.01;19-jul-18;13:14:00;50.012;31.8469;7.8854;6.8443;1.2308;0.76;0.3535;0.24;NaN;0.03;NaN
18TL18023_247;35;42.8583;-65.37074;441875;25.51;19-jul-18;13:17:00;25.513;31.4772;10.7662;6.637;0.905;0.52;0.2715;0;NaN;0.01;NaN
18TL18023_247;35;42.85797;-65.3706;441876;4.13;19-jul-18;13:18:00;4.133;31.1964;13.898;6.0972;0.33787;0.355;0.239;0;NaN;0;6.498
18TL18023_257;36;42.86927;-65.5859;441877;134;19-jul-18;16:28:00;134.006;33.0599;6.3049;5.3569;0.11288;7.235;0.788;8.49;33.063;0.05;5.6575
18TL18023_257;36;42.86958;-65.58711;441878;49.51;19-jul-18;16:32:00;49.517;32.5219;6.6202;5.8888;0.28552;4.74;0.676;6.11;NaN;0.15;NaN
18TL18023_257;36;42.86952;-65.58772;441879;24.65;19-jul-18;16:33:00;24.656;31.9803;9.3155;6.7068;1.72405;0.41;0.3105;0.245;NaN;0.03;NaN
18TL18023_257;36;42.86954;-65.58811;441880;4.64;19-jul-18;16:34:00;4.644;31.3121;14.564;6.0174;0.31208;0.17;0.2365;0;NaN;0;6.4435
18TL18023_261;37;42.61026;-65.32372;441881;95.06;19-jul-18;20:04:00;95.06;32.4727;5.3119;6.0252;0.15272;5.005;0.712;6.505;32.475;0.085;6.417
18TL18023_261;37;42.61042;-65.32349;441882;50.42;19-jul-18;20:06:00;50.429;32.0033;7.0153;6.5486;0.9412;2.34;0.484;2.15;NaN;0.065;NaN
18TL18023_261;37;42.61056;-65.32328;441883;24.52;19-jul-18;20:07:00;24.524;31.2304;13.2834;6.3046;0.3982;0.205;0.251;0;NaN;0;NaN
18TL18023_261;37;42.61068;-65.32306;441884;5.02;19-jul-18;20:09:00;5.028;31.1573;16.1643;5.7249;0.20252;0.255;0.2295;0;NaN;0.005;6.134
18TL18023_264;4;44.02398;-63.19162;441765;168.32;14-jul-18;11:13:00;168.323;35.248;11.4;3.6259;0.00715;13.24;1.093;16.895;35.248;0.06;NaN
18TL18023_264;4;44.0248;-63.19213;441766;49.74;14-jul-18;11:18:00;49.747;32.8239;6.5582;6.4911;1.0136;2.11;0.4665;1.535;NaN;0.16;NaN
18TL18023_264;4;44.02482;-63.19224;441767;24.73;14-jul-18;11:19:00;24.731;31.9223;10.4032;6.5775;0.33787;0.69;0.271;0;NaN;0;NaN
18TL18023_264;4;44.02488;-63.19247;441768;5.15;14-jul-18;11:21:00;5.157;30.9208;14.339;5.8919;0.25896;0.57;0.249;0;NaN;0;NaN
18TL18023_265;38;42.64842;-65.73096;441885;88.46;20-jul-18;00:15:00;88.462;32.5943;6.7815;5.9372;0.2988;4.275;0.642;5.995;32.595;0.145;6.2935
18TL18023_265;38;42.64802;-65.7304;441886;50.2;20-jul-18;00:17:00;50.202;32.464;7.0629;5.9832;0.62747;3.87;0.6155;5.355;NaN;0.16;NaN
18TL18023_265;38;42.64772;-65.73016;441887;25.42;20-jul-18;00:18:00;25.427;31.6387;12.854;6.4289;1.07394;0.315;0.2615;0.025;NaN;0.02;NaN
18TL18023_265;38;42.64747;-65.72988;441888;4.7;20-jul-18;00:19:00;4.703;31.0915;14.9157;5.9435;0.26228;0.28;0.2395;0;NaN;0;6.394
18TL18023_275;39;42.53845;-65.94312;441889;116.07;20-jul-18;02:51:00;116.072;34.087;9.5617;5.0743;0.15604;5.945;0.755;10.29;34.082;0.095;5.4205
18TL18023_275;39;42.5382;-65.94364;441890;51.57;20-jul-18;02:53:00;51.577;32.6214;7.4993;6.0002;0.40837;3.56;0.593;4.985;NaN;0.125;NaN
18TL18023_275;39;42.53794;-65.9441;441891;25.11;20-jul-18;02:55:00;25.111;32.3867;9.8087;6.5034;0.67574;1.31;0.333;0.995;NaN;0.05;NaN
18TL18023_275;39;42.53786;-65.94437;441892;5.11;20-jul-18;02:56:00;5.112;31.8267;14.2675;6.0701;0.3982;0.43;0.2245;0;NaN;0;6.576
18TL18023_276;41;42.63913;-66.06554;441893;71.21;20-jul-18;07:34:00;71.215;32.5794;7.9264;5.9624;0.51887;3.41;0.5775;4.95;32.58;0.165;6.3055
18TL18023_276;41;42.63936;-66.06589;441894;50.32;20-jul-18;07:35:00;50.329;32.5753;7.9241;5.9467;0.5068;3.45;0.583;4.86;NaN;0.145;NaN
18TL18023_276;41;42.63952;-66.0662;441895;25.73;20-jul-18;07:36:00;25.731;32.371;8.8291;6.1884;1.36354;2.135;0.481;3.15;NaN;0.125;NaN
18TL18023_276;41;42.63974;-66.06636;441896;4.87;20-jul-18;07:37:00;4.871;31.9398;11.4636;6.567;1.96688;0.305;0.269;0.095;NaN;0.015;6.955
18TL18023_277;42;42.70968;-66.07196;441897;70.92;20-jul-18;09:37:00;70.921;32.5292;8.7299;6.0204;0.73607;2.765;0.521;3.91;32.542;0.145;6.383
18TL18023_277;42;42.70964;-66.0717;441898;49.89;20-jul-18;09:38:00;49.892;32.5239;8.7268;6.0446;0.85673;2.705;0.5195;3.89;NaN;0.145;NaN
18TL18023_277;42;42.70957;-66.07156;441899;24.95;20-jul-18;09:40:00;24.95;32.4731;8.784;6.12;1.03774;2.65;0.5;3.59;NaN;0.13;NaN
18TL18023_277;42;42.70931;-66.0714;441900;4.89;20-jul-18;09:41:00;4.893;31.9811;11.4483;6.5631;2.35737;0.235;0.261;0.14;NaN;0;7.0315
18TL18023_279;43;42.65274;-66.23987;441901;65.1;20-jul-18;11:24:00;65.105;32.6893;8.0806;5.9114;0.62747;3.46;0.581;5.145;32.699;0.13;6.278
18TL18023_279;43;42.65236;-66.23946;441902;50.17;20-jul-18;11:26:00;50.179;32.6196;8.38;5.9809;0.6516;2.915;0.531;4.31;NaN;0.125;NaN
18TL18023_279;43;42.65199;-66.23883;441903;25.27;20-jul-18;11:27:00;25.274;32.0684;9.8333;6.485;1.93068;1.035;0.37;1.075;NaN;0.05;NaN
18TL18023_279;43;42.65174;-66.23839;441904;4.72;20-jul-18;11:29:00;4.723;31.9413;11.5618;6.4865;1.79794;0.42;0.272;0.25;NaN;0;6.8695
18TL18023_280;44;42.44242;-66.26824;441905;238.03;20-jul-18;14:17:00;238.036;35.1765;9.5434;3.8318;0.02744;10.93;1.191;19.835;35.173;0.02;4.1315
18TL18023_280;44;42.44012;-66.26951;441906;102.89;20-jul-18;14:23:00;102.894;34.6101;10.4332;4.728;0.05129;6.315;0.801;11.985;NaN;0.045;NaN
18TL18023_280;44;42.43923;-66.27028;441907;53.05;20-jul-18;14:26:00;53.052;33.8169;9.4126;5.2561;0.166;5.34;0.675;8.59;NaN;0.065;NaN
18TL18023_280;44;42.43871;-66.27059;441908;24.38;20-jul-18;14:27:00;24.386;33.1176;14.6979;5.9659;0.96534;0.92;0.172;0;NaN;0;NaN
18TL18023_280;44;42.43836;-66.27088;441909;4.65;20-jul-18;14:28:00;4.659;31.7475;15.7688;5.7272;0.24568;1.265;0.193;0;NaN;0;6.134
18TL18023_281;45;42.46714;-66.62657;441910;305.03;20-jul-18;18:51:00;305.031;35.1802;10.0407;3.9441;0.00954;10.855;1.12;18.21;35.18;0.01;4.2625
18TL18023_281;45;42.46788;-66.6281;441911;100.68;20-jul-18;18:57:00;100.683;34.3715;9.7135;4.9832;0.02744;6.595;0.807;11.185;NaN;0;NaN
18TL18023_281;45;42.46796;-66.62866;441912;49.76;20-jul-18;18:59:00;49.762;33.2384;9.1527;5.7084;0.27753;3.39;0.5565;5.145;NaN;0.11;NaN
18TL18023_281;45;42.46806;-66.62894;441913;24.47;20-jul-18;19:00:00;24.473;32.044;14.9581;6.0018;0.49474;0.92;0.223;0;NaN;0;NaN
18TL18023_281;45;42.46824;-66.62908;441914;5.19;20-jul-18;19:01:00;5.19;31.8889;15.8413;5.8215;0.166;0.815;0.2135;0;NaN;0;6.2265
18TL18023_282;46;42.56638;-67.01367;441915;307.78;21-jul-18;00:13:00;307.789;35.225;10.2326;3.9245;0.01073;13.23;1.1425;18.815;35.226;0.01;4.24
18TL18023_282;46;42.56592;-67.01404;441916;100.72;21-jul-18;00:21:00;100.724;34.7555;10.4632;4.565;0.04056;7.19;0.8645;13.605;NaN;0.01;NaN
18TL18023_282;46;42.566;-67.0141;441917;49.86;21-jul-18;00:23:00;49.863;32.6779;9.6737;6.1167;0.7602;2.255;0.4275;3.185;NaN;0.135;NaN
18TL18023_282;46;42.56592;-67.0142;441918;24.78;21-jul-18;00:25:00;24.785;31.8952;13.2306;6.3333;0.55507;0.995;0.239;0.375;NaN;0;6.3765
18TL18023_282;46;42.56567;-67.0142;441919;4.63;21-jul-18;00:26:00;4.638;31.6358;15.5544;5.9701;0.18592;0.775;0.227;0.325;NaN;0;NaN
18TL18023_283;47;42.72912;-67.42714;441920;205.75;21-jul-18;04:54:00;205.752;35.1965;10.3921;4.0739;0.00954;12.705;1.087;17.2;35.198;0.03;4.4025
18TL18023_283;47;42.72942;-67.42679;441921;50.93;21-jul-18;05:00:00;50.931;33.0164;8.8216;5.8114;0.23904;4.16;0.6025;6.1;NaN;0.11;NaN
18TL18023_283;47;42.72945;-67.42658;441922;25.18;21-jul-18;05:01:00;25.182;32.3364;11.838;6.384;1.65368;1.78;0.3375;0.765;NaN;0.05;NaN
18TL18023_283;47;42.72938;-67.4266;441923;5.13;21-jul-18;05:02:00;5.13;32.0566;16.207;5.8613;0.26228;1.08;0.2185;0;NaN;0.01;6.272
18TL18023_284;5;43.8769;-63.35666;441769;138.92;14-jul-18;14:03:00;138.925;34.8682;10.6932;3.8989;0.00477;10.905;0.9765;14.61;34.87;0.035;4.31867
18TL18023_284;5;43.87754;-63.35814;441770;50.78;14-jul-18;14:07:00;50.789;32.6575;4.459;6.1644;0.29548;4.54;0.726;6.12;NaN;0.03;NaN
18TL18023_284;5;43.87776;-63.3586;441771;26.09;14-jul-18;14:08:00;26.091;31.6661;9.2907;6.8061;0.52789;0.63;0.2765;0;NaN;0;NaN
18TL18023_284;5;43.87792;-63.35896;441772;4.84;14-jul-18;14:10:00;4.844;30.7876;15.1082;5.7638;0.17596;0.54;0.2655;0;NaN;0.005;6.12499
18TL18023_285;48;42.89332;-67.4287;441924;260.24;21-jul-18;08:43:00;260.244;34.8911;10.1235;4.4665;0.01192;10.42;0.9765;14.975;34.891;0.025;4.767
18TL18023_285;48;42.89408;-67.42932;441925;100.76;21-jul-18;08:50:00;100.762;33.6699;7.3317;5.2893;0.02386;12.055;1.017;13.15;NaN;0.015;NaN
18TL18023_285;48;42.89448;-67.4295;441926;49.92;21-jul-18;08:53:00;49.924;32.8063;7.6661;5.8877;0.24236;5.25;0.6655;6.87;NaN;0.075;NaN
18TL18023_285;48;42.89455;-67.42966;441927;24.26;21-jul-18;08:54:00;24.26;32.4916;9.502;6.2132;1.30321;3.47;0.4735;2.82;NaN;0.115;NaN
18TL18023_285;48;42.8946;-67.42982;441928;4.68;21-jul-18;08:56:00;4.686;32.1576;14.9399;6.0571;0.82054;1.69;0.217;0;NaN;0;6.4955
18TL18023_296;49;42.86572;-67.60204;441929;229.6;21-jul-18;11:02:00;229.604;34.911;10.0551;4.3899;0.02386;11.585;1.027;15.645;34.915;0.03;4.6875
18TL18023_296;49;42.86594;-67.60304;441930;100.37;21-jul-18;11:06:00;100.371;33.5932;7.4128;5.3443;0.03698;10.29;0.938;12.31;NaN;0.015;NaN
18TL18023_296;49;42.8661;-67.60359;441931;50.19;21-jul-18;11:09:00;50.195;32.9528;7.655;5.7573;0.20916;6.605;0.752;8.56;NaN;0.06;NaN
18TL18023_296;49;42.86632;-67.60412;441932;25.59;21-jul-18;11:10:00;25.595;32.4669;9.8188;6.1883;1.06187;3.59;0.895;2.945;NaN;0.13;NaN
18TL18023_296;49;42.86626;-67.60434;441933;4.86;21-jul-18;11:11:00;4.869;32.1498;15.6152;5.8796;0.77227;1.735;0.2275;0.11;NaN;0.02;6.4005
18TL18023_297;50;43.11878;-67.34812;441934;155.7;21-jul-18;15:10:00;155.704;34.3362;8.7523;4.7768;0.02266;12.6;1.0295;14.715;34.341;0.045;5.0725
18TL18023_297;50;43.11856;-67.34811;441935;100.28;21-jul-18;15:12:00;100.287;33.8657;7.5917;5.0702;0.02744;13.985;1.0705;14.23;NaN;0.02;NaN
18TL18023_297;50;43.11828;-67.34816;441936;50.8;21-jul-18;15:15:00;50.802;32.93;7.3009;5.7953;0.20584;4.295;0.69;7.31;NaN;0.07;NaN
18TL18023_297;50;43.11817;-67.34816;441937;25.11;21-jul-18;15:16:00;25.113;32.2159;13.1975;6.4822;1.15841;0.64;0.2545;0.265;NaN;0.01;NaN
18TL18023_297;50;43.11808;-67.34816;441938;4.7;21-jul-18;15:16:00;4.705;32.0845;17.1995;5.6829;0.22908;0.605;0.188;0;NaN;0;6.0895
18TL18023_298;51;43.2699;-67.48022;441939;199.39;21-jul-18;17:54:00;199.391;34.6064;9.4794;4.6251;0.02386;12.04;1.025;14.85;34.611;0.06;4.9105
18TL18023_298;51;43.26998;-67.48001;441940;100.81;21-jul-18;17:58:00;100.81;34.2444;9.1014;4.9137;0.03459;9.17;0.912;12.78;NaN;0.03;NaN
18TL18023_298;51;43.26996;-67.47976;441941;49.95;21-jul-18;18:00:00;49.953;33.1696;9.2984;5.6417;0.31373;3.815;0.589;6.22;NaN;0.125;NaN
18TL18023_298;51;43.26994;-67.47966;441942;24.58;21-jul-18;18:01:00;24.588;32.29;12.3106;6.4863;1.74967;1.13;0.299;0.4;NaN;0.02;NaN
18TL18023_298;51;43.26998;-67.47977;441943;4.4;21-jul-18;18:02:00;4.407;32.0956;17.0931;5.774;0.27224;0.885;0.1865;0;NaN;0;6.2315
18TL18023_299;52;43.40844;-67.4172;441944;191.41;21-jul-18;21:56:00;191.412;34.6474;9.824;4.637;0.02505;9.575;0.9605;13.15;34.65;0.04;4.9525
18TL18023_299;52;43.40942;-67.41762;441945;101.55;21-jul-18;21:59:00;101.558;34.3322;9.5426;4.8622;0.04414;7.69;0.8725;11.425;NaN;0.04;NaN
18TL18023_299;52;43.40984;-67.41798;441946;50.45;21-jul-18;22:01:00;50.451;32.5819;10.0597;6.1706;1.14634;2.24;0.4275;1.815;NaN;0.13;NaN
18TL18023_299;52;43.41016;-67.41831;441947;25.47;21-jul-18;22:03:00;25.47;32.1948;12.826;6.5332;1.39974;0.92;0.259;0.505;NaN;0.035;6.908
18TL18023_299;52;43.41044;-67.41847;441948;4.96;21-jul-18;22:04:00;4.964;32.0849;17.7296;5.8347;0.30876;0.84;0.1925;0.465;NaN;0;NaN
18TL18023_301;53;43.55373;-67.47628;441949;222.01;22-jul-18;00:25:00;222.015;34.5454;9.5621;4.6799;0.03817;10.415;0.9855;13.205;34.549;0.055;5.002
18TL18023_301;53;43.55336;-67.4761;441950;50.61;22-jul-18;00:32:00;50.613;33.0143;8.7705;5.7514;0.42233;3.575;0.618;5.93;NaN;0.175;NaN
18TL18023_301;53;43.55336;-67.47608;441951;25.4;22-jul-18;00:33:00;25.404;32.4798;10.4639;6.4314;2.81476;1.175;0.36;1.075;NaN;0.08;NaN
18TL18023_301;53;43.55332;-67.47608;441952;5.07;22-jul-18;00:35:00;5.076;32.2053;15.7116;6.1841;0.4344;0.545;0.198;0.485;NaN;0.02;6.5725
18TL18023_302;54;43.72428;-67.3814;441953;199.45;22-jul-18;03:52:00;199.453;34.1602;8.4115;4.8708;0.01789;12.42;1.063;13.675;34.164;0.05;5.1715
18TL18023_302;54;43.72306;-67.38145;441954;50.32;22-jul-18;03:57:00;50.329;33.0676;8.5417;5.789;0.1992;3.85;0.6255;6.195;NaN;0.12;NaN
18TL18023_302;54;43.72286;-67.38134;441955;25.38;22-jul-18;03:58:00;25.38;32.3626;10.2668;6.6573;1.72405;1.36;0.345;0.59;NaN;0.04;NaN
18TL18023_302;54;43.72267;-67.38122;441956;5.22;22-jul-18;03:59:00;5.223;32.1178;18.6898;5.541;0.30212;1.025;0.145;0.475;NaN;0.01;5.96
18TL18023_303;55;43.85207;-67.13376;441957;154.5;22-jul-18;07:14:00;154.504;34.0564;8.1294;4.9528;0.01909;12.195;1.0475;13.435;34.06;0.04;5.257
18TL18023_303;55;43.85278;-67.13354;441958;49.99;22-jul-18;07:18:00;49.998;32.9139;8.8267;5.8232;0.59127;3.475;0.58;5.515;NaN;0.165;NaN
18TL18023_303;55;43.85294;-67.13348;441959;24.89;22-jul-18;07:19:00;24.898;32.4478;11.0824;6.548;1.89996;0.565;0.2905;0.66;NaN;0.03;NaN
18TL18023_303;55;43.85314;-67.13338;441960;4.97;22-jul-18;07:20:00;4.975;32.2542;15.1408;6.2328;0.59127;0.455;0.2035;0.475;NaN;0.02;6.656
18TL18023_304;6;43.94152;-63.46482;441773;206.44;14-jul-18;16:57:00;206.442;35.1112;10.8978;2.9093;0.00358;18.035;1.279;18.285;35.114;0.035;3.138
18TL18023_304;6;43.94162;-63.4658;441774;49.75;14-jul-18;17:01:00;49.758;32.5103;4.0794;6.26;0.34993;5.49;0.7465;6.1;NaN;0.03;NaN
18TL18023_304;6;43.94178;-63.46613;441775;24.32;14-jul-18;17:02:00;24.329;31.9164;10.448;6.6322;0.55507;0.765;0.256;0;NaN;0;NaN
18TL18023_304;6;43.94186;-63.46646;441776;4.22;14-jul-18;17:03:00;4.222;30.5513;13.5589;6.0142;0.23904;0.69;0.25;0;NaN;0;6.396
18TL18023_305;56;43.94586;-67.12178;441961;147.43;22-jul-18;09:01:00;147.435;33.8812;8.1627;4.9827;0.0664;12.19;1.1415;12.82;33.89;0.135;5.3985
18TL18023_305;56;43.94582;-67.12194;441962;48.36;22-jul-18;09:06:00;48.369;32.6591;9.3329;6.0559;0.88087;2.045;0.476;3.26;NaN;0.2;NaN
18TL18023_305;56;43.94614;-67.12192;441963;25.16;22-jul-18;09:07:00;25.164;32.3734;11.4171;6.5224;1.77381;0.525;0.2975;0.48;NaN;0.01;NaN
18TL18023_305;56;43.94628;-67.12194;441964;4.56;22-jul-18;09:08:00;4.564;32.2799;12.9767;6.4077;1.00154;0.59;0.2555;0.47;NaN;0.015;6.9745
18TL18023_306;57;44.14144;-66.93356;441965;168.8;22-jul-18;10:57:00;168.807;33.9191;7.9857;5.0509;0.04533;11.535;1.027;13.04;33.923;0.04;5.3525
18TL18023_306;57;44.14236;-66.93248;441966;50.49;22-jul-18;11:01:00;50.495;32.6019;9.3983;5.9986;0.45853;2.675;0.499;3.405;NaN;0.185;NaN
18TL18023_306;57;44.14276;-66.93228;441967;25.14;22-jul-18;11:03:00;25.142;32.5045;11.3134;6.1127;1.93068;1.745;0.3695;1.29;NaN;0.105;NaN
18TL18023_306;57;44.14311;-66.93226;441968;5.17;22-jul-18;11:04:00;5.17;32.3938;14.0187;6.2469;1.1584;0.865;0.234;0.45;NaN;0;6.7075
18TL18023_308;58;44.42618;-66.84059;441969;107.8;22-jul-18;14:58:00;107.809;33.1017;8.8016;5.5485;0.2534;6.725;0.7535;7.965;33.106;0.16;5.868
18TL18023_308;58;44.42582;-66.84342;441970;51.75;22-jul-18;15:01:00;51.752;32.6373;9.6181;5.7777;0.5068;5.125;0.6215;5.835;NaN;0.165;NaN
18TL18023_308;58;44.42563;-66.84462;441971;24.96;22-jul-18;15:02:00;24.961;32.3925;10.1319;5.9075;0.85673;4.49;0.572;4.83;NaN;0.175;NaN
18TL18023_308;58;44.42546;-66.84552;441972;4.98;22-jul-18;15:03:00;4.989;32.2187;10.5827;5.9491;0.98947;4.51;0.5755;4.81;NaN;0.18;6.32
18TL18023_309;59;44.69706;-66.38088;441973;156.69;22-jul-18;19:47:00;156.694;33.134;8.512;5.4371;0.15961;7.86;0.831;9.14;33.137;0.115;5.7725
18TL18023_309;59;44.69804;-66.37996;441974;50.21;22-jul-18;19:51:00;50.21;32.7716;9.2446;5.6804;0.22244;5.84;0.685;6.715;NaN;0.195;NaN
18TL18023_309;59;44.6983;-66.37957;441975;24.51;22-jul-18;19:52:00;24.511;32.2746;10.4619;6.1702;1.3722;3.18;0.4715;3.335;NaN;0.17;NaN
18TL18023_309;59;44.69859;-66.37934;441976;4.51;22-jul-18;19:53:00;4.513;31.9402;13.3962;6.541;1.51294;0.715;0.253;0.49;NaN;0.02;6.9585
18TL18023_311;60;44.9161;-66.6764;441977;105.03;23-jul-18;01:22:00;105.031;32.5241;8.8289;5.6608;0.38613;6.16;0.7435;6.88;32.528;0.155;6.0125
18TL18023_311;60;44.91598;-66.67676;441978;50.43;23-jul-18;01:25:00;50.434;32.0874;10.0627;5.8842;0.4344;4.71;0.6045;4.535;NaN;0.25;NaN
18TL18023_311;60;44.91586;-66.67694;441979;25.36;23-jul-18;01:26:00;25.364;31.9143;11.182;6.1438;1.13427;2.96;0.4515;2.835;NaN;0.235;NaN
18TL18023_311;60;44.91578;-66.67714;441980;4.99;23-jul-18;01:27:00;4.99;31.797;13.2719;6.394;2.39255;2.675;0.3765;0.54;NaN;0.08;6.8895
18TL18023_312;62;45.02114;-66.56228;441981;42.53;23-jul-18;05:19:00;42.537;32.0888;10.0838;5.8842;0.59127;4.66;0.7125;4.46;32.062;0.375;6.277
18TL18023_312;62;45.02122;-66.56238;441982;24.66;23-jul-18;05:20:00;24.667;31.7247;11.2164;6.0229;0.724;3.695;0.562;3.4;NaN;0.33;NaN
18TL18023_312;62;45.02132;-66.56256;441983;4.88;23-jul-18;05:21:00;4.884;31.2107;12.7369;6.186;1.46007;3.08;0.4365;2.5;NaN;0.29;6.5505
18TL18023_313;63;45.13846;-66.01394;441984;66.23;23-jul-18;09:11:00;66.236;31.7911;11.034;5.9427;0.4706;3.385;0.5485;3.35;31.8;0.275;6.332
18TL18023_313;63;45.13856;-66.01337;441985;49.63;23-jul-18;09:13:00;49.638;31.6814;11.3426;5.9564;0.3982;3.19;0.504;3.24;NaN;0.26;NaN
18TL18023_313;63;45.1387;-66.01265;441986;24.78;23-jul-18;09:14:00;24.782;31.3871;12.3072;5.986;0.48267;NaN;NaN;NaN;NaN;NaN;NaN
18TL18023_313;63;45.13872;-66.01193;441987;5.05;23-jul-18;09:15:00;5.052;31.2608;12.6533;6.0492;0.73607;2.44;0.472;2.945;NaN;0.25;6.405
18TL18023_314;65;45.10238;-65.81048;441988;78.72;23-jul-18;11:49:00;78.728;32.2086;10.1338;5.9192;0.362;4.07;0.5355;4.155;32.219;0.25;6.2445
18TL18023_314;65;45.10258;-65.81014;441989;49.87;23-jul-18;11:51:00;49.876;32.2034;10.1376;5.9291;0.33787;4.36;0.541;4.235;NaN;0.265;NaN
18TL18023_314;65;45.10282;-65.80984;441990;24.6;23-jul-18;11:52:00;24.609;32.16;10.2697;5.9309;0.38613;3.88;0.533;3.94;NaN;0.235;NaN
18TL18023_314;65;45.10304;-65.80946;441991;4.98;23-jul-18;11:54:00;4.989;31.7922;11.5367;6.0763;0.71193;2.82;0.453;2.87;NaN;0.235;6.389
18TL18023_315;7;44.17004;-63.76905;441777;139.12;14-jul-18;20:24:00;139.125;33.8648;7.7011;4.2403;0.01312;14.86;1.186;13.085;33.841;0.045;4.596
18TL18023_315;7;44.17013;-63.77072;441778;49.58;14-jul-18;20:28:00;49.58;31.4281;3.42;7.0342;0.1494;2.54;0.56;2.02;NaN;0.165;NaN
18TL18023_315;7;44.17024;-63.77132;441779;25.61;14-jul-18;20:30:00;25.618;31.0631;7.19;7.0454;0.39177;0.76;0.3125;0;NaN;0.01;NaN
18TL18023_315;7;44.17032;-63.77185;441780;5.69;14-jul-18;20:31:00;5.699;30.6657;13.7779;6.0175;0.32204;0.595;0.2425;0;NaN;0.01;6.2985
18TL18023_316;66;45.3441;-65.37752;441992;48.82;23-jul-18;15:49:00;48.823;31.0997;12.8127;5.9586;0.56714;2.38;0.511;2.88;31.106;0.235;6.3275
18TL18023_316;66;45.34381;-65.37823;441993;24.89;23-jul-18;15:50:00;24.895;30.9616;13.0719;5.9618;0.48267;2.485;0.5115;2.965;NaN;0.24;NaN
18TL18023_316;66;45.34359;-65.37886;441994;4.93;23-jul-18;15:51:00;4.932;30.7086;14.1491;5.9845;0.97741;2.83;0.5215;2.925;NaN;0.22;6.341
18TL18023_317;67;45.22373;-65.26534;441995;51.69;23-jul-18;18:36:00;51.698;31.3799;12.7472;5.96;0.5068;2.38;0.4665;2.595;31.388;0.22;6.332
18TL18023_317;67;45.22354;-65.26572;441996;25.06;23-jul-18;18:38:00;25.068;31.2516;12.7789;5.9866;0.55507;2.265;0.45;2.68;NaN;0.22;NaN
18TL18023_317;67;45.22337;-65.2661;441997;4.4;23-jul-18;18:39:00;4.407;31.1611;13.3935;6.0305;0.5068;2.135;0.451;2.86;NaN;0.23;6.395
18TL18023_319;68;45.10984;-65.45098;441998;83.66;24-jul-18;00:08:00;83.66;32.1538;10.716;5.9554;0.7602;3.59;0.482;3.2;32.16;0.21;6.0865
18TL18023_319;68;45.10972;-65.45023;441999;50.34;24-jul-18;00:10:00;50.346;32.1523;10.705;5.9651;0.59127;3.59;0.479;3.22;NaN;0.22;NaN
18TL18023_319;68;45.10968;-65.4496;442000;24.8;24-jul-18;00:11:00;24.806;32.1494;10.7122;5.9721;0.56714;3.845;0.477;3.285;NaN;0.225;NaN
18TL18023_319;68;45.1097;-65.449;442001;4.91;24-jul-18;00:12:00;4.913;32.1494;11.2623;5.9645;0.62747;3.59;0.525;3.215;NaN;0.22;6.3555
18TL18023_320;69;45.03217;-65.63434;422002;86.32;24-jul-18;02:59:00;86.329;32.247;10.4882;5.8967;NaN;NaN;NaN;NaN;NaN;NaN;NaN
18TL18023_320;69;45.03197;-65.6351;422003;50.37;24-jul-18;03:01:00;50.372;32.2481;10.5252;5.9015;NaN;NaN;NaN;NaN;NaN;NaN;NaN
18TL18023_320;69;45.03178;-65.63544;422004;24.23;24-jul-18;03:02:00;24.234;32.2436;10.5371;5.9235;NaN;NaN;NaN;NaN;NaN;NaN;NaN
18TL18023_320;69;45.03163;-65.63577;422005;4.87;24-jul-18;03:02:00;4.871;32.1914;11.1295;6.0299;NaN;NaN;NaN;NaN;NaN;NaN;NaN
18TL18023_320;69;45.03217;-65.63434;442002;86.32;24-jul-18;02:59:00;86.329;32.247;10.4882;5.8967;0.44647;4.24;0.522;3.875;32.251;0.255;6.2345
18TL18023_320;69;45.03197;-65.6351;442003;50.37;24-jul-18;03:01:00;50.372;32.2481;10.5252;5.9015;0.4706;NaN;NaN;NaN;NaN;NaN;NaN
18TL18023_320;69;45.03178;-65.63544;442004;24.23;24-jul-18;03:02:00;24.234;32.2436;10.5371;5.9235;0.5068;NaN;NaN;NaN;NaN;NaN;NaN
18TL18023_320;69;45.03163;-65.63577;442005;4.87;24-jul-18;03:02:00;4.871;32.1914;11.1295;6.0299;1.04981;NaN;NaN;NaN;NaN;NaN;6.385
18TL18023_321;70;44.94736;-65.75642;442006;77.03;24-jul-18;06:18:00;77.039;32.3371;10.3638;5.931;0.724;4.24;0.53;3.985;32.343;0.23;6.271
18TL18023_321;70;44.9474;-65.75706;442007;50.49;24-jul-18;06:20:00;50.499;32.3346;10.4426;5.9399;0.69987;4.295;0.5265;3.915;NaN;0.225;NaN
18TL18023_321;70;44.94734;-65.75768;442008;25.03;24-jul-18;06:21:00;25.038;32.2971;10.6097;5.9244;0.60333;4.32;0.5335;3.77;NaN;0.21;NaN
18TL18023_321;70;44.9473;-65.75825;442009;4.92;24-jul-18;06:22:00;4.92;32.2277;11.7779;5.9668;1.06187;4.25;0.5095;3.105;NaN;0.205;6.4205
18TL18023_322;71;44.75788;-65.93822;442010;80.97;24-jul-18;11:01:00;80.974;32.5084;9.77;5.7606;0.34993;5.135;0.632;5.51;32.516;0.245;6.1215
18TL18023_322;71;44.75895;-65.93684;442011;50.5;24-jul-18;11:03:00;50.5;32.4923;9.9169;5.7984;0.362;4.965;0.6095;5.18;NaN;0.215;NaN
18TL18023_322;71;44.75954;-65.93579;442012;25.26;24-jul-18;11:05:00;25.26;32.4639;10.379;5.9129;0.66367;4.865;0.565;4.345;NaN;0.21;NaN
18TL18023_322;71;44.7602;-65.93479;442013;4.72;24-jul-18;11:06:00;4.724;32.2789;12.3719;6.5446;3.51846;2.09;0.3255;0.45;NaN;0.04;6.9195
18TL18023_323;72;44.71114;-66.00744;442014;99.65;24-jul-18;13:11:00;99.654;32.5525;9.9329;5.7653;0.33787;5.635;0.6175;5.25;32.562;0.215;6.1015
18TL18023_323;72;44.71154;-66.00718;442015;50.64;24-jul-18;13:13:00;50.646;32.5142;10.491;5.861;0.5792;4.455;0.555;4.21;NaN;0.225;NaN
18TL18023_323;72;44.7117;-66.00722;442016;25.09;24-jul-18;13:15:00;25.096;32.4807;10.8481;5.989;0.96534;4.125;0.5005;3.35;NaN;0.16;NaN
18TL18023_323;72;44.71182;-66.0072;442017;4.75;24-jul-18;13:16:00;4.752;32.388;11.8136;6.2728;2.39255;3.065;0.395;1.38;NaN;0.085;6.732
18TL18023_324;73;44.48748;-66.27364;442018;138.78;24-jul-18;17:29:00;138.787;33.0104;8.9761;5.5146;0.33786;7;0.803;7.895;33.022;0.205;5.849
18TL18023_324;73;44.4869;-66.27442;442019;50.04;24-jul-18;17:32:00;50.047;32.5364;9.7721;5.8477;0.37406;4.495;0.5775;5.16;NaN;0.215;NaN
18TL18023_324;73;44.48664;-66.27477;442020;25.13;24-jul-18;17:33:00;25.136;32.4698;10.851;6.198;1.39974;2.13;0.352;1.725;NaN;0.145;NaN
18TL18023_324;73;44.4866;-66.27502;442021;4.71;24-jul-18;17:34:00;4.711;32.132;12.7129;6.5888;2.84995;2.32;0.35;0.29;NaN;0.03;7.092
18TL18023_325;74;44.48152;-66.16463;442022;83.39;24-jul-18;21:49:00;83.398;32.7479;9.8017;5.7578;0.53094;5.47;0.664;5.525;32.754;0.195;6.096
18TL18023_325;74;44.48255;-66.16382;442023;50.36;24-jul-18;21:50:00;50.367;32.6416;10.1645;5.8623;0.51887;4.81;0.6055;4.78;NaN;0.215;NaN
18TL18023_325;74;44.48341;-66.16345;442024;25.41;24-jul-18;21:52:00;25.418;32.4175;11.2525;6.0633;1.15841;3.755;0.4705;2.685;NaN;0.125;NaN
18TL18023_325;74;44.48409;-66.16306;442025;4.69;24-jul-18;21:53:00;4.691;32.3517;12.2906;6.228;2.77958;3.62;0.4585;1.965;NaN;0.11;6.659
18TL18023_326;8;44.05366;-64.01418;441781;136.95;14-jul-18;23:29:00;136.953;33.5568;6.793;4.7039;0.02386;12.195;1.031;11.845;33.566;0.06;4.9875
18TL18023_326;8;44.0541;-64.0145;441782;49.95;14-jul-18;23:32:00;49.952;31.4572;3.9943;7.0659;0.41027;1.375;0.506;1.145;NaN;0.085;NaN
18TL18023_326;8;44.05422;-64.0146;441783;25.21;14-jul-18;23:34:00;25.219;31.0156;5.6392;7.2486;0.543;0.52;0.338;0;NaN;0;NaN
18TL18023_326;8;44.05429;-64.01479;441784;4.9;14-jul-18;23:35:00;4.905;30.652;14.1381;5.9372;0.28552;0.555;0.248;0;NaN;0.005;6.35
18TL18023_327;75;43.99787;-66.40884;422026;71.38;25-jul-18;05:33:00;71.386;32.3064;10.2236;6.1186;NaN;NaN;NaN;NaN;NaN;NaN;NaN
18TL18023_327;75;43.9978;-66.40864;422027;49.89;25-jul-18;05:34:00;49.893;32.2776;10.2621;6.1339;NaN;NaN;NaN;NaN;NaN;NaN;NaN
18TL18023_327;75;43.99766;-66.40874;422028;25.2;25-jul-18;05:35:00;25.206;31.9943;10.7233;6.4062;NaN;NaN;NaN;NaN;NaN;NaN;NaN
18TL18023_327;75;43.9975;-66.40866;422029;4.61;25-jul-18;05:36:00;4.613;31.8841;11.2161;6.5628;NaN;NaN;NaN;NaN;NaN;NaN;NaN
18TL18023_327;75;43.99787;-66.40884;442026;71.38;25-jul-18;05:33:00;71.386;32.3064;10.2236;6.1186;0.51887;2.93;0.479;2.31;32.31;0.14;6.471
18TL18023_327;75;43.9978;-66.40864;442027;49.89;25-jul-18;05:34:00;49.893;32.2776;10.2621;6.1339;0.56714;2.855;0.476;2.305;NaN;0.14;NaN
18TL18023_327;75;43.99766;-66.40874;442028;25.2;25-jul-18;05:35:00;25.206;31.9943;10.7233;6.4062;1.52041;1.655;0.381;0.915;NaN;0.085;NaN
18TL18023_327;75;43.9975;-66.40866;442029;4.61;25-jul-18;05:36:00;4.613;31.8841;11.2161;6.5628;1.79794;1.345;0.342;0.235;NaN;0.045;6.965
18TL18023_328;76;43.20061;-66.91941;442030;173.27;25-jul-18;12:07:00;173.274;34.3704;9.6331;4.838;0.05726;7.905;0.855;11.815;34.37;0.055;5.213
18TL18023_328;76;43.20274;-66.91958;442031;50.43;25-jul-18;12:12:00;50.435;32.7212;9.0996;5.9622;0.84467;3.06;0.5465;4.485;NaN;0.135;NaN
18TL18023_328;76;43.20332;-66.91969;442032;25.26;25-jul-18;12:13:00;25.267;32.2059;10.9091;6.3548;1.94274;1.25;0.354;1;NaN;0.05;NaN
18TL18023_328;76;43.20376;-66.9197;442033;4.59;25-jul-18;12:14:00;4.599;31.928;12.9527;6.3775;1.14634;0.595;0.252;0;NaN;0;6.744
18TL18023_329;77;42.94653;-66.75457;442034;200.22;25-jul-18;15:00:00;200.223;34.6968;10.1028;4.6575;0.03102;8.375;0.906;13.365;34.697;0.03;4.9525
18TL18023_329;77;42.9469;-66.7539;442035;99.81;25-jul-18;15:03:00;99.815;33.9208;9.1852;5.1639;0.10736;5.545;0.7535;9.405;NaN;0.04;NaN
18TL18023_329;77;42.94723;-66.75374;442036;50.54;25-jul-18;15:05:00;50.54;32.9704;8.3823;5.7483;0.42233;3.765;0.621;5.725;NaN;0.145;NaN
18TL18023_329;77;42.9474;-66.75366;442037;24.96;25-jul-18;15:07:00;24.964;32.3877;8.1994;6.1951;0.8688;2.865;0.523;3.43;NaN;0.15;NaN
18TL18023_329;77;42.94756;-66.75358;442038;4.94;25-jul-18;15:08:00;4.941;32.129;15.1126;5.9852;0.49474;0.95;0.218;0.025;NaN;0;6.384
18TL18023_330;78;42.77408;-66.98332;442039;160.07;25-jul-18;20:11:00;160.074;34.8659;10.4649;4.4623;0.02624;8.465;0.9385;14.105;34.867;0.03;4.808
18TL18023_330;78;42.77398;-66.98338;442040;51.68;25-jul-18;20:14:00;51.688;33.5305;8.3624;5.5018;0.10617;5.04;0.733;8.465;NaN;0.025;NaN
18TL18023_330;78;42.77396;-66.98342;442041;26.54;25-jul-18;20:16:00;26.547;32.6932;9.9318;6.0102;0.6154;2.715;0.488;3.505;NaN;0.13;NaN
18TL18023_330;78;42.77402;-66.98314;442042;5.74;25-jul-18;20:17:00;5.746;31.8418;17.4205;5.7582;0.16268;0.75;0.2145;0;NaN;0;6.145
18TL18023_333;79;42.28158;-66.9795;442043;156.89;26-jul-18;01:11:00;156.893;34.6149;10.1086;4.6954;0.02624;7.37;0.858;12.64;34.585;0;5.057
18TL18023_333;79;42.28284;-66.97937;442044;50.26;26-jul-18;01:16:00;50.267;32.6764;9.3192;6.0267;0.74813;2.455;0.465;3.12;NaN;0.16;NaN
18TL18023_333;79;42.28314;-66.97942;442045;25.01;26-jul-18;01:17:00;25.017;32.1002;13.4325;6.4001;0.60334;0.98;0.217;0;NaN;0;NaN
18TL18023_333;79;42.28334;-66.9797;442046;5.51;26-jul-18;01:18:00;5.51;32.0254;19.214;5.4486;0.23904;0.825;0.135;0;NaN;0;5.8285
18TL18023_335;80;42.22592;-66.39042;442047;218.75;26-jul-18;07:44:00;218.754;35.1499;10.1611;4.0546;0.00954;10.155;1.0955;17.55;35.147;0.025;4.3265
18TL18023_335;80;42.22592;-66.39006;442048;101.13;26-jul-18;07:48:00;101.135;34.0291;9.1974;5.2147;0.05487;5.66;0.7525;9.87;NaN;0.02;NaN
18TL18023_335;80;42.22588;-66.39002;442049;49.92;26-jul-18;07:50:00;49.926;32.6074;9.0473;6.0892;0.67574;2.43;0.478;2.865;NaN;0.16;NaN
18TL18023_335;80;42.22586;-66.38996;442050;24.81;26-jul-18;07:51:00;24.811;32.2758;13.7844;6.357;1.90654;1.045;0.208;0;NaN;0;6.7765
18TL18023_335;80;42.22586;-66.38986;442051;5.1;26-jul-18;07:51:00;5.108;31.9968;19.5538;5.3297;0.28552;1.29;0.1125;0;NaN;0;NaN
18TL18023_336;81;42.29032;-65.8823;442052;226.41;26-jul-18;10:39:00;226.416;35.0037;7.76;4.435;0.01551;8.93;1.005;15.18;35.005;0.05;4.7055
18TL18023_336;81;42.29074;-65.88228;442053;101.83;26-jul-18;10:43:00;101.839;33.802;9.2238;5.3055;0.08947;5.09;0.7025;8.88;NaN;0.03;NaN
18TL18023_336;81;42.29067;-65.88226;442054;52.54;26-jul-18;10:45:00;52.542;32.9797;9.5595;5.9408;0.55507;2.545;0.447;3.505;NaN;0.095;NaN
18TL18023_336;81;42.2909;-65.88252;442055;24.5;26-jul-18;10:47:00;24.507;32.468;13.741;6.2155;0.84467;0.97;0.202;0;NaN;0.025;NaN
18TL18023_336;81;42.2912;-65.88283;442056;5.43;26-jul-18;10:48:00;5.431;31.8001;17.6052;5.7161;0.25896;0.54;0.1795;0;NaN;0;6.175
18TL18023_337;82;42.43692;-65.80316;442057;108.54;26-jul-18;13:02:00;108.547;34.4041;9.9778;4.897;0.09296;6.145;0.785;11.175;34.404;0.055;5.1955
18TL18023_337;82;42.43816;-65.80318;442058;51.23;26-jul-18;13:06:00;51.233;31.6487;6.269;7.0999;1.44801;1.12;0.4035;0.35;NaN;0.05;NaN
18TL18023_337;82;42.43882;-65.80304;442059;25.27;26-jul-18;13:07:00;25.271;31.1539;13.7545;6.2142;0.26892;0.76;0.234;0;NaN;0;NaN
18TL18023_337;82;42.43934;-65.80294;442060;5.31;26-jul-18;13:08:00;5.315;31.0955;15.2587;6.018;0.19256;0.38;0.218;0;NaN;0;6.48
18TL18023_338;83;42.39618;-65.21316;442061;110.69;26-jul-18;17:18:00;110.698;34.2474;9.613;4.9889;0.07277;5.685;0.761;10.225;34.253;0.065;5.305
18TL18023_338;83;42.39552;-65.21254;442062;49.59;26-jul-18;17:21:00;49.598;32.1091;4.1391;6.5469;0.4706;3.16;0.648;4.39;NaN;0.18;NaN
18TL18023_338;83;42.39522;-65.21224;442063;24.72;26-jul-18;17:22:00;24.723;31.3394;8.0189;7.1557;0.44647;0.495;0.311;0;NaN;0;NaN
18TL18023_338;83;42.39508;-65.21195;442064;4.63;26-jul-18;17:23:00;4.632;31.157;17.2913;5.6958;0.17264;0.37;0.183;0;NaN;0;6.0935
18TL18023_339;9;43.70176;-63.93234;441785;237.9;15-jul-18;02:39:00;237.905;35.1285;10.8661;2.781;0.00715;16.465;1.1745;16.375;35.13;0.04;NaN
18TL18023_339;9;43.70106;-63.93284;441786;50.44;15-jul-18;02:44:00;50.445;32.5249;4.9721;6.5728;0.80847;2.445;0.5475;2.015;NaN;0.21;NaN
18TL18023_339;9;43.701;-63.93296;441787;25.92;15-jul-18;02:45:00;25.925;31.7063;9.0609;6.6601;0.63953;0.715;0.2835;0;NaN;0;NaN
18TL18023_339;9;43.70102;-63.93292;441788;5.35;15-jul-18;02:46:00;5.355;30.7234;14.5283;5.8396;0.19588;0.595;0.2565;0;NaN;0.015;NaN
18TL18023_353;84;42.6662;-64.89494;442065;112.7;26-jul-18;23:45:00;112.708;32.8509;5.8303;5.651;0.08947;6.345;0.785;7.93;32.857;0.06;5.9545
18TL18023_353;84;42.66635;-64.89522;442066;49.67;26-jul-18;23:48:00;49.678;32.3367;6.581;6.145;0.42233;3.25;0.599;4.66;NaN;0.17;NaN
18TL18023_353;84;42.6665;-64.89548;442067;25.47;26-jul-18;23:50:00;25.473;31.366;11.1683;6.6745;0.4706;0.255;0.324;0;NaN;0.01;NaN
18TL18023_353;84;42.66669;-64.89548;442068;4.35;26-jul-18;23:51:00;4.356;31.1453;17.0532;5.7207;0.1826;0.475;0.2005;0;NaN;0;6.2215
18TL18023_354;85;42.98808;-64.76976;442069;78.46;27-jul-18;02:46:00;78.461;32.6054;5.8799;5.8134;0.09628;4.595;0.6535;5.875;32.609;0.095;6.1135
18TL18023_354;85;42.98839;-64.76888;442070;50.95;27-jul-18;02:47:00;50.955;32.4886;5.8036;6.0257;0.33201;3.97;0.6445;5.185;NaN;0.13;NaN
18TL18023_354;85;42.98864;-64.76815;442071;26.3;27-jul-18;02:49:00;26.308;31.6349;7.4836;7.0115;1.12221;0.65;0.316;0;NaN;0;7.368
18TL18023_354;85;42.98876;-64.76762;442072;5.78;27-jul-18;02:50:00;5.781;31.0542;18.2641;5.4817;0.20916;0.06;0.194;0;NaN;0;NaN
18TL18023_369;86;42.89445;-64.6343;442073;89.09;27-jul-18;05:34:00;89.097;32.4266;5.2803;5.9897;0.1162;5.14;0.707;6.32;32.433;0.09;6.379
18TL18023_369;86;42.89412;-64.63363;442074;50.43;27-jul-18;05:36:00;50.434;31.9291;3.3055;6.7045;0.39509;3.115;0.6525;4.065;NaN;0.205;NaN
18TL18023_369;86;42.8939;-64.63298;442075;25.16;27-jul-18;05:37:00;25.166;31.059;10.2139;6.7699;0.29548;0.67;0.252;0;NaN;0;NaN
18TL18023_369;86;42.89388;-64.6325;442076;5.11;27-jul-18;05:38:00;5.116;31.0117;17.2344;5.5933;0.22908;0.155;0.1975;0;NaN;0;6.1005
18TL18023_370;87;42.70124;-64.52728;442077;128.57;27-jul-18;08:48:00;128.573;34.8969;10.6105;4.205;0.03459;7.97;0.9475;14.555;34.897;0.055;4.5775
18TL18023_370;87;42.70206;-64.52696;442078;51.58;27-jul-18;08:52:00;51.581;31.6117;4.2305;7.1211;0.8688;1.47;0.4735;0.915;NaN;0.11;NaN
18TL18023_370;87;42.70225;-64.52681;442079;26.58;27-jul-18;08:53:00;26.586;31.0008;12.0364;6.4867;0.26892;0.22;0.2385;0;NaN;0;NaN
18TL18023_370;87;42.70242;-64.52655;442080;4.18;27-jul-18;08:54:00;4.186;30.9126;17.46;5.6005;0.22908;0.155;0.1935;0;NaN;0;6.011
18TL18023_371;88;42.60324;-64.46838;442081;226.5;27-jul-18;09:57:00;226.502;35.2656;9.6653;3.1667;0.00954;13.17;1.423;23.695;35.266;0.03;3.4095
18TL18023_371;88;42.60334;-64.46776;442082;101.53;27-jul-18;10:02:00;101.536;34.6761;10.267;4.5417;0.04414;6.685;0.8355;12.245;NaN;0.025;NaN
18TL18023_371;88;42.6031;-64.46792;442083;51.56;27-jul-18;10:03:00;51.564;32.4139;3.7823;6.1836;0.28552;5.575;0.792;6.995;NaN;0.01;NaN
18TL18023_371;88;42.60304;-64.46774;442084;26.92;27-jul-18;10:05:00;26.926;31.6095;5.0666;7.2466;0.77227;1.06;0.38;0.07;NaN;0.02;NaN
18TL18023_371;88;42.60304;-64.4676;442085;6.68;27-jul-18;10:06:00;6.686;30.8341;18.2975;5.495;0.20916;0.325;0.1825;0;NaN;0.01;5.8645
18TL18023_389;89;42.75336;-64.23658;442086;131.35;27-jul-18;12:47:00;131.358;35.3649;10.7832;3.2117;0.01789;11.485;1.293;21.81;35.366;0.05;3.4675
18TL18023_389;89;42.75284;-64.23623;442087;49.77;27-jul-18;12:51:00;49.773;33.6933;9.3462;5.5837;0.14276;4.17;0.582;6.2;NaN;0.055;NaN
18TL18023_389;89;42.75286;-64.23615;442088;23.92;27-jul-18;12:52:00;23.92;32.729;9.8759;6.6378;1.01361;1.28;0.267;0;NaN;0.01;NaN
18TL18023_389;89;42.75294;-64.236;442089;4.62;27-jul-18;12:53:00;4.628;31.4115;17.2055;5.7071;0.21912;0.445;0.1785;0;NaN;0;6.118
18TL18023_407;90;42.82186;-63.72224;442090;200.68;27-jul-18;16:24:00;200.685;35.3568;10.6711;3.1628;0.00596;11.38;1.3195;21.88;35.359;0.03;3.4825
18TL18023_407;90;42.82104;-63.72162;442091;49.61;27-jul-18;16:30:00;49.614;33.4821;10.0076;5.799;0.80847;2.795;0.4355;2.845;NaN;0.145;NaN
18TL18023_407;90;42.82092;-63.72146;442092;24.05;27-jul-18;16:31:00;24.058;33.5514;17.2096;5.8018;0.42233;0.295;0.0875;0;NaN;0.015;NaN
18TL18023_407;90;42.8207;-63.72124;442093;5.37;27-jul-18;16:32:00;5.37;30.7957;17.6335;5.6443;0.1826;0.625;0.217;0;NaN;0;6.018
18TL18023_408;91;42.8817;-63.32356;442094;155.26;27-jul-18;21:14:00;155.261;35.2087;11.4599;4.175;0.01073;7.755;0.932;14.615;35.173;0.02;4.507
18TL18023_408;91;42.88287;-63.32316;442095;50.79;27-jul-18;21:18:00;50.792;32.2566;3.9072;6.4564;0.59127;3.8;0.698;4.67;NaN;0.085;NaN
18TL18023_408;91;42.88324;-63.32316;442096;24.93;27-jul-18;21:19:00;24.939;31.5291;3.7173;7.5625;1.29114;1.565;0.4485;0.32;NaN;0.03;7.798
18TL18023_408;91;42.88356;-63.32316;442097;5.72;27-jul-18;21:20:00;5.728;31.1552;17.4335;5.6568;0.21248;0.445;0.221;0;NaN;0.01;NaN
18TL18023_409;HL_02;44.26338;-63.32074;442098;155.5;28-jul-18;05:31:00;155.504;34.4527;9.4336;3.9268;0.00716;14.055;1.0995;13.96;NaN;0.05;4.2685
18TL18023_409;HL_02;44.26315;-63.3207;442099;100.23;28-jul-18;05:33:00;100.238;33.0666;5.3796;5.645;0.08828;6.59;0.822;7.76;NaN;0.01;NaN
18TL18023_409;HL_02;44.26304;-63.32062;442100;75.51;28-jul-18;05:35:00;75.515;32.5958;4.48;6.2207;0.18924;5.755;0.722;5.98;NaN;0.03;NaN
18TL18023_409;HL_02;44.26295;-63.32056;442101;49.51;28-jul-18;05:36:00;49.516;32.2562;6.066;6.6831;0.89293;2.04;0.443;0.815;NaN;0.115;NaN
18TL18023_409;HL_02;44.26292;-63.32055;442102;41.02;28-jul-18;05:36:00;41.023;32.2316;7.5919;6.6816;0.69987;1.615;0.3875;0.025;NaN;0.02;6.976
18TL18023_409;HL_02;44.26288;-63.32052;442103;29.67;28-jul-18;05:37:00;29.678;32.0248;8.1893;6.9224;0.48267;1.01;0.306;0;NaN;0;NaN
18TL18023_409;HL_02;44.26284;-63.32053;442104;19.6;28-jul-18;05:38:00;19.608;31.6289;10.5789;6.8589;0.33865;0.975;0.282;0;NaN;0;NaN
18TL18023_409;HL_02;44.2627;-63.32062;442105;10.33;28-jul-18;05:41:00;10.335;31.0484;16.446;5.6584;0.24236;0.535;0.236;0;NaN;0.01;NaN
18TL18023_409;HL_02;44.26284;-63.3205;442106;4.89;28-jul-18;05:39:00;4.899;31.105;16.3711;5.6933;0.22244;0.48;0.235;0;NaN;0;NaN
18TL18023_409;HL_02;44.26276;-63.32062;442107;1.96;28-jul-18;05:40:00;1.964;30.9412;16.4806;5.6496;0.21248;0.51;0.2395;0;NaN;0;6.064
