CTD;CTD;CTD;CTD;CTD;CTD;CTD;CTD;CTD;CTD;CTD;CTD;labo;labo;labo;labo;labo;labo;labo
Fichier;Station;Latitude;Longitude;Echantillon;zbouteille;Date;Heure;PSAL;TEMP_XX;DOXY;PHPH;CHL_01;Si_01;PO4_01;NOx_01;PSAL_BS;NO2_01;OXY_02
(nom);(nom/no);(degres);(degres);(no_unique);(dbar);(jj-mmm-yyyy);(GMT);(psu);(celsius);(ml/l);((none));(mg/m**3);(mmol/m**3);(mmol/m**3);(mmol/m**3);(PSU);(mmol/m**3);(ml/l)
18VA17667_002;HL_0;44.6937;-63.6403;434815;60.53;04-jan-17;13:13:00;31.1201;5.401;1.3529;7.572;0.05825;40.40333;3.22;21.31333;31.333;0.15667;NaN
18VA17667_002;HL_0;44.6937;-63.6403;434816;10.31;04-jan-17;13:11:00;29.2714;4.4123;6.6556;7.865;1.09638;10.78333;0.955;8.34;NaN;0.35333;NaN
18VA17667_002;HL_0;44.6937;-63.6403;434817;5.26;04-jan-17;13:11:00;29.0243;4.2605;6.771;7.873;1.09638;10.98333;0.95367;8.32667;NaN;0.36667;NaN
18VA17667_002;HL_0;44.6937;-63.6403;434818;1.81;04-jan-17;13:11:00;28.9562;4.2183;6.7929;7.873;1.2718;11.12667;0.95767;8.26333;NaN;0.38;NaN
18VA17667_003;HL_0;44.6937;-63.6403;434851;60.66;08-mar-17;13:44:00;30.9833;1.4962;7.2376;7.861;0.29419;9.74333;0.94767;6.51333;30.992;0.17;7.4565
18VA17667_003;HL_0;44.6937;-63.6403;434852;10.51;08-mar-17;13:42:00;30.2408;1.8568;7.2484;7.859;2.25855;12.09333;1;7.55333;NaN;0.21;NaN
18VA17667_003;HL_0;44.6937;-63.6403;434853;5.49;08-mar-17;13:42:00;29.9284;1.5737;7.4765;7.859;2.32433;11.72667;0.94733;7.59;NaN;0.21;7.664
18VA17667_003;HL_0;44.6937;-63.6403;434854;1.4;08-mar-17;13:42:00;29.9041;1.597;7.4811;7.854;2.69711;11.67;0.95867;7.38;NaN;0.22;NaN
18VA17667_014;HL_0;44.6937;-63.6403;434855;60.63;15-mar-17;12:19:00;30.9761;1.4227;6.989;7.824;0.44946;10.15667;1.03433;6.57667;30.988;0.20333;7.3335
18VA17667_014;HL_0;44.6937;-63.6403;434856;10.38;15-mar-17;12:17:00;30.3123;1.2706;7.5608;7.793;2.36595;10.27667;0.91667;7.20667;NaN;0.20333;NaN
18VA17667_014;HL_0;44.6937;-63.6403;434857;5.29;15-mar-17;12:17:00;30.1624;1.2042;7.6149;7.786;2.52912;10.21667;0.91933;7.4;NaN;0.21333;7.8215
18VA17667_014;HL_0;44.6937;-63.6403;434858;1.16;15-mar-17;12:16:00;30.1566;1.2066;7.6009;7.765;2.56991;10.23;0.895;7.11667;NaN;0.21;NaN
18VA17667_025;HL_0;44.6937;-63.6403;434859;60.59;22-mar-17;17:30:00;30.9859;1.0843;7.621;7.923;1.24988;8.44;0.9015;5.11;31.033;0.245;7.829
18VA17667_025;HL_0;44.6937;-63.6403;434860;10.21;22-mar-17;17:30:00;30.5813;1.5302;7.5421;7.932;2.52912;8.565;0.8845;5.725;NaN;0.27;NaN
18VA17667_025;HL_0;44.6937;-63.6403;434861;5.35;22-mar-17;17:30:00;30.0069;1.8547;7.785;7.944;3.67131;7.865;0.7215;5.05;NaN;0.29;7.996
18VA17667_025;HL_0;44.6937;-63.6403;434862;1.24;22-mar-17;17:30:00;29.9395;2.0191;6.6958;7.944;3.42655;8.95;0.6025;5.125;NaN;0.315;NaN
18VA17667_036;HL_0;44.6937;-63.6403;434863;60.65;29-mar-17;12:34:00;30.9726;1.1633;7.3823;7.844;0.26967;9.465;1.001;5.385;31.017;0.285;7.5855
18VA17667_036;HL_0;44.6937;-63.6403;434864;10.53;29-mar-17;12:32:00;30.3368;1.2956;8.0181;7.863;6.32281;4.59;0.724;3.975;NaN;0.285;NaN
18VA17667_036;HL_0;44.6937;-63.6403;434865;5.34;29-mar-17;12:32:00;30.1252;1.2286;8.3223;7.863;13.36717;3.275;0.598;2.745;NaN;0.31;8.594
18VA17667_036;HL_0;44.6937;-63.6403;434866;1.38;29-mar-17;12:32:00;29.8505;1.1261;8.5154;7.862;12.47603;3.555;0.504;2.755;NaN;0.29;NaN
18VA17667_047;HL_0;44.6937;-63.6403;434867;60.74;05-apr-17;12:26:00;30.971;1.1768;7.313;7.837;0.14301;10.72;1.126;5.505;30.966;0.335;NaN
18VA17667_047;HL_0;44.6937;-63.6403;434868;10.32;05-apr-17;12:25:00;30.2563;1.4691;8.5153;7.888;18.93683;1.15;0.4755;1.99;NaN;0.25;NaN
18VA17667_047;HL_0;44.6937;-63.6403;434869;5.34;05-apr-17;12:24:00;30.2547;1.4734;8.5352;7.882;20.05076;0.775;0.4255;1.55;NaN;0.235;NaN
18VA17667_047;HL_0;44.6937;-63.6403;434870;1.29;05-apr-17;12:24:00;30.2539;1.476;8.5271;7.873;18.93683;0.72;0.419;1.54;NaN;0.24;NaN
18VA17667_058;HL_0;44.6937;-63.6403;434871;60.67;12-apr-17;13:47:00;30.9691;1.2147;7.0049;8.068;1.38144;10.77;1.113;5.735;30.995;0.385;7.367
18VA17667_058;HL_0;44.6937;-63.6403;434872;10.63;12-apr-17;13:45:00;30.1583;1.9441;8.5799;8.302;27.40271;0;0.351;1.045;NaN;0.155;NaN
18VA17667_058;HL_0;44.6937;-63.6403;434873;5.61;12-apr-17;13:45:00;29.9785;2.3044;10.0411;8.363;12.47603;0;0.227;0.845;NaN;0.115;10.238
18VA17667_058;HL_0;44.6937;-63.6403;434874;1.46;12-apr-17;13:45:00;27.8105;4.2228;10.144;8.425;7.79751;0.355;0.1965;0.815;NaN;0.1;NaN
18VA17667_069;HL_0;44.6937;-63.6403;434875;60.76;20-apr-17;12:16:00;30.9643;1.2271;6.8567;7.607;1.05253;11.735;1.2165;6.19;31.014;0.435;6.964
18VA17667_069;HL_0;44.6937;-63.6403;434876;10.47;20-apr-17;12:15:00;30.3158;1.4918;8.4241;7.589;2.65325;0;0.378;1.865;NaN;0.195;NaN
18VA17667_069;HL_0;44.6937;-63.6403;434877;5.38;20-apr-17;12:15:00;30.1246;2.2813;8.9531;7.565;3.57422;0;0.166;1.025;NaN;0.1;8.863
18VA17667_069;HL_0;44.6937;-63.6403;434878;1.37;20-apr-17;12:14:00;28.9464;4.0908;8.4686;7.531;3.17074;0;0.121;0.96;NaN;0.11;NaN
18VA17667_080;HL_0;44.6937;-63.6403;434879;60.76;26-apr-17;12:20:00;30.959;1.2533;6.3565;7.804;0.30645;13.065;1.444;6.44;30.983;0.54;6.3455
18VA17667_080;HL_0;44.6937;-63.6403;434880;10.49;26-apr-17;12:18:00;30.145;2.4284;8.2726;7.867;2.6515;0;0.3555;1.335;NaN;0.145;NaN
18VA17667_080;HL_0;44.6937;-63.6403;434881;5.47;26-apr-17;12:18:00;29.7241;3.6229;8.6233;7.857;3.58972;0;0.1355;0.765;NaN;0.095;8.6435
18VA17667_080;HL_0;44.6937;-63.6403;434882;1.68;26-apr-17;12:18:00;29.1387;4.9919;8.3696;7.843;2.6515;0;0.128;0.84;NaN;0.095;NaN
18VA17667_091;HL_0;44.6937;-63.6403;434883;60.69;03-may-17;12:32:00;30.9554;1.2717;5.984;7.633;0.09397;13.95;1.4745;6.595;30.977;0.655;6.091
18VA17667_091;HL_0;44.6937;-63.6403;434884;10.41;03-may-17;12:30:00;30.0125;2.8833;7.952;7.646;2.73308;0;0.348;1.365;NaN;0.18;NaN
18VA17667_091;HL_0;44.6937;-63.6403;434885;5.43;03-may-17;12:30:00;29.3375;4.5667;8.24;7.627;6.20043;0;0.241;0.915;NaN;0.14;8.2765
18VA17667_091;HL_0;44.6937;-63.6403;434886;1.38;03-may-17;12:30:00;27.9326;5.9017;8.0594;7.608;4.85429;0.815;0.2775;1.295;NaN;0.215;NaN
18VA17667_102;HL_0;44.6937;-63.6403;434887;60.61;10-may-17;12:31:00;30.9363;1.2705;5.811;7.615;0.08172;13.44;1.499;6.88;30.956;0.695;5.935
18VA17667_102;HL_0;44.6937;-63.6403;434888;10.35;10-may-17;12:29:00;29.7493;4.0208;7.6061;7.595;2.08041;0;0.3145;1.255;NaN;0.165;NaN
18VA17667_102;HL_0;44.6937;-63.6403;434889;5.39;10-may-17;12:29:00;29.5435;5.0211;7.9146;7.572;9.80259;0;0.2685;1.055;NaN;0.105;8.048
18VA17667_102;HL_0;44.6937;-63.6403;434890;1.35;10-may-17;12:28:00;27.5588;7.7984;7.2093;7.575;2.14891;11.495;0.3505;4.79;NaN;0.26;NaN
18VA17667_113;HL_0;44.6937;-63.6403;434819;60.73;11-jan-17;13:21:00;31.0988;5.3999;1.5039;7.642;0.05582;42.89667;3.32667;21.19333;31.312;0.1;NaN
18VA17667_113;HL_0;44.6937;-63.6403;434820;10.61;11-jan-17;13:19:00;29.5427;3.4907;6.8067;7.888;0.70168;10.56;0.96067;8.12;NaN;0.37667;NaN
18VA17667_113;HL_0;44.6937;-63.6403;434821;5.71;11-jan-17;13:19:00;29.3524;3.2695;6.9096;7.891;0.92096;10.63;0.92833;7.95333;NaN;0.39333;NaN
18VA17667_113;HL_0;44.6937;-63.6403;434822;1.95;11-jan-17;13:19:00;29.3364;3.2503;6.9276;7.886;0.89903;10.66;0.926;7.96;NaN;0.4;NaN
18VA17667_114;HL_0;44.6937;-63.6403;434891;60.77;17-may-17;12:33:00;30.9262;1.2767;5.5722;7.62;0.08989;14.015;1.619;7.54;30.928;0.535;5.7315
18VA17667_114;HL_0;44.6937;-63.6403;434892;10.5;17-may-17;12:32:00;29.4661;4.7745;7.3522;7.636;0.74554;0.61;0.3575;1.375;NaN;0.12;NaN
18VA17667_114;HL_0;44.6937;-63.6403;434893;5.48;17-may-17;12:31:00;28.813;5.9265;7.6824;7.629;12.9216;1.89;0.283;1.19;NaN;0.13;7.9005
18VA17667_114;HL_0;44.6937;-63.6403;434894;1.44;17-may-17;12:31:00;25.7577;7.9465;7.3493;7.638;1.49108;6.27;0.1805;2.565;NaN;0.175;NaN
18VA17667_127;HL_0;44.6937;-63.6403;434895;60.82;24-may-17;12:25:00;30.9124;1.2822;5.3117;7.626;0.0858;15.93;1.703;7.445;30.97;0.38;5.384
18VA17667_127;HL_0;44.6937;-63.6403;434896;10.49;24-may-17;12:23:00;30.3423;3.6672;7.3037;7.704;1.79486;1.73;0.427;1.605;NaN;0.14;NaN
18VA17667_127;HL_0;44.6937;-63.6403;434897;5.43;24-may-17;12:23:00;29.6499;5.4022;7.7713;7.714;3.67131;1.43;0.289;1.27;NaN;0.13;7.9685
18VA17667_127;HL_0;44.6937;-63.6403;434898;1.49;24-may-17;12:23:00;29.1309;6.5168;7.4874;7.689;2.03961;1.515;0.266;1.27;NaN;0.14;NaN
18VA17667_138;HL_0;44.6937;-63.6403;434899;60.66;31-may-17;12:40:00;30.8966;1.2923;5.2347;7.657;0.08494;15.805;1.722;7.8;30.924;0.23;5.3375
18VA17667_138;HL_0;44.6937;-63.6403;434900;10.38;31-may-17;12:38:00;30.045;4.6711;7.4167;7.856;13.36717;1.11;0.4225;1.31;NaN;0.145;NaN
18VA17667_138;HL_0;44.6937;-63.6403;434901;5.29;31-may-17;12:38:00;29.6203;6.4943;8.2676;7.911;8.91145;0;0.212;1.03;NaN;0.08;8.795
18VA17667_138;HL_0;44.6937;-63.6403;434902;1.13;31-may-17;12:37:00;27.602;9.5748;8.3194;7.927;7.79751;0;0.191;1.095;NaN;0.09;NaN
18VA17667_149;HL_0;44.6937;-63.6403;434903;60.76;07-jun-17;12:30:00;30.8956;1.3236;4.9344;7.618;0.08252;15.715;1.7495;7.73;30.92;0.18;5.3105
18VA17667_149;HL_0;44.6937;-63.6403;434904;10.51;07-jun-17;12:28:00;30.1496;5.1778;7.2737;7.823;3.05942;1.205;0.466;1.4;NaN;0.13;NaN
18VA17667_149;HL_0;44.6937;-63.6403;434905;5.6;07-jun-17;12:28:00;29.9149;6.878;7.8761;7.861;2.93704;0;0.201;1;NaN;0.09;7.9065
18VA17667_149;HL_0;44.6937;-63.6403;434906;1.57;07-jun-17;12:28:00;28.8783;9.4298;7.7035;7.876;3.75289;0;0.181;1.2;NaN;0.1;NaN
18VA17667_160;HL_0;44.6937;-63.6403;434907;60.69;14-jun-17;12:34:00;30.8816;1.3879;4.8316;7.718;0.10215;18.455;1.907;7.715;30.924;0.185;5.024
18VA17667_160;HL_0;44.6937;-63.6403;434908;10.42;14-jun-17;12:33:00;30.2091;5.7031;7.1903;8.063;6.44519;0.73;0.451;1.45;NaN;0.12;NaN
18VA17667_160;HL_0;44.6937;-63.6403;434909;5.32;14-jun-17;12:32:00;30.1333;7.1183;7.9783;8.149;3.58972;0;0.2265;1.195;NaN;0.07;7.9095
18VA17667_160;HL_0;44.6937;-63.6403;434910;0.79;14-jun-17;12:32:00;28.6221;11.9377;7.002;8.109;2.20278;0.37;0.2065;0.67;NaN;0.095;NaN
18VA17667_171;HL_0;44.6937;-63.6403;434911;60.73;20-jun-17;12:26:00;30.8752;1.4345;4.8336;7.65;0.13892;17.805;1.9165;8.305;30.884;0.23;4.876
18VA17667_171;HL_0;44.6937;-63.6403;434912;10.34;20-jun-17;12:24:00;30.2517;6.5661;7.4023;8.042;4.93587;0;0.3605;0;NaN;0.065;NaN
18VA17667_171;HL_0;44.6937;-63.6403;434913;5.33;20-jun-17;12:24:00;30.0664;9.204;7.1294;8.085;4.56874;0;0.3025;0;NaN;0.08;7.477
18VA17667_171;HL_0;44.6937;-63.6403;434914;1.12;20-jun-17;12:23:00;29.2623;12.7874;6.6429;8.071;2.85546;0;0.24;0;NaN;0.06;NaN
18VA17667_182;HL_0;44.6937;-63.6403;434915;60.72;28-jun-17;12:56:00;30.8741;1.4492;4.605;7.634;0.10623;17.495;1.994;8.14;30.881;0.23;4.775
18VA17667_182;HL_0;44.6937;-63.6403;434916;10.46;28-jun-17;12:54:00;30.7399;5.6621;6.8835;7.953;3.67131;1.535;0.632;0.485;NaN;0.135;NaN
18VA17667_182;HL_0;44.6937;-63.6403;434917;5.43;28-jun-17;12:54:00;30.6326;8.0363;7.2803;7.987;0.89743;3.155;0.688;1.33;NaN;0.14;6.7075
18VA17667_182;HL_0;44.6937;-63.6403;434918;1.48;28-jun-17;12:54:00;29.497;13.7147;4.7081;7.93;2.24357;0.865;0.451;0.32;NaN;0.11;NaN
18VA17667_193;HL_0;44.6937;-63.6403;434919;60.71;05-jul-17;13:07:00;30.8623;1.5416;4.3857;7.723;0.31871;18.38;1.963;8.24;30.879;0.28;4.612
18VA17667_193;HL_0;44.6937;-63.6403;434920;10.48;05-jul-17;13:05:00;30.8465;5.0435;6.4598;8.05;6.3636;2.185;0.625;0;NaN;0.075;NaN
18VA17667_193;HL_0;44.6937;-63.6403;434921;5.37;05-jul-17;13:05:00;30.7557;6.3217;7.4278;8.09;2.34148;0;0.311;0;NaN;0.09;7.863
18VA17667_193;HL_0;44.6937;-63.6403;434922;1.22;05-jul-17;13:04:00;28.9482;14.7075;6.6931;8.024;4.56874;1.455;0.275;0.635;NaN;0.19;NaN
18VA17667_204;HL_0;44.6937;-63.6403;434923;60.72;12-jul-17;12:33:00;30.8835;1.7391;4.3997;7.842;0.15935;18.945;2.056;7.78;30.934;0.335;4.48
18VA17667_204;HL_0;44.6937;-63.6403;434924;10.49;12-jul-17;12:31:00;30.9655;5.1285;7.6743;8.114;10.69374;2.77;0.578;0;NaN;0.09;NaN
18VA17667_204;HL_0;44.6937;-63.6403;434925;5.46;12-jul-17;12:31:00;30.7669;6.4582;7.8327;8.104;2.36595;1.8;0.3535;0;NaN;0.07;7.877
18VA17667_204;HL_0;44.6937;-63.6403;434926;1.16;12-jul-17;12:31:00;28.3155;15.782;6.1056;8.014;1.87644;1.125;0.2675;0;NaN;0.07;NaN
18VA17667_215;HL_0;44.6937;-63.6403;434927;60.66;19-jul-17;12:24:00;30.8956;1.9421;4.2549;7.811;0.6129;21.055;2.1265;7.58;30.914;0.43;4.497
18VA17667_215;HL_0;44.6937;-63.6403;434928;10.33;19-jul-17;12:22:00;30.9217;5.7349;7.5167;7.97;5.75172;2.235;0.448;0.06;NaN;0.085;NaN
18VA17667_215;HL_0;44.6937;-63.6403;434929;5.36;19-jul-17;12:21:00;30.391;9.7847;7.5116;7.913;3.10021;0.9;0.2675;0;NaN;0.06;7.3435
18VA17667_215;HL_0;44.6937;-63.6403;434930;1.41;19-jul-17;12:21:00;29.1943;15.5095;6.8118;7.829;3.58972;1.81;0.2555;0;NaN;0.075;NaN
18VA17667_225;HL_0;44.6937;-63.6403;434823;60.85;18-jan-17;13:24:00;31.0885;5.394;1.496;7.696;0.07766;40.525;2.9945;19.62;31.229;0.07;1.79
18VA17667_225;HL_0;44.6937;-63.6403;434824;10.17;18-jan-17;13:21:00;29.8865;3.7727;6.6381;7.878;0.32279;9.91;0.9545;7.695;NaN;0.37;NaN
18VA17667_225;HL_0;44.6937;-63.6403;434825;5.12;18-jan-17;13:20:00;29.4157;3.28;6.9333;7.872;0.78939;10.63;0.933;7.885;NaN;0.395;7.176
18VA17667_225;HL_0;44.6937;-63.6403;434826;1.59;18-jan-17;13:20:00;28.8188;2.0131;7.3267;7.876;0.57012;11.6;0.9105;8.1;NaN;0.42;NaN
18VA17667_226;HL_0;44.6937;-63.6403;434931;60.73;26-jul-17;12:35:00;30.9085;2.1358;4.1022;7.867;1.22795;21.01;2.0905;6.88;30.894;0.39;4.431
18VA17667_226;HL_0;44.6937;-63.6403;434932;10.52;26-jul-17;12:33:00;30.8402;7.0511;7.1251;7.951;6.8939;0.155;0.463;0.23;NaN;0.07;NaN
18VA17667_226;HL_0;44.6937;-63.6403;434933;5.52;26-jul-17;12:33:00;30.6428;9.0381;7.6299;7.919;4.97666;0;0.267;0.19;NaN;0.125;7.5815
18VA17667_226;HL_0;44.6937;-63.6403;434934;1.31;26-jul-17;12:33:00;29.5334;14.0567;6.9938;7.859;6.07806;0;0.2865;0.49;NaN;0.095;NaN
18VA17667_237;HL_0;44.6937;-63.6403;434935;60.46;02-aug-17;12:36:00;30.9158;2.4121;4.1206;7.717;0.42086;19.645;2.0185;6.23;30.959;0.43;4.3195
18VA17667_237;HL_0;44.6937;-63.6403;434936;10.17;02-aug-17;12:30:00;30.4122;13.2768;6.7689;7.703;15.37225;0;0.421;0.13;NaN;0.065;NaN
18VA17667_237;HL_0;44.6937;-63.6403;434937;5.13;02-aug-17;12:29:00;30.3015;14.9018;7.1726;7.617;5.38459;0;0.2815;0.14;NaN;0.055;7.43
18VA17667_237;HL_0;44.6937;-63.6403;434938;1.15;02-aug-17;12:28:00;30.094;17.0852;6.7263;7.512;3.22259;0;0.252;0.125;NaN;0.06;NaN
18VA17667_239;HL_0;44.6937;-63.6403;434939;60.63;09-aug-17;12:39:00;30.9266;2.6174;3.9552;7.655;0.29419;21.355;2.161;6.51;30.939;0.54;4.299
18VA17667_239;HL_0;44.6937;-63.6403;434940;10.16;09-aug-17;12:36:00;30.4286;15.542;5.77;7.592;2.1212;0.075;0.4125;0.28;NaN;0.06;NaN
18VA17667_239;HL_0;44.6937;-63.6403;434941;5.33;09-aug-17;12:36:00;30.185;18.3477;5.8961;7.538;10.24816;0;0.291;0.09;NaN;0.065;6.3245
18VA17667_239;HL_0;44.6937;-63.6403;434942;1.25;09-aug-17;12:36:00;29.8946;18.7335;5.9499;7.504;8.91145;0;0.2895;0.15;NaN;0.08;NaN
18VA17667_243;HL_0;44.6937;-63.6403;434943;60;16-aug-17;12:38:00;30.9338;2.7471;3.85;7.684;0.14301;21.485;2.2015;6.17;30.936;0.54;4.223
18VA17667_243;HL_0;44.6937;-63.6403;434944;10;16-aug-17;12:38:00;30.5954;11.5218;5.2728;7.74;2.93704;0.855;0.622;0.375;NaN;0.095;NaN
18VA17667_243;HL_0;44.6937;-63.6403;434945;5;16-aug-17;12:38:00;30.3656;15.2634;6.0921;7.69;5.79251;0;0.31;0.095;NaN;0.07;6.8245
18VA17667_243;HL_0;44.6937;-63.6403;434946;1;16-aug-17;12:38:00;30.0055;19.6938;6.7112;7.624;5.01745;0;0.298;0.12;NaN;0.08;NaN
18VA17667_244;HL_0;44.6937;-63.6403;434947;60;23-aug-17;12:23:00;30.9443;2.8415;3.6201;7.523;0.1144;23.5;2.4225;6.015;30.95;0.69;3.7185
18VA17667_244;HL_0;44.6937;-63.6403;434948;10;23-aug-17;12:23:00;30.6977;10.2935;5.7273;7.493;3.05942;2.895;0.6525;0.845;NaN;0.17;NaN
18VA17667_244;HL_0;44.6937;-63.6403;434949;5;23-aug-17;12:23:00;30.3519;13.627;6.2786;7.458;4.81349;1.045;0.3065;0.12;NaN;0.07;6.571
18VA17667_244;HL_0;44.6937;-63.6403;434950;1;23-aug-17;12:23:00;30.2147;14.9112;6.2957;7.438;4.89508;0.945;0.31;0.105;NaN;0.07;NaN
18VA17667_247;HL_0;44.6937;-63.6403;434951;60.72;30-aug-17;12:36:00;30.9429;2.8649;3.5222;7.528;0.17475;24.015;2.445;6.695;30.971;0.88;3.665
18VA17667_247;HL_0;44.6937;-63.6403;434952;10.32;30-aug-17;12:34:00;30.8153;9.3692;5.7296;7.503;4.48715;2.255;0.642;0.64;NaN;0.21;NaN
18VA17667_247;HL_0;44.6937;-63.6403;434953;5.38;30-aug-17;12:34:00;30.5771;12.436;6.5753;7.464;6.77153;0;0.4095;0;NaN;0.09;6.7365
18VA17667_247;HL_0;44.6937;-63.6403;434954;1.36;30-aug-17;12:34:00;29.9423;15.4324;6.7953;7.432;5.01745;0;0.3465;0;NaN;0.09;NaN
18VA17667_253;HL_0;44.6937;-63.6403;434955;60.71;06-sep-17;12:44:00;30.9485;2.9123;2.946;7.694;0.13075;29.95;2.795;7.835;30.96;1.735;3.0325
18VA17667_253;HL_0;44.6937;-63.6403;434956;10.63;06-sep-17;12:42:00;30.3075;14.5435;6.1715;7.658;10.24816;0.245;0.354;0;NaN;0.08;NaN
18VA17667_253;HL_0;44.6937;-63.6403;434957;5.25;06-sep-17;12:42:00;30.2648;14.6667;6.1874;7.654;5.62934;0;0.284;0;NaN;0.07;6.5365
18VA17667_253;HL_0;44.6937;-63.6403;434958;1.3;06-sep-17;12:41:00;30.2524;14.6959;5.4107;7.644;5.62934;0;0.2725;0;NaN;0.08;NaN
18VA17667_257;HL_0;44.6937;-63.6403;434959;61.21;13-sep-17;12:49:00;30.9487;2.9922;2.8317;6.872;0.13106;30.25;2.87;10.255;30.971;3.075;NaN
18VA17667_257;HL_0;44.6937;-63.6403;434960;10.91;13-sep-17;12:48:00;30.8376;10.3029;5.6212;6.678;3.05942;3.42;0.7015;1.125;NaN;0.225;NaN
18VA17667_257;HL_0;44.6937;-63.6403;434961;5.86;13-sep-17;12:47:00;30.5083;12.5638;5.7283;6.64;4.20161;1.525;0.413;0.295;NaN;0.12;5.8435
18VA17667_257;HL_0;44.6937;-63.6403;434962;1.75;13-sep-17;12:47:00;30.2303;14.2369;6.0128;6.615;4.03844;0.805;0.2505;0;NaN;0.07;NaN
18VA17667_261;HL_0;44.6937;-63.6403;434963;60.64;20-sep-17;12:44:00;30.952;3.0929;2.8054;7.342;0.13106;29.185;2.71;15.07;30.925;5.85;3.167
18VA17667_261;HL_0;44.6937;-63.6403;434964;10.47;20-sep-17;12:43:00;30.5009;15.5198;5.6874;7.181;4.97666;1.005;0.4515;0;NaN;0.1;NaN
18VA17667_261;HL_0;44.6937;-63.6403;434965;5.54;20-sep-17;12:42:00;30.5045;15.611;5.6454;7.147;4.89508;0.795;0.3365;0;NaN;0.08;6.0675
18VA17667_261;HL_0;44.6937;-63.6403;434966;1.2;20-sep-17;12:42:00;30.4948;16.1434;5.6494;7.106;3.34497;0.8;0.303;0;NaN;0.09;NaN
18VA17667_263;HL_0;44.6937;-63.6403;434967;60.55;27-sep-17;12:26:00;30.9534;3.2014;2.3818;7.631;0.18931;28.17;2.882;20.285;30.944;8.2;2.5045
18VA17667_263;HL_0;44.6937;-63.6403;434968;10.24;27-sep-17;12:23:00;30.3758;16.2814;5.4129;7.66;14.70389;0.64;0.2105;0.08;NaN;0.035;NaN
18VA17667_263;HL_0;44.6937;-63.6403;434969;5.25;27-sep-17;12:23:00;30.2976;17.0991;6.343;7.611;12.69881;0.3;0.154;0;NaN;0.035;7.5975
18VA17667_263;HL_0;44.6937;-63.6403;434970;1.16;27-sep-17;12:23:00;30.1214;18.394;6.9707;7.546;10.69374;0.18;0.1655;0;NaN;0.045;NaN
18VA17667_264;HL_0;44.6937;-63.6403;434827;60.79;25-jan-17;14:52:00;31.0531;5.372;1.4253;7.731;0.0631;41.435;3.035;19.41;31.243;0.09;1.697
18VA17667_264;HL_0;44.6937;-63.6403;434828;10.46;25-jan-17;14:50:00;30.2679;3.6797;6.5136;7.883;0.28193;10.435;0.9885;8;NaN;0.3;NaN
18VA17667_264;HL_0;44.6937;-63.6403;434829;5.45;25-jan-17;14:50:00;29.9715;3.7006;6.632;7.872;0.32279;10.66;0.976;8.265;NaN;0.37;6.6
18VA17667_264;HL_0;44.6937;-63.6403;434830;1.91;25-jan-17;14:50:00;29.3586;2.9094;7.1924;7.887;0.52709;10.555;0.9485;8.115;NaN;0.45;NaN
18VA17667_265;HL_0;44.6937;-63.6403;434971;60.96;04-oct-17;12:47:00;30.9714;3.2252;2.2578;7.578;0.53118;30.98;2.865;23.165;30.956;8.5;2.1545
18VA17667_265;HL_0;44.6937;-63.6403;434972;10.73;04-oct-17;12:46:00;30.2588;15.3816;5.1694;7.524;2.20278;1.7;0.356;0.6;NaN;0.11;NaN
18VA17667_265;HL_0;44.6937;-63.6403;434973;5.76;04-oct-17;12:46:00;29.9414;16.0642;6.0208;7.525;24.50648;1.45;0.287;0.07;NaN;0.05;6.544
18VA17667_265;HL_0;44.6937;-63.6403;434974;1.49;04-oct-17;12:46:00;29.709;15.7597;6.3213;7.517;4.56874;2.1;0.1635;0.635;NaN;0.07;NaN
18VA17667_275;HL_0;44.6937;-63.6403;434975;60.64;11-oct-17;12:40:00;30.9565;3.2821;1.8678;7.82;0.19659;29.74667;2.93533;24.07333;30.948;6;2.1605
18VA17667_275;HL_0;44.6937;-63.6403;434976;10.55;11-oct-17;12:38:00;30.3354;15.0712;4.661;7.893;2.89625;2.96333;0.35167;0.74667;NaN;0.16333;NaN
18VA17667_275;HL_0;44.6937;-63.6403;434977;5.53;11-oct-17;12:37:00;30.1154;15.8826;5.5712;7.901;21.38748;1.96667;0.22933;0.04;NaN;0.05667;6.198
18VA17667_275;HL_0;44.6937;-63.6403;434978;1.46;11-oct-17;12:37:00;29.6073;16.4838;6.4045;7.908;29.63057;1.77667;0.30133;0;NaN;0.08667;NaN
18VA17667_276;HL_0;44.6937;-63.6403;434979;60.63;18-oct-17;12:26:00;30.9533;3.2712;1.4359;7.249;0.23057;32.61;3.094;22.3;30.956;0.07;1.879
18VA17667_276;HL_0;44.6937;-63.6403;434980;10.42;18-oct-17;12:24:00;30.4288;14.2502;4.783;7.111;3.39879;4.275;0.5685;1.68;NaN;0.3;NaN
18VA17667_276;HL_0;44.6937;-63.6403;434981;5.33;18-oct-17;12:23:00;30.0989;14.2806;5.5884;7.099;12.25324;2.88;0.35;0.91;NaN;0.165;5.992
18VA17667_276;HL_0;44.6937;-63.6403;434982;1.38;18-oct-17;12:23:00;30.0929;14.2592;5.6182;7.071;13.58996;2.935;0.35;0.92;NaN;0.165;NaN
18VA17667_277;HL_0;44.6937;-63.6403;434983;60.82;25-oct-17;12:40:00;30.962;3.3907;1.4166;7.383;0.14077;34.96;3.2475;22.605;30.954;0.05;1.751
18VA17667_277;HL_0;44.6937;-63.6403;434984;10.28;25-oct-17;12:38:00;30.6304;13.3588;5.15;7.287;12.25324;1.055;0.4845;1.14;NaN;0.2;NaN
18VA17667_277;HL_0;44.6937;-63.6403;434985;5.51;25-oct-17;12:38:00;30.3793;13.8759;6.3986;7.267;13.36717;0.4;0.344;0.35;NaN;0.065;6.644
18VA17667_277;HL_0;44.6937;-63.6403;434986;1.32;25-oct-17;12:38:00;30.3766;13.8793;6.3571;7.252;12.9216;0.375;0.3465;0.325;NaN;0.06;NaN
18VA17667_278;HL_0;44.6937;-63.6403;434987;60.56;01-nov-17;12:42:00;30.9606;3.3977;1.2484;7.116;0.16018;43.115;4.105;22.555;30.925;0.055;1.3355
18VA17667_278;HL_0;44.6937;-63.6403;434988;10.25;01-nov-17;12:39:00;30.4195;13.6692;5.4368;6.925;4.28319;0.94;0.443;1.295;NaN;0.14;NaN
18VA17667_278;HL_0;44.6937;-63.6403;434989;5.17;01-nov-17;12:38:00;30.3573;13.6955;5.5995;6.873;6.3636;1.155;0.4825;1.16;NaN;0.14;6.106
18VA17667_278;HL_0;44.6937;-63.6403;434990;1.21;01-nov-17;12:38:00;30.0299;13.578;4.2336;6.817;6.3636;1.62;0.5125;1.345;NaN;0.15;NaN
18VA17667_279;HL_0;44.6937;-63.6403;444001;60.73;08-nov-17;13:23:00;30.9656;3.4407;1.066;7.163;0.10193;43.415;3.7425;21.8;30.902;0.05;1.285
18VA17667_279;HL_0;44.6937;-63.6403;444002;10.58;08-nov-17;13:21:00;30.2531;13.0429;5.461;7.063;4.89508;2.665;0.682;2.185;NaN;0.24;NaN
18VA17667_279;HL_0;44.6937;-63.6403;444003;5.27;08-nov-17;13:21:00;30.2558;13.0339;5.4798;7.046;4.85429;2.57;0.6935;2.125;NaN;0.23;5.7385
18VA17667_279;HL_0;44.6937;-63.6403;444004;1.52;08-nov-17;13:21:00;30.2547;13.0389;5.4848;7.031;5.09904;2.59;0.631;2.1;NaN;0.225;NaN
18VA17667_280;HL_0;44.6937;-63.6403;444005;60.66;15-nov-17;13:50:00;30.9595;3.5334;1.1168;7.186;0.08494;47.055;3.8075;21.94;30.904;0.055;1.199
18VA17667_280;HL_0;44.6937;-63.6403;444006;10.44;15-nov-17;13:48:00;30.2284;11.3326;5.5293;7.081;3.75289;3.575;0.7515;3.23;NaN;0.525;NaN
18VA17667_280;HL_0;44.6937;-63.6403;444007;5.41;15-nov-17;13:47:00;30.2276;11.3334;5.5606;7.066;3.83448;3.635;0.7115;2.995;NaN;0.295;5.86
18VA17667_280;HL_0;44.6937;-63.6403;444008;1.77;15-nov-17;13:47:00;30.2255;11.3326;5.5563;7.052;3.87527;3.545;0.718;2.965;NaN;0.28;NaN
18VA17667_281;HL_0;44.6937;-63.6403;444009;60.6;22-nov-17;13:53:00;30.9578;3.5777;1.0829;7.368;0.06553;49.59;4.2375;19.725;30.877;0.095;0.9545
18VA17667_281;HL_0;44.6937;-63.6403;444010;10.49;22-nov-17;13:50:00;29.6891;9.8874;5.9367;7.332;6.68994;4.655;0.832;4.245;NaN;0.42;NaN
18VA17667_281;HL_0;44.6937;-63.6403;444011;5.34;22-nov-17;13:50:00;29.6717;9.8574;6.0497;7.324;7.01628;4.495;0.795;4.17;NaN;0.36;6.3325
18VA17667_281;HL_0;44.6937;-63.6403;444012;1.3;22-nov-17;13:50:00;29.6597;9.8803;6.0906;7.315;5.79251;4.545;0.789;4.19;NaN;0.365;NaN
18VA17667_282;HL_0;44.6937;-63.6403;444013;60.6;28-nov-17;13:36:00;30.9599;3.5873;0.8138;6.762;0.03883;49.695;3.725;20.005;30.895;0.08;1.0325
18VA17667_282;HL_0;44.6937;-63.6403;444014;10.39;28-nov-17;13:34:00;30.1153;10.0712;5.1432;6.591;2.98217;5.835;0.8895;5.29;NaN;0.41;NaN
18VA17667_282;HL_0;44.6937;-63.6403;444015;5.33;28-nov-17;13:34:00;29.5684;9.6957;5.866;6.581;3.50814;5.785;0.788;5.33;NaN;0.41;6.3225
18VA17667_282;HL_0;44.6937;-63.6403;444016;1.03;28-nov-17;13:33:00;29.0786;8.7729;6.1184;6.546;2.93704;5.685;0.7865;5.35;NaN;0.4;NaN
18VA17667_283;HL_0;44.6937;-63.6403;444017;60.57;06-dec-17;13:41:00;30.9616;3.8452;0.987;6.71;0.05096;49.075;3.4425;20.52;30.896;0.1;1.297
18VA17667_283;HL_0;44.6937;-63.6403;444018;10.47;06-dec-17;13:38:00;30.0433;8.5794;5.7227;6.546;3.10021;6.815;0.856;6.285;NaN;0.43;NaN
18VA17667_283;HL_0;44.6937;-63.6403;444019;5.46;06-dec-17;13:38:00;29.9584;8.5518;5.7568;6.52;3.14101;6.77;0.8385;6.22;NaN;0.4;6.016
18VA17667_283;HL_0;44.6937;-63.6403;444020;1.09;06-dec-17;13:38:00;29.9469;8.548;5.7627;6.503;3.50814;6.805;0.84;6.19;NaN;0.395;NaN
18VA17667_284;HL_0;44.6937;-63.6403;434831;60.73;01-feb-17;13:29:00;31.1136;4.96;2.1821;7.042;0.07038;38.34333;3.205;18.46667;31.172;0.22333;1.8255
18VA17667_284;HL_0;44.6937;-63.6403;434832;10.63;01-feb-17;13:27:00;30.2957;3.4263;6.5146;7.04;0.27376;10.11;0.957;7.695;NaN;0.27333;NaN
18VA17667_284;HL_0;44.6937;-63.6403;434833;5.61;01-feb-17;13:27:00;30.006;3.3355;6.6837;7.043;0.44946;10.89;0.967;7.68667;NaN;0.32;6.9215
18VA17667_284;HL_0;44.6937;-63.6403;434834;1.86;01-feb-17;13:27:00;29.0798;3.1162;7.1061;7.045;0.35139;13.125;0.91733;8.55;NaN;0.37333;NaN
18VA17667_285;HL_0;44.6937;-63.6403;444021;60.62;13-dec-17;13:38:00;30.9625;3.8047;0.8503;6.809;0.06067;44.55;3.1465;21.495;30.903;0.13;1.0695
18VA17667_285;HL_0;44.6937;-63.6403;444022;10.55;13-dec-17;13:36:00;29.9133;8.4391;5.7019;6.687;2.03927;7.2;0.8465;5.875;NaN;0.445;NaN
18VA17667_285;HL_0;44.6937;-63.6403;444023;5.44;13-dec-17;13:36:00;28.7675;7.9867;6.1955;6.697;2.28048;9.275;0.8305;6.855;NaN;0.42;6.533
18VA17667_285;HL_0;44.6937;-63.6403;444024;1.38;13-dec-17;13:35:00;25.4061;6.6046;6.8501;6.734;1.60072;11.165;0.8635;7.67;NaN;0.44;NaN
18VA17667_295;HL_0;44.6937;-63.6403;444025;60.69;20-dec-17;13:33:00;31.6206;5.8511;4.8461;6.541;0.10623;14.785;1.399;9.72;31.546;0.27;5.0075
18VA17667_295;HL_0;44.6937;-63.6403;444026;10.39;20-dec-17;13:31:00;30.8018;8.2965;4.5305;6.344;0.83325;10.225;1.0705;8.17;NaN;0.56;NaN
18VA17667_295;HL_0;44.6937;-63.6403;444027;5.35;20-dec-17;13:31:00;30.1426;8.2375;5.3206;6.33;3.1818;8.025;0.8955;6.19;NaN;0.415;5.769
18VA17667_295;HL_0;44.6937;-63.6403;444028;1.39;20-dec-17;13:30:00;27.2881;5.6238;6.4215;6.371;1.88578;11.29;0.984;7.18;NaN;0.45;NaN
18VA17667_304;HL_0;44.6937;-63.6403;434835;60.78;08-feb-17;13:32:00;31.0551;4.6285;2.8729;7.089;0.08737;36.34;2.97;16.26333;31.104;0.23667;2.5735
18VA17667_304;HL_0;44.6937;-63.6403;434836;10.59;08-feb-17;13:30:00;30.1919;2.3305;7.0201;7.081;0.49032;10.41333;0.975;7.40667;NaN;0.23;NaN
18VA17667_304;HL_0;44.6937;-63.6403;434837;5.62;08-feb-17;13:30:00;30.1837;2.3098;7.0299;7.081;0.51075;10.47667;0.95933;7.39;NaN;0.23667;7.3
18VA17667_304;HL_0;44.6937;-63.6403;434838;1.94;08-feb-17;13:30:00;30.1764;2.3116;7.0193;7.083;0.47806;10.52667;0.974;7.45;NaN;0.24333;NaN
18VA17667_315;HL_0;44.6937;-63.6403;434839;60.68;15-feb-17;13:51:00;30.9045;3.817;4.6839;7.707;0.10436;21.73;1.75767;11.73;30.945;0.18667;4.8895
18VA17667_315;HL_0;44.6937;-63.6403;434840;10.53;15-feb-17;13:50:00;30.4005;1.9885;6.9334;7.744;0.55161;12.9;1.11967;8.26;NaN;0.21333;NaN
18VA17667_315;HL_0;44.6937;-63.6403;434841;5.5;15-feb-17;13:50:00;30.3446;1.8361;7.0101;7.74;0.51892;12.89333;1.12167;8.24667;NaN;0.2;7.0435
18VA17667_315;HL_0;44.6937;-63.6403;434842;1.83;15-feb-17;13:50:00;30.2827;1.8614;6.9316;7.737;0.34731;13.32667;1.14067;8.25333;NaN;0.20667;NaN
18VA17667_326;HL_0;44.6937;-63.6403;434843;60.76;22-feb-17;13:19:00;30.7564;2.4359;6.2314;7.728;0.22064;18.99667;1.59467;9.57;30.849;0.22667;5.8415
18VA17667_326;HL_0;44.6937;-63.6403;434844;10.56;22-feb-17;13:18:00;30.3194;1.7191;7.0995;7.657;1.00867;12.67333;1.058;8.19667;NaN;0.24333;NaN
18VA17667_326;HL_0;44.6937;-63.6403;434845;5.6;22-feb-17;13:18:00;30.2673;1.8165;6.8669;7.644;1.92964;12.93;1.09033;7.99;NaN;0.25333;7.2925
18VA17667_326;HL_0;44.6937;-63.6403;434846;1.97;22-feb-17;13:17:00;30.127;1.7744;6.6492;7.635;0.40043;13.78;1.11867;8.18;NaN;0.24667;NaN
18VA17667_339;HL_0;44.6937;-63.6403;434847;60.62;01-mar-17;13:48:00;30.7364;2.2713;6.0489;7.768;0.20387;16.34333;1.39267;8.59333;30.793;0.24;6.351
18VA17667_339;HL_0;44.6937;-63.6403;434848;10.48;01-mar-17;13:46:00;30.1004;2.1404;7.1428;7.785;1.31566;11.75667;1.03067;7.98667;NaN;0.24667;NaN
18VA17667_339;HL_0;44.6937;-63.6403;434849;5.55;01-mar-17;13:45:00;29.4506;2.3484;7.231;7.79;2.41205;13.59;1.00667;8.70333;NaN;0.27333;7.7575
18VA17667_339;HL_0;44.6937;-63.6403;434850;1.81;01-mar-17;13:45:00;26.1243;3.0334;7.1553;7.847;2.8506;19.70333;0.85067;10.28333;NaN;0.29;NaN
