CTD;CTD;CTD;CTD;CTD;CTD;CTD;CTD;CTD;labo;labo;labo;labo;labo;labo;labo;labo;labo;labo;labo;calc;calc
Fichier;Station;Latitude;Longitude;Echantillon;zbouteille;Date;Heure;TEMP_XX;OXYM_01;Q_OXYM;CHL_XX;Q_CHL;NOx_01;Q_NOX;PO4_01;Q_PO4;Si_01;Q_Si;QCFF;N_P;N_Si
(nom);(nom/no);(degres);(degres);(no_unique);(dbar);(jj-mmm-yyyy);(GMT);(celsius);(mmol/m**3);((none));(mg/m**3);((none));(mmol/m**3);((none));(mmol/m**3);((none));(mmol/m**3);((none));((none));((none));((none))
18HU92037_355;CTD-01;42.2;-54.65;113317;0;18-sep-92;13:43:00;20.9;5.289;1;0.096;1;0.04;1;0.08;1;0.46;1;0;0.50;0.09
18HU92037_355;CTD-01;42.2;-54.65;113316;10;18-sep-92;13:43:00;20.9;5.333;1;0.096;1;0.05;1;0.06;1;0.53;1;0;0.83;0.09
18HU92037_355;CTD-01;42.2;-54.65;113315;20;18-sep-92;13:43:00;21.2;5.249;1;0.118;1;0.05;1;0.05;1;0.54;1;0;1.00;0.09
18HU92037_355;CTD-01;42.2;-54.65;113314;30;18-sep-92;13:43:00;21.1;5.525;1;0.147;1;0.02;1;0.09;1;0.48;1;0;0.22;0.04
18HU92037_355;CTD-01;42.2;-54.65;113313;40;18-sep-92;13:43:00;18.9;5.701;1;0.162;1;0.03;1;0.14;1;0.81;1;0;0.21;0.04
18HU92037_355;CTD-01;42.2;-54.65;113312;50;18-sep-92;13:43:00;16.4;5.727;1;0.199;1;0.04;1;0.15;1;0.97;1;0;0.27;0.04
18HU92037_355;CTD-01;42.2;-54.65;113311;60;18-sep-92;13:43:00;14.3;5.445;1;0.272;1;0.99;1;0.28;1;1.5;1;0;3.54;0.66
18HU92037_355;CTD-01;42.2;-54.65;113310;70;18-sep-92;13:43:00;13.1;5.165;1;0.147;1;4.14;1;0.39;1;2.17;1;0;10.62;1.91
18HU92037_355;CTD-01;42.2;-54.65;113309;80;18-sep-92;13:43:00;13.4;5.115;1;0.088;1;6.44;1;0.57;1;2.83;1;0;11.30;2.28
18HU92037_355;CTD-01;42.2;-54.65;113308;90;18-sep-92;13:43:00;13.2;4.79;1;0.059;1;6.58;1;0.49;1;2.64;1;0;13.43;2.49
18HU92037_355;CTD-01;42.2;-54.65;113307;100;18-sep-92;13:43:00;13;4.967;1;0.051;1;8.43;1;0.54;1;3.46;1;0;15.61;2.44
18HU92037_355;CTD-01;42.2;-54.65;113306;110;18-sep-92;13:43:00;12.8;4.994;1;0.029;1;8.24;1;0.57;1;3.34;1;0;14.46;2.47
18HU92037_355;CTD-01;42.2;-54.65;113305;120;18-sep-92;13:43:00;12.8;4.878;1;0.015;1;8.68;1;0.61;1;3.54;1;0;14.23;2.45
18HU92037_355;CTD-01;42.2;-54.65;113304;130;18-sep-92;13:43:00;12.7;4.748;1;0.007;1;9.9;1;0.71;1;4.06;1;0;13.94;2.44
18HU92037_355;CTD-01;42.2;-54.65;113303;140;18-sep-92;13:43:00;12.6;4.774;1;0.007;1;10.18;1;0.57;1;4.2;1;0;17.86;2.42
18HU92037_355;CTD-01;42.2;-54.65;113302;150;18-sep-92;13:43:00;12.4;4.802;1;0.007;1;10.75;1;0.95;1;4.51;1;0;11.32;2.38
18HU92037_355;CTD-01;42.2;-54.65;113301;200;18-sep-92;13:43:00;11.6;4.729;1;0.007;1;11.16;1;0.7;1;5.19;1;0;15.94;2.15
18HU92037_356;CTD-02;42.2;-54.65;113334;0;18-sep-92;15:45:00;NaN;5.358;1;NaN;9;0.01;1;NaN;9;0.59;1;0;NaN;0.02
18HU92037_356;CTD-02;42.2;-54.65;113333;10;18-sep-92;15:45:00;NaN;5.368;1;NaN;9;0.02;1;NaN;9;0.53;1;0;NaN;0.04
18HU92037_356;CTD-02;42.2;-54.65;113332;20;18-sep-92;15:45:00;NaN;5.604;1;NaN;9;0.01;1;NaN;9;0.51;1;0;NaN;0.02
18HU92037_356;CTD-02;42.2;-54.65;113331;30;18-sep-92;15:45:00;NaN;5.65;1;NaN;9;0.02;1;NaN;9;0.77;1;0;NaN;0.03
18HU92037_356;CTD-02;42.2;-54.65;113330;40;18-sep-92;15:45:00;NaN;5.663;1;NaN;9;0.65;1;NaN;9;0.84;1;0;NaN;0.77
18HU92037_356;CTD-02;42.2;-54.65;113329;50;18-sep-92;15:45:00;NaN;5.576;1;NaN;9;2.11;1;NaN;9;0.97;1;0;NaN;2.18
18HU92037_356;CTD-02;42.2;-54.65;113328;60;18-sep-92;15:45:00;NaN;4.92;1;NaN;9;2.99;1;NaN;9;1.03;1;0;NaN;2.90
18HU92037_356;CTD-02;42.2;-54.65;113327;70;18-sep-92;15:45:00;NaN;5;1;NaN;9;3.22;1;NaN;9;1.14;1;0;NaN;2.82
18HU92037_356;CTD-02;42.2;-54.65;113326;90;18-sep-92;15:45:00;NaN;3.558;1;NaN;9;3.82;1;NaN;9;1.36;1;0;NaN;2.81
18HU92037_356;CTD-02;42.2;-54.65;113325;100;18-sep-92;15:45:00;NaN;4.376;1;NaN;9;3.96;1;NaN;9;1.37;1;0;NaN;2.89
18HU92037_356;CTD-02;42.2;-54.65;113324;300;18-sep-92;15:45:00;NaN;4.35;1;NaN;9;21.64;1;1.22;1;13.01;1;0;17.74;1.66
18HU92037_356;CTD-02;42.2;-54.65;113323;500;18-sep-92;15:45:00;NaN;4.94;1;NaN;9;22.78;1;1.23;1;13.89;1;0;18.52;1.64
18HU92037_356;CTD-02;42.2;-54.65;113322;600;18-sep-92;15:45:00;NaN;5.498;1;NaN;9;21.44;1;1.24;1;13.42;1;0;17.29;1.60
18HU92037_356;CTD-02;42.2;-54.65;113321;700;18-sep-92;15:45:00;NaN;5.756;1;NaN;9;16.93;1;1.12;1;10.76;1;0;15.12;1.57
18HU92037_356;CTD-02;42.2;-54.65;113320;800;18-sep-92;15:45:00;NaN;5.787;1;NaN;9;18.35;1;1.08;1;11.24;1;0;16.99;1.63
18HU92037_356;CTD-02;42.2;-54.65;113319;900;18-sep-92;15:45:00;NaN;5.78;1;NaN;9;20.76;1;1.27;1;12.81;1;0;16.35;1.62
18HU92037_356;CTD-02;42.2;-54.65;113318;1000;18-sep-92;15:45:00;NaN;5.938;1;NaN;9;19.72;1;1.13;1;12.38;1;0;17.45;1.59
18HU92037_357;18;41.2;-49.55;112204;1;19-sep-92;11:35:00;24.8;NaN;9;0.16;1;0.06;1;0.16;1;1.12;1;0;0.38;0.05
18HU92037_357;18;41.2;-49.55;112205;40;19-sep-92;11:35:00;24.8;NaN;9;0.17;1;0.07;1;0.14;1;1.08;1;0;0.50;0.06
18HU92037_357;18;41.2;-49.55;112206;80;19-sep-92;11:35:00;23.4;NaN;9;0.54;1;1.93;1;0.16;1;1.21;1;0;12.06;1.60
18HU92037_358;CTD-03;41.17;-49.51;113351;0;19-sep-92;12:59:00;24.8;4.812;1;0.088;1;0.07;1;0.04;1;1.04;1;0;1.75;0.07
18HU92037_358;CTD-03;41.17;-49.51;113350;10;19-sep-92;12:59:00;24.8;4.834;1;0.096;1;0.05;1;0.03;1;0.95;1;0;1.67;0.05
18HU92037_358;CTD-03;41.17;-49.51;113349;20;19-sep-92;12:59:00;24.8;4.795;1;0.118;1;0.07;1;0.13;1;1.04;1;0;0.54;0.07
18HU92037_358;CTD-03;41.17;-49.51;113348;30;19-sep-92;12:59:00;24.8;4.826;1;0.11;1;0.05;1;0.11;1;0.96;1;0;0.45;0.05
18HU92037_358;CTD-03;41.17;-49.51;113347;40;19-sep-92;12:59:00;24.8;4.717;1;0.118;1;0.07;1;0.06;1;1;1;0;1.17;0.07
18HU92037_358;CTD-03;41.17;-49.51;113346;50;19-sep-92;12:59:00;24.8;4.744;1;0.125;1;0.06;1;0.15;1;1.06;1;0;0.40;0.06
18HU92037_358;CTD-03;41.17;-49.51;113345;60;19-sep-92;12:59:00;24.1;4.669;1;0.596;1;0.32;1;0.18;1;0.93;1;0;1.78;0.34
18HU92037_358;CTD-03;41.17;-49.51;113344;70;19-sep-92;12:59:00;23.6;4.392;1;0.346;1;1.74;1;0.2;1;1.15;1;0;8.70;1.51
18HU92037_358;CTD-03;41.17;-49.51;113343;80;19-sep-92;12:59:00;22.8;3.873;1;0.257;1;3.07;1;0.21;1;1.47;1;0;14.62;2.09
18HU92037_358;CTD-03;41.17;-49.51;113342;90;19-sep-92;12:59:00;22.4;4.192;1;0.191;1;2.89;1;0.22;1;1.29;1;0;13.14;2.24
18HU92037_358;CTD-03;41.17;-49.51;113341;100;19-sep-92;12:59:00;21.7;4.218;1;0.103;1;3.32;1;0.23;1;1.37;1;0;14.43;2.42
18HU92037_358;CTD-03;41.17;-49.51;113340;110;19-sep-92;12:59:00;21;4.123;1;0.11;1;3.64;1;0.17;1;1.48;1;0;21.41;2.46
18HU92037_358;CTD-03;41.17;-49.51;113339;120;19-sep-92;12:59:00;20.7;3.572;1;0.051;1;7.28;1;0.41;1;2.66;1;0;17.76;2.74
18HU92037_358;CTD-03;41.17;-49.51;113338;130;19-sep-92;12:59:00;20;3.86;1;0.044;1;5.33;1;0.33;1;1.97;1;0;16.15;2.71
18HU92037_358;CTD-03;41.17;-49.51;113337;140;19-sep-92;12:59:00;19.9;3.647;1;0.029;1;7.38;1;0.44;1;2.6;1;0;16.77;2.84
18HU92037_358;CTD-03;41.17;-49.51;113336;150;19-sep-92;12:59:00;19.3;4.322;1;0.022;1;9.19;1;0.53;1;3.76;1;0;17.34;2.44
18HU92037_358;CTD-03;41.17;-49.51;113335;200;19-sep-92;12:59:00;15.6;4.175;1;0.022;1;8.88;1;0.51;1;3.58;1;0;17.41;2.48
18HU92037_359;390;43;-49.5;99469;1;18-oct-92;11:04:00;5.4;NaN;9;3.05;1;0;1;NaN;9;0.56;1;0;NaN;0.00
18HU92037_359;390;43;-49.5;99470;10;18-oct-92;11:04:00;5.4;NaN;9;2.91;1;0;1;NaN;9;0.47;1;0;NaN;0.00
18HU92037_359;390;43;-49.5;99471;20;18-oct-92;11:04:00;5.4;NaN;9;4.83;1;0.04;1;NaN;9;0.46;1;0;NaN;0.09
18HU92037_360;CTD-82;42.99;-49.52;114426;0;18-oct-92;12:06:00;5.3;8.041;1;1.875;1;0.1;1;0.34;1;0.56;1;0;0.29;0.18
18HU92037_360;CTD-82;42.99;-49.52;114425;5;18-oct-92;12:06:00;5.3;8.1;1;1.919;1;0.02;1;0.25;1;0.55;1;0;0.08;0.04
18HU92037_360;CTD-82;42.99;-49.52;114424;10;18-oct-92;12:06:00;5.3;8.032;1;2.221;1;0.06;1;0.21;1;0.51;1;0;0.29;0.12
18HU92037_360;CTD-82;42.99;-49.52;114423;15;18-oct-92;12:06:00;5.3;8.102;1;2.471;1;0.01;1;0.27;1;0.48;1;0;0.04;0.02
18HU92037_360;CTD-82;42.99;-49.52;114422;20;18-oct-92;12:06:00;5.4;7.861;1;2.537;1;0.06;1;0.28;1;0.66;1;0;0.21;0.09
18HU92037_360;CTD-82;42.99;-49.52;114421;25;18-oct-92;12:06:00;5.5;7.669;1;3.309;1;0.12;7;0.25;1;0.94;1;512;0.48;0.13
18HU92037_360;CTD-82;42.99;-49.52;114420;30;18-oct-92;12:06:00;5.5;6.477;1;0.096;1;12.22;7;0.9;1;9.18;1;512;13.58;1.33
18HU92037_360;CTD-82;42.99;-49.52;114419;35;18-oct-92;12:06:00;4.5;7.302;1;3.015;1;2.02;7;0.41;1;2.6;1;512;4.93;0.78
18HU92037_360;CTD-82;42.99;-49.52;114418;40;18-oct-92;12:06:00;4.4;6.771;1;1.89;1;2.67;1;0.35;1;2.98;1;0;7.63;0.90
18HU92037_360;CTD-82;42.99;-49.52;114417;50;18-oct-92;12:06:00;3.6;7.101;1;1.125;1;5.34;1;0.65;1;5.22;1;0;8.22;1.02
18HU92037_360;CTD-82;42.99;-49.52;114416;60;18-oct-92;12:06:00;2;7.038;1;0.971;1;7.82;1;0.69;1;7.28;1;0;11.33;1.07
18HU92037_360;CTD-82;42.99;-49.52;114415;70;18-oct-92;12:06:00;1.6;6.848;1;0.551;1;9.91;1;0.8;1;8.71;1;0;12.39;1.14
18HU92037_360;CTD-82;42.99;-49.52;114414;80;18-oct-92;12:06:00;1.6;6.588;1;0.353;1;10.3;1;0.75;1;9.09;1;0;13.73;1.13
18HU92037_360;CTD-82;42.99;-49.52;114413;90;18-oct-92;12:06:00;1.7;6.735;1;0.243;1;11.26;1;0.94;1;9.39;1;0;11.98;1.20
18HU92037_360;CTD-82;42.99;-49.52;114412;100;18-oct-92;12:06:00;2;6.709;1;0.103;1;13.72;1;1.03;1;10.64;1;0;13.32;1.29
18HU92037_360;CTD-82;42.99;-49.52;114411;150;18-oct-92;12:06:00;2.8;6.624;1;0.029;1;15.05;1;1.09;1;10.28;1;0;13.81;1.46
18HU92037_360;CTD-82;42.99;-49.52;114410;200;18-oct-92;12:06:00;3.1;6.437;1;0.022;1;16.31;1;1.14;1;11.54;1;0;14.31;1.41
18HU92037_361;CTD-83;43;-49.5;114427;300;18-oct-92;14:10:00;NaN;6.58;1;NaN;9;16.87;1;1.16;1;12.02;1;0;14.54;1.40
18HU92037_362;CTD-84;43.18;-51.03;114449;0;18-oct-92;23:16:00;NaN;NaN;9;0.287;1;0.04;1;0.25;1;0.57;1;0;0.16;0.07
18HU92037_362;CTD-84;43.18;-51.03;114448;10;18-oct-92;23:16:00;NaN;NaN;9;0.294;1;0.06;1;0.27;1;0.62;1;0;0.22;0.10
18HU92037_362;CTD-84;43.18;-51.03;114447;20;18-oct-92;23:16:00;NaN;NaN;9;0.346;1;0.06;1;0.23;1;0.77;1;0;0.26;0.08
18HU92037_362;CTD-84;43.18;-51.03;114446;30;18-oct-92;23:16:00;NaN;NaN;9;0.478;1;0.04;1;0.29;1;1.04;1;0;0.14;0.04
18HU92037_362;CTD-84;43.18;-51.03;114445;40;18-oct-92;23:16:00;NaN;NaN;9;0.309;1;0.36;1;0.52;1;2.52;1;0;0.69;0.14
18HU92037_362;CTD-84;43.18;-51.03;114444;50;18-oct-92;23:16:00;NaN;NaN;9;0.243;1;1.32;1;0.87;1;5.29;1;0;1.52;0.25
18HU92037_362;CTD-84;43.18;-51.03;114443;60;18-oct-92;23:16:00;NaN;NaN;9;0.096;1;2.32;1;1.05;1;9.47;1;0;2.21;0.24
18HU92037_362;CTD-84;43.18;-51.03;114442;70;18-oct-92;23:16:00;NaN;NaN;9;0.088;1;2.71;1;1.05;1;8.22;1;0;2.58;0.33
18HU92037_362;CTD-84;43.18;-51.03;114441;80;18-oct-92;23:16:00;NaN;NaN;9;0.125;1;4.41;1;1.22;1;11.03;1;0;3.61;0.40
18HU92037_362;CTD-84;43.18;-51.03;114440;90;18-oct-92;23:16:00;NaN;NaN;9;0.132;1;6.82;1;1.31;1;12.69;1;0;5.21;0.54
18HU92037_362;CTD-84;43.18;-51.03;114439;100;18-oct-92;23:16:00;NaN;NaN;9;0.081;1;14.69;1;1.41;2;13.75;2;2048;10.42;1.07
18HU92037_363;399;43.57;-54.35;99472;1;19-oct-92;11:06:00;16.2;NaN;9;0.36;1;0;7;0.12;1;0.85;1;32;0.00;0.00
18HU92037_363;399;43.57;-54.35;99473;20;19-oct-92;11:06:00;16.2;NaN;9;0.34;1;0;7;0.18;1;0.87;1;32;0.00;0.00
18HU92037_363;399;43.57;-54.35;99474;40;19-oct-92;11:06:00;14;NaN;9;0.47;1;NaN;9;NaN;9;NaN;9;0;NaN;NaN
18HU92037_364;CTD-85;43.57;-54.35;114466;0;19-oct-92;11:07:00;16.1;7.149;1;0.243;1;0;1;0.02;1;0.89;1;0;0.00;0.00
18HU92037_364;CTD-85;43.57;-54.35;114465;10;19-oct-92;11:07:00;16.1;7.226;1;0.243;1;0;1;0.04;1;0.78;1;0;0.00;0.00
18HU92037_364;CTD-85;43.57;-54.35;114464;20;19-oct-92;11:07:00;16.2;7.237;1;0.25;1;0;1;0;1;0.78;1;0;NaN;0.00
18HU92037_364;CTD-85;43.57;-54.35;114463;30;19-oct-92;11:07:00;16.6;7.038;1;0.404;1;0.01;1;0.02;1;0.97;1;0;0.50;0.01
18HU92037_364;CTD-85;43.57;-54.35;114462;40;19-oct-92;11:07:00;17.2;7.271;1;0.449;1;0.38;1;0.23;1;1.98;1;0;1.65;0.19
18HU92037_364;CTD-85;43.57;-54.35;114461;50;19-oct-92;11:07:00;13.4;6.395;1;0.154;1;3.88;1;0.38;1;2.98;1;0;10.21;1.30
18HU92037_364;CTD-85;43.57;-54.35;114460;60;19-oct-92;11:07:00;13.4;6.088;1;0.088;1;5.85;1;0.34;1;3.5;1;0;17.21;1.67
18HU92037_364;CTD-85;43.57;-54.35;114459;70;19-oct-92;11:07:00;13.1;6.135;1;0.059;1;6.06;1;0.45;1;3.52;1;0;13.47;1.72
18HU92037_364;CTD-85;43.57;-54.35;114458;80;19-oct-92;11:07:00;12.7;5.999;1;0.037;1;7.81;1;0.52;1;4.14;1;0;15.02;1.89
18HU92037_364;CTD-85;43.57;-54.35;114457;90;19-oct-92;11:07:00;12.8;6.195;1;0.029;1;9.38;1;0.56;1;4.82;1;0;16.75;1.95
18HU92037_364;CTD-85;43.57;-54.35;114456;100;19-oct-92;11:07:00;12.5;6.128;1;0.015;1;8.56;1;0.52;1;4.37;1;0;16.46;1.96
18HU92037_364;CTD-85;43.57;-54.35;114455;110;19-oct-92;11:07:00;12.5;6.08;1;0.015;1;8.56;1;0.54;1;4.54;1;0;15.85;1.89
18HU92037_364;CTD-85;43.57;-54.35;114454;120;19-oct-92;11:07:00;12.2;6.163;1;0.015;1;8.49;1;0.53;1;4.57;1;0;16.02;1.86
18HU92037_364;CTD-85;43.57;-54.35;114453;130;19-oct-92;11:07:00;11.9;6.089;1;0.015;1;10.01;1;0.57;1;5.23;1;0;17.56;1.91
18HU92037_364;CTD-85;43.57;-54.35;114452;140;19-oct-92;11:07:00;11.9;6.039;1;0.007;1;11.37;1;0.71;1;5.97;1;0;16.01;1.90
18HU92037_364;CTD-85;43.57;-54.35;114451;150;19-oct-92;11:07:00;12;5.894;1;0.007;1;9.99;1;0.67;1;5.35;1;0;14.91;1.87
18HU92037_364;CTD-85;43.57;-54.35;114450;200;19-oct-92;11:07:00;11.9;4.649;1;0.007;1;17.31;1;1.06;1;9.5;1;0;16.33;1.82
18HU92037_365;CTD-86;43.58;-54.36;114474;200;19-oct-92;12:27:00;11.6;5.476;1;NaN;9;13.12;1;NaN;9;6.36;1;0;NaN;2.06
18HU92037_365;CTD-86;43.58;-54.36;114473;300;19-oct-92;12:27:00;9.3;4.811;1;NaN;9;13.19;1;NaN;9;7.66;1;0;NaN;1.72
18HU92037_365;CTD-86;43.58;-54.36;114472;500;19-oct-92;12:27:00;6.6;5.564;1;NaN;9;16.62;1;NaN;9;10.4;1;0;NaN;1.60
18HU92037_365;CTD-86;43.58;-54.36;114471;600;19-oct-92;12:27:00;5.8;NaN;9;NaN;9;NaN;9;NaN;9;NaN;9;0;NaN;NaN
18HU92037_365;CTD-86;43.58;-54.36;114470;700;19-oct-92;12:27:00;5.3;6.562;1;NaN;9;12.29;1;NaN;9;8.28;1;0;NaN;1.48
18HU92037_365;CTD-86;43.58;-54.36;114469;800;19-oct-92;12:27:00;4.9;6.972;1;NaN;9;15.73;1;NaN;9;10.31;1;0;NaN;1.53
18HU92037_365;CTD-86;43.58;-54.36;114468;900;19-oct-92;12:27:00;4.6;7.178;1;NaN;9;20.14;1;0.84;1;12.27;1;0;23.98;1.64
18HU92037_365;CTD-86;43.58;-54.36;114467;1000;19-oct-92;12:27:00;4.4;7.337;1;NaN;9;22.11;1;0.86;1;14.16;1;0;25.71;1.56
