CTD;CTD;CTD;CTD;CTD;CTD;CTD;CTD;CTD;CTD;CTD;CTD;CTD;labo;labo;labo;labo;labo;labo;labo;labo;labo;labo;labo;labo;labo;labo;labo;labo;labo;labo;labo;labo;labo;labo;labo;calc;calc
Fichier;Station;Latitude;Longitude;Echantillon;zbouteille;Date;Heure;PRES;PSAL;TEMP_XX;DOXY;PHPH;CHL_01;Q_CHL;PSAL_BS;Q_PSAL;OXY_02;Q_OXY;NO2_01;Q_NO2;NO2_01;Q_NO2;NOx_01;Q_NOX;NOx_01;Q_NOX;PO4_01;Q_PO4;PO4_01;Q_PO4;Si_01;Q_Si;Si_01;Q_Si;QCFF;N_P;N_Si
(nom);(nom/no);(degres);(degres);(no_unique);(dbar);(jj-mmm-yyyy);(GMT);(dbar);(psu);(celsius);(ml/l);((none));(mg/m**3);((none));(PSU);((none));(ml/l);((none));(mmol/m**3);((none));(mmol/m**3);((none));(mmol/m**3);((none));(mmol/m**3);((none));(mmol/m**3);((none));(mmol/m**3);((none));(mmol/m**3);((none));(mmol/m**3);((none));((none));((none));((none))
18HU18008_284;STN27;47.5527;-52.58474;446752;6.01;28-apr-18;17:43:00;6.01;31.8996;0.9509;8.612;8.222;4.90466;1;31.905;1;9;1;0;1;NaN;9;0;1;NaN;9;0.374;1;NaN;9;0.035;1;NaN;9;0;0.00;0.00
18HU18008_284;STN27;47.55254;-52.58476;446751;10.66;28-apr-18;17:42:00;10.669;31.8997;0.9397;8.5999;8.212;4.46543;1;31.903;1;9;1;0;1;NaN;9;0;1;NaN;9;0.3705;1;NaN;9;0;1;NaN;9;0;0.00;NaN
18HU18008_284;STN27;47.55242;-52.58483;446750;20.14;28-apr-18;17:41:00;20.148;31.8996;0.8817;8.6106;8.203;5.12427;1;31.899;1;9;1;0;1;NaN;9;0;1;NaN;9;0.3425;1;NaN;9;0;1;NaN;9;0;0.00;NaN
18HU18008_284;STN27;47.55232;-52.58486;446749;29.63;28-apr-18;17:40:00;29.638;31.9185;0.4276;8.5171;8.181;5.85631;1;31.925;1;8.9;1;0;1;NaN;9;0;1;NaN;9;0.323;1;NaN;9;0.1;1;NaN;9;0;0.00;0.00
18HU18008_284;STN27;47.55222;-52.58492;446748;39.6;28-apr-18;17:39:00;39.605;31.9868;-0.461;8.4412;8.165;7.02757;1;31.973;1;8.8;1;0;1;NaN;9;0.17088;1;NaN;9;0.4205;1;NaN;9;0.38;1;NaN;9;0;0.41;0.45
18HU18008_284;STN27;47.55206;-52.5848;446746;49.22;28-apr-18;17:37:00;49.225;32.0841;-0.7801;8.3601;8.156;NaN;9;32.071;1;8.7;1;NaN;9;NaN;9;NaN;9;NaN;9;NaN;9;NaN;9;NaN;9;NaN;9;0;NaN;NaN
18HU18008_284;STN27;47.55208;-52.58482;446747;49.24;28-apr-18;17:37:00;49.243;32.0829;-0.7761;8.3558;8.156;NaN;9;32.08;1;8.7;1;NaN;9;NaN;9;NaN;9;NaN;9;NaN;9;NaN;9;NaN;9;NaN;9;0;NaN;NaN
18HU18008_284;STN27;47.55204;-52.58478;446744;49.25;28-apr-18;17:37:00;49.251;32.0852;-0.7817;8.3561;8.157;NaN;9;32.087;1;8.7335;1;NaN;9;NaN;9;NaN;9;NaN;9;NaN;9;NaN;9;NaN;9;NaN;9;0;NaN;NaN
18HU18008_284;STN27;47.55202;-52.58478;446743;49.29;28-apr-18;17:37:00;49.298;32.0896;-0.7879;8.3546;8.157;8.49165;1;32.083;1;NaN;9;0;1;NaN;9;0.49128;1;NaN;9;0.4635;1;NaN;9;0.76;1;NaN;9;0;1.06;0.65
18HU18008_284;STN27;47.55206;-52.5848;446745;49.59;28-apr-18;17:37:00;49.597;32.0838;-0.7747;8.3501;8.157;NaN;9;NaN;9;NaN;9;NaN;9;NaN;9;NaN;9;NaN;9;NaN;9;NaN;9;NaN;9;NaN;9;0;NaN;NaN
18HU18008_284;STN27;47.5518;-52.58494;446742;75.83;28-apr-18;17:35:00;75.833;32.1628;-0.9804;8.3886;8.152;5.34388;1;32.167;1;8.8;1;0;1;NaN;9;0.49662;1;NaN;9;0.4545;1;NaN;9;1.085;1;NaN;9;0;1.09;0.46
18HU18008_284;STN27;47.55151;-52.58502;446738;99.29;28-apr-18;17:33:00;99.298;32.1908;-1.0846;8.3009;8.124;NaN;9;32.208;1;8.7;1;NaN;9;NaN;9;NaN;9;NaN;9;NaN;9;NaN;9;NaN;9;NaN;9;0;NaN;NaN
18HU18008_284;STN27;47.55156;-52.58504;446741;99.48;28-apr-18;17:34:00;99.485;32.1907;-1.0819;8.2898;8.129;NaN;9;32.198;1;NaN;9;NaN;9;NaN;9;NaN;9;NaN;9;NaN;9;NaN;9;NaN;9;NaN;9;0;NaN;NaN
18HU18008_284;STN27;47.55152;-52.58502;446739;99.59;28-apr-18;17:34:00;99.595;32.1903;-1.0814;8.2884;8.125;NaN;9;32.202;1;8.675;1;NaN;9;NaN;9;NaN;9;NaN;9;NaN;9;NaN;9;NaN;9;NaN;9;0;NaN;NaN
18HU18008_284;STN27;47.55148;-52.58502;446736;99.61;28-apr-18;17:33:00;99.614;32.19;-1.0821;8.2869;8.121;6.00272;1;32.207;1;NaN;9;0;1;NaN;9;1.602;1;NaN;9;0.5425;1;NaN;9;2.06;1;NaN;9;0;2.95;0.78
18HU18008_284;STN27;47.55154;-52.58502;446740;99.81;28-apr-18;17:34:00;99.81;32.1902;-1.0816;8.2879;8.129;NaN;9;32.202;1;8.7;1;NaN;9;NaN;9;NaN;9;NaN;9;NaN;9;NaN;9;NaN;9;NaN;9;0;NaN;NaN
18HU18008_284;STN27;47.5515;-52.58502;446737;99.82;28-apr-18;17:33:00;99.822;32.1905;-1.0838;8.283;8.124;NaN;9;32.209;1;8.6545;1;NaN;9;NaN;9;NaN;9;NaN;9;NaN;9;NaN;9;NaN;9;NaN;9;0;NaN;NaN
18HU18008_284;STN27;47.55122;-52.58504;446735;149.86;28-apr-18;17:32:00;149.864;32.673;-1.0246;7.2365;8.027;0.8845;1;32.706;1;7.6;1;0.05;1;NaN;9;8.58672;1;NaN;9;0.9035;1;NaN;9;10.25;1;NaN;9;0;9.50;0.84
18HU18008_284;STN27;47.55102;-52.58518;446731;164.56;28-apr-18;17:30:00;164.562;32.7524;-0.8954;7.1226;8.013;NaN;9;32.758;1;7.3875;1;NaN;9;NaN;9;NaN;9;NaN;9;NaN;9;NaN;9;NaN;9;NaN;9;0;NaN;NaN
18HU18008_284;STN27;47.55102;-52.58518;446732;164.66;28-apr-18;17:30:00;164.665;32.7519;-0.8957;7.1173;8.012;NaN;9;32.756;1;7.4615;1;NaN;9;NaN;9;NaN;9;NaN;9;NaN;9;NaN;9;NaN;9;NaN;9;0;NaN;NaN
18HU18008_284;STN27;47.55103;-52.58518;446733;164.75;28-apr-18;17:30:00;164.757;32.7516;-0.8968;7.1298;8.012;NaN;9;32.75586;1;7.5;1;NaN;9;NaN;9;NaN;9;NaN;9;NaN;9;NaN;9;NaN;9;NaN;9;0;NaN;NaN
18HU18008_284;STN27;47.551;-52.5852;446730;164.86;28-apr-18;17:30:00;164.868;32.7517;-0.8956;7.1218;8.016;NaN;9;32.756;1;7.5;1;NaN;9;NaN;9;NaN;9;NaN;9;NaN;9;NaN;9;NaN;9;NaN;9;0;NaN;NaN
18HU18008_284;STN27;47.55104;-52.58518;446734;164.93;28-apr-18;17:30:00;164.93;32.7509;-0.8976;7.1149;8.012;NaN;9;NaN;9;NaN;9;NaN;9;NaN;9;NaN;9;NaN;9;NaN;9;NaN;9;NaN;9;NaN;9;0;NaN;NaN
18HU18008_284;STN27;47.55098;-52.5852;446729;165.19;28-apr-18;17:30:00;165.192;32.7514;-0.8976;7.1225;8.016;NaN;9;32.757;1;NaN;9;0.06;1;NaN;9;8.74692;1;NaN;9;0.914;1;NaN;9;10.75;1;NaN;9;0;9.57;0.81
18HU18008_121;HL_07;42.51;-61.34172;438144;3.68;16-may-18;00:55:00;3.686;35.7532;15.5784;5.8519;NaN;1.54154;1;NaN;9;6.2;1;NaN;9;0.03;1;NaN;9;0.345;1;NaN;9;0.13;1;NaN;9;0.2;1;0;2.65;1.72
18HU18008_121;HL_07;42.50992;-61.34192;438143;9.53;16-may-18;00:54:00;9.536;35.7531;15.6349;5.8727;NaN;1.48958;1;NaN;9;6.2;1;NaN;9;0.025;1;NaN;9;0.285;1;NaN;9;0.1225;1;NaN;9;0.185;1;0;2.33;1.54
18HU18008_121;HL_07;42.50984;-61.3421;438142;19.27;16-may-18;00:53:00;19.274;35.7491;15.398;5.7525;NaN;1.14316;1;NaN;9;NaN;9;NaN;9;0.11;1;NaN;9;0.91;1;NaN;9;0.124;1;NaN;9;0.445;1;0;7.34;2.04
18HU18008_121;HL_07;42.5098;-61.3422;438141;29;16-may-18;00:53:00;29.002;35.749;15.3038;5.6121;NaN;0.76211;1;35.751;1;7.9;7;NaN;9;0.155;1;NaN;9;1.38;1;NaN;9;0.16;1;NaN;9;0.63;1;256;8.63;2.19
18HU18008_121;HL_07;42.50976;-61.34236;438140;49.18;16-may-18;00:52:00;49.186;35.7419;14.9705;5.4081;NaN;0.30495;1;35.742;1;5.7;1;NaN;9;0.31;1;NaN;9;3.265;1;NaN;9;0.282;1;NaN;9;1.225;1;0;11.58;2.67
18HU18008_121;HL_07;42.50972;-61.34254;438139;99.1;16-may-18;00:51:00;99.1;35.7218;13.9379;5.1259;NaN;0.03583;1;NaN;9;5.4;1;NaN;9;0.02;1;NaN;9;7.88;1;NaN;9;0.5055;1;NaN;9;2.945;1;0;15.59;2.68
18HU18008_121;HL_07;42.50966;-61.34275;438138;149.58;16-may-18;00:50:00;149.588;35.6916;13.7281;5.1683;NaN;NaN;9;NaN;9;5.5;1;NaN;9;0;1;NaN;9;8.07;1;NaN;9;0.5325;1;NaN;9;3.01;1;0;15.15;2.68
18HU18008_121;HL_07;42.5095;-61.3431;438137;249.68;16-may-18;00:48:00;249.683;35.6454;13.1319;3.7735;NaN;NaN;9;35.645;1;3.9;1;NaN;9;0;1;NaN;9;15.765;1;NaN;9;0.97;1;NaN;9;6.83;1;0;16.25;2.31
18HU18008_121;HL_07;42.5094;-61.34354;438136;368.84;16-may-18;00:46:00;368.845;35.2915;10.0605;2.9757;NaN;NaN;9;35.288;1;3.2;1;NaN;9;0;1;NaN;9;24.405;2;NaN;9;1.5075;1;NaN;9;13.34;1;2048;16.19;1.83
18HU18008_121;HL_07;42.5094;-61.34394;438135;509.79;16-may-18;00:43:00;509.796;35.0647;7.1459;3.8546;NaN;NaN;9;35.065;1;4.1;1;NaN;9;0;1;NaN;9;23.165;1;NaN;9;1.4705;1;NaN;9;14.31;1;0;15.75;1.62
18HU18008_121;HL_07;42.50934;-61.34416;438134;669.47;16-may-18;00:40:00;669.475;35.0237;5.5821;4.7829;NaN;NaN;9;35.024;1;5.1;1;NaN;9;0;1;NaN;9;20.295;1;NaN;9;1.3015;1;NaN;9;12.755;1;0;15.59;1.59
18HU18008_121;HL_07;42.50915;-61.34436;438133;849.28;16-may-18;00:37:00;849.285;34.983;4.7391;5.3813;NaN;NaN;9;34.983;1;5.7165;1;NaN;9;0;1;NaN;9;18.625;1;NaN;9;1.1995;1;NaN;9;11.545;1;0;15.53;1.61
18HU18008_121;HL_07;42.509;-61.3446;438132;1030.02;16-may-18;00:34:00;1030.029;34.9756;4.4355;5.5772;NaN;NaN;9;34.974;1;5.9;1;NaN;9;0;1;NaN;9;18.175;1;NaN;9;1.1715;1;NaN;9;11.245;1;0;15.51;1.62
18HU18008_121;HL_07;42.50902;-61.34475;438131;1208.32;16-may-18;00:31:00;1208.322;34.9534;4.1428;5.7338;NaN;NaN;9;34.952;1;6.1;1;NaN;9;0;1;NaN;9;17.835;1;NaN;9;1.1485;1;NaN;9;11.11;1;0;15.53;1.61
18HU18008_121;HL_07;42.50914;-61.34458;438130;1410.04;16-may-18;00:28:00;1410.047;34.9473;3.9888;5.7737;NaN;NaN;9;34.947;1;6.2;1;NaN;9;0;1;NaN;9;17.805;1;NaN;9;1.1485;1;NaN;9;11.38;1;0;15.50;1.56
18HU18008_121;HL_07;42.50894;-61.3447;438129;1608.6;16-may-18;00:25:00;1608.609;34.968;3.9621;5.6649;NaN;NaN;9;34.96672;1;6.1;1;NaN;9;0;1;NaN;9;18.15;1;NaN;9;1.1845;1;NaN;9;12.5;1;0;15.32;1.45
18HU18008_121;HL_07;42.50878;-61.34505;438128;1829.69;16-may-18;00:21:00;1829.698;34.9608;3.7741;5.6782;NaN;NaN;9;34.96;1;6.1;1;NaN;9;0;1;NaN;9;18.14;1;NaN;9;1.1845;1;NaN;9;13.225;1;0;15.31;1.37
18HU18008_121;HL_07;42.5086;-61.34524;438127;2058.53;16-may-18;00:18:00;2058.536;34.9484;3.5356;5.7178;NaN;NaN;9;34.946;1;6.2;1;NaN;9;0;1;NaN;9;18.005;1;NaN;9;1.177;1;NaN;9;14.1;1;0;15.30;1.28
18HU18008_121;HL_07;42.5084;-61.34542;438126;2278.77;16-may-18;00:14:00;2278.778;34.94;3.2871;5.7419;NaN;NaN;9;34.939;1;6.2;1;NaN;9;0;1;NaN;9;17.91;1;NaN;9;1.179;1;NaN;9;15.28;1;0;15.19;1.17
18HU18008_121;HL_07;42.5082;-61.34564;438125;2499.85;16-may-18;00:11:00;2499.855;34.9328;3.0737;5.7655;NaN;NaN;9;34.931;1;6.3;1;NaN;9;0;1;NaN;9;17.65;1;NaN;9;1.184;1;NaN;9;16.05;1;0;14.91;1.10
18HU18008_121;HL_07;42.50802;-61.34598;438124;2660.67;16-may-18;00:08:00;2660.679;34.9261;2.8695;5.7979;NaN;NaN;9;34.925;1;6.3;1;NaN;9;0;1;NaN;9;17.38;1;NaN;9;1.163;1;NaN;9;16.66;1;0;14.94;1.04
18HU18008_121;HL_07;42.508;-61.34614;438123;2799.12;16-may-18;00:05:00;2799.128;34.9231;2.7848;5.8113;NaN;NaN;9;34.921;1;6.3;1;NaN;9;0;1;NaN;9;17.255;1;NaN;9;1.1775;1;NaN;9;16.86;1;0;14.65;1.02
18HU18008_121;HL_07;42.50812;-61.34622;438122;2919.99;16-may-18;00:03:00;2919.99;34.9218;2.7549;5.8219;NaN;NaN;9;34.92;1;6.3;1;NaN;9;0;1;NaN;9;17.24;1;NaN;9;1.19;1;NaN;9;17.04;1;0;14.49;1.01
18HU18008_121;HL_07;42.5082;-61.34642;438121;3020.1;16-may-18;00:00:00;3020.108;34.9163;2.5882;5.8417;NaN;NaN;9;34.914;1;6.3;1;NaN;9;0;1;NaN;9;17.065;1;NaN;9;1.2155;1;NaN;9;17.78;1;0;14.04;0.96
18HU18008_123;HL_08;42.3936;-61.29082;438173;3.41;16-may-18;06:00:00;3.412;35.7361;15.3933;6.2514;NaN;5.88194;1;NaN;9;6.6;1;NaN;9;0;1;NaN;9;0;1;NaN;9;0.1565;1;NaN;9;0;1;0;0.00;NaN
18HU18008_123;HL_08;42.3935;-61.29058;438172;24.35;16-may-18;05:59:00;24.358;35.7495;15.198;5.9383;NaN;6.10307;1;35.742;1;6.3;1;NaN;9;0.035;1;NaN;9;0.31;1;NaN;9;0.1585;1;NaN;9;0;1;0;1.96;NaN
18HU18008_123;HL_08;42.39342;-61.29036;438171;47.41;16-may-18;05:58:00;47.416;35.5779;14.0397;5.5222;NaN;0.26908;1;NaN;9;5.7;1;NaN;9;0.405;1;NaN;9;5.51;1;NaN;9;0.427;1;NaN;9;1.74;1;0;12.90;3.17
18HU18008_123;HL_08;42.3933;-61.29012;438170;100.74;16-may-18;05:56:00;100.74;35.5709;13.2452;5.1695;NaN;0.05846;1;35.572;1;NaN;9;NaN;9;0.03;1;NaN;9;8.215;1;NaN;9;0.56;1;NaN;9;2.93;1;0;14.67;2.80
18HU18008_123;HL_08;42.39296;-61.28993;438169;200.37;16-may-18;05:54:00;200.37;35.6156;13.2728;5.0768;NaN;NaN;9;35.624;1;5.4;1;NaN;9;0.01;1;NaN;9;9.19;1;NaN;9;0.5995;1;NaN;9;3.355;1;0;15.33;2.74
18HU18008_123;HL_08;42.39268;-61.28992;438168;350.25;16-may-18;05:51:00;350.255;35.3332;10.4691;2.9712;NaN;NaN;9;35.335;1;3.2;1;NaN;9;0;1;NaN;9;24.03;1;NaN;9;1.4775;1;NaN;9;12.765;1;0;16.26;1.88
18HU18008_123;HL_08;42.39237;-61.29014;438167;499.31;16-may-18;05:49:00;499.31;35.0911;7.3988;3.7354;NaN;NaN;9;35.084;1;4;1;NaN;9;0;1;NaN;9;23.74;1;NaN;9;1.508;1;NaN;9;14.485;1;0;15.74;1.64
18HU18008_123;HL_08;42.39236;-61.29024;438166;649.12;16-may-18;05:46:00;649.12;35.0209;5.7162;4.677;NaN;NaN;9;NaN;9;5;1;NaN;9;0;1;NaN;9;20.69;1;NaN;9;1.335;1;NaN;9;13.01;1;0;15.50;1.59
18HU18008_123;HL_08;42.39198;-61.28992;438165;811.59;16-may-18;05:42:00;811.597;34.9844;4.8068;5.3242;NaN;NaN;9;34.985;1;5.7;1;NaN;9;0;1;NaN;9;18.935;1;NaN;9;1.2175;1;NaN;9;11.7;1;0;15.55;1.62
18HU18008_123;HL_08;42.3917;-61.2898;438164;967.95;16-may-18;05:40:00;967.951;34.9653;4.4412;5.5757;NaN;NaN;9;34.965;1;5.9;1;NaN;9;0;1;NaN;9;18.215;1;NaN;9;1.189;1;NaN;9;11.255;1;0;15.32;1.62
18HU18008_123;HL_08;42.39156;-61.28952;438163;1139.56;16-may-18;05:37:00;1139.569;34.9554;4.2192;5.6932;NaN;NaN;9;34.956;1;6.088;1;NaN;9;0;1;NaN;9;18;1;NaN;9;1.17;1;NaN;9;11.19;1;0;15.38;1.61
18HU18008_123;HL_08;42.39124;-61.28916;438162;1320.15;16-may-18;05:33:00;1320.153;34.9496;4.052;5.7463;NaN;NaN;9;34.95;1;6.2;1;NaN;9;0;1;NaN;9;17.905;1;NaN;9;1.162;1;NaN;9;11.43;1;0;15.41;1.57
18HU18008_123;HL_08;42.39108;-61.28888;438161;1500.38;16-may-18;05:30:00;1500.38;34.9513;3.9455;5.7406;NaN;NaN;9;34.954;1;6.2;1;NaN;9;0;1;NaN;9;17.98;1;NaN;9;1.171;1;NaN;9;11.87;1;0;15.35;1.51
18HU18008_123;HL_08;42.39073;-61.2887;438160;1679.13;16-may-18;05:27:00;1679.136;34.9544;3.8515;5.7065;NaN;NaN;9;34.954;1;6.1;1;NaN;9;0;1;NaN;9;18.125;1;NaN;9;1.1735;1;NaN;9;12.605;1;0;15.45;1.44
18HU18008_123;HL_08;42.39068;-61.28862;438159;1860.33;16-may-18;05:24:00;1860.339;34.9536;3.7252;5.6931;NaN;NaN;9;34.95442;1;6.1;1;NaN;9;0;1;NaN;9;18.115;1;NaN;9;1.1765;1;NaN;9;13.36;1;0;15.40;1.36
18HU18008_123;HL_08;42.39026;-61.28836;438158;2039.48;16-may-18;05:20:00;2039.486;34.9507;3.5809;5.6962;NaN;NaN;9;34.951;1;6.1;1;NaN;9;0;1;NaN;9;18.195;1;NaN;9;1.1935;1;NaN;9;14.23;1;0;15.25;1.28
18HU18008_123;HL_08;42.39008;-61.28822;438157;2220.18;16-may-18;05:17:00;2220.181;34.9452;3.4102;5.709;NaN;NaN;9;34.946;1;NaN;9;NaN;9;0;1;NaN;9;18.165;1;NaN;9;1.187;1;NaN;9;15.21;1;0;15.30;1.19
18HU18008_123;HL_08;42.39004;-61.28826;438156;2421.71;16-may-18;05:14:00;2421.71;34.9386;3.2305;5.723;NaN;NaN;9;34.938;1;6.8;7;NaN;9;0;1;NaN;9;17.975;1;NaN;9;1.171;1;NaN;9;16.03;1;256;15.35;1.12
18HU18008_123;HL_08;42.38966;-61.28794;438155;2637.18;16-may-18;05:10:00;2637.181;34.9287;2.9829;5.7788;NaN;NaN;9;34.929;1;6.3;1;NaN;9;0;1;NaN;9;17.585;1;NaN;9;1.1515;1;NaN;9;16.345;1;0;15.27;1.08
18HU18008_123;HL_08;42.3894;-61.2878;438154;2848.94;16-may-18;05:06:00;2848.946;34.9218;2.7648;5.8222;NaN;NaN;9;34.921;1;6.3;1;NaN;9;0;1;NaN;9;17.38;1;NaN;9;1.134;1;NaN;9;17.01;1;0;15.33;1.02
18HU18008_123;HL_08;42.38898;-61.28754;438153;3050.56;16-may-18;05:03:00;3050.568;34.9166;2.6316;5.8358;NaN;NaN;9;34.917;1;6.4;1;NaN;9;0;1;NaN;9;17.22;1;NaN;9;1.121;1;NaN;9;17.45;1;0;15.36;0.99
18HU18008_123;HL_08;42.38886;-61.28734;438152;3199.22;16-may-18;05:00:00;3199.22;34.913;2.5326;5.8457;NaN;NaN;9;34.913;1;6.4;1;NaN;9;0;1;NaN;9;17.215;1;NaN;9;1.1345;1;NaN;9;18.28;1;0;15.17;0.94
18HU18008_123;HL_08;42.3887;-61.28718;438151;3349.41;16-may-18;04:57:00;3349.417;34.9098;2.4664;5.839;NaN;NaN;9;34.909;1;NaN;9;NaN;9;0;1;NaN;9;17.18;1;NaN;9;1.1195;1;NaN;9;18.795;1;0;15.35;0.91
18HU18008_123;HL_08;42.38848;-61.2871;438150;3450.71;16-may-18;04:55:00;3450.712;34.9025;2.3067;5.8289;NaN;NaN;9;34.902;1;6.4;1;NaN;9;0;1;NaN;9;17.485;1;NaN;9;1.206;1;NaN;9;21.455;1;0;14.50;0.81
18HU18008_129;HL_10;42.03571;-61.07108;438202;4.35;16-may-18;19:33:00;4.356;35.5738;15.8552;5.7807;NaN;1.95724;1;NaN;9;6.1;1;NaN;9;0;1;NaN;9;0.32;1;NaN;9;0.177;1;NaN;9;0.1;1;0;1.81;3.20
18HU18008_129;HL_10;42.03578;-61.07082;438201;25.46;16-may-18;19:32:00;25.46;35.5771;15.8315;5.735;NaN;1.90528;1;35.579;1;6.1;1;NaN;9;0.04;1;NaN;9;0.525;1;NaN;9;0.201;1;NaN;9;0.17;1;0;2.61;3.09
18HU18008_129;HL_10;42.0359;-61.07046;438200;50.37;16-may-18;19:31:00;50.378;35.7605;15.1166;5.1331;NaN;0.13579;1;NaN;9;5.5;1;NaN;9;0.75;1;NaN;9;4.88;1;NaN;9;0.415;1;NaN;9;1.62;1;0;11.76;3.01
18HU18008_129;HL_10;42.0361;-61.07009;438199;100.75;16-may-18;19:29:00;100.752;35.5845;13.4048;5.1679;NaN;0.05658;1;NaN;9;5.5;1;NaN;9;0.04;1;NaN;9;7.805;1;NaN;9;0.5835;1;NaN;9;2.82;1;0;13.38;2.77
18HU18008_129;HL_10;42.03592;-61.06982;438198;195.88;16-may-18;19:27:00;195.886;35.6147;13.161;4.6548;NaN;NaN;9;35.615;1;5;1;NaN;9;0;1;NaN;9;11.045;1;NaN;9;0.8015;1;NaN;9;4.495;1;0;13.78;2.46
18HU18008_129;HL_10;42.03537;-61.07008;438197;328.65;16-may-18;19:23:00;328.658;35.2734;9.989;3.056;NaN;NaN;9;35.276;1;3.3;1;NaN;9;0;1;NaN;9;23.78;1;NaN;9;1.5355;1;NaN;9;13.04;1;0;15.49;1.82
18HU18008_129;HL_10;42.03484;-61.07023;438196;499.2;16-may-18;19:20:00;499.2;35.109;7.0049;3.9873;NaN;NaN;9;35.109;1;4.2;1;NaN;9;0;1;NaN;9;22.9;1;NaN;9;1.4905;1;NaN;9;14.1;1;0;15.36;1.62
18HU18008_129;HL_10;42.0345;-61.07008;438195;649.89;16-may-18;19:17:00;649.892;35.0598;5.7421;4.7195;NaN;NaN;9;35.06;1;5.04;1;NaN;9;0;1;NaN;9;20.495;1;NaN;9;1.353;1;NaN;9;12.99;1;0;15.15;1.58
18HU18008_129;HL_10;42.03436;-61.06944;438194;850.79;16-may-18;19:12:00;850.795;35.0235;4.943;5.2459;NaN;NaN;9;35.025;1;5.6;1;NaN;9;0;1;NaN;9;19.11;1;NaN;9;1.283;1;NaN;9;12.08;1;0;14.89;1.58
18HU18008_129;HL_10;42.03398;-61.06936;438193;1051.21;16-may-18;19:07:00;1051.219;34.9861;4.428;5.5429;NaN;NaN;9;34.987;1;5.9;1;NaN;9;0;1;NaN;9;18.38;1;NaN;9;1.231;1;NaN;9;11.645;1;0;14.93;1.58
18HU18008_129;HL_10;42.03348;-61.06926;438192;1269.49;16-may-18;19:02:00;1269.492;34.9757;4.1582;5.6175;NaN;NaN;9;34.976;1;6;1;NaN;9;0;1;NaN;9;18.2;1;NaN;9;1.233;1;NaN;9;12.1;1;0;14.76;1.50
18HU18008_129;HL_10;42.03289;-61.06908;438191;1510.57;16-may-18;18:57:00;1510.571;34.9713;3.9764;5.6324;NaN;NaN;9;34.971;1;6.1;1;NaN;9;0;1;NaN;9;18.31;1;NaN;9;1.237;1;NaN;9;12.815;1;0;14.80;1.43
18HU18008_129;HL_10;42.03246;-61.06914;438190;1760.6;16-may-18;18:52:00;1760.607;34.9622;3.7389;5.6593;NaN;NaN;9;34.962;1;6.1;1;NaN;9;0;1;NaN;9;18.185;1;NaN;9;1.2355;1;NaN;9;13.825;1;0;14.72;1.32
18HU18008_129;HL_10;42.0324;-61.0697;438189;2019.53;16-may-18;18:47:00;2019.536;34.9534;3.5091;5.6783;NaN;NaN;9;34.95348;1;6.1;1;NaN;9;0;1;NaN;9;18.225;1;NaN;9;1.2525;1;NaN;9;15.12;1;0;14.55;1.21
18HU18008_129;HL_10;42.03234;-61.06896;438188;2279.72;16-may-18;18:42:00;2279.725;34.9477;3.3003;5.6826;NaN;NaN;9;34.948;1;6.2;1;NaN;9;0;1;NaN;9;18.305;1;NaN;9;1.2575;1;NaN;9;16.8;1;0;14.56;1.09
18HU18008_129;HL_10;42.03194;-61.06832;438187;2528.97;16-may-18;18:36:00;2528.975;34.9415;3.103;5.6803;NaN;NaN;9;34.941;1;NaN;9;NaN;9;0;1;NaN;9;18.29;1;NaN;9;1.256;1;NaN;9;18.46;1;0;14.56;0.99
18HU18008_129;HL_10;42.03154;-61.06776;438186;2768.09;16-may-18;18:32:00;2768.094;34.9294;2.8702;5.7439;NaN;NaN;9;34.928;1;6.3;1;NaN;9;0;1;NaN;9;17.86;1;NaN;9;1.251;1;NaN;9;18.5;1;0;14.28;0.97
18HU18008_129;HL_10;42.03162;-61.06734;438185;3001.21;16-may-18;18:28:00;3001.217;34.9214;2.7012;5.7988;NaN;NaN;9;34.921;1;6.3;1;NaN;9;0;1;NaN;9;17.56;1;NaN;9;1.277;1;NaN;9;18.71;1;0;13.75;0.94
18HU18008_129;HL_10;42.03148;-61.06675;438184;3222.51;16-may-18;18:23:00;3222.511;34.9129;2.5129;5.8269;NaN;NaN;9;34.913;1;6.4;1;NaN;9;0;1;NaN;9;17.48;1;NaN;9;1.235;1;NaN;9;19.69;1;0;14.15;0.89
18HU18008_129;HL_10;42.03158;-61.06618;438183;3421.55;16-may-18;18:19:00;3421.559;34.9066;2.391;5.8082;NaN;NaN;9;34.906;1;6.3;1;NaN;9;0;1;NaN;9;17.67;1;NaN;9;1.272;1;NaN;9;21.86;1;0;13.89;0.81
18HU18008_129;HL_10;42.03164;-61.06612;438182;3599.82;16-may-18;18:15:00;3599.821;34.9034;2.3242;5.8276;NaN;NaN;9;34.902;1;6.4;1;NaN;9;0;1;NaN;9;17.51;1;NaN;9;1.2565;1;NaN;9;21.84;1;0;13.94;0.80
18HU18008_129;HL_10;42.03158;-61.0667;438181;3799.87;16-may-18;18:12:00;3799.872;34.9006;2.2815;5.8133;NaN;NaN;9;34.899;1;6.4;1;NaN;9;0;1;NaN;9;17.59;1;NaN;9;1.274;1;NaN;9;22.715;1;0;13.81;0.77
18HU18008_129;HL_10;42.0317;-61.06709;438180;3998.85;16-may-18;18:08:00;3998.852;34.8967;2.2545;5.7595;NaN;NaN;9;34.895;1;6.3;1;NaN;9;0;1;NaN;9;18.085;1;NaN;9;1.326;1;NaN;9;25.635;1;0;13.64;0.71
18HU18008_129;HL_10;42.03178;-61.0671;438179;4140.54;16-may-18;18:05:00;4140.542;34.8924;2.2236;5.6777;NaN;NaN;9;34.892;1;6.2;1;NaN;9;0;1;NaN;9;18.6;1;NaN;9;1.382;1;NaN;9;29.02;2;2048;13.46;0.64
18HU18008_131;HL_12;41.4055;-60.6737;438231;1.38;17-may-18;03:31:00;1.385;35.6552;16.1383;5.7451;NaN;0.49331;1;NaN;9;6.1;1;NaN;9;0;1;NaN;9;0;1;NaN;9;0.144;1;NaN;9;0;1;0;0.00;NaN
18HU18008_131;HL_12;41.4055;-60.67359;438230;24.44;17-may-18;03:30:00;24.445;35.653;15.6482;5.8074;NaN;0.60094;1;35.655;1;6.1;1;NaN;9;0;1;NaN;9;0;1;NaN;9;0.1305;1;NaN;9;0;1;0;0.00;NaN
18HU18008_131;HL_12;41.40554;-60.67358;438229;49.79;17-may-18;03:29:00;49.79;35.6993;15.1194;5.4252;NaN;0.2332;1;NaN;9;5.7;1;NaN;9;0.26;1;NaN;9;1.91;1;NaN;9;0.287;1;NaN;9;0.58;1;0;6.66;3.29
18HU18008_131;HL_12;41.4056;-60.67364;438228;100.7;17-may-18;03:28:00;100.708;35.6023;12.913;4.1574;NaN;0.07355;1;35.603;1;4.4;1;NaN;9;0;1;NaN;9;14.55;1;NaN;9;0.939;1;NaN;9;6.17;1;0;15.50;2.36
18HU18008_131;HL_12;41.40592;-60.67357;438227;249.83;17-may-18;03:25:00;249.839;35.2981;10.1621;2.8769;NaN;NaN;9;35.602;7;3;1;NaN;9;0;1;NaN;9;24.885;1;NaN;9;1.568;1;NaN;9;13.59;1;256;15.87;1.83
18HU18008_131;HL_12;41.4061;-60.67348;438226;460.9;17-may-18;03:22:00;460.908;35.0952;6.648;4.2074;NaN;NaN;9;35.096;1;4.5;1;NaN;9;0;1;NaN;9;22.22;1;NaN;9;1.4485;1;NaN;9;13.86;1;0;15.34;1.60
18HU18008_131;HL_12;41.40636;-60.67336;438225;690.24;17-may-18;03:19:00;690.249;35.0297;5.2276;5.0821;NaN;NaN;9;35.029;1;5.4;1;NaN;9;0;1;NaN;9;19.455;1;NaN;9;1.2805;1;NaN;9;12.2;1;0;15.19;1.59
18HU18008_131;HL_12;41.40627;-60.673;438224;940.5;17-may-18;03:15:00;940.501;35.0019;4.571;5.461;NaN;NaN;9;35.001;1;5.8;1;NaN;9;0;1;NaN;9;18.67;1;NaN;9;1.2285;1;NaN;9;11.96;1;0;15.20;1.56
18HU18008_131;HL_12;41.40624;-60.67236;438223;1200.32;17-may-18;03:11:00;1200.324;34.9797;4.2113;5.5961;NaN;NaN;9;34.979;1;6;1;NaN;9;0;1;NaN;9;18.25;1;NaN;9;1.2125;1;NaN;9;12.155;1;0;15.05;1.50
18HU18008_131;HL_12;41.40608;-60.67196;438222;1470.14;17-may-18;03:07:00;1470.145;34.9701;3.9593;5.6357;NaN;NaN;9;34.971;1;6;1;NaN;9;0;1;NaN;9;18.21;1;NaN;9;1.206;1;NaN;9;12.82;1;0;15.10;1.42
18HU18008_131;HL_12;41.40618;-60.67136;438221;1750.99;17-may-18;03:02:00;1750.992;34.9581;3.6802;5.6863;NaN;NaN;9;34.959;1;6.1;1;NaN;9;0;1;NaN;9;18.21;1;NaN;9;1.208;1;NaN;9;13.84;1;0;15.07;1.32
18HU18008_131;HL_12;41.40658;-60.67126;438220;2040.38;17-may-18;02:58:00;2040.386;34.9525;3.4853;5.6902;NaN;NaN;9;34.95102;1;6.1;1;NaN;9;0;1;NaN;9;18.16;1;NaN;9;1.209;1;NaN;9;15.23;1;0;15.02;1.19
18HU18008_131;HL_12;41.40698;-60.67148;438219;2338.67;17-may-18;02:54:00;2338.67;34.9438;3.229;5.6988;NaN;NaN;9;34.943;1;6.2;1;NaN;9;0;1;NaN;9;18.125;1;NaN;9;1.208;1;NaN;9;16.845;1;0;15.00;1.08
18HU18008_131;HL_12;41.4073;-60.67188;438218;2629.64;17-may-18;02:49:00;2629.641;34.9395;3.0452;5.6835;NaN;NaN;9;34.937;1;6.2;1;NaN;9;0;1;NaN;9;18.315;1;NaN;9;1.2265;1;NaN;9;18.805;1;0;14.93;0.97
18HU18008_131;HL_12;41.40764;-60.67196;438217;2910.56;17-may-18;02:45:00;2910.564;34.9293;2.8199;5.7143;NaN;NaN;9;34.928;1;6.2;1;NaN;9;0;1;NaN;9;18.08;1;NaN;9;1.2245;1;NaN;9;20.08;1;0;14.77;0.90
18HU18008_131;HL_12;41.40768;-60.67122;438216;3177.45;17-may-18;02:41:00;3177.459;34.9186;2.6117;5.758;NaN;NaN;9;34.917;1;6.3;1;NaN;9;0;1;NaN;9;17.87;1;NaN;9;1.1995;1;NaN;9;20.81;1;0;14.90;0.86
18HU18008_131;HL_12;41.4077;-60.67068;438215;3441.06;17-may-18;02:37:00;3441.066;34.9085;2.4255;5.7666;NaN;NaN;9;34.906;1;6.3;1;NaN;9;0;1;NaN;9;18.09;1;NaN;9;1.2255;1;NaN;9;22.9;1;0;14.76;0.79
18HU18008_131;HL_12;41.40792;-60.67044;438214;3690.8;17-may-18;02:33:00;3690.805;34.9023;2.3282;5.7653;NaN;NaN;9;34.9;1;6.3;1;NaN;9;0;1;NaN;9;18.06;1;NaN;9;1.2205;1;NaN;9;24.15;1;0;14.80;0.75
18HU18008_131;HL_12;41.4085;-60.67044;438213;3930.37;17-may-18;02:29:00;3930.373;34.8958;2.2696;5.6972;NaN;NaN;9;34.894;1;6.2;1;NaN;9;0;1;NaN;9;18.855;1;NaN;9;1.278;1;NaN;9;28.535;1;0;14.75;0.66
18HU18008_131;HL_12;41.40866;-60.67022;438212;4149.65;17-may-18;02:26:00;4149.655;34.8935;2.248;5.68;NaN;NaN;9;34.891;1;6.2175;1;NaN;9;0;1;NaN;9;18.84;1;NaN;9;1.275;1;NaN;9;29.31;1;0;14.78;0.64
18HU18008_131;HL_12;41.40878;-60.66964;438211;4341.88;17-may-18;02:22:00;4341.883;34.8895;2.2351;5.6129;NaN;NaN;9;34.887;1;6.2;1;NaN;9;0;1;NaN;9;19.38;1;NaN;9;1.316;1;NaN;9;32.315;1;0;14.73;0.60
18HU18008_131;HL_12;41.40876;-60.66896;438210;4500.96;17-may-18;02:19:00;4500.969;34.8863;2.2294;5.5581;NaN;NaN;9;34.884;1;6.1;1;NaN;9;0;1;NaN;9;19.805;1;NaN;9;1.3585;1;NaN;9;34.925;1;0;14.58;0.57
18HU18008_131;HL_12;41.40872;-60.66854;438209;4650.74;17-may-18;02:17:00;4650.746;34.884;2.2248;5.5286;NaN;NaN;9;34.882;1;6.1;1;NaN;9;0;1;NaN;9;20;1;NaN;9;1.372;1;NaN;9;36.64;1;0;14.58;0.55
18HU18008_131;HL_12;41.40858;-60.66842;438208;4725.12;17-may-18;02:15:00;4725.129;34.8816;2.2162;5.4822;NaN;NaN;9;34.879;1;6;1;NaN;9;0;1;NaN;9;20.425;1;NaN;9;1.3705;1;NaN;9;38.575;1;0;14.90;0.53
18HU18008_133;HL_14;40.59865;-59.96558;438260;3.93;17-may-18;13:23:00;3.939;34.7065;18.3645;2.5744;NaN;0.21526;1;NaN;9;5.6;7;NaN;9;0;1;NaN;9;0;1;NaN;9;0.043;1;NaN;9;0.86;1;256;0.00;0.00
18HU18008_133;HL_14;40.59849;-59.96534;438259;25.14;17-may-18;13:22:00;25.145;34.3932;17.1775;2.342;NaN;0.46192;1;NaN;9;5.7;7;NaN;9;0.065;1;NaN;9;0.36;1;NaN;9;0.0945;1;NaN;9;0.665;1;256;3.81;0.54
18HU18008_133;HL_14;40.59832;-59.96508;438258;50.13;17-may-18;13:21:00;50.132;34.4045;15.6257;2.5827;NaN;0.19802;1;NaN;9;5.2;7;NaN;9;0.81;1;NaN;9;5.495;1;NaN;9;0.3645;1;NaN;9;1.96;1;256;15.08;2.80
18HU18008_133;HL_14;40.59808;-59.96474;438257;99.23;17-may-18;13:19:00;99.233;34.271;13.8333;2.9026;NaN;0.04338;1;NaN;9;5.4;7;NaN;9;0.02;1;NaN;9;8.335;1;NaN;9;0.5335;1;NaN;9;3.01;1;256;15.62;2.77
18HU18008_133;HL_14;40.59762;-59.96428;438256;249.62;17-may-18;13:16:00;249.628;33.1822;11.2928;2.6592;NaN;NaN;9;NaN;9;3.3;1;NaN;9;0;1;NaN;9;21.135;1;NaN;9;1.314;1;NaN;9;10.66;1;0;16.08;1.98
18HU18008_133;HL_14;40.59732;-59.9639;438255;460.52;17-may-18;13:13:00;460.527;34.2448;7.2341;2.6376;NaN;NaN;9;NaN;9;3.9;7;NaN;9;0;1;NaN;9;23.465;1;NaN;9;1.542;1;NaN;9;14.705;1;256;15.22;1.60
18HU18008_133;HL_14;40.59686;-59.96316;438254;700.08;17-may-18;13:09:00;700.081;35.0044;5.3065;4.057;NaN;NaN;9;NaN;9;5.3;7;NaN;9;0;1;NaN;9;19.86;1;NaN;9;1.3235;1;NaN;9;12.61;1;256;15.01;1.57
18HU18008_133;HL_14;40.59636;-59.96228;438253;970.2;17-may-18;13:04:00;970.204;35.0021;4.565;5.4462;NaN;NaN;9;NaN;9;5.8;1;NaN;9;0;1;NaN;9;18.715;1;NaN;9;1.1925;1;NaN;9;11.95;1;0;15.69;1.57
18HU18008_133;HL_14;40.5957;-59.9615;438252;1249.54;17-may-18;12:58:00;1249.546;34.9808;4.1702;5.5828;NaN;NaN;9;NaN;9;6;1;NaN;9;0;1;NaN;9;18.43;1;NaN;9;1.2085;1;NaN;9;12.355;1;0;15.25;1.49
18HU18008_133;HL_14;40.5951;-59.96064;438251;1529.95;17-may-18;12:53:00;1529.955;34.97;3.9134;5.6099;NaN;NaN;9;NaN;9;6;1;NaN;9;0;1;NaN;9;18.42;1;NaN;9;1.213;1;NaN;9;13.24;1;0;15.19;1.39
18HU18008_133;HL_14;40.59454;-59.95994;438250;1809.03;17-may-18;12:48:00;1809.036;34.9612;3.6799;5.6379;NaN;NaN;9;NaN;9;6.1;1;NaN;9;0;1;NaN;9;18.365;1;NaN;9;1.2195;1;NaN;9;14.275;1;0;15.06;1.29
18HU18008_133;HL_14;40.59424;-59.95912;438249;2100.33;17-may-18;12:42:00;2100.337;34.9524;3.4358;5.6588;NaN;NaN;9;NaN;9;6.1;1;NaN;9;0;1;NaN;9;18.33;1;NaN;9;1.217;1;NaN;9;15.885;1;0;15.06;1.15
18HU18008_133;HL_14;40.594;-59.95795;438248;2389.8;17-may-18;12:36:00;2389.804;34.9455;3.2021;5.6516;NaN;NaN;9;NaN;9;6.1;1;NaN;9;0;1;NaN;9;18.415;1;NaN;9;1.226;1;NaN;9;17.915;1;0;15.02;1.03
18HU18008_133;HL_14;40.59334;-59.957;438247;2678.85;17-may-18;12:31:00;2678.857;34.9371;2.9834;5.6511;NaN;NaN;9;NaN;9;6.8;7;NaN;9;0;1;NaN;9;18.495;1;NaN;9;1.236;1;NaN;9;19.83;1;256;14.96;0.93
18HU18008_133;HL_14;40.5925;-59.95634;438246;2959.89;17-may-18;12:25:00;2959.896;34.9261;2.7617;5.679;NaN;NaN;9;NaN;9;6.181;1;NaN;9;0;1;NaN;9;18.355;1;NaN;9;1.237;1;NaN;9;21.37;1;0;14.84;0.86
18HU18008_133;HL_14;40.59256;-59.9549;438245;3241.73;17-may-18;12:20:00;3241.734;34.9151;2.5601;5.69;NaN;NaN;9;34.91329;1;6.2;1;NaN;9;0;1;NaN;9;18.445;1;NaN;9;1.2375;1;NaN;9;23.49;1;0;14.91;0.79
18HU18008_133;HL_14;40.59201;-59.95376;438244;3519.1;17-may-18;12:14:00;3519.105;34.9048;2.4039;5.6901;NaN;NaN;9;NaN;9;6.2;1;NaN;9;0;1;NaN;9;18.575;1;NaN;9;1.252;1;NaN;9;25.81;1;0;14.84;0.72
18HU18008_133;HL_14;40.59102;-59.954;438243;3787.72;17-may-18;12:10:00;3787.721;34.8978;2.3148;5.6826;NaN;NaN;9;NaN;9;6.2;1;NaN;9;0;1;NaN;9;18.85;1;NaN;9;1.2675;1;NaN;9;27.845;1;0;14.87;0.68
18HU18008_133;HL_14;40.59036;-59.95454;438242;4052.16;17-may-18;12:05:00;4052.164;34.8925;2.2698;5.6397;NaN;NaN;9;NaN;9;6.2;1;NaN;9;0;1;NaN;9;19.145;1;NaN;9;1.301;1;NaN;9;30.355;1;0;14.72;0.63
18HU18008_133;HL_14;40.58976;-59.95464;438241;4299.98;17-may-18;12:00:00;4299.986;34.8894;2.2578;5.6156;NaN;NaN;9;NaN;9;6.2;1;NaN;9;0;1;NaN;9;19.36;1;NaN;9;1.312;1;NaN;9;32.06;1;0;14.76;0.60
18HU18008_133;HL_14;40.58924;-59.95452;438240;4529.47;17-may-18;11:56:00;4529.476;34.887;2.2583;5.5762;NaN;NaN;9;NaN;9;6.1;1;NaN;9;0;1;NaN;9;19.55;1;NaN;9;1.337;1;NaN;9;33.785;1;0;14.62;0.58
18HU18008_133;HL_14;40.58876;-59.9544;438239;4750.65;17-may-18;11:52:00;4750.654;34.8846;2.2615;5.5431;NaN;NaN;9;NaN;9;6.1;1;NaN;9;0;1;NaN;9;19.925;1;NaN;9;1.363;1;NaN;9;35.465;1;0;14.62;0.56
18HU18008_133;HL_14;40.58818;-59.95444;438238;4950.02;17-may-18;11:48:00;4950.029;34.8834;2.2749;5.519;NaN;NaN;9;NaN;9;6.1;1;NaN;9;0;1;NaN;9;20.04;1;NaN;9;1.373;1;NaN;9;36.44;1;0;14.60;0.55
18HU18008_133;HL_14;40.58791;-59.95425;438237;5069.78;17-may-18;11:45:00;5069.781;34.8761;2.2318;5.4316;NaN;NaN;9;NaN;9;6;1;NaN;9;0;1;NaN;9;20.775;1;NaN;9;1.4175;1;NaN;9;41.585;1;4;14.66;0.50
18HU18008_140;HL_15.6;40.01421;-59.25271;438289;3.38;18-may-18;00:38:00;3.384;36.3847;24.8916;4.5216;NaN;0.09806;1;NaN;9;4.8;1;NaN;9;0;1;NaN;9;0;1;NaN;9;0.0295;1;NaN;9;0.99;1;0;0.00;0.00
18HU18008_140;HL_15.6;40.01317;-59.25358;438288;26.54;18-may-18;00:37:00;26.547;36.3884;24.8571;4.5144;NaN;0.1075;1;NaN;9;4.8;1;NaN;9;0;1;NaN;9;0;1;NaN;9;0.0335;1;NaN;9;1;1;0;0.00;0.00
18HU18008_140;HL_15.6;40.01263;-59.25438;438287;50.41;18-may-18;00:36:00;50.411;36.5712;24.2666;4.4374;NaN;0.32738;1;NaN;9;NaN;9;NaN;9;0.04;1;NaN;9;0.13;1;NaN;9;0.032;1;NaN;9;0.92;1;0;4.06;0.14
18HU18008_140;HL_15.6;40.01195;-59.25543;438286;99.53;18-may-18;00:35:00;99.534;36.7667;22.3022;4.5141;NaN;0.07921;1;NaN;9;4.8;1;NaN;9;0.24;1;NaN;9;0.39;1;NaN;9;0.0405;1;NaN;9;0.715;1;0;9.63;0.55
18HU18008_140;HL_15.6;40.01013;-59.25637;438285;248.94;18-may-18;00:33:00;248.943;36.6271;19.0703;4.2129;NaN;NaN;9;NaN;9;4.8;1;NaN;9;0;1;NaN;9;3.41;1;NaN;9;0.1645;1;NaN;9;1.19;1;0;20.73;2.87
18HU18008_140;HL_15.6;40.00736;-59.25757;438284;460.86;18-may-18;00:29:00;460.869;36.1663;16.0464;3.3252;NaN;NaN;9;NaN;9;3.6;1;NaN;9;0;1;NaN;9;12.405;1;NaN;9;0.706;1;NaN;9;4.36;1;0;17.57;2.85
18HU18008_140;HL_15.6;40.00329;-59.25894;438283;698.4;18-may-18;00:23:00;698.401;35.2678;9.829;3.0328;NaN;NaN;9;NaN;9;3.3;1;NaN;9;0;1;NaN;9;24.19;1;NaN;9;1.488;1;NaN;9;13.69;1;0;16.26;1.77
18HU18008_140;HL_15.6;39.99867;-59.2612;438282;966.18;18-may-18;00:17:00;966.188;35.0617;5.7609;4.7085;NaN;NaN;9;NaN;9;5;1;NaN;9;0;1;NaN;9;20.28;1;NaN;9;1.284;1;NaN;9;13.1;1;0;15.79;1.55
18HU18008_140;HL_15.6;39.99245;-59.2638;438281;1248.7;18-may-18;00:06:00;1248.709;35.0053;4.6605;5.3853;NaN;NaN;9;NaN;9;5.8;1;NaN;9;0;1;NaN;9;18.47;1;NaN;9;1.193;1;NaN;9;12.055;1;0;15.48;1.53
18HU18008_140;HL_15.6;39.98829;-59.2665;438280;1534.84;18-may-18;00:00:00;1534.845;34.9826;4.2442;5.549;NaN;NaN;9;NaN;9;6;1;NaN;9;0;1;NaN;9;18.235;1;NaN;9;1.166;1;NaN;9;12.335;1;0;15.64;1.48
18HU18008_140;HL_15.6;39.98451;-59.26866;438279;1806.18;17-may-18;23:54:00;1806.185;34.9729;3.9691;5.5895;NaN;NaN;9;NaN;9;6;1;NaN;9;0;1;NaN;9;18.16;1;NaN;9;1.173;1;NaN;9;13.205;1;0;15.48;1.38
18HU18008_140;HL_15.6;39.98062;-59.27064;438278;2106.56;17-may-18;23:48:00;2106.568;34.9627;3.6981;5.6374;NaN;NaN;9;NaN;9;6.1;1;NaN;9;0;1;NaN;9;18.13;1;NaN;9;1.1785;1;NaN;9;14.525;1;0;15.38;1.25
18HU18008_140;HL_15.6;39.97739;-59.27211;438277;2381.13;17-may-18;23:45:00;2381.13;34.9537;3.4681;5.6481;NaN;NaN;9;NaN;9;6.1;1;NaN;9;0;1;NaN;9;18.19;1;NaN;9;1.177;1;NaN;9;16.035;1;0;15.45;1.13
18HU18008_140;HL_15.6;39.97435;-59.27345;438276;2666.09;17-may-18;23:39:00;2666.095;34.9472;3.2571;5.6403;NaN;NaN;9;NaN;9;6.1;1;NaN;9;0;1;NaN;9;18.225;1;NaN;9;1.189;1;NaN;9;17.9;1;0;15.33;1.02
18HU18008_140;HL_15.6;39.97134;-59.27592;438275;2961.22;17-may-18;23:36:00;2961.229;34.9381;3.0197;5.6486;NaN;NaN;9;NaN;9;6.1;1;NaN;9;0;1;NaN;9;18.275;1;NaN;9;1.1905;1;NaN;9;19.835;1;0;15.35;0.92
18HU18008_140;HL_15.6;39.96896;-59.27698;438274;3225.33;17-may-18;23:32:00;3225.337;34.9264;2.7912;5.6833;NaN;NaN;9;34.92517;1;6.2;1;NaN;9;0;1;NaN;9;18.21;1;NaN;9;1.194;1;NaN;9;21.315;1;0;15.25;0.85
18HU18008_140;HL_15.6;39.96649;-59.27788;438273;3505.07;17-may-18;23:27:00;3505.072;34.9156;2.5983;5.6956;NaN;NaN;9;NaN;9;6.2;1;NaN;9;0;1;NaN;9;18.12;1;NaN;9;1.1955;1;NaN;9;23.03;1;0;15.16;0.79
18HU18008_140;HL_15.6;39.96379;-59.2787;438272;3750.74;17-may-18;23:25:00;3750.745;34.9065;2.4585;5.6981;NaN;NaN;9;NaN;9;6.2;1;NaN;9;0;1;NaN;9;18.23;1;NaN;9;1.2055;1;NaN;9;25.06;1;0;15.12;0.73
18HU18008_140;HL_15.6;39.96303;-59.27882;438271;3841.62;17-may-18;23:22:00;3841.627;34.904;2.4212;5.6934;NaN;NaN;9;NaN;9;6.2;1;NaN;9;0;1;NaN;9;18.425;1;NaN;9;1.2165;1;NaN;9;25.815;1;0;15.15;0.71
18HU18008_140;HL_15.6;39.96086;-59.2795;438270;4043.91;17-may-18;23:20:00;4043.919;34.8984;2.3506;5.6846;NaN;NaN;9;NaN;9;6.2;1;NaN;9;0;1;NaN;9;18.615;1;NaN;9;1.24;1;NaN;9;27.78;1;0;15.01;0.67
18HU18008_140;HL_15.6;39.95907;-59.28012;438269;4225.78;17-may-18;23:16:00;4225.78;34.8945;2.3126;5.6461;NaN;NaN;9;NaN;9;6.2;1;NaN;9;0;1;NaN;9;18.8;1;NaN;9;1.253;1;NaN;9;29.545;1;0;15.00;0.64
18HU18008_140;HL_15.6;39.95783;-59.28076;438268;4348.84;17-may-18;23:15:00;4348.844;34.8921;2.2954;5.6326;NaN;NaN;9;NaN;9;6.2;1;NaN;9;0;1;NaN;9;19.005;1;NaN;9;1.268;1;NaN;9;30.81;1;0;14.99;0.62
18HU18008_140;HL_15.6;39.95581;-59.28124;438267;4518.43;17-may-18;23:13:00;4518.434;34.8898;2.2863;5.6028;NaN;NaN;9;NaN;9;6.2;1;NaN;9;0;1;NaN;9;19.21;1;NaN;9;1.283;1;NaN;9;32.05;1;0;14.97;0.60
18HU18008_140;HL_15.6;39.95506;-59.28211;438266;4616.72;17-may-18;23:11:00;4616.724;34.8885;2.2841;5.5915;NaN;NaN;9;NaN;9;6.1;1;NaN;9;0;1;NaN;9;19.355;1;NaN;9;1.287;1;NaN;9;33.015;1;0;15.04;0.59
18HU18008_152;HL_14.5;40.51884;-59.54035;438313;5.23;18-may-18;09:27:00;5.238;35.4525;17.9328;5.2829;NaN;0.36326;1;NaN;9;5.6;1;NaN;9;0.08;1;NaN;9;0.4;1;NaN;9;0.095;1;NaN;9;0.62;1;0;4.21;0.65
18HU18008_152;HL_14.5;40.51862;-59.5408;438312;23.45;18-may-18;09:25:00;23.452;35.2402;15.6277;5.2085;NaN;0.19048;1;NaN;9;5.6;1;NaN;9;0.44;1;NaN;9;2.19;1;NaN;9;0.2495;1;NaN;9;1.2;1;0;8.78;1.82
18HU18008_152;HL_14.5;40.51842;-59.5408;438311;49.84;18-may-18;09:24:00;49.842;35.9868;16.2854;3.7279;NaN;0.02452;1;NaN;9;4;1;NaN;9;0.07;1;NaN;9;9.795;1;NaN;9;0.5755;1;NaN;9;3.685;1;0;17.02;2.66
18HU18008_152;HL_14.5;40.51794;-59.54066;438310;100.11;18-may-18;09:23:00;100.11;35.8462;14.6996;3.7549;NaN;0.00566;1;NaN;9;3.9;1;NaN;9;0;1;NaN;9;12.565;1;NaN;9;0.7465;1;NaN;9;4.725;1;0;16.83;2.66
18HU18008_152;HL_14.5;40.5175;-59.54072;438309;248.46;18-may-18;09:20:00;248.465;35.5192;11.9444;3.1792;NaN;NaN;9;NaN;9;3.4;1;NaN;9;0;1;NaN;9;20.01;1;NaN;9;1.2165;1;NaN;9;9.785;1;0;16.45;2.04
18HU18008_152;HL_14.5;40.51698;-59.54102;438308;459.2;18-may-18;09:17:00;459.205;35.1337;7.9014;3.494;NaN;NaN;9;NaN;9;3.7;1;NaN;9;0;1;NaN;9;24.175;1;NaN;9;1.5225;1;NaN;9;14.87;1;0;15.88;1.63
18HU18008_152;HL_14.5;40.51632;-59.54068;438307;698.62;18-may-18;09:12:00;698.622;35.063;5.5524;4.857;NaN;NaN;9;NaN;9;5.2;1;NaN;9;0;1;NaN;9;19.78;1;NaN;9;1.2725;1;NaN;9;12.75;1;0;15.54;1.55
18HU18008_152;HL_14.5;40.51614;-59.53996;438306;970.41;18-may-18;09:07:00;970.413;35.0103;4.731;5.3435;NaN;NaN;9;NaN;9;6.3;1;NaN;9;0;1;NaN;9;18.58;1;NaN;9;1.201;1;NaN;9;12.135;1;0;15.47;1.53
18HU18008_152;HL_14.5;40.51586;-59.53988;438305;1251.29;18-may-18;09:02:00;1251.292;34.9892;4.3474;5.5129;NaN;NaN;9;NaN;9;5.9;1;NaN;9;0;1;NaN;9;18.225;1;NaN;9;1.174;1;NaN;9;12.18;1;0;15.52;1.50
18HU18008_152;HL_14.5;40.5149;-59.53925;438304;1528.05;18-may-18;08:57:00;1528.05;34.9786;4.0734;5.5799;NaN;NaN;9;34.97865;1;6;1;NaN;9;0;1;NaN;9;18.1;1;NaN;9;1.18;1;NaN;9;12.83;1;0;15.34;1.41
18HU18008_152;HL_14.5;40.5147;-59.5381;438303;1809.47;18-may-18;08:52:00;1809.479;34.9715;3.8598;5.5978;NaN;NaN;9;NaN;9;6.1;1;NaN;9;0;1;NaN;9;18.175;1;NaN;9;1.1705;1;NaN;9;13.775;1;0;15.53;1.32
18HU18008_152;HL_14.5;40.51416;-59.53776;438302;2101.58;18-may-18;08:47:00;2101.58;34.9577;3.582;5.6378;NaN;NaN;9;NaN;9;6.1;1;NaN;9;0;1;NaN;9;17.96;1;NaN;9;1.178;1;NaN;9;15.045;1;0;15.25;1.19
18HU18008_152;HL_14.5;40.51398;-59.53691;438301;2389.16;18-may-18;08:41:00;2389.169;34.9477;3.2633;5.6547;NaN;NaN;9;NaN;9;6.1;1;NaN;9;0;1;NaN;9;18.06;1;NaN;9;1.1795;1;NaN;9;17.57;1;0;15.31;1.03
18HU18008_152;HL_14.5;40.51347;-59.53703;438300;2677.72;18-may-18;08:36:00;2677.723;34.9384;3.0029;5.6488;NaN;NaN;9;NaN;9;6.2;1;NaN;9;0;1;NaN;9;18.18;1;NaN;9;1.191;1;NaN;9;19.685;1;0;15.26;0.92
18HU18008_152;HL_14.5;40.51278;-59.53727;438299;2958.37;18-may-18;08:31:00;2958.374;34.9254;2.7358;5.6857;NaN;NaN;9;NaN;9;6.2;1;NaN;9;0;1;NaN;9;18.085;1;NaN;9;1.1895;1;NaN;9;21.455;1;0;15.20;0.84
18HU18008_152;HL_14.5;40.51256;-59.53762;438298;3239.57;18-may-18;08:27:00;3239.574;34.9133;2.5275;5.7011;NaN;NaN;9;34.91193;1;6.2;1;NaN;9;0;1;NaN;9;17.945;1;NaN;9;1.1795;1;NaN;9;23.435;1;0;15.21;0.77
18HU18008_152;HL_14.5;40.512;-59.5375;438297;3519.28;18-may-18;08:23:00;3519.28;34.9066;2.4291;5.6909;NaN;NaN;9;NaN;9;6.231;1;NaN;9;0;1;NaN;9;18.18;1;NaN;9;1.204;1;NaN;9;25.18;1;0;15.10;0.72
18HU18008_152;HL_14.5;40.51158;-59.5377;438296;3787.74;18-may-18;08:18:00;3787.749;34.899;2.3258;5.686;NaN;NaN;9;NaN;9;6.2;1;NaN;9;0;1;NaN;9;18.395;1;NaN;9;1.231;1;NaN;9;27.7;1;0;14.94;0.66
18HU18008_152;HL_14.5;40.51126;-59.53724;438295;4049.85;18-may-18;08:14:00;4049.854;34.8941;2.2819;5.6426;NaN;NaN;9;NaN;9;6.2;1;NaN;9;0;1;NaN;9;18.72;1;NaN;9;1.2505;1;NaN;9;29.865;1;0;14.97;0.63
18HU18008_152;HL_14.5;40.5111;-59.53696;438294;4300.19;18-may-18;08:10:00;4300.193;34.8912;2.272;5.6149;NaN;NaN;9;NaN;9;6.2;1;NaN;9;0;1;NaN;9;18.955;1;NaN;9;1.27;1;NaN;9;31.355;1;0;14.93;0.60
18HU18008_152;HL_14.5;40.51104;-59.53656;438293;4530.02;18-may-18;08:06:00;4530.024;34.888;2.266;5.5757;NaN;NaN;9;NaN;9;6.1;1;NaN;9;0;1;NaN;9;19.315;1;NaN;9;1.2975;1;NaN;9;33.59;1;0;14.89;0.58
18HU18008_152;HL_14.5;40.51114;-59.53648;438292;4748.72;18-may-18;08:03:00;4748.72;34.8868;2.2781;5.5778;NaN;NaN;9;NaN;9;6.1;1;NaN;9;0;1;NaN;9;19.41;1;NaN;9;1.3145;1;NaN;9;34.415;1;0;14.77;0.56
18HU18008_152;HL_14.5;40.51118;-59.53642;438291;4950.17;18-may-18;07:59:00;4950.178;34.8844;2.2803;5.5197;NaN;NaN;9;NaN;9;6.1;1;NaN;9;0;1;NaN;9;19.695;1;NaN;9;1.329;1;NaN;9;36.1;1;0;14.82;0.55
18HU18008_152;HL_14.5;40.51114;-59.5362;438290;5139.16;18-may-18;07:56:00;5139.161;34.883;2.293;5.4996;NaN;NaN;9;NaN;9;6.1;1;NaN;9;0;1;NaN;9;19.81;1;NaN;9;1.311;1;NaN;9;36.955;1;4;15.11;0.54
18HU18008_153;HL_13.8;40.84272;-60.05658;438333;798.78;18-may-18;15:22:00;798.782;35.0358;4.9152;5.2571;NaN;NaN;9;NaN;9;NaN;9;NaN;9;NaN;9;NaN;9;NaN;9;NaN;9;NaN;9;NaN;9;NaN;9;0;NaN;NaN
18HU18008_153;HL_13.8;40.84272;-60.05658;438334;800.62;18-may-18;15:22:00;800.622;35.0358;4.9125;5.262;NaN;NaN;9;NaN;9;NaN;9;NaN;9;NaN;9;NaN;9;NaN;9;NaN;9;NaN;9;NaN;9;NaN;9;0;NaN;NaN
18HU18008_153;HL_13.8;40.8429;-60.05636;438332;1060.46;18-may-18;15:17:00;1060.464;34.9862;4.321;5.5328;NaN;NaN;9;NaN;9;NaN;9;NaN;9;NaN;9;NaN;9;NaN;9;NaN;9;NaN;9;NaN;9;NaN;9;0;NaN;NaN
18HU18008_153;HL_13.8;40.8429;-60.05636;438331;1061.09;18-may-18;15:17:00;1061.099;34.9861;4.3216;5.5367;NaN;NaN;9;NaN;9;NaN;9;NaN;9;NaN;9;NaN;9;NaN;9;NaN;9;NaN;9;NaN;9;NaN;9;0;NaN;NaN
18HU18008_153;HL_13.8;40.84348;-60.0576;438330;1496.85;18-may-18;15:09:00;1496.85;34.9715;3.8938;5.5947;NaN;NaN;9;NaN;9;NaN;9;NaN;9;NaN;9;NaN;9;NaN;9;NaN;9;NaN;9;NaN;9;NaN;9;0;NaN;NaN
18HU18008_153;HL_13.8;40.84348;-60.05762;438329;1498.98;18-may-18;15:09:00;1498.987;34.9713;3.8941;5.5925;NaN;NaN;9;NaN;9;NaN;9;NaN;9;NaN;9;NaN;9;NaN;9;NaN;9;NaN;9;NaN;9;NaN;9;0;NaN;NaN
18HU18008_153;HL_13.8;40.84378;-60.0582;438327;1900.56;18-may-18;15:00:00;1900.561;34.9576;3.5345;5.6369;NaN;NaN;9;NaN;9;NaN;9;NaN;9;NaN;9;NaN;9;NaN;9;NaN;9;NaN;9;NaN;9;NaN;9;0;NaN;NaN
18HU18008_153;HL_13.8;40.84377;-60.0582;438328;1901.58;18-may-18;15:00:00;1901.584;34.9576;3.5337;5.6368;NaN;NaN;9;NaN;9;NaN;9;NaN;9;NaN;9;NaN;9;NaN;9;NaN;9;NaN;9;NaN;9;NaN;9;0;NaN;NaN
18HU18008_153;HL_13.8;40.8437;-60.05752;438326;2598.91;18-may-18;14:48:00;2598.911;34.9414;3.0395;5.6216;NaN;NaN;9;NaN;9;NaN;9;NaN;9;NaN;9;NaN;9;NaN;9;NaN;9;NaN;9;NaN;9;NaN;9;0;NaN;NaN
18HU18008_153;HL_13.8;40.8437;-60.05752;438325;2600.5;18-may-18;14:48:00;2600.505;34.9414;3.0388;5.6198;NaN;NaN;9;NaN;9;NaN;9;NaN;9;NaN;9;NaN;9;NaN;9;NaN;9;NaN;9;NaN;9;NaN;9;0;NaN;NaN
18HU18008_153;HL_13.8;40.84364;-60.05964;438323;3198.36;18-may-18;14:36:00;3198.363;34.9163;2.5661;5.6824;NaN;NaN;9;NaN;9;NaN;9;NaN;9;NaN;9;NaN;9;NaN;9;NaN;9;NaN;9;NaN;9;NaN;9;0;NaN;NaN
18HU18008_153;HL_13.8;40.84364;-60.05964;438324;3199.62;18-may-18;14:36:00;3199.629;34.9162;2.566;5.6823;NaN;NaN;9;NaN;9;NaN;9;NaN;9;NaN;9;NaN;9;NaN;9;NaN;9;NaN;9;NaN;9;NaN;9;0;NaN;NaN
18HU18008_153;HL_13.8;40.84408;-60.06034;438321;3719.85;18-may-18;14:23:00;3719.854;34.8997;2.3257;5.6671;NaN;NaN;9;NaN;9;NaN;9;NaN;9;NaN;9;NaN;9;NaN;9;NaN;9;NaN;9;NaN;9;NaN;9;0;NaN;NaN
18HU18008_153;HL_13.8;40.84408;-60.06034;438322;3720.38;18-may-18;14:23:00;3720.389;34.8998;2.3255;5.6553;NaN;NaN;9;NaN;9;NaN;9;NaN;9;NaN;9;NaN;9;NaN;9;NaN;9;NaN;9;NaN;9;NaN;9;0;NaN;NaN
18HU18008_153;HL_13.8;40.84368;-60.06056;438318;4966.35;18-may-18;14:01:00;4966.352;34.8785;2.2291;5.4504;NaN;NaN;9;NaN;9;NaN;9;NaN;9;NaN;9;NaN;9;NaN;9;NaN;9;NaN;9;NaN;9;NaN;9;0;NaN;NaN
18HU18008_153;HL_13.8;40.84368;-60.06057;438319;4966.87;18-may-18;14:01:00;4966.873;34.8785;2.2289;5.4535;NaN;NaN;9;NaN;9;NaN;9;NaN;9;NaN;9;NaN;9;NaN;9;NaN;9;NaN;9;NaN;9;NaN;9;0;NaN;NaN
18HU18008_153;HL_13.8;40.84368;-60.06056;438320;4968.23;18-may-18;14:01:00;4968.233;34.8784;2.2291;5.4516;NaN;NaN;9;NaN;9;NaN;9;NaN;9;NaN;9;NaN;9;NaN;9;NaN;9;NaN;9;NaN;9;NaN;9;0;NaN;NaN
18HU18008_153;HL_13.8;40.84256;-60.06044;438317;4970.01;18-may-18;13:50:00;4970.016;34.8786;2.2292;5.4454;NaN;NaN;9;NaN;9;NaN;9;NaN;9;NaN;9;NaN;9;NaN;9;NaN;9;NaN;9;NaN;9;NaN;9;0;NaN;NaN
18HU18008_153;HL_13.8;40.8423;-60.06068;438316;5011.99;18-may-18;13:47:00;5011.994;34.8781;2.2347;5.4453;NaN;NaN;9;NaN;9;NaN;9;NaN;9;NaN;9;NaN;9;NaN;9;NaN;9;NaN;9;NaN;9;NaN;9;4;NaN;NaN
18HU18008_153;HL_13.8;40.8423;-60.06066;438315;5012.86;18-may-18;13:47:00;5012.867;34.8781;2.2348;5.4359;NaN;NaN;9;NaN;9;NaN;9;NaN;9;NaN;9;NaN;9;NaN;9;NaN;9;NaN;9;NaN;9;NaN;9;4;NaN;NaN
18HU18008_153;HL_13.8;40.8423;-60.06068;438314;5013.73;18-may-18;13:47:00;5013.733;34.8782;2.2348;5.4279;NaN;NaN;9;NaN;9;NaN;9;NaN;9;NaN;9;NaN;9;NaN;9;NaN;9;NaN;9;NaN;9;NaN;9;4;NaN;NaN
18HU18008_154;HL_13;41.0195;-60.332;438358;2.78;18-may-18;20:43:00;2.785;35.7684;18.4131;5.271;NaN;0.2332;1;NaN;9;5.6;1;NaN;9;0;1;NaN;9;0;1;NaN;9;0.0425;1;NaN;9;0.46;1;0;0.00;0.00
18HU18008_154;HL_13;41.01942;-60.33189;438357;25;18-may-18;20:42:00;25;35.8629;17.9425;5.409;NaN;0.31841;1;NaN;9;5.7;1;NaN;9;0;1;NaN;9;0;1;NaN;9;0.048;1;NaN;9;0.36;1;0;0.00;0.00
18HU18008_154;HL_13;41.01928;-60.3317;438356;50.39;18-may-18;20:40:00;50.394;35.603;14.6556;5.2171;NaN;0.24217;1;35.61;1;5.6;1;NaN;9;1.3;1;NaN;9;4.92;1;NaN;9;0.353;1;NaN;9;1.59;1;0;13.94;3.09
18HU18008_154;HL_13;41.01919;-60.33164;438355;100.14;18-may-18;20:39:00;100.149;35.6088;13.6644;4.8995;NaN;0.0528;1;35.612;1;5.2;1;NaN;9;0;1;NaN;9;8.91;1;NaN;9;0.5575;1;NaN;9;3.09;1;0;15.98;2.88
18HU18008_154;HL_13;41.01905;-60.33161;438354;248.56;18-may-18;20:36:00;248.565;35.4838;11.6809;3.2831;NaN;NaN;9;35.482;1;5.6;7;NaN;9;0;1;NaN;9;20.235;1;NaN;9;1.2275;1;NaN;9;10.1;1;256;16.48;2.00
18HU18008_154;HL_13;41.0187;-60.33142;438353;440.63;18-may-18;20:32:00;440.633;35.1255;7.5802;3.6809;NaN;NaN;9;35.126;1;3.9;1;NaN;9;0;1;NaN;9;23.42;1;NaN;9;1.473;1;NaN;9;14.51;1;0;15.90;1.61
18HU18008_154;HL_13;41.01846;-60.33108;438352;660.28;18-may-18;20:28:00;660.282;35.0875;5.7187;4.8276;NaN;NaN;9;35.086;1;5.2;1;NaN;9;0;1;NaN;9;19.595;1;NaN;9;1.2465;1;NaN;9;12.5;1;0;15.72;1.57
18HU18008_154;HL_13;41.01862;-60.33044;438351;903.53;18-may-18;20:23:00;903.531;35.0078;4.6664;5.3809;NaN;NaN;9;35.006;1;5.8;1;NaN;9;0;1;NaN;9;18.485;1;NaN;9;1.1675;1;NaN;9;11.945;1;0;15.83;1.55
18HU18008_154;HL_13;41.01866;-60.32902;438350;1159.12;18-may-18;20:16:00;1159.121;34.985;4.2836;5.5398;NaN;NaN;9;34.984;1;6;1;NaN;9;0;1;NaN;9;18.185;1;NaN;9;1.16;1;NaN;9;12.09;1;0;15.68;1.50
18HU18008_154;HL_13;41.01938;-60.32906;438349;1437.82;18-may-18;20:11:00;1437.82;34.9791;4.025;5.5814;NaN;NaN;9;34.977;1;6;1;NaN;9;0;1;NaN;9;18.155;1;NaN;9;1.155;1;NaN;9;12.95;1;0;15.72;1.40
18HU18008_154;HL_13;41.0196;-60.32745;438348;1731.3;18-may-18;20:06:00;1731.305;34.9628;3.7186;5.6249;NaN;NaN;9;34.96162;1;6.0865;1;NaN;9;0;1;NaN;9;18.215;1;NaN;9;1.1655;1;NaN;9;14.055;1;0;15.63;1.30
18HU18008_154;HL_13;41.01998;-60.32644;438347;2020.39;18-may-18;20:00:00;2020.399;34.9554;3.4609;5.639;NaN;NaN;9;34.954;1;6.1;1;NaN;9;0;1;NaN;9;18.15;1;NaN;9;1.169;1;NaN;9;15.835;1;0;15.53;1.15
18HU18008_154;HL_13;41.02068;-60.32681;438346;2310.54;18-may-18;19:55:00;2310.547;34.945;3.2201;5.6495;NaN;NaN;9;34.943;1;6.1;1;NaN;9;0;1;NaN;9;18.02;1;NaN;9;1.1695;1;NaN;9;17.305;1;0;15.41;1.04
18HU18008_154;HL_13;41.0213;-60.32718;438345;2600.73;18-may-18;19:50:00;2600.731;34.94;3.0387;5.6338;NaN;NaN;9;34.938;1;6.2;1;NaN;9;0;1;NaN;9;18.155;1;NaN;9;1.183;1;NaN;9;19.34;1;0;15.35;0.94
18HU18008_154;HL_13;41.0218;-60.32621;438344;2890.41;18-may-18;19:44:00;2890.412;34.93;2.8238;5.6489;NaN;NaN;9;34.928;1;6.2;1;NaN;9;0;1;NaN;9;18.035;1;NaN;9;1.1915;1;NaN;9;20.94;1;0;15.14;0.86
18HU18008_154;HL_13;41.02188;-60.32564;438343;3181.82;18-may-18;19:39:00;3181.825;34.9173;2.5877;5.6694;NaN;NaN;9;34.91542;1;6.2;1;NaN;9;0;1;NaN;9;18.135;1;NaN;9;1.193;1;NaN;9;23.03;1;0;15.20;0.79
18HU18008_154;HL_13;41.02158;-60.3256;438342;3471.43;18-may-18;19:33:00;3471.435;34.9068;2.4234;5.6741;NaN;NaN;9;34.904;1;6.2;1;NaN;9;0;1;NaN;9;18.22;1;NaN;9;1.2045;1;NaN;9;25.395;1;0;15.13;0.72
18HU18008_154;HL_13;41.02148;-60.32655;438341;3749.42;18-may-18;19:29:00;3749.428;34.8982;2.3133;5.652;NaN;NaN;9;34.895;1;6.2;1;NaN;9;0;1;NaN;9;18.68;1;NaN;9;1.229;1;NaN;9;28.31;1;0;15.20;0.66
18HU18008_154;HL_13;41.0214;-60.32751;438340;4009.35;18-may-18;19:24:00;4009.359;34.8936;2.2688;5.6333;NaN;NaN;9;34.943;1;6.1;1;NaN;9;0;1;NaN;9;18.145;1;NaN;9;1.18;1;NaN;9;18.6;1;0;15.38;0.98
18HU18008_154;HL_13;41.02125;-60.32815;438339;4250.42;18-may-18;19:19:00;4250.423;34.8893;2.2459;5.594;NaN;NaN;9;34.886;1;6.2;1;NaN;9;0;1;NaN;9;19.15;1;NaN;9;1.2755;1;NaN;9;32.535;1;0;15.01;0.59
18HU18008_154;HL_13;41.02142;-60.32868;438338;4450.44;18-may-18;19:15:00;4450.44;34.8871;2.2437;5.58;NaN;NaN;9;34.885;1;6.1;1;NaN;9;0;1;NaN;9;19.41;1;NaN;9;1.2865;1;NaN;9;33.815;1;0;15.09;0.57
18HU18008_154;HL_13;41.02142;-60.32899;438337;4600.68;18-may-18;19:12:00;4600.685;34.8847;2.2388;5.5409;NaN;NaN;9;34.881;1;6.1;1;NaN;9;0;1;NaN;9;19.64;1;NaN;9;1.308;1;NaN;9;35.435;1;0;15.02;0.55
18HU18008_154;HL_13;41.02136;-60.32932;438336;4796.51;18-may-18;19:07:00;4796.51;34.8813;2.2328;5.5147;NaN;NaN;9;34.878;1;6.1;1;NaN;9;0;1;NaN;9;20.095;1;NaN;9;1.334;1;NaN;9;38.005;1;0;15.06;0.53
18HU18008_154;HL_13;41.02128;-60.33152;438335;4937.8;18-may-18;18:49:00;4937.804;34.8757;2.2111;5.3951;NaN;NaN;9;34.873;1;6;1;NaN;9;0;1;NaN;9;20.605;1;NaN;9;1.3815;1;NaN;9;42.235;1;0;14.91;0.49
18HU18008_158;HL_11;41.78076;-60.91112;438387;2.62;19-may-18;08:49:00;2.624;36.0599;18.5075;5.1659;NaN;0.30047;1;36.059;1;5.5;1;NaN;9;0;1;NaN;9;0;1;NaN;9;0.0395;1;NaN;9;0.845;1;0;0.00;0.00
18HU18008_158;HL_11;41.78084;-60.91112;438386;24.75;19-may-18;08:48:00;24.752;36.0469;18.4512;5.2183;NaN;0.29598;1;36.025;1;5.5;1;NaN;9;0;1;NaN;9;0;1;NaN;9;0.0415;2;NaN;9;0.76;1;2048;0.00;0.00
18HU18008_158;HL_11;41.78112;-60.9112;438385;49.51;19-may-18;08:46:00;49.516;35.7972;15.5908;4.7544;NaN;0.19284;1;35.787;1;5.1;1;NaN;9;1.28;1;NaN;9;6.12;1;NaN;9;0.4015;1;NaN;9;1.98;1;0;15.24;3.09
18HU18008_158;HL_11;41.7814;-60.9113;438384;98.79;19-may-18;08:45:00;98.792;35.5968;13.7716;4.9255;NaN;0.17938;1;35.603;1;5.2;1;NaN;9;0;1;NaN;9;8.39;1;NaN;9;0.5205;1;NaN;9;2.76;1;0;16.12;3.04
18HU18008_158;HL_11;41.78188;-60.91132;438383;250.8;19-may-18;08:41:00;250.8;35.4846;11.686;3.0657;NaN;NaN;9;35.485;1;3.3;1;NaN;9;0;1;NaN;9;21.04;1;NaN;9;1.27;1;NaN;9;10.415;1;0;16.57;2.02
18HU18008_158;HL_11;41.78244;-60.91087;438382;399.36;19-may-18;08:38:00;399.365;35.1603;8.5274;3.2327;NaN;NaN;9;35.161;1;3.4;1;NaN;9;0;1;NaN;9;24.925;2;NaN;9;1.5465;1;NaN;9;15.02;1;2048;16.12;1.66
18HU18008_158;HL_11;41.78258;-60.90938;438381;598.54;19-may-18;08:35:00;598.541;35.0695;6.0213;4.5108;NaN;NaN;9;35.069;1;4.8;1;NaN;9;0;1;NaN;9;20.88;1;NaN;9;1.3265;1;NaN;9;13.365;1;0;15.74;1.56
18HU18008_158;HL_11;41.78294;-60.90709;438380;817.1;19-may-18;08:29:00;817.101;35.0203;4.9411;5.2196;NaN;NaN;9;35.021;1;5.6;1;NaN;9;0;1;NaN;9;18.935;1;NaN;9;1.2085;1;NaN;9;12.14;1;0;15.67;1.56
18HU18008_158;HL_11;41.78329;-60.90603;438379;1059.2;19-may-18;08:25:00;1059.205;34.9847;4.3939;5.5305;NaN;NaN;9;34.984;1;5.9;1;NaN;9;0;1;NaN;9;18.07;1;NaN;9;1.151;1;NaN;9;11.73;1;0;15.70;1.54
18HU18008_158;HL_11;41.78409;-60.90552;438378;1319.3;19-may-18;08:21:00;1319.3;34.9701;4.088;5.6425;NaN;NaN;9;34.977;1;6.1;1;NaN;9;0;1;NaN;9;18.025;1;NaN;9;1.144;1;NaN;9;12.2;1;0;15.76;1.48
18HU18008_158;HL_11;41.7848;-60.90529;438377;1590.96;19-may-18;08:16:00;1590.967;34.9662;3.8753;5.6238;NaN;NaN;9;34.966;1;6.1;1;NaN;9;0;1;NaN;9;18.095;1;NaN;9;1.149;1;NaN;9;13.14;1;0;15.75;1.38
18HU18008_158;HL_11;41.78529;-60.90541;438376;1859.3;19-may-18;08:12:00;1859.3;34.9543;3.6225;5.6701;NaN;NaN;9;34.953;1;6.1;1;NaN;9;0;1;NaN;9;17.96;1;NaN;9;1.1485;1;NaN;9;14.115;1;0;15.64;1.27
18HU18008_158;HL_11;41.78602;-60.90552;438375;2129.93;19-may-18;08:08:00;2129.932;34.9446;3.3763;5.6955;NaN;NaN;9;34.954;1;6.2;1;NaN;9;0;1;NaN;9;17.9;1;NaN;9;1.1475;1;NaN;9;15.315;1;0;15.60;1.17
18HU18008_158;HL_11;41.78642;-60.9055;438374;2400.4;19-may-18;08:03:00;2400.401;34.9444;3.2039;5.6624;NaN;NaN;9;34.943;1;6.2;1;NaN;9;0;1;NaN;9;18.13;1;NaN;9;1.165;1;NaN;9;17.67;1;0;15.56;1.03
18HU18008_158;HL_11;41.78662;-60.90574;438373;2669.04;19-may-18;07:59:00;2669.044;34.9367;2.985;5.6471;NaN;NaN;9;34.936;1;6.2;1;NaN;9;0;1;NaN;9;18.09;1;NaN;9;1.175;1;NaN;9;19.405;1;0;15.40;0.93
18HU18008_158;HL_11;41.7872;-60.90588;438372;2939.88;19-may-18;07:55:00;2939.881;34.9264;2.7875;5.7226;NaN;NaN;9;34.92521;1;6.2;1;NaN;9;0;1;NaN;9;17.745;1;NaN;9;1.1425;1;NaN;9;19.445;1;0;15.53;0.91
18HU18008_158;HL_11;41.78732;-60.906;438371;3209.41;19-may-18;07:50:00;3209.417;34.9154;2.5653;5.7496;NaN;NaN;9;34.915;1;6.3;1;NaN;9;0;1;NaN;9;17.69;1;NaN;9;1.1445;1;NaN;9;20.92;1;0;15.46;0.85
18HU18008_158;HL_11;41.78765;-60.90611;438370;3469.35;19-may-18;07:46:00;3469.359;34.9074;2.4067;5.8001;NaN;NaN;9;34.906;1;6.4;1;NaN;9;0;1;NaN;9;17.34;1;NaN;9;1.1295;1;NaN;9;20.765;1;0;15.35;0.84
18HU18008_158;HL_11;41.78814;-60.90604;438369;3709.72;19-may-18;07:43:00;3709.72;34.9002;2.306;5.7422;NaN;NaN;9;34.899;1;6.3;1;NaN;9;0;1;NaN;9;18.005;1;NaN;9;1.1775;1;NaN;9;24.905;1;0;15.29;0.72
18HU18008_158;HL_11;41.78822;-60.90616;438368;3918.49;19-may-18;07:39:00;3918.49;34.898;2.2705;5.749;NaN;NaN;9;34.895;1;6.3;1;NaN;9;0;1;NaN;9;17.73;1;NaN;9;1.172;1;NaN;9;24.805;1;0;15.13;0.71
18HU18008_158;HL_11;41.78808;-60.9063;438367;4090.51;19-may-18;07:36:00;4090.51;34.8962;2.2559;5.7287;NaN;NaN;9;34.893;1;6.3;1;NaN;9;0;1;NaN;9;17.855;1;NaN;9;1.179;1;NaN;9;25.82;1;0;15.14;0.69
18HU18008_158;HL_11;41.78824;-60.90634;438366;4249.9;19-may-18;07:33:00;4249.905;34.8946;2.2505;5.715;NaN;NaN;9;34.891;1;6.3;1;NaN;9;0;1;NaN;9;18.095;1;NaN;9;1.2055;1;NaN;9;26.79;1;0;15.01;0.68
18HU18008_158;HL_11;41.78863;-60.90606;438365;4400.89;19-may-18;07:30:00;4400.898;34.8832;2.1896;5.5097;NaN;NaN;9;34.88;1;6.1;1;NaN;9;0;1;NaN;9;19.875;1;NaN;9;1.322;1;NaN;9;36.755;2;2048;15.03;0.54
18HU18008_158;HL_11;41.78884;-60.90568;438364;4502.18;19-may-18;07:28:00;4502.185;34.882;2.1945;5.4936;NaN;NaN;9;34.879;1;6.1;1;NaN;9;0;1;NaN;9;19.885;1;NaN;9;1.302;1;NaN;9;37.615;2;2048;15.27;0.53
18HU18008_162;HL_07.5;42.45512;-61.31324;438413;3.95;19-may-18;19:37:00;3.953;35.5498;15.7799;5.7347;NaN;1.38566;1;NaN;9;6.1;1;NaN;9;0;1;NaN;9;0.08;1;NaN;9;0.0815;1;NaN;9;0.145;1;0;0.98;0.55
18HU18008_162;HL_07.5;42.45498;-61.31324;438412;9.87;19-may-18;19:37:00;9.874;35.523;15.5351;5.7773;NaN;1.66279;1;NaN;9;6.2;1;NaN;9;0;1;NaN;9;0.1;1;NaN;9;0.113;1;NaN;9;0.15;1;0;0.88;0.67
18HU18008_162;HL_07.5;42.45488;-61.31324;438411;20.15;19-may-18;19:36:00;20.154;35.5227;14.6665;5.7511;NaN;2.52083;1;NaN;9;6.2;1;NaN;9;0.1;1;NaN;9;0.91;1;NaN;9;0.1605;1;NaN;9;0.35;1;0;5.67;2.60
18HU18008_162;HL_07.5;42.45476;-61.31324;438410;29.87;19-may-18;19:35:00;29.873;35.5833;14.3932;5.6668;NaN;2.38815;1;NaN;9;6;1;NaN;9;0.24;1;NaN;9;2.245;1;NaN;9;0.2505;1;NaN;9;0.995;1;0;8.96;2.26
18HU18008_162;HL_07.5;42.45458;-61.31324;438409;40.42;19-may-18;19:35:00;40.421;35.6081;14.2301;5.5095;NaN;0.96996;1;NaN;9;5.9;1;NaN;9;0.38;1;NaN;9;3.38;1;NaN;9;0.327;1;NaN;9;1.585;1;0;10.34;2.13
18HU18008_162;HL_07.5;42.45438;-61.31324;438408;49.83;19-may-18;19:34:00;49.834;35.5998;14.0886;5.4992;NaN;0.34532;1;NaN;9;5.8;1;NaN;9;0.48;1;NaN;9;4.375;1;NaN;9;0.3655;1;NaN;9;1.895;1;0;11.97;2.31
18HU18008_162;HL_07.5;42.45423;-61.31324;438407;60.35;19-may-18;19:33:00;60.356;35.5741;13.7633;5.2815;NaN;0.11881;1;NaN;9;5.6;1;NaN;9;0.37;1;NaN;9;6.66;1;NaN;9;0.441;1;NaN;9;2.415;1;0;15.10;2.76
18HU18008_162;HL_07.5;42.4541;-61.31326;438406;80.35;19-may-18;19:32:00;80.356;35.5878;13.5305;5.1589;NaN;0.06412;1;NaN;9;5.5;1;NaN;9;0.045;1;NaN;9;7.88;1;NaN;9;0.5165;1;NaN;9;2.98;1;0;15.26;2.64
18HU18008_162;HL_07.5;42.45396;-61.31328;438405;99.85;19-may-18;19:31:00;99.859;35.6219;13.442;5.1383;NaN;0.04714;1;35.609;1;5.5;1;NaN;9;0;1;NaN;9;8.135;1;NaN;9;0.529;1;NaN;9;3.185;1;0;15.38;2.55
18HU18008_162;HL_07.5;42.45006;-61.31318;438404;1351.75;19-may-18;19:05:00;1351.758;34.9497;4.0169;5.7195;NaN;NaN;9;34.948;1;6.2;1;NaN;9;NaN;9;NaN;9;NaN;9;NaN;9;NaN;9;NaN;9;NaN;9;0;NaN;NaN
18HU18008_162;HL_07.5;42.4489;-61.31334;438403;1599.19;19-may-18;18:56:00;1599.191;34.9427;3.846;5.7649;NaN;NaN;9;34.941;1;6.2;1;NaN;9;NaN;9;NaN;9;NaN;9;NaN;9;NaN;9;NaN;9;NaN;9;0;NaN;NaN
18HU18008_162;HL_07.5;42.44772;-61.31388;438402;1901.52;19-may-18;18:47:00;1901.526;34.9544;3.6951;5.6657;NaN;NaN;9;34.952;1;NaN;9;NaN;9;NaN;9;NaN;9;NaN;9;NaN;9;NaN;9;NaN;9;NaN;9;0;NaN;NaN
18HU18008_162;HL_07.5;42.44704;-61.31422;438401;2100.71;19-may-18;18:39:00;2100.718;34.9483;3.5134;5.6883;NaN;NaN;9;34.946;1;6.2;1;NaN;9;NaN;9;NaN;9;NaN;9;NaN;9;NaN;9;NaN;9;NaN;9;0;NaN;NaN
18HU18008_162;HL_07.5;42.4461;-61.31432;438400;2360.17;19-may-18;18:28:00;2360.174;34.9388;3.2727;5.7189;NaN;NaN;9;34.936;1;6.2;1;NaN;9;NaN;9;NaN;9;NaN;9;NaN;9;NaN;9;NaN;9;NaN;9;0;NaN;NaN
18HU18008_162;HL_07.5;42.44594;-61.31466;438399;2500.07;19-may-18;18:25:00;2500.073;34.9344;3.1222;5.7374;NaN;NaN;9;34.932;1;6.234;1;NaN;9;NaN;9;NaN;9;NaN;9;NaN;9;NaN;9;NaN;9;NaN;9;0;NaN;NaN
18HU18008_162;HL_07.5;42.4458;-61.31518;438398;2641.38;19-may-18;18:22:00;2641.381;34.9298;3.0129;5.758;NaN;NaN;9;34.941;1;6.2;1;NaN;9;NaN;9;NaN;9;NaN;9;NaN;9;NaN;9;NaN;9;NaN;9;0;NaN;NaN
18HU18008_162;HL_07.5;42.44566;-61.31536;438397;2780.63;19-may-18;18:19:00;2780.639;34.9256;2.8738;5.785;NaN;NaN;9;34.923;1;6.3;1;NaN;9;NaN;9;NaN;9;NaN;9;NaN;9;NaN;9;NaN;9;NaN;9;0;NaN;NaN
18HU18008_162;HL_07.5;42.44538;-61.3154;438396;2900.72;19-may-18;18:17:00;2900.727;34.9212;2.7325;5.8033;NaN;NaN;9;34.919;1;6.3;1;NaN;9;NaN;9;NaN;9;NaN;9;NaN;9;NaN;9;NaN;9;NaN;9;0;NaN;NaN
18HU18008_162;HL_07.5;42.44526;-61.31544;438395;3021.72;19-may-18;18:14:00;3021.728;34.918;2.6518;5.8161;NaN;NaN;9;34.916;1;6.4;1;NaN;9;NaN;9;NaN;9;NaN;9;NaN;9;NaN;9;NaN;9;NaN;9;0;NaN;NaN
18HU18008_162;HL_07.5;42.44516;-61.31536;438394;3120.69;19-may-18;18:10:00;3120.695;34.9165;2.6176;5.8124;NaN;NaN;9;34.91456;1;6.4;1;NaN;9;NaN;9;NaN;9;NaN;9;NaN;9;NaN;9;NaN;9;NaN;9;0;NaN;NaN
18HU18008_162;HL_07.5;42.44524;-61.31612;438393;3167.92;19-may-18;18:03:00;3167.929;34.9152;2.5884;5.7974;NaN;NaN;9;34.913;1;6.4;1;NaN;9;NaN;9;NaN;9;NaN;9;NaN;9;NaN;9;NaN;9;NaN;9;0;NaN;NaN
18HU18008_164;HL_09;42.20904;-61.17656;438442;2.93;20-may-18;00:54:00;2.933;35.4805;14.4571;6.1045;NaN;2.6535;1;NaN;9;6.5;1;NaN;9;0;1;NaN;9;0.095;1;NaN;9;0.0965;1;NaN;9;0.13;1;0;0.98;0.73
18HU18008_164;HL_09;42.20896;-61.17646;438441;25.27;20-may-18;00:53:00;25.273;35.5993;14.3662;5.7082;NaN;2.52083;1;NaN;9;6.1;1;NaN;9;0.2;1;NaN;9;1.84;1;NaN;9;0.1895;1;NaN;9;0.695;1;0;9.71;2.65
18HU18008_164;HL_09;42.20892;-61.17639;438440;50.72;20-may-18;00:53:00;50.727;35.6288;13.8702;5.2124;NaN;0.25562;1;35.627;1;5.5;1;NaN;9;0.28;1;NaN;9;6.625;1;NaN;9;0.43;1;NaN;9;2.465;1;0;15.41;2.69
18HU18008_164;HL_09;42.20883;-61.17632;438439;99.88;20-may-18;00:51:00;99.887;35.6533;13.5794;5.11;NaN;0.03017;1;NaN;9;5.4;1;NaN;9;0;1;NaN;9;8.165;1;NaN;9;0.5135;1;NaN;9;3.14;1;0;15.90;2.60
18HU18008_164;HL_09;42.20872;-61.17644;438438;199.5;20-may-18;00:49:00;199.506;35.55;13.08;5.2113;NaN;NaN;9;35.548;1;5.5;1;NaN;9;0;1;NaN;9;8.1;1;NaN;9;0.52;1;NaN;9;3.085;1;0;15.58;2.63
18HU18008_164;HL_09;42.2087;-61.1766;438437;332.63;20-may-18;00:47:00;332.638;35.3933;11.0088;3.0134;NaN;NaN;9;35.384;1;3.2;1;NaN;9;0;1;NaN;9;22.58;1;NaN;9;1.3755;1;NaN;9;11.73;1;0;16.42;1.92
18HU18008_164;HL_09;42.20864;-61.1768;438436;508.36;20-may-18;00:44:00;508.365;35.0738;7.17;3.8317;NaN;NaN;9;35.07;1;3.7;1;NaN;9;0;1;NaN;9;22.9;1;NaN;9;1.444;1;NaN;9;14.425;1;0;15.86;1.59
18HU18008_164;HL_09;42.20838;-61.17665;438435;701.1;20-may-18;00:41:00;701.101;35.0181;5.4376;4.857;NaN;NaN;9;35.017;1;5.2;1;NaN;9;0;1;NaN;9;19.845;1;NaN;9;1.2645;1;NaN;9;12.685;1;0;15.69;1.56
18HU18008_164;HL_09;42.20793;-61.17611;438434;907.2;20-may-18;00:38:00;907.2;34.9803;4.6457;5.4275;NaN;NaN;9;34.978;1;5.8;1;NaN;9;0;1;NaN;9;18.28;1;NaN;9;1.173;1;NaN;9;11.53;1;0;15.58;1.59
18HU18008_164;HL_09;42.2076;-61.17562;438433;1132.96;20-may-18;00:34:00;1132.965;34.9672;4.3067;5.6303;NaN;NaN;9;34.967;1;6;1;NaN;9;0;1;NaN;9;17.975;1;NaN;9;1.1315;1;NaN;9;11.305;1;0;15.89;1.59
18HU18008_164;HL_09;42.20694;-61.17522;438432;1363.96;20-may-18;00:31:00;1363.968;34.9578;4.073;5.6971;NaN;NaN;9;34.954;1;6.1;1;NaN;9;0;1;NaN;9;17.805;1;NaN;9;1.1315;1;NaN;9;11.6;1;0;15.74;1.53
18HU18008_164;HL_09;42.20644;-61.17475;438431;1595.83;20-may-18;00:27:00;1595.836;34.9535;3.8778;5.7109;NaN;NaN;9;34.951;1;6.1;1;NaN;9;0;1;NaN;9;17.905;1;NaN;9;1.1405;1;NaN;9;12.385;1;0;15.70;1.45
18HU18008_164;HL_09;42.20604;-61.17458;438430;1827.97;20-may-18;00:23:00;1827.979;34.9556;3.7182;5.6725;NaN;NaN;9;34.95364;1;6.126;1;NaN;9;0;1;NaN;9;17.945;1;NaN;9;1.148;1;NaN;9;13.435;1;0;15.63;1.34
18HU18008_164;HL_09;42.20576;-61.17474;438429;2059.17;20-may-18;00:20:00;2059.175;34.9505;3.5357;5.682;NaN;NaN;9;34.94804;1;6.1;1;NaN;9;0;1;NaN;9;18.08;1;NaN;9;1.1575;1;NaN;9;14.445;1;0;15.62;1.25
18HU18008_164;HL_09;42.2055;-61.17436;438428;2292.16;20-may-18;00:16:00;2292.16;34.9388;3.3095;5.7375;NaN;NaN;9;34.936;1;6.2;1;NaN;9;0;1;NaN;9;17.69;1;NaN;9;1.142;1;NaN;9;14.985;1;0;15.49;1.18
18HU18008_164;HL_09;42.20504;-61.17406;438427;2523.68;20-may-18;00:12:00;2523.682;34.9331;3.1203;5.7569;NaN;NaN;9;34.93;1;6.2;1;NaN;9;0;1;NaN;9;17.555;1;NaN;9;1.1285;1;NaN;9;15.685;1;0;15.56;1.12
18HU18008_164;HL_09;42.20488;-61.17384;438426;2754.97;20-may-18;00:08:00;2754.977;34.9278;2.9214;5.7792;NaN;NaN;9;34.925;1;6.3;1;NaN;9;0;1;NaN;9;17.325;1;NaN;9;1.1125;1;NaN;9;16.52;1;0;15.57;1.05
18HU18008_164;HL_09;42.20502;-61.17362;438425;2980.02;20-may-18;00:05:00;2980.026;34.9218;2.7357;5.7929;NaN;NaN;9;34.919;1;6.3;1;NaN;9;0;1;NaN;9;17.305;1;NaN;9;1.1215;1;NaN;9;17.495;1;0;15.43;0.99
18HU18008_164;HL_09;42.2048;-61.17324;438424;3188.16;20-may-18;00:01:00;3188.165;34.9142;2.5412;5.8353;NaN;NaN;9;34.911;1;6.4;1;NaN;9;0;1;NaN;9;17.065;1;NaN;9;1.119;1;NaN;9;18.125;1;0;15.25;0.94
18HU18008_164;HL_09;42.20462;-61.17288;438423;3371.38;19-may-18;23:58:00;3371.381;34.9097;2.434;5.8304;NaN;NaN;9;34.907;1;6.4;1;NaN;9;0;1;NaN;9;17.115;1;NaN;9;1.1225;1;NaN;9;19.405;1;0;15.25;0.88
18HU18008_164;HL_09;42.20427;-61.17266;438422;3540.32;19-may-18;23:55:00;3540.327;34.907;2.3858;5.8386;NaN;NaN;9;34.903;1;6.4;1;NaN;9;0;1;NaN;9;17.045;1;NaN;9;1.1295;1;NaN;9;20.035;1;0;15.09;0.85
18HU18008_164;HL_09;42.20384;-61.17258;438421;3699.88;19-may-18;23:53:00;3699.887;34.9041;2.3298;5.8241;NaN;NaN;9;34.903;1;6.4;1;NaN;9;0;1;NaN;9;17.225;1;NaN;9;1.1415;1;NaN;9;20.975;1;0;15.09;0.82
18HU18008_164;HL_09;42.20368;-61.17228;438420;3830.29;19-may-18;23:50:00;3830.298;34.9018;2.3039;5.8002;NaN;NaN;9;34.899;1;6.4;1;NaN;9;0;1;NaN;9;17.475;1;NaN;9;1.152;1;NaN;9;22.485;1;0;15.17;0.78
18HU18008_164;HL_09;42.20346;-61.17212;438419;3943.23;19-may-18;23:48:00;3943.236;34.8989;2.2725;5.754;NaN;NaN;9;34.895;1;6.3;1;NaN;9;0;1;NaN;9;17.69;1;NaN;9;1.164;1;NaN;9;24.34;1;0;15.20;0.73
18HU18008_167;HL_06.5;42.6756;-61.56968;438469;1.69;20-may-18;07:59:00;1.691;35.617;15.4392;5.7296;NaN;1.29905;1;NaN;9;6.1;1;NaN;9;0;1;NaN;9;0.07;1;NaN;9;0.0735;1;NaN;9;0;1;0;0.95;NaN
18HU18008_167;HL_06.5;42.6756;-61.56964;438468;10.13;20-may-18;07:59:00;10.131;35.6169;15.4377;5.7312;NaN;1.29905;1;NaN;9;6.1;1;NaN;9;0;1;NaN;9;0.08;1;NaN;9;0.077;1;NaN;9;0;1;0;1.04;NaN
18HU18008_167;HL_06.5;42.67562;-61.56962;438467;19.54;20-may-18;07:58:00;19.547;35.6372;15.2892;5.7733;NaN;1.52422;1;NaN;9;NaN;9;NaN;9;0;1;NaN;9;0.115;1;NaN;9;0.076;1;NaN;9;0;1;0;1.51;NaN
18HU18008_167;HL_06.5;42.67562;-61.56964;438466;29.14;20-may-18;07:57:00;29.147;35.6554;15.0104;5.6807;NaN;2.43238;1;NaN;9;6.2;1;NaN;9;0.02;1;NaN;9;0.26;1;NaN;9;0.0955;1;NaN;9;0;1;0;2.72;NaN
18HU18008_167;HL_06.5;42.6756;-61.56969;438465;39.82;20-may-18;07:57:00;39.821;35.6506;14.8616;5.6218;NaN;2.74195;1;NaN;9;NaN;9;NaN;9;0.14;1;NaN;9;1.305;1;NaN;9;0.1885;1;NaN;9;0.37;1;0;6.92;3.53
18HU18008_167;HL_06.5;42.67554;-61.5698;438464;50.97;20-may-18;07:56:00;50.979;35.5651;14.0023;5.4565;NaN;0.22872;1;NaN;9;5.8;1;NaN;9;0.44;1;NaN;9;4.03;1;NaN;9;0.336;1;NaN;9;1.325;1;0;11.99;3.04
18HU18008_167;HL_06.5;42.67552;-61.56976;438463;60.21;20-may-18;07:55:00;60.21;35.5153;13.6166;5.4962;NaN;0.05658;1;NaN;9;NaN;9;NaN;9;0.6;1;NaN;9;5.245;1;NaN;9;0.365;1;NaN;9;1.46;1;0;14.37;3.59
18HU18008_167;HL_06.5;42.6755;-61.56966;438462;80.46;20-may-18;07:54:00;80.463;35.7079;14.0879;4.8877;NaN;0.03017;1;NaN;9;5.3;1;NaN;9;0.05;1;NaN;9;8.175;1;NaN;9;0.5245;1;NaN;9;3.055;1;0;15.59;2.68
18HU18008_167;HL_06.5;42.67546;-61.56952;438461;99.94;20-may-18;07:53:00;99.947;35.6493;13.7138;4.9471;NaN;0.03206;1;NaN;9;5.3;1;NaN;9;0.02;1;NaN;9;8.28;1;NaN;9;0.5255;1;NaN;9;3.09;1;0;15.76;2.68
18HU18008_167;HL_06.5;42.67535;-61.5693;438460;170.54;20-may-18;07:52:00;170.54;35.6244;13.2452;4.3123;NaN;NaN;9;NaN;9;4.6;1;NaN;9;0;1;NaN;9;12.48;1;NaN;9;0.7715;1;NaN;9;5.19;1;0;16.18;2.40
18HU18008_167;HL_06.5;42.6751;-61.56916;438459;270.26;20-may-18;07:50:00;270.261;35.3778;10.8143;2.9574;NaN;NaN;9;NaN;9;3.2;1;NaN;9;0;1;NaN;9;23.09;1;NaN;9;1.403;1;NaN;9;12.195;1;0;16.46;1.89
18HU18008_167;HL_06.5;42.67498;-61.56874;438458;399.66;20-may-18;07:47:00;399.66;35.1604;8.6532;3.1947;NaN;NaN;9;35.161;1;3.5;1;NaN;9;0;1;NaN;9;24.845;2;NaN;9;1.54;1;NaN;9;14.86;1;2048;16.13;1.67
18HU18008_167;HL_06.5;42.6753;-61.5688;438457;550.33;20-may-18;07:45:00;550.334;35.0484;6.1659;4.3737;NaN;NaN;9;35.047;1;NaN;9;NaN;9;0;1;NaN;9;21.21;1;NaN;9;1.349;1;NaN;9;13.655;1;0;15.72;1.55
18HU18008_167;HL_06.5;42.67559;-61.5689;438456;699.43;20-may-18;07:42:00;699.431;35.0054;5.1481;5.0426;NaN;NaN;9;35.004;1;5.4;1;NaN;9;0;1;NaN;9;19.35;1;NaN;9;1.2315;1;NaN;9;12.325;1;0;15.71;1.57
18HU18008_167;HL_06.5;42.67564;-61.56884;438455;899.96;20-may-18;07:39:00;899.965;34.9706;4.4901;5.4682;NaN;NaN;9;34.969;1;5.9;1;NaN;9;0;1;NaN;9;18.28;1;NaN;9;1.162;1;NaN;9;11.665;1;0;15.73;1.57
18HU18008_167;HL_06.5;42.67543;-61.56815;438454;1099.25;20-may-18;07:35:00;1099.256;34.9605;4.2627;5.5888;NaN;NaN;9;34.959;1;6.033;1;NaN;9;0;1;NaN;9;18;1;NaN;9;1.149;1;NaN;9;11.655;1;0;15.67;1.54
18HU18008_167;HL_06.5;42.67522;-61.56754;438453;1300.32;20-may-18;07:32:00;1300.324;34.9531;4.055;5.6589;NaN;NaN;9;34.951;1;6.1;1;NaN;9;0;1;NaN;9;17.82;1;NaN;9;1.14;1;NaN;9;11.975;1;0;15.63;1.49
18HU18008_167;HL_06.5;42.67494;-61.56712;438452;1499.34;20-may-18;07:28:00;1499.343;34.951;3.9372;5.6838;NaN;NaN;9;34.949;1;6.1;1;NaN;9;0;1;NaN;9;17.75;1;NaN;9;1.1405;1;NaN;9;12.25;1;0;15.56;1.45
18HU18008_167;HL_06.5;42.6752;-61.567;438451;1657.97;20-may-18;07:26:00;1657.97;34.9537;3.8067;5.6689;NaN;NaN;9;34.953;1;6.1;1;NaN;9;0;1;NaN;9;17.96;1;NaN;9;1.15;1;NaN;9;12.905;1;0;15.62;1.39
18HU18008_167;HL_06.5;42.67546;-61.56724;438450;1810.95;20-may-18;07:23:00;1810.954;34.9508;3.7308;5.6457;NaN;NaN;9;34.95;1;6.1;1;NaN;9;0;1;NaN;9;17.875;1;NaN;9;1.1465;1;NaN;9;13.42;1;0;15.59;1.33
18HU18008_167;HL_06.5;42.67562;-61.56744;438449;1919.24;20-may-18;07:20:00;1919.249;34.9483;3.6134;5.6502;NaN;NaN;9;34.948;1;6.2;1;NaN;9;0;1;NaN;9;17.915;1;NaN;9;1.146;1;NaN;9;14.045;1;0;15.63;1.28
18HU18008_167;HL_06.5;42.67572;-61.5675;438448;2020.67;20-may-18;07:18:00;2020.675;34.9471;3.5526;5.6531;NaN;NaN;9;34.948;1;6.2;1;NaN;9;0;1;NaN;9;17.945;1;NaN;9;1.135;1;NaN;9;14.44;1;0;15.81;1.24
18HU18008_172;HL_06.3;42.75905;-61.61492;438483;2.98;20-may-18;12:27:00;2.983;35.7186;15.5596;5.5664;NaN;0.90067;1;NaN;9;5.9;1;NaN;9;0.065;1;NaN;9;0.615;1;NaN;9;0.1035;1;NaN;9;0.4;1;0;5.94;1.54
18HU18008_172;HL_06.3;42.75894;-61.61492;438482;10.51;20-may-18;12:27:00;10.512;35.7182;15.562;5.5599;NaN;0.84871;1;NaN;9;NaN;9;NaN;9;0.07;1;NaN;9;0.625;1;NaN;9;0.1065;1;NaN;9;0.405;1;0;5.87;1.54
18HU18008_172;HL_06.3;42.75874;-61.61483;438481;19.33;20-may-18;12:26:00;19.339;35.7214;15.495;5.5644;NaN;0.88335;1;NaN;9;NaN;9;NaN;9;0.08;1;NaN;9;0.765;1;NaN;9;0.111;1;NaN;9;0.465;1;0;6.89;1.65
18HU18008_172;HL_06.3;42.75855;-61.61472;438480;29.37;20-may-18;12:25:00;29.37;35.7028;15.2708;5.5763;NaN;0.86604;1;NaN;9;NaN;9;NaN;9;0.095;1;NaN;9;0.95;1;NaN;9;0.124;1;NaN;9;0.545;1;0;7.66;1.74
18HU18008_172;HL_06.3;42.75842;-61.61473;438479;40.13;20-may-18;12:24:00;40.13;35.6575;14.9862;5.6016;NaN;0.88335;1;NaN;9;NaN;9;NaN;9;0.16;1;NaN;9;1.485;1;NaN;9;0.162;1;NaN;9;0.73;1;0;9.17;2.03
18HU18008_172;HL_06.3;42.75836;-61.61484;438478;49.44;20-may-18;12:24:00;49.447;35.6487;14.7881;5.4607;NaN;0.65818;1;NaN;9;NaN;9;NaN;9;0.26;1;NaN;9;2.41;1;NaN;9;0.2135;1;NaN;9;1.01;1;0;11.29;2.39
18HU18008_172;HL_06.3;42.7583;-61.61492;438477;60.39;20-may-18;12:23:00;60.399;35.6225;14.1847;5.2323;NaN;0.1435;1;NaN;9;NaN;9;NaN;9;0.4;1;NaN;9;6.005;1;NaN;9;0.397;1;NaN;9;2.07;1;0;15.13;2.90
18HU18008_172;HL_06.3;42.75811;-61.61488;438476;80.55;20-may-18;12:22:00;80.553;35.6504;13.7887;5.0213;NaN;0.0528;1;NaN;9;NaN;9;NaN;9;0.06;1;NaN;9;8.005;1;NaN;9;0.4925;1;NaN;9;2.91;1;0;16.25;2.75
18HU18008_172;HL_06.3;42.7578;-61.61467;438475;99.74;20-may-18;12:20:00;99.74;35.5399;13.1709;4.9844;NaN;0.0396;1;NaN;9;5.3;1;NaN;9;0;1;NaN;9;9.3;1;NaN;9;0.575;1;NaN;9;3.245;1;0;16.17;2.87
18HU18008_175;HL_06;42.83612;-61.71368;438502;3.8;20-may-18;17:07:00;3.801;34.6204;13.5842;5.9629;NaN;0.71015;1;NaN;9;6.3;1;NaN;9;0;1;NaN;9;0;1;NaN;9;0.094;1;NaN;9;0.74;1;0;0.00;0.00
18HU18008_175;HL_06;42.83614;-61.71372;438501;9.75;20-may-18;17:06:00;9.758;34.5283;13.4737;5.9521;NaN;0.6755;1;NaN;9;6.3;1;NaN;9;0;1;NaN;9;0;1;NaN;9;0.0875;1;NaN;9;0.8;1;0;0.00;0.00
18HU18008_175;HL_06;42.83622;-61.71382;438500;20.18;20-may-18;17:05:00;20.183;34.7846;13.813;5.8961;NaN;0.74479;1;NaN;9;6.3;1;NaN;9;0;1;NaN;9;0;1;NaN;9;0.093;1;NaN;9;0.715;1;0;0.00;0.00
18HU18008_175;HL_06;42.83624;-61.71382;438499;30.38;20-may-18;17:00:00;30.383;35.2036;13.7171;5.5075;NaN;0.5023;1;NaN;9;5.8;1;NaN;9;0.435;1;NaN;9;4.28;1;NaN;9;0.3025;1;NaN;9;1.725;1;0;14.15;2.48
18HU18008_175;HL_06;42.83614;-61.71368;438498;40.31;20-may-18;16:59:00;40.314;35.2929;12.6841;5.2654;NaN;0.16973;1;NaN;9;5.6;1;NaN;9;0.12;1;NaN;9;7.915;1;NaN;9;0.5105;1;NaN;9;2.75;1;0;15.50;2.88
18HU18008_175;HL_06;42.83606;-61.71358;438497;50.68;20-may-18;16:59:00;50.689;35.1448;11.9341;5.2136;NaN;0.13201;1;NaN;9;5.6;1;NaN;9;0.05;1;NaN;9;8.665;1;NaN;9;0.5495;1;NaN;9;3.145;1;0;15.77;2.76
18HU18008_175;HL_06;42.83602;-61.71354;438496;59.88;20-may-18;16:58:00;59.886;35.2626;12.1434;5.2046;NaN;0.06789;1;NaN;9;5.6;1;NaN;9;0.1;1;NaN;9;8.665;1;NaN;9;0.5425;1;NaN;9;2.84;1;0;15.97;3.05
18HU18008_175;HL_06;42.8361;-61.71368;438495;80.8;20-may-18;16:57:00;80.807;35.5877;13.1718;5.0685;NaN;0.0396;1;NaN;9;5.4;1;NaN;9;0;1;NaN;9;9.03;1;NaN;9;0.542;1;NaN;9;3.39;1;0;16.66;2.66
18HU18008_175;HL_06;42.83618;-61.71392;438494;100.68;20-may-18;16:56:00;100.68;35.5544;12.9638;5.0681;NaN;0.03017;1;NaN;9;5.4;1;NaN;9;0;1;NaN;9;9.275;1;NaN;9;0.5635;1;NaN;9;3.215;1;0;16.46;2.88
18HU18008_175;HL_06;42.83618;-61.71408;438493;150.87;20-may-18;16:55:00;150.876;35.6797;13.2545;4.8902;NaN;NaN;9;NaN;9;5.3;1;NaN;9;0;1;NaN;9;9.87;1;NaN;9;0.5975;1;NaN;9;3.84;1;0;16.52;2.57
18HU18008_175;HL_06;42.83584;-61.71406;438492;200.42;20-may-18;16:47:00;200.426;35.5155;12.1771;4.0529;NaN;NaN;9;NaN;9;4.2;1;NaN;9;0;1;NaN;9;16.44;1;NaN;9;1.005;1;NaN;9;8.27;1;0;16.36;1.99
18HU18008_175;HL_06;42.8359;-61.71427;438491;299.58;20-may-18;16:45:00;299.589;35.1822;8.8041;3.1388;NaN;NaN;9;NaN;9;3.4;1;NaN;9;0;1;NaN;9;24.975;2;NaN;9;1.5435;1;NaN;9;14.785;1;2048;16.18;1.69
18HU18008_175;HL_06;42.83592;-61.71432;438490;398.69;20-may-18;16:43:00;398.695;35.1228;7.5141;3.678;NaN;NaN;9;NaN;9;3.9;1;NaN;9;0;1;NaN;9;23.765;1;NaN;9;1.482;1;NaN;9;14.605;1;0;16.04;1.63
18HU18008_175;HL_06;42.83594;-61.71432;438489;482.27;20-may-18;16:41:00;482.277;35.0708;6.4342;4.2301;NaN;NaN;9;NaN;9;4.5;1;NaN;9;0;1;NaN;9;21.945;1;NaN;9;1.3855;1;NaN;9;13.88;1;0;15.84;1.58
18HU18008_175;HL_06;42.83602;-61.71612;438488;620.93;20-may-18;16:33:00;620.936;35.015;5.2322;4.9688;NaN;NaN;9;NaN;9;5.3;1;NaN;9;0;1;NaN;9;19.705;1;NaN;9;1.254;1;NaN;9;12.58;1;0;15.71;1.57
18HU18008_175;HL_06;42.8361;-61.71616;438487;720.13;20-may-18;16:31:00;720.131;34.9934;4.8701;5.2162;NaN;NaN;9;NaN;9;5.602;1;NaN;9;0;1;NaN;9;18.95;1;NaN;9;1.216;1;NaN;9;12.06;1;0;15.58;1.57
18HU18008_175;HL_06;42.83692;-61.71646;438486;819.5;20-may-18;16:24:00;819.503;34.9802;4.6555;5.3515;NaN;NaN;9;NaN;9;5.8;1;NaN;9;0;1;NaN;9;18.6;1;NaN;9;1.1955;1;NaN;9;11.82;1;0;15.56;1.57
18HU18008_175;HL_06;42.83682;-61.7166;438485;920.8;20-may-18;16:22:00;920.805;34.9677;4.4318;5.4898;NaN;NaN;9;NaN;9;5.9;1;NaN;9;0;1;NaN;9;18.32;1;NaN;9;1.1755;1;NaN;9;11.74;1;0;15.58;1.56
18HU18008_175;HL_06;42.83726;-61.71716;438484;1088.09;20-may-18;16:19:00;1088.091;34.9563;4.158;5.6058;NaN;NaN;9;NaN;9;6;1;NaN;9;0;1;NaN;9;17.935;1;NaN;9;1.1515;1;NaN;9;12.11;1;0;15.58;1.48
18HU18008_177;HL_05.5;42.94967;-61.83118;438521;4.57;20-may-18;20:24:00;4.578;32.6728;9.9605;6.5214;NaN;0.72747;1;NaN;9;NaN;9;NaN;9;0;1;NaN;9;0.035;2;NaN;9;0.195;1;NaN;9;0.345;1;2048;0.18;0.10
18HU18008_177;HL_05.5;42.94962;-61.83116;438520;10.4;20-may-18;20:23:00;10.403;32.6879;9.9617;6.5129;NaN;0.74479;1;NaN;9;6.9;1;NaN;9;0;1;NaN;9;0;2;NaN;9;0.215;1;NaN;9;0.375;1;2048;0.00;0.00
18HU18008_177;HL_05.5;42.94962;-61.83114;438519;20.22;20-may-18;20:22:00;20.224;33.5902;11.5066;6.2711;NaN;1.45494;1;NaN;9;NaN;9;NaN;9;0;1;NaN;9;0.08;1;NaN;9;0.134;1;NaN;9;0.96;1;0;0.60;0.08
18HU18008_177;HL_05.5;42.94964;-61.83118;438518;29.61;20-may-18;20:22:00;29.618;33.826;10.8287;6.2107;NaN;1.93992;1;NaN;9;6.6;1;NaN;9;0.11;1;NaN;9;0.685;1;NaN;9;0.216;1;NaN;9;1.27;1;0;3.17;0.54
18HU18008_177;HL_05.5;42.94966;-61.83125;438517;40.68;20-may-18;20:21:00;40.687;34.6181;12.0336;5.7828;NaN;0.58749;1;NaN;9;NaN;9;NaN;9;0.33;1;NaN;9;3.35;1;NaN;9;0.2915;1;NaN;9;1.57;1;0;11.49;2.13
18HU18008_177;HL_05.5;42.94964;-61.83131;438516;50.38;20-may-18;20:20:00;50.388;34.8318;11.4477;5.3683;NaN;0.26011;1;NaN;9;5.7;1;NaN;9;0.45;1;NaN;9;6.98;1;NaN;9;0.4895;1;NaN;9;2.915;1;0;14.26;2.39
18HU18008_177;HL_05.5;42.94965;-61.8314;438515;61.15;20-may-18;20:19:00;61.159;35.0878;11.5971;5.0551;NaN;0.08298;1;NaN;9;NaN;9;NaN;9;0.02;1;NaN;9;9.385;1;NaN;9;0.611;1;NaN;9;3.785;1;0;15.36;2.48
18HU18008_177;HL_05.5;42.94958;-61.83152;438514;79.13;20-may-18;20:18:00;79.133;35.2647;12.0138;5.0893;NaN;0.04903;1;NaN;9;NaN;9;NaN;9;0;1;NaN;9;9.535;1;NaN;9;0.603;1;NaN;9;3.495;1;0;15.81;2.73
18HU18008_177;HL_05.5;42.9494;-61.83154;438513;99.81;20-may-18;20:17:00;99.818;35.2944;12.0574;5.0388;NaN;0.74479;1;NaN;9;7;7;NaN;9;0;1;NaN;9;0;2;NaN;9;0.212;1;NaN;9;0.35;2;2304;0.00;0.00
18HU18008_177;HL_05.5;42.94908;-61.83175;438512;130.93;20-may-18;20:14:00;130.932;35.4844;12.6545;5.0159;NaN;NaN;9;NaN;9;5.4;1;NaN;9;0;1;NaN;9;9.55;1;NaN;9;0.583;1;NaN;9;3.245;1;0;16.38;2.94
18HU18008_177;HL_05.5;42.94882;-61.83192;438511;174.46;20-may-18;20:12:00;174.461;35.5907;12.7996;4.5831;NaN;NaN;9;NaN;9;4.9;1;NaN;9;0;1;NaN;9;11.98;1;NaN;9;0.736;1;NaN;9;5.385;1;0;16.28;2.22
18HU18008_177;HL_05.5;42.94836;-61.83228;438510;290.99;20-may-18;20:09:00;290.998;35.2972;10.0676;3.0201;NaN;NaN;9;NaN;9;3.3;1;NaN;9;0;1;NaN;9;23.77;1;NaN;9;1.4575;1;NaN;9;13.08;1;0;16.31;1.82
18HU18008_177;HL_05.5;42.94802;-61.83272;438509;359.61;20-may-18;20:08:00;359.614;35.0894;6.834;4.0262;NaN;NaN;9;NaN;9;4.3;1;NaN;9;0.01;1;NaN;9;22.485;1;NaN;9;1.4115;1;NaN;9;14.015;1;0;15.93;1.60
18HU18008_177;HL_05.5;42.94798;-61.83278;438508;407.52;20-may-18;20:06:00;407.522;35.0466;5.8919;4.5435;NaN;NaN;9;NaN;9;4.9;1;NaN;9;0;1;NaN;9;20.955;1;NaN;9;1.3245;1;NaN;9;13.38;1;0;15.82;1.57
18HU18008_180;HL_05;43.18484;-62.10062;438530;2.41;20-may-18;23:44:00;2.413;32.4681;8.2228;6.7985;NaN;0.3812;1;NaN;9;7.2;1;NaN;9;0;1;NaN;9;0;1;NaN;9;0.278;1;NaN;9;0.26;1;0;0.00;0.00
18HU18008_180;HL_05;43.18474;-62.10062;438529;10.89;20-may-18;23:44:00;10.89;32.4765;8.0635;6.8095;NaN;0.5023;1;NaN;9;7.3;1;NaN;9;0;1;NaN;9;0.035;1;NaN;9;0.2915;1;NaN;9;0.27;1;0;0.12;0.13
18HU18008_180;HL_05;43.18461;-62.1006;438528;19.32;20-may-18;23:43:00;19.326;32.7808;6.1738;7.0382;NaN;1.10852;1;NaN;9;NaN;9;NaN;9;0;1;NaN;9;0.2;1;NaN;9;0.3385;1;NaN;9;0.56;1;0;0.59;0.36
18HU18008_180;HL_05;43.18449;-62.10064;438527;28.78;20-may-18;23:42:00;28.788;33.2209;6.2593;6.4361;NaN;0.96996;1;NaN;9;NaN;9;NaN;9;0.115;1;NaN;9;2.915;1;NaN;9;0.5485;1;NaN;9;1.985;1;0;5.31;1.47
18HU18008_180;HL_05;43.18432;-62.10074;438526;38.5;20-may-18;23:42:00;38.5;34.0381;8.9284;5.7004;NaN;0.79675;1;NaN;9;NaN;9;NaN;9;0.24;1;NaN;9;5.79;1;NaN;9;0.5425;1;NaN;9;3.13;1;0;10.67;1.85
18HU18008_180;HL_05;43.18424;-62.1008;438525;49.6;20-may-18;23:41:00;49.601;34.2062;9.2782;5.1527;NaN;0.48883;1;NaN;9;5.5;1;NaN;9;0.105;1;NaN;9;7.995;1;NaN;9;0.65;1;NaN;9;4.61;1;0;12.30;1.73
18HU18008_180;HL_05;43.18408;-62.10078;438524;58.45;20-may-18;23:40:00;58.455;34.4883;9.9112;5.0902;NaN;0.22872;1;NaN;9;NaN;9;NaN;9;0.025;1;NaN;9;8.445;1;NaN;9;0.6585;1;NaN;9;4.35;1;0;12.82;1.94
18HU18008_180;HL_05;43.18402;-62.10074;438523;79.58;20-may-18;23:39:00;79.586;35.078;11.4907;4.7413;NaN;0.0396;1;NaN;9;NaN;9;NaN;9;0.01;1;NaN;9;10.5;1;NaN;9;0.692;1;NaN;9;6.14;1;0;15.17;1.71
18HU18008_180;HL_05;43.18402;-62.1007;438522;91.88;20-may-18;23:38:00;91.884;35.0799;11.4895;4.7447;NaN;0.04715;1;NaN;9;NaN;9;NaN;9;0.02;1;NaN;9;10.55;1;NaN;9;0.693;1;NaN;9;6.21;1;0;15.22;1.70
18HU18008_183;HL_04;43.49199;-62.45189;438539;3.19;21-may-18;02:30:00;3.191;32.2623;8.2288;6.7217;NaN;0.30944;1;NaN;9;7.2;1;NaN;9;0;1;NaN;9;0;1;NaN;9;0.289;1;NaN;9;0.195;1;0;0.00;0.00
18HU18008_183;HL_04;43.49184;-62.45196;438538;10.35;21-may-18;02:29:00;10.356;32.2641;8.2168;6.7127;NaN;0.31392;1;NaN;9;7.2;1;NaN;9;0;1;NaN;9;0;1;NaN;9;0.2785;1;NaN;9;0.2;1;0;0.00;0.00
18HU18008_183;HL_04;43.49168;-62.45199;438537;19.84;21-may-18;02:28:00;19.841;32.2757;8.0085;6.7867;NaN;0.3498;1;NaN;9;NaN;9;NaN;9;0;1;NaN;9;0;1;NaN;9;0.2885;1;NaN;9;0.205;1;0;0.00;0.00
18HU18008_183;HL_04;43.49155;-62.45202;438536;30.49;21-may-18;02:28:00;30.498;32.6417;7.265;7.044;NaN;0.55426;1;NaN;9;NaN;9;NaN;9;0;1;NaN;9;0;1;NaN;9;0.304;1;NaN;9;0.28;1;0;0.00;0.00
18HU18008_183;HL_04;43.49143;-62.45204;438535;39.44;21-may-18;02:27:00;39.446;33.1184;7.6197;6.9199;NaN;0.918;1;NaN;9;NaN;9;NaN;9;0;1;NaN;9;0.12;1;NaN;9;0.309;1;NaN;9;0.635;1;0;0.39;0.19
18HU18008_183;HL_04;43.49123;-62.45214;438534;49.58;21-may-18;02:26:00;49.582;33.866;7.8119;5.7512;NaN;0.24666;1;NaN;9;6;1;NaN;9;0.24;1;NaN;9;5.505;1;NaN;9;0.637;1;NaN;9;3.205;1;0;8.64;1.72
18HU18008_183;HL_04;43.49103;-62.4522;438533;60.64;21-may-18;02:25:00;60.648;34.4641;9.6378;4.9996;NaN;0.07732;1;NaN;9;NaN;9;NaN;9;0.17;1;NaN;9;9.275;1;NaN;9;0.7205;1;NaN;9;5.87;1;0;12.87;1.58
18HU18008_183;HL_04;43.49074;-62.45238;438531;75.63;21-may-18;02:24:00;75.635;34.4871;9.7105;5.0056;NaN;0.06978;1;NaN;9;5.4;1;NaN;9;0.17;1;NaN;9;9.125;1;NaN;9;0.7055;1;NaN;9;5.845;1;0;12.93;1.56
18HU18008_183;HL_04;43.49075;-62.45237;438532;76.54;21-may-18;02:24:00;76.544;34.4871;9.7165;4.9996;NaN;0.06789;1;NaN;9;NaN;9;NaN;9;0.17;1;NaN;9;9.195;1;NaN;9;0.71;1;NaN;9;5.845;1;0;12.95;1.57
18HU18008_185;HL_03;43.89281;-62.8742;438551;2.78;21-may-18;06:42:00;2.789;31.1056;6.1537;7.1589;8.127;0.25563;1;NaN;9;7.6;1;NaN;9;0;1;NaN;9;0;1;NaN;9;0.3085;1;NaN;9;0.16;1;0;0.00;0.00
18HU18008_185;HL_03;43.8927;-62.8743;438550;9.42;21-may-18;06:41:00;9.423;31.1055;6.1595;7.1553;8.123;0.21526;1;NaN;9;7.6;1;NaN;9;0;1;NaN;9;0;1;NaN;9;0.3105;1;NaN;9;0.17;1;0;0.00;0.00
18HU18008_185;HL_03;43.8926;-62.87428;438549;19.97;21-may-18;06:40:00;19.97;31.4262;5.1977;7.326;8.127;0.3498;1;NaN;9;NaN;9;NaN;9;0;1;NaN;9;0;1;NaN;9;0.339;1;NaN;9;0.24;1;0;0.00;0.00
18HU18008_185;HL_03;43.89251;-62.87426;438548;30.61;21-may-18;06:40:00;30.612;31.6861;3.1639;7.3267;8.112;0.45743;1;NaN;9;NaN;9;NaN;9;0.03;1;NaN;9;1.67;1;NaN;9;0.508;1;NaN;9;1.33;1;0;3.29;1.26
18HU18008_185;HL_03;43.8924;-62.8743;438547;38.95;21-may-18;06:39:00;38.958;31.9408;3.0292;7.0571;8.096;0.26026;1;NaN;9;NaN;9;NaN;9;0.04;1;NaN;9;2.01;1;NaN;9;0.5685;1;NaN;9;1.47;1;0;3.54;1.37
18HU18008_185;HL_03;43.89226;-62.87438;438546;50.69;21-may-18;06:38:00;50.697;32.0974;2.838;6.7279;8.06;0.09429;1;NaN;9;7.1;1;NaN;9;0.07;1;NaN;9;3.59;1;NaN;9;0.6835;1;NaN;9;2.38;1;0;5.25;1.51
18HU18008_185;HL_03;43.89209;-62.87448;438545;60.24;21-may-18;06:38:00;60.243;32.3439;3.2164;6.3817;8.04;0.09995;1;NaN;9;NaN;9;NaN;9;0.09;1;NaN;9;4.75;1;NaN;9;0.76;1;NaN;9;2.59;1;0;6.25;1.83
18HU18008_185;HL_03;43.89188;-62.8746;438544;80.02;21-may-18;06:36:00;80.024;32.8367;4.5171;5.8341;8.049;0.06412;1;NaN;9;NaN;9;NaN;9;0.14;1;NaN;9;6.96;1;NaN;9;0.8255;1;NaN;9;4.195;1;0;8.43;1.66
18HU18008_185;HL_03;43.8917;-62.87469;438543;98.38;21-may-18;06:36:00;98.386;33.6705;7.3901;5.3158;8.087;0.08864;1;NaN;9;5.5;1;NaN;9;0.185;1;NaN;9;8.745;1;NaN;9;0.796;1;NaN;9;5.4;1;0;10.99;1.62
18HU18008_185;HL_03;43.89138;-62.87484;438542;149.92;21-may-18;06:34:00;149.923;35.0059;11.2075;4.1879;8.08;NaN;9;NaN;9;4.5;1;NaN;9;0;1;NaN;9;13.42;1;NaN;9;0.903;1;NaN;9;8.685;1;0;14.86;1.55
18HU18008_185;HL_03;43.89106;-62.87502;438541;201.04;21-may-18;06:32:00;201.049;35.1636;11.1709;3.5704;8.034;NaN;9;NaN;9;3.8;1;NaN;9;0;1;NaN;9;16.98;1;NaN;9;1.1055;1;NaN;9;11.59;1;0;15.36;1.47
18HU18008_185;HL_03;43.89074;-62.87522;438540;259.77;21-may-18;06:30:00;259.771;35.2339;10.6048;2.8816;7.985;NaN;9;NaN;9;3.1;1;NaN;9;0.02;1;NaN;9;21.325;1;NaN;9;1.4085;1;NaN;9;17.97;1;0;15.14;1.19
18HU18008_190;HL_02;44.26486;-63.3091;438561;2.05;21-may-18;10:55:00;2.057;31.1893;6.5492;7.0933;8.169;0.42155;1;NaN;9;7.5175;1;0;1;NaN;9;0;1;NaN;9;0.26425;1;NaN;9;0;1;NaN;9;0;0.00;NaN
18HU18008_190;HL_02;44.26484;-63.30916;438560;4.88;21-may-18;10:54:00;4.889;31.1886;6.5475;7.0964;8.164;0.43052;1;NaN;9;NaN;9;0;1;NaN;9;0;1;NaN;9;0.2595;1;NaN;9;0;1;NaN;9;0;0.00;NaN
18HU18008_190;HL_02;44.26482;-63.30922;438559;11.18;21-may-18;10:53:00;11.182;31.1907;6.5132;7.095;8.155;0.38119;1;NaN;9;7.6;1;0;1;NaN;9;0;1;NaN;9;0.26225;1;NaN;9;0;1;NaN;9;0;0.00;NaN
18HU18008_190;HL_02;44.2648;-63.30934;438558;20.49;21-may-18;10:52:00;20.499;31.3866;5.442;7.2798;8.15;0.69282;1;NaN;9;NaN;9;0;1;NaN;9;0.25;1;NaN;9;0.28725;1;NaN;9;0.0225;1;NaN;9;0;0.87;11.11
18HU18008_190;HL_02;44.26482;-63.3094;438557;30.4;21-may-18;10:51:00;30.401;31.7004;2.8442;7.3199;8.127;3.22844;1;NaN;9;NaN;9;0.04;1;NaN;9;2.1075;1;NaN;9;0.4865;1;NaN;9;1.0275;1;NaN;9;0;4.33;2.05
18HU18008_190;HL_02;44.26492;-63.30936;438556;41.05;21-may-18;10:50:00;41.055;31.9159;3.0478;7.0457;8.117;0.32289;1;NaN;9;7.4275;1;0.05;1;NaN;9;2.1625;1;NaN;9;0.48725;1;NaN;9;1.285;1;NaN;9;0;4.44;1.68
18HU18008_190;HL_02;44.2651;-63.3093;438555;50.26;21-may-18;10:50:00;50.266;32.0715;3.1589;6.952;8.108;0.22066;1;NaN;9;7.3;1;0.06;1;NaN;9;2.3875;1;NaN;9;0.49825;1;NaN;9;1.4275;1;NaN;9;0;4.79;1.67
18HU18008_190;HL_02;44.26537;-63.30922;438554;75.49;21-may-18;10:49:00;75.493;32.3938;3.2155;6.2235;8.04;0.04149;1;NaN;9;NaN;9;0.12;1;NaN;9;6.8675;1;NaN;9;0.75275;1;NaN;9;4.18;1;NaN;9;0;9.12;1.64
18HU18008_190;HL_02;44.26561;-63.30896;438553;100.31;21-may-18;10:47:00;100.318;32.8839;4.6411;5.7806;8.044;0.04903;1;NaN;9;6.1;1;0.16;1;NaN;9;7.19;1;NaN;9;0.777;1;NaN;9;3.9875;1;NaN;9;0;9.25;1.80
18HU18008_190;HL_02;44.26568;-63.30844;438552;149.04;21-may-18;10:45:00;149.048;34.1663;8.4279;3.597;7.964;0.03772;1;NaN;9;3.8795;1;0.1325;1;NaN;9;16.2925;1;NaN;9;1.16625;1;NaN;9;16.555;1;NaN;9;0;13.97;0.98
