CTD;CTD;CTD;CTD;CTD;CTD;CTD;CTD;CTD;CTD;CTD;labo;labo;labo;labo;labo;labo;labo;labo;labo;calc;calc
Fichier;Station;Latitude;Longitude;Echantillon;zbouteille;Date;Heure;PRES;PSAL;TEMP_XX;OXYM_01;Q_OXYM;NOx_01;Q_NOX;PO4_01;Q_PO4;Si_01;Q_Si;QCFF;N_P;N_Si
(nom);(nom/no);(degres);(degres);(no_unique);(dbar);(jj-mmm-yyyy);(GMT);(dbar);(psu);(celsius);(mmol/m**3);((none));(mmol/m**3);((none));(mmol/m**3);((none));(mmol/m**3);((none));((none));((none));((none))
18HU94030_002;CAST#1;43.98917;-58.0045;150601;1373.76;13-oct-94;16:44:00;1389.496;34.9339;3.6471;NaN;9;NaN;9;NaN;9;NaN;9;0;NaN;NaN
18HU94030_002;CAST#1;43.98917;-58.0045;150602;1375.23;13-oct-94;16:44:00;1390.981;34.9344;3.6468;NaN;9;NaN;9;NaN;9;NaN;9;0;NaN;NaN
18HU94030_002;CAST#1;43.98917;-58.0045;150603;1376.31;13-oct-94;16:44:00;1392.083;34.9344;3.6458;NaN;9;NaN;9;NaN;9;NaN;9;0;NaN;NaN
18HU94030_002;CAST#1;43.98917;-58.0045;150605;1378.93;13-oct-94;16:44:00;1394.738;34.9338;3.6402;NaN;9;NaN;9;NaN;9;NaN;9;0;NaN;NaN
18HU94030_002;CAST#1;43.98917;-58.0045;150606;1379.91;13-oct-94;16:44:00;1395.733;34.9337;3.6399;NaN;9;NaN;9;NaN;9;NaN;9;0;NaN;NaN
18HU94030_002;CAST#1;43.98917;-58.0045;150604;1380.6;13-oct-94;16:44:00;1396.432;34.933;3.6408;NaN;9;NaN;9;NaN;9;NaN;9;0;NaN;NaN
18HU94030_002;CAST#1;43.98917;-58.0045;150607;1381.76;13-oct-94;16:44:00;1397.609;34.9338;3.6366;NaN;9;NaN;9;NaN;9;NaN;9;0;NaN;NaN
18HU94030_002;CAST#1;43.98917;-58.0045;150608;1382.08;13-oct-94;16:44:00;1397.933;34.9337;3.6314;NaN;9;NaN;9;NaN;9;NaN;9;0;NaN;NaN
18HU94030_002;CAST#1;43.98917;-58.0045;150609;1383.41;13-oct-94;16:44:00;1399.292;34.9324;3.6293;NaN;9;NaN;9;NaN;9;NaN;9;0;NaN;NaN
18HU94030_002;CAST#1;43.98917;-58.0045;150610;1384.16;13-oct-94;16:44:00;1400.044;34.9327;3.6265;NaN;9;NaN;9;NaN;9;NaN;9;0;NaN;NaN
18HU94030_002;CAST#1;43.98917;-58.0045;150612;1386.8;13-oct-94;16:44:00;1402.724;34.9332;3.6252;NaN;9;NaN;9;NaN;9;NaN;9;0;NaN;NaN
18HU94030_002;CAST#1;43.98917;-58.0045;150611;1386.86;13-oct-94;16:44:00;1402.789;34.9324;3.6258;NaN;9;NaN;9;NaN;9;NaN;9;0;NaN;NaN
18HU94030_002;CAST#1;43.98917;-58.0045;150613;1388.34;13-oct-94;16:44:00;1404.288;34.9321;3.6242;NaN;9;NaN;9;NaN;9;NaN;9;0;NaN;NaN
18HU94030_002;CAST#1;43.98917;-58.0045;150615;1388.39;13-oct-94;16:44:00;1404.338;34.9317;3.6226;NaN;9;NaN;9;NaN;9;NaN;9;0;NaN;NaN
18HU94030_002;CAST#1;43.98917;-58.0045;150619;1389.9;13-oct-94;16:44:00;1405.87;34.9313;3.618;NaN;9;NaN;9;NaN;9;NaN;9;0;NaN;NaN
18HU94030_002;CAST#1;43.98917;-58.0045;150618;1390.54;13-oct-94;16:44:00;1406.52;34.9308;3.6185;NaN;9;NaN;9;NaN;9;NaN;9;0;NaN;NaN
18HU94030_002;CAST#1;43.98917;-58.0045;150617;1390.65;13-oct-94;16:44:00;1406.633;34.9315;3.6188;NaN;9;NaN;9;NaN;9;NaN;9;0;NaN;NaN
18HU94030_002;CAST#1;43.98917;-58.0045;150620;1390.84;13-oct-94;16:44:00;1406.823;34.9319;3.6183;NaN;9;NaN;9;NaN;9;NaN;9;0;NaN;NaN
18HU94030_002;CAST#1;43.98917;-58.0045;150616;1391.41;13-oct-94;16:44:00;1407.402;34.9319;3.6194;NaN;9;NaN;9;NaN;9;NaN;9;0;NaN;NaN
18HU94030_002;CAST#1;43.98917;-58.0045;150614;2743.57;13-oct-94;16:44:00;2784.069;34.2884;3.6231;NaN;9;NaN;9;NaN;9;NaN;9;0;NaN;NaN
18HU94030_113;CAST#1;42.99667;-50.28833;150623;11.35;15-oct-94;03:53:00;11.44;32.4349;9.1959;7.194;1;0.59904;1;0.29655;1;0.86149;1;0;2.02;0.70
18HU94030_113;CAST#1;42.99667;-50.28833;150622;30.87;15-oct-94;03:53:00;31.122;33.2321;-0.3025;7.747;1;8.11553;1;0.88803;1;7.80005;1;0;9.14;1.04
18HU94030_113;CAST#1;42.99667;-50.28833;150621;68.23;15-oct-94;03:53:00;68.792;33.4777;-0.8231;8.594;1;10.81604;1;1.01004;1;9.87302;1;0;10.71;1.10
18HU94030_225;CAST#1;42.748;-50.2935;150631;11.01;15-oct-94;05:34:00;11.102;32.5362;7.6403;7.426;1;0.7955;1;0.32504;1;1.32249;1;0;2.45;0.60
18HU94030_225;CAST#1;42.748;-50.2935;150630;100.46;15-oct-94;05:34:00;101.286;33.6333;-0.5589;7.243;1;12.59349;1;1.03804;1;11.2735;1;0;12.13;1.12
18HU94030_225;CAST#1;42.748;-50.2935;150629;297.87;15-oct-94;05:34:00;300.465;34.4918;2.3;6.859;1;16.24305;1;1.07501;1;11.20252;1;0;15.11;1.45
18HU94030_225;CAST#1;42.748;-50.2935;150628;548.98;15-oct-94;05:34:00;554.099;34.7274;3.2561;6.622;1;17.71348;1;1.10649;1;10.93904;1;0;16.01;1.62
18HU94030_225;CAST#1;42.748;-50.2935;150627;699.05;15-oct-94;05:34:00;705.827;34.7783;3.254;6.651;1;17.71149;1;1.10602;1;11.0525;1;0;16.01;1.60
18HU94030_225;CAST#1;42.748;-50.2935;150626;798.67;15-oct-94;05:34:00;806.602;34.8209;3.379;6.742;1;18.17297;1;1.11354;1;10.65452;1;0;16.32;1.71
18HU94030_225;CAST#1;42.748;-50.2935;150625;898.31;15-oct-94;05:34:00;907.454;34.843;3.3152;6.752;1;17.98646;1;1.09499;1;10.81802;1;0;16.43;1.66
18HU94030_225;CAST#1;42.748;-50.2935;150624;972.8;15-oct-94;05:34:00;982.879;34.8532;3.2808;6.7745;1;17.82298;1;1.09295;1;10.77204;1;0;16.31;1.65
18HU94030_264;CAST#1;42.49767;-50.2915;150646;10.24;15-oct-94;08:09:00;10.318;32.3496;10.8685;6.81;1;0;1;0.27298;1;1.20998;1;0;0.00;0.00
18HU94030_264;CAST#1;42.49767;-50.2915;150645;87.47;15-oct-94;08:09:00;88.18;34.0378;1.3051;6.939;1;NaN;9;NaN;9;NaN;9;0;NaN;NaN
18HU94030_264;CAST#1;42.49767;-50.2915;150644;264.62;15-oct-94;08:09:00;266.895;34.8229;4.3424;5.72;1;19.67051;1;1.26003;1;12.35897;1;0;15.61;1.59
18HU94030_264;CAST#1;42.49767;-50.2915;150643;502.95;15-oct-94;08:09:00;507.574;34.8402;3.5277;6.679;1;17.84752;1;1.13951;1;10.60749;1;0;15.66;1.68
18HU94030_264;CAST#1;42.49767;-50.2915;150642;691.94;15-oct-94;08:09:00;698.614;34.918;3.7754;6.468;1;18.18199;1;1.15199;1;11.166;1;0;15.78;1.63
18HU94030_264;CAST#1;42.49767;-50.2915;150641;857.54;15-oct-94;08:09:00;866.166;34.9487;3.8398;6.393;1;18.54056;1;1.16946;1;11.69153;1;0;15.85;1.59
18HU94030_264;CAST#1;42.49767;-50.2915;150640;1045.69;15-oct-94;08:09:00;1056.686;34.9068;3.466;6.64;1;18.15055;1;1.12952;1;11.04906;1;0;16.07;1.64
18HU94030_264;CAST#1;42.49767;-50.2915;150639;1206.82;15-oct-94;08:09:00;1219.982;34.8822;3.2459;6.205;1;17.85948;1;1.11903;1;10.97796;1;0;15.96;1.63
18HU94030_264;CAST#1;42.49767;-50.2915;150638;1369.48;15-oct-94;08:09:00;1384.961;34.8975;3.2733;5.522;1;17.84501;1;1.11504;1;11.57003;1;0;16.00;1.54
18HU94030_264;CAST#1;42.49767;-50.2915;150637;1483.36;15-oct-94;08:09:00;1500.542;34.8732;3.0869;6.858;1;18.19502;1;1.11348;1;11.31448;1;0;16.34;1.61
18HU94030_264;CAST#1;42.49767;-50.2915;150636;1587.36;15-oct-94;08:09:00;1606.14;34.877;3.0902;6.845;1;18.0255;1;1.12446;1;11.51999;1;0;16.03;1.56
18HU94030_264;CAST#1;42.49767;-50.2915;150635;1791.6;15-oct-94;08:09:00;1813.682;34.8843;3.1106;6.667;1;17.83252;1;1.10149;1;11.56653;1;0;16.19;1.54
18HU94030_264;CAST#1;42.49767;-50.2915;150634;1991.73;15-oct-94;08:09:00;2017.244;34.8923;3.1104;6.831;1;17.97851;1;1.10252;1;11.26047;1;0;16.31;1.60
18HU94030_264;CAST#1;42.49767;-50.2915;150633;2089.93;15-oct-94;08:09:00;2117.197;34.9423;3.3483;NaN;9;NaN;9;NaN;9;NaN;9;0;NaN;NaN
18HU94030_264;CAST#1;42.49767;-50.2915;150632;2235.6;15-oct-94;08:09:00;2265.561;34.9468;3.2624;6.477;1;18.43651;1;1.1355;1;14.14206;1;0;16.24;1.30
18HU94030_284;CAST#1;42.24533;-50.28383;150666;11.63;15-oct-94;11:31:00;11.726;32.4291;14.624;6.11401007613077;1;0.15001;1;0.25651;1;1.165;1;0;0.58;0.13
18HU94030_284;CAST#1;42.24533;-50.28383;150665;62.73;15-oct-94;11:31:00;63.242;33.4024;0.7234;7.455;1;9.18947;1;1.04452;1;8.25655;1;0;8.80;1.11
18HU94030_284;CAST#1;42.24533;-50.28383;150664;102.57;15-oct-94;11:31:00;103.406;33.8977;0.8091;7.121;1;13.25853;1;1.09401;1;10.35302;1;0;12.12;1.28
18HU94030_284;CAST#1;42.24533;-50.28383;150663;165.04;15-oct-94;11:31:00;166.418;34.1689;1.3285;6.904;1;15.05751;1;1.13299;1;10.83848;1;0;13.29;1.39
18HU94030_284;CAST#1;42.24533;-50.28383;150662;252.3;15-oct-94;11:31:00;254.46;34.7615;4.2793;5.681;1;18.55406;1;1.32747;1;12.68152;1;0;13.98;1.46
18HU94030_284;CAST#1;42.24533;-50.28383;150661;322.35;15-oct-94;11:31:00;325.163;34.9383;4.9529;5.422;1;19.161;1;1.35248;1;12.90501;1;0;14.17;1.48
18HU94030_284;CAST#1;42.24533;-50.28383;150660;461.4;15-oct-94;11:31:00;465.585;34.8027;3.5252;6.552;1;16.64004;1;1.20903;1;11.17303;1;0;13.76;1.49
18HU94030_284;CAST#1;42.24533;-50.28383;150659;731.52;15-oct-94;11:31:00;738.634;34.9927;4.2775;6.066;1;18.04153;1;1.26902;1;12.3905;1;0;14.22;1.46
18HU94030_284;CAST#1;42.24533;-50.28383;150658;898.59;15-oct-94;11:31:00;907.698;34.9765;4.0352;6.214;1;17.75456;1;1.249;1;12.47099;1;0;14.22;1.42
18HU94030_284;CAST#1;42.24533;-50.28383;150657;1084.38;15-oct-94;11:31:00;1095.864;34.9646;3.8308;6.347;1;17.8575;1;1.23001;1;12.4835;1;0;14.52;1.43
18HU94030_284;CAST#1;42.24533;-50.28383;150656;1232.75;15-oct-94;11:31:00;1246.241;34.9569;3.7191;6.367;1;17.55598;1;1.22097;1;12.54704;1;0;14.38;1.40
18HU94030_284;CAST#1;42.24533;-50.28383;150655;1440.3;15-oct-94;11:31:00;1456.798;34.9498;3.5873;6.448;1;17.31654;1;1.2105;1;13.00597;1;0;14.31;1.33
18HU94030_284;CAST#1;42.24533;-50.28383;150654;1646.23;15-oct-94;11:31:00;1665.903;34.9537;3.5215;6.412;1;18.07855;1;1.22148;1;13.852;1;0;14.80;1.31
18HU94030_284;CAST#1;42.24533;-50.28383;150653;1877.21;15-oct-94;11:31:00;1900.7;34.9688;3.5031;6.383;1;18.40552;1;1.20446;1;15.06801;1;0;15.28;1.22
18HU94030_284;CAST#1;42.24533;-50.28383;150652;2038.88;15-oct-94;11:31:00;2065.186;34.9689;3.4125;6.338;1;18.46903;1;1.21503;1;15.76206;1;0;15.20;1.17
18HU94030_284;CAST#1;42.24533;-50.28383;150651;2280;15-oct-94;11:31:00;2310.746;34.9523;3.179;6.395;1;17.88801;1;1.18547;1;15.86651;1;0;15.09;1.13
18HU94030_284;CAST#1;42.24533;-50.28383;150650;2510.56;15-oct-94;11:31:00;2545.805;34.9507;3.0243;6.397;1;17.9555;1;1.18998;1;17.12347;1;0;15.09;1.05
18HU94030_284;CAST#1;42.24533;-50.28383;150649;2818.46;15-oct-94;11:31:00;2860.103;34.9282;2.5952;6.55;1;17.041;1;1.12748;1;16.49655;1;0;15.11;1.03
18HU94030_284;CAST#1;42.24533;-50.28383;150648;2930.71;15-oct-94;11:31:00;2974.8;34.9219;2.469;6.591;1;17.12956;1;1.15148;1;16.56756;1;0;14.88;1.03
18HU94030_284;CAST#1;42.24533;-50.28383;150647;3039.7;15-oct-94;11:31:00;3086.226;34.9133;2.2434;6.598;1;16.96253;1;1.09998;1;18.11852;1;0;15.42;0.94
18HU94030_304;CAST#1;41.99783;-50.29183;150686;11.82;15-oct-94;16:50:00;11.911;32.2965;14.3313;6.144;1;0.15901;1;0.19597;1;0.81297;1;0;0.81;0.20
18HU94030_304;CAST#1;41.99783;-50.29183;150685;207.4;15-oct-94;16:50:00;209.149;34.4379;2.6782;6.249;1;17.77403;1;1.11599;1;12.03204;1;0;15.93;1.48
18HU94030_304;CAST#1;41.99783;-50.29183;150684;403.71;15-oct-94;16:50:00;407.307;34.8062;3.6848;6.341;1;18.72999;1;1.09999;1;10.81249;1;0;17.03;1.73
18HU94030_304;CAST#1;41.99783;-50.29183;150683;578.13;15-oct-94;16:50:00;583.524;34.9737;4.3151;6.102;1;19.64155;1;1.23299;1;11.587;1;0;15.93;1.70
18HU94030_304;CAST#1;41.99783;-50.29183;150682;787.25;15-oct-94;16:50:00;794.992;34.9794;4.1327;6.246;1;19.79953;1;1.15748;1;11.42547;1;0;17.11;1.73
18HU94030_304;CAST#1;41.99783;-50.29183;150681;989.61;15-oct-94;16:50:00;999.832;34.9742;3.9577;NaN;9;19.35347;1;1.13347;1;11.98498;1;0;17.07;1.61
18HU94030_304;CAST#1;41.99783;-50.29183;150680;1180.79;15-oct-94;16:50:00;1193.538;34.9569;3.7489;6.35;1;19.18548;1;1.12648;1;12.33005;1;0;17.03;1.56
18HU94030_304;CAST#1;41.99783;-50.29183;150679;1384.17;15-oct-94;16:50:00;1399.804;34.9083;3.3638;6.646;1;18.85854;1;1.09946;1;11.82352;1;0;17.15;1.60
18HU94030_304;CAST#1;41.99783;-50.29183;150678;1587.78;15-oct-94;16:50:00;1606.492;34.933;3.437;6.497;1;19.04048;1;1.10502;1;12.27197;1;0;17.23;1.55
18HU94030_304;CAST#1;41.99783;-50.29183;150677;1781.12;15-oct-94;16:50:00;1802.953;34.9644;3.5035;6.335;1;19.30049;1;1.12998;1;13.95306;1;0;17.08;1.38
18HU94030_304;CAST#1;41.99783;-50.29183;150676;1990.93;15-oct-94;16:50:00;2016.344;34.9671;3.4244;6.31;1;19.04405;1;1.13254;1;15.10954;1;0;16.82;1.26
18HU94030_304;CAST#1;41.99783;-50.29183;150675;2176.11;15-oct-94;16:50:00;2204.86;34.9664;3.3125;6.301;1;19.15053;1;1.21595;1;16.55499;1;0;15.75;1.16
18HU94030_304;CAST#1;41.99783;-50.29183;150674;2356.67;15-oct-94;16:50:00;2388.827;34.9609;3.1473;6.311;1;18.90997;1;1.14249;1;17.69997;1;0;16.55;1.07
18HU94030_304;CAST#1;41.99783;-50.29183;150673;2560.84;15-oct-94;16:50:00;2597.038;34.9403;2.8882;6.471;1;18.17398;1;1.09846;1;15.31555;1;0;16.54;1.19
18HU94030_304;CAST#1;41.99783;-50.29183;150672;2752.46;15-oct-94;16:50:00;2792.632;34.9353;2.7418;6.481;1;18.2405;1;1.11148;1;16.45806;1;0;16.41;1.11
18HU94030_304;CAST#1;41.99783;-50.29183;150671;2936.83;15-oct-94;16:50:00;2980.991;34.9289;2.5625;6.519;1;18.16049;1;1.08952;1;17.2385;1;0;16.67;1.05
18HU94030_304;CAST#1;41.99783;-50.29183;150670;3142.05;15-oct-94;16:50:00;3190.837;34.9201;2.3984;6.571;1;18.00997;1;1.085;1;18.19197;1;0;16.60;0.99
18HU94030_304;CAST#1;41.99783;-50.29183;150669;3322.39;15-oct-94;16:50:00;3375.409;34.9165;2.3257;6.546;1;17.48199;1;1.08746;1;19.09554;1;0;16.08;0.92
18HU94030_304;CAST#1;41.99783;-50.29183;150668;3429.35;15-oct-94;16:50:00;3484.942;34.9121;2.2525;6.58;1;17.49353;1;1.07853;1;19.41853;1;0;16.22;0.90
18HU94030_304;CAST#1;41.99783;-50.29183;150667;3523.58;15-oct-94;16:50:00;3581.495;34.9107;2.2206;6.568;1;17.23006;1;1.14655;1;19.0735;1;0;15.03;0.90
18HU94030_315;CAST#1;41.49283;-50.28317;150706;10.43;15-oct-94;22:39:00;10.512;32.1564;12.7378;6.401;1;0;1;0.27755;1;0.81954;1;0;0.00;0.00
18HU94030_315;CAST#1;41.49283;-50.28317;150705;51.99;15-oct-94;22:39:00;52.405;32.7032;5.7868;7.962;1;0.75699;1;0.36902;1;1.83404;1;0;2.05;0.41
18HU94030_315;CAST#1;41.49283;-50.28317;150704;115.92;15-oct-94;22:39:00;116.864;33.5948;0.4288;7.51;1;9.04947;1;0.88848;1;7.47903;1;0;10.19;1.21
18HU94030_315;CAST#1;41.49283;-50.28317;150703;272.08;15-oct-94;22:39:00;274.396;34.5366;2.7;6.622;1;17.23352;1;1.15648;1;10.57748;1;0;14.90;1.63
18HU94030_315;CAST#1;41.49283;-50.28317;150702;490.11;15-oct-94;22:39:00;494.55;34.8724;3.9588;6.3;1;19.384;1;1.15052;1;11.00753;1;0;16.85;1.76
18HU94030_315;CAST#1;41.49283;-50.28317;150701;590.99;15-oct-94;22:39:00;596.496;34.9338;4.1101;6.178;1;19.47148;1;1.14996;1;11.45452;1;0;16.93;1.70
18HU94030_315;CAST#1;41.49283;-50.28317;150700;730.81;15-oct-94;22:39:00;737.869;34.9763;4.2234;5.717;1;19.83303;1;1.14999;1;11.95247;1;0;17.25;1.66
18HU94030_315;CAST#1;41.49283;-50.28317;150699;957.06;15-oct-94;22:39:00;966.825;34.9729;3.9876;4.82;1;19.79451;1;1.16251;1;12.37298;1;0;17.03;1.60
18HU94030_315;CAST#1;41.49283;-50.28317;150698;1077.07;15-oct-94;22:39:00;1088.376;34.9215;3.6164;6.586;1;19.45755;1;1.1205;1;11.43051;1;0;17.37;1.70
18HU94030_315;CAST#1;41.49283;-50.28317;150697;1219.32;15-oct-94;22:39:00;1232.542;34.931;3.625;6.547;1;19.13699;1;1.11753;1;11.57699;1;0;17.12;1.65
18HU94030_315;CAST#1;41.49283;-50.28317;150696;1716.43;15-oct-94;22:39:00;1737.119;34.9642;3.5661;6.364;1;19.50948;1;1.12998;1;13.70704;1;0;17.27;1.42
18HU94030_315;CAST#1;41.49283;-50.28317;150695;2028.05;15-oct-94;22:39:00;2054.018;34.9571;3.3327;6.38366995073892;1;19.0715;1;1.18404;1;15.04048;1;0;16.11;1.27
18HU94030_315;CAST#1;41.49283;-50.28317;150694;2279.74;15-oct-94;22:39:00;2310.318;34.9652;3.2456;6.339;1;19.93649;1;1.16199;1;15.98301;1;0;17.16;1.25
18HU94030_315;CAST#1;41.49283;-50.28317;150693;2510.11;15-oct-94;22:39:00;2545.168;34.9579;3.1111;6.361;1;19.57504;1;1.16803;1;17.00906;1;0;16.76;1.15
18HU94030_315;CAST#1;41.49283;-50.28317;150692;2762.86;15-oct-94;22:39:00;2803.127;34.9413;2.8596;6.484;1;18.61197;1;1.10595;1;16.13097;1;0;16.83;1.15
18HU94030_315;CAST#1;41.49283;-50.28317;150691;3076.88;15-oct-94;22:39:00;3124.031;34.9313;2.5887;6.511;1;18.66897;1;1.10399;1;18.07896;1;0;16.91;1.03
18HU94030_315;CAST#1;41.49283;-50.28317;150690;3346.73;15-oct-94;22:39:00;3400.174;34.9183;2.3559;6.543;1;18.68797;1;1.11404;1;19.90901;1;0;16.77;0.94
18HU94030_315;CAST#1;41.49283;-50.28317;150689;3547.16;15-oct-94;22:39:00;3605.49;34.9138;2.2861;6.525;1;18.91504;1;1.11301;1;20.49802;1;0;16.99;0.92
18HU94030_315;CAST#1;41.49283;-50.28317;150688;3689.41;15-oct-94;22:39:00;3751.327;34.9118;2.2575;6.507;1;18.962;1;1.11701;1;21.00006;1;0;16.98;0.90
18HU94030_315;CAST#1;41.49283;-50.28317;150687;3833.62;15-oct-94;22:39:00;3899.271;34.9103;2.2439;6.527;1;19.00999;1;1.24699;1;21.79707;1;0;15.24;0.87
18HU94030_326;CAST#1;41.0725;-50.27683;150716;192.14;16-oct-94;04:25:00;193.733;36.1184;15.5613;4.25;1;11.17751;1;0.56753;1;4.35255;1;0;19.70;2.57
18HU94030_326;CAST#1;41.0725;-50.27683;150715;394.35;16-oct-94;04:25:00;397.815;35.2242;9.4203;3.55;1;24.8435;1;1.42398;1;14.01797;1;0;17.45;1.77
18HU94030_326;CAST#1;41.0725;-50.27683;150714;576.38;16-oct-94;04:25:00;581.707;34.7376;4.4052;5.509;1;20.66353;1;1.25103;1;13.12001;1;0;16.52;1.57
18HU94030_326;CAST#1;41.0725;-50.27683;150713;690.31;16-oct-94;04:25:00;696.876;35.0249;5.1815;5.441;1;21.1775;1;1.25048;1;12.69306;1;0;16.94;1.67
18HU94030_326;CAST#1;41.0725;-50.27683;150712;891.29;16-oct-94;04:25:00;900.206;34.8943;3.8133;6.481;1;18.85947;1;1.17998;1;11.12805;1;0;15.98;1.69
18HU94030_326;CAST#1;41.0725;-50.27683;150711;1094.34;16-oct-94;04:25:00;1105.835;34.8601;3.3314;6.797;1;18.53604;1;1.10301;1;10.59903;1;0;16.80;1.75
18HU94030_326;CAST#1;41.0725;-50.27683;150710;1283.02;16-oct-94;04:25:00;1297.085;34.8765;3.3162;6.827;1;18.68349;1;1.09902;1;11.02798;1;0;17.00;1.69
18HU94030_326;CAST#1;41.0725;-50.27683;150709;1504.43;16-oct-94;04:25:00;1521.729;34.8929;3.324;6.772;1;18.97302;1;1.10047;1;11.56753;1;0;17.24;1.64
18HU94030_326;CAST#1;41.0725;-50.27683;150708;1651.75;16-oct-94;04:25:00;1671.328;34.8811;3.2409;6.801;1;18.54301;1;1.12498;1;11.04597;1;0;16.48;1.68
18HU94030_326;CAST#1;41.0725;-50.27683;150707;1945.34;16-oct-94;04:25:00;1969.788;34.8878;3.2105;NaN;9;NaN;9;NaN;9;NaN;9;0;NaN;NaN
18HU94030_339;CAST#1;40.74633;-50.2855;150736;10.36;16-oct-94;09:11:00;10.443;36.4223;23.935;4.84301007613077;1;0;1;0.13598;1;1.89597;1;0;0.00;0.00
18HU94030_339;CAST#1;40.74633;-50.2855;150735;49.92;16-oct-94;09:11:00;50.312;36.4291;23.9507;4.21101007613077;1;0.129;1;0.10548;1;1.62196;1;0;1.22;0.08
18HU94030_339;CAST#1;40.74633;-50.2855;150734;105.21;16-oct-94;09:11:00;106.053;36.6724;20.6823;4.09801007613077;1;4.48904;1;0.28055;1;2.43903;1;0;16.00;1.84
18HU94030_339;CAST#1;40.74633;-50.2855;150733;221.29;16-oct-94;09:11:00;223.138;36.4778;17.785;4.274;1;6.66;1;0.36647;1;2.74599;1;0;18.17;2.43
18HU94030_339;CAST#1;40.74633;-50.2855;150732;308.02;16-oct-94;09:11:00;310.652;35.9283;14.903;3.943;1;13.23854;1;0.70154;1;5.29196;1;0;18.87;2.50
18HU94030_339;CAST#1;40.74633;-50.2855;150731;438.64;16-oct-94;09:11:00;442.534;35.4576;11.3326;3.769;1;20.60554;1;1.14548;1;9.78355;1;0;17.99;2.11
18HU94030_339;CAST#1;40.74633;-50.2855;150730;532.41;16-oct-94;09:11:00;537.251;35.1076;8.452;3.713;1;24.66453;1;1.49404;1;14.41547;1;0;16.51;1.71
18HU94030_339;CAST#1;40.74633;-50.2855;150729;699.37;16-oct-94;09:11:00;706.016;34.8357;4.4893;5.65533004926108;1;19.70999;1;1.24404;1;12.47152;1;0;15.84;1.58
18HU94030_339;CAST#1;40.74633;-50.2855;150728;830.61;16-oct-94;09:11:00;838.773;34.7765;3.4851;6.537;1;17.85898;1;1.18398;1;11.46496;1;0;15.08;1.56
18HU94030_339;CAST#1;40.74633;-50.2855;150727;953.83;16-oct-94;09:11:00;963.486;34.9267;4.1005;6.267;1;19.50749;1;1.15354;1;11.79999;1;0;16.91;1.65
18HU94030_339;CAST#1;40.74633;-50.2855;150726;1211.45;16-oct-94;09:11:00;1224.476;34.856;3.3662;6.809;1;18.06204;1;1.09203;1;10.9045;1;0;16.54;1.66
18HU94030_339;CAST#1;40.74633;-50.2855;150725;1436.66;16-oct-94;09:11:00;1452.898;34.9249;3.6404;6.527;1;18.91397;1;1.1205;1;11.42602;1;0;16.88;1.66
18HU94030_339;CAST#1;40.74633;-50.2855;150724;1863.69;16-oct-94;09:11:00;1886.69;34.8988;3.2713;6.886;1;18.58254;1;1.12346;1;11.67396;1;0;16.54;1.59
18HU94030_339;CAST#1;40.74633;-50.2855;150723;2090.2;16-oct-94;09:11:00;2117.135;34.9485;3.4102;6.424;1;19.15756;1;1.14504;1;14.08401;1;0;16.73;1.36
18HU94030_339;CAST#1;40.74633;-50.2855;150722;2183.47;16-oct-94;09:11:00;2212.098;34.9595;3.405;6.391;1;19.27549;1;1.15049;1;14.86302;1;0;16.75;1.30
18HU94030_339;CAST#1;40.74633;-50.2855;150721;2451.53;16-oct-94;09:11:00;2485.255;34.9622;3.2599;6.318;1;19.53202;1;1.17953;1;17.32747;1;0;16.56;1.13
18HU94030_339;CAST#1;40.74633;-50.2855;150720;2466.64;16-oct-94;09:11:00;2500.656;34.9657;3.2597;6.328;1;19.12251;1;1.2455;1;17.26955;1;0;15.35;1.11
18HU94030_339;CAST#1;40.74633;-50.2855;150719;2759.44;16-oct-94;09:11:00;2799.442;34.9459;2.988;6.436;1;18.96546;1;1.14504;1;16.35806;1;0;16.56;1.16
18HU94030_339;CAST#1;40.74633;-50.2855;150718;2992.34;16-oct-94;09:11:00;3037.382;34.9403;2.7871;6.404;1;19.09906;1;1.13898;1;17.43901;1;0;16.77;1.10
18HU94030_339;CAST#1;40.74633;-50.2855;150717;3245.07;16-oct-94;09:11:00;3295.871;34.9257;2.5466;6.54;1;18.68202;1;1.15754;1;18.16055;1;0;16.14;1.03
18HU94030_003;CAST#1;40.41783;-50.30417;150756;12.1;16-oct-94;14:26:00;12.195;36.2517;23.5146;4.90601007613077;1;0.34351;1;0.04046;1;-0.294;4;6;8.49;NaN
18HU94030_003;CAST#1;40.41783;-50.30417;150755;109.75;16-oct-94;14:26:00;110.631;36.6802;20.9766;4.57101007613077;1;2.14853;1;0.113;1;-0.134;4;6;19.01;NaN
18HU94030_003;CAST#1;40.41783;-50.30417;150754;204.34;16-oct-94;14:26:00;206.024;36.5852;18.4247;4.84201007613077;1;3.53253;1;0.17103;1;0.58899;1;0;20.65;6.00
18HU94030_003;CAST#1;40.41783;-50.30417;150753;340.98;16-oct-94;14:26:00;343.912;36.2692;16.6569;3.845;1;10.88199;1;0.61751;1;3.2235;1;0;17.62;3.38
18HU94030_003;CAST#1;40.41783;-50.30417;150752;496.67;16-oct-94;14:26:00;501.128;35.5519;12.0534;3.65;1;19.49705;1;1.178;1;8.96354;1;0;16.55;2.18
18HU94030_003;CAST#1;40.41783;-50.30417;150751;633.73;16-oct-94;14:26:00;639.63;35.0948;8.3228;3.75133990147783;1;24.21448;1;1.49751;1;13.90302;1;0;16.17;1.74
18HU94030_003;CAST#1;40.41783;-50.30417;150750;814.39;16-oct-94;14:26:00;822.34;35.0505;5.9908;4.863;1;21.37654;1;1.34346;1;13.39653;1;0;15.91;1.60
18HU94030_003;CAST#1;40.41783;-50.30417;150749;1063.37;16-oct-94;14:26:00;1074.393;34.9942;4.571;5.949;1;19.11102;1;1.24347;1;11.71656;1;0;15.37;1.63
18HU94030_003;CAST#1;40.41783;-50.30417;150748;1221.73;16-oct-94;14:26:00;1234.864;34.8526;3.4133;6.748;1;17.68099;1;1.1625;1;10.54655;1;0;15.21;1.68
18HU94030_003;CAST#1;40.41783;-50.30417;150747;1483.99;16-oct-94;14:26:00;1500.886;34.9656;3.9054;6.311;1;18.68556;1;1.21154;1;12.00049;1;0;15.42;1.56
18HU94030_003;CAST#1;40.41783;-50.30417;150746;1712.36;16-oct-94;14:26:00;1732.811;34.9567;3.7148;6.328;1;18.67948;1;1.19348;1;12.28952;1;0;15.65;1.52
18HU94030_003;CAST#1;40.41783;-50.30417;150745;1997.89;16-oct-94;14:26:00;2023.124;34.9605;3.5929;6.377;1;18.49456;1;1.18896;1;13.66904;1;0;15.56;1.35
18HU94030_003;CAST#1;40.41783;-50.30417;150744;2281.75;16-oct-94;14:26:00;2312.139;34.9423;3.3279;6.462;1;17.74753;1;1.18854;1;13.98402;1;0;14.93;1.27
18HU94030_003;CAST#1;40.41783;-50.30417;150743;2608.81;16-oct-94;14:26:00;2645.604;34.948;3.1545;6.445;1;18.20456;1;1.14504;1;15.37853;1;0;15.90;1.18
18HU94030_003;CAST#1;40.41783;-50.30417;150742;2867.17;16-oct-94;14:26:00;2909.384;34.9445;2.9304;6.445;1;18.24904;1;1.14145;1;17.04849;1;0;15.99;1.07
18HU94030_003;CAST#1;40.41783;-50.30417;150741;3149.02;16-oct-94;14:26:00;3197.502;34.9329;2.6858;6.462;1;18.3845;1;1.13303;1;18.07201;1;0;16.23;1.02
18HU94030_003;CAST#1;40.41783;-50.30417;150740;3436.66;16-oct-94;14:26:00;3491.927;34.9227;2.4684;6.519;1;18.29254;1;1.12902;1;19.44506;1;0;16.20;0.94
18HU94030_003;CAST#1;40.41783;-50.30417;150739;3736.84;16-oct-94;14:26:00;3799.601;34.9147;2.3077;6.519;1;17.98856;1;1.13301;1;20.89598;1;0;15.88;0.86
18HU94030_003;CAST#1;40.41783;-50.30417;150738;3964.66;16-oct-94;14:26:00;4033.382;34.9104;2.2489;6.07;1;18.44749;1;1.12347;1;15.61497;1;0;16.42;1.18
18HU94030_003;CAST#1;40.41783;-50.30417;150737;4074.27;16-oct-94;14:26:00;4145.953;34.9082;2.2531;6.536;1;18.1995;1;1.1485;1;21.30152;1;0;15.85;0.85
18HU94030_014;CAST#1;40.08067;-50.2965;150776;11.39;16-oct-94;19:16:00;11.48;36.4555;24.1215;4.78401007613077;1;0.31501;1;0.09501;1;2.03498;1;0;3.32;0.15
18HU94030_014;CAST#1;40.08067;-50.2965;150775;103.66;16-oct-94;19:16:00;104.485;36.6919;22.1485;4.53401007613077;1;1.96847;1;0.15101;1;1.09847;1;0;13.04;1.79
18HU94030_014;CAST#1;40.08067;-50.2965;150774;297.35;16-oct-94;19:16:00;299.863;36.4831;17.8173;4.277;1;7.26398;1;0.3865;1;1.12305;1;0;18.79;6.47
18HU94030_014;CAST#1;40.08067;-50.2965;150773;601.25;16-oct-94;19:16:00;606.781;35.3589;10.4619;3.54;1;23.38751;1;1.36645;1;10.43747;1;0;17.12;2.24
18HU94030_014;CAST#1;40.08067;-50.2965;150772;844.82;16-oct-94;19:16:00;853.105;34.7781;4.6561;5.36;1;20.59153;1;1.304;1;11.5295;1;0;15.79;1.79
18HU94030_014;CAST#1;40.08067;-50.2965;150771;984.4;16-oct-94;19:16:00;994.383;35.047;5.2827;5.526;1;20.45698;1;1.25399;1;11.41497;1;0;16.31;1.79
18HU94030_014;CAST#1;40.08067;-50.2965;150770;1377.78;16-oct-94;19:16:00;1393.074;34.9875;4.1872;5.602;1;18.40701;1;1.13502;1;10.42604;1;0;16.22;1.77
18HU94030_014;CAST#1;40.08067;-50.2965;150769;1787.99;16-oct-94;19:16:00;1809.609;34.9426;3.6451;6.449;1;18.44948;1;1.15202;1;11.48547;1;0;16.01;1.61
18HU94030_014;CAST#1;40.08067;-50.2965;150768;1986.64;16-oct-94;19:16:00;2011.617;34.9477;3.5632;6.415;1;18.35752;1;1.14751;1;12.42096;1;0;16.00;1.48
18HU94030_014;CAST#1;40.08067;-50.2965;150767;2278.5;16-oct-94;19:16:00;2308.755;34.9734;3.5016;6.303;1;19.09451;1;1.19749;1;14.75248;1;0;15.95;1.29
18HU94030_014;CAST#1;40.08067;-50.2965;150766;2473.76;16-oct-94;19:16:00;2507.764;34.9693;3.3589;6.108;1;18.7565;1;1.16548;1;14.07253;1;0;16.09;1.33
18HU94030_014;CAST#1;40.08067;-50.2965;150765;2781.53;16-oct-94;19:16:00;2821.825;34.9592;3.0795;6.304;1;19.10805;1;1.21246;1;18.16101;1;0;15.76;1.05
18HU94030_014;CAST#1;40.08067;-50.2965;150764;3067.85;16-oct-94;19:16:00;3114.389;34.9443;2.8282;6.124;1;17.8125;1;1.1275;1;17.35555;1;0;15.80;1.03
18HU94030_014;CAST#1;40.08067;-50.2965;150763;3376.17;16-oct-94;19:16:00;3429.869;34.932;2.5865;6.359;1;19.39;1;1.22454;1;21.76757;1;0;15.83;0.89
18HU94030_014;CAST#1;40.08067;-50.2965;150762;3740.95;16-oct-94;19:16:00;3803.69;34.9196;2.3984;6.364;1;19.31698;1;1.24053;1;22.61856;1;0;15.57;0.85
18HU94030_014;CAST#1;40.08067;-50.2965;150761;4217.1;16-oct-94;19:16:00;4292.585;34.9068;2.2785;6.299;1;19.75506;1;1.28145;1;29.56154;1;0;15.42;0.67
18HU94030_014;CAST#1;40.08067;-50.2965;150760;4527.03;16-oct-94;19:16:00;4611.367;34.8996;2.2623;6.274;1;20.01152;1;1.29899;1;32.00906;1;0;15.41;0.63
18HU94030_014;CAST#1;40.08067;-50.2965;150759;5066.24;16-oct-94;19:16:00;5167.028;34.8912;2.2617;6.175;1;21.27098;1;1.38998;1;35.71201;1;4;15.30;0.60
18HU94030_014;CAST#1;40.08067;-50.2965;150758;5293.43;16-oct-94;19:16:00;5401.542;34.8871;2.2589;5.46966995073892;1;20.21405;1;1.28205;1;29.36598;1;4;15.77;0.69
18HU94030_014;CAST#1;40.08067;-50.2965;150757;5395.93;16-oct-94;19:16:00;5507.432;34.8876;2.2739;6.148;1;21.41948;1;1.38105;1;38.089;1;4;15.51;0.56
18HU94030_025;CAST#1;39.66333;-50.29883;150796;11.1;17-oct-94;01:32:00;11.188;35.4996;21.6717;5.17701007613077;1;0;1;0.08652;1;0.89396;1;0;0.00;0.00
18HU94030_025;CAST#1;39.66333;-50.29883;150795;104;17-oct-94;01:32:00;104.827;36.0373;19.6145;4.63501007613077;1;2.54054;1;0.22199;1;1.78145;1;0;11.44;1.43
18HU94030_025;CAST#1;39.66333;-50.29883;150794;197.41;17-oct-94;01:32:00;199.022;35.8352;15.2845;NaN;9;9.53553;1;0.52203;1;3.55004;1;0;18.27;2.69
18HU94030_025;CAST#1;39.66333;-50.29883;150793;306.08;17-oct-94;01:32:00;308.662;35.6885;13.518;4.436;1;13.31499;1;0.77953;1;5.3875;1;0;17.08;2.47
18HU94030_025;CAST#1;39.66333;-50.29883;150792;436.28;17-oct-94;01:32:00;440.098;35.3645;10.941;3.746;1;20.37206;1;1.21447;1;10.24201;1;0;16.77;1.99
18HU94030_025;CAST#1;39.66333;-50.29883;150791;658.41;17-oct-94;01:32:00;664.536;35.0454;7.223;4.22;1;23.92701;1;1.44103;1;14.17296;1;0;16.60;1.69
18HU94030_025;CAST#1;39.66333;-50.29883;150790;899.92;17-oct-94;01:32:00;908.826;35.0477;5.2665;5.433;1;21.26251;1;1.24855;1;12.36506;1;0;17.03;1.72
18HU94030_025;CAST#1;39.66333;-50.29883;150789;1294.46;17-oct-94;01:32:00;1308.519;35.0023;4.2969;6.076;1;19.40149;1;1.18254;1;11.72597;1;0;16.41;1.65
18HU94030_025;CAST#1;39.66333;-50.29883;150788;1684.8;17-oct-94;01:32:00;1704.691;34.9649;3.8011;6.303;1;19.30799;1;1.17348;1;12.32151;1;0;16.45;1.57
18HU94030_025;CAST#1;39.66333;-50.29883;150787;2075.58;17-oct-94;01:32:00;2102.043;34.9584;3.5475;6.37;1;18.90552;1;1.16198;1;13.62254;1;0;16.27;1.39
18HU94030_025;CAST#1;39.66333;-50.29883;150786;2401.17;17-oct-94;01:32:00;2433.666;34.9714;3.4266;6.231;1;19.00399;1;1.174;1;15.16601;1;0;16.19;1.25
18HU94030_025;CAST#1;39.66333;-50.29883;150785;2801.9;17-oct-94;01:32:00;2842.515;34.9578;3.0894;6.34766995073892;1;19.11101;1;1.1785;1;18.02505;1;0;16.22;1.06
18HU94030_025;CAST#1;39.66333;-50.29883;150784;3209.31;17-oct-94;01:32:00;3258.952;34.9424;2.7856;3.089;1;18.85256;1;1.17305;1;20.01504;1;0;16.07;0.94
18HU94030_025;CAST#1;39.66333;-50.29883;150783;3598.02;17-oct-94;01:32:00;3657.005;34.9253;2.4851;6.382;1;19.48049;1;1.20545;1;23.83355;1;0;16.16;0.82
18HU94030_025;CAST#1;39.66333;-50.29883;150782;3991.63;17-oct-94;01:32:00;4060.792;34.9121;2.3393;6.328;1;19.73851;1;1.22103;1;24.21505;1;0;16.17;0.82
18HU94030_025;CAST#1;39.66333;-50.29883;150781;4398.76;17-oct-94;01:32:00;4479.21;34.9033;2.2752;6.296;1;20.50555;1;1.27396;1;30.14448;1;0;16.10;0.68
18HU94030_025;CAST#1;39.66333;-50.29883;150780;4802.03;17-oct-94;01:32:00;4894.402;34.8975;2.2725;6.296;1;20.93603;1;1.28052;1;33.32852;1;0;16.35;0.63
18HU94030_025;CAST#1;39.66333;-50.29883;150779;5097.88;17-oct-94;01:32:00;5199.475;34.8943;2.2806;6.254;1;21.19502;1;1.31355;1;36.24053;1;4;16.14;0.58
18HU94030_025;CAST#1;39.66333;-50.29883;150778;5297.82;17-oct-94;01:32:00;5405.877;34.8865;2.2575;4.81;1;19.73249;1;1.10755;1;11.25847;1;4;17.82;1.75
18HU94030_025;CAST#1;39.66333;-50.29883;150777;5392.22;17-oct-94;01:32:00;5503.381;34.8866;2.2723;6.129;1;22.09654;1;1.36453;1;42.82702;1;4;16.19;0.52
18HU94030_036;CAST#1;39.17067;-50.29233;150816;13.08;17-oct-94;07:59:00;13.179;35.3444;21.724;5.12701007613077;1;0;1;0.12048;1;0.88;1;0;0.00;0.00
18HU94030_036;CAST#1;39.17067;-50.29233;150815;152.35;17-oct-94;07:59:00;153.57;36.0975;15.8419;4.389;1;9.24846;1;0.55654;1;3.80704;1;0;16.62;2.43
18HU94030_036;CAST#1;39.17067;-50.29233;150814;256.32;17-oct-94;07:59:00;258.445;35.7248;13.5506;4.342;1;13.52148;1;0.801;1;5.62755;1;0;16.88;2.40
18HU94030_036;CAST#1;39.17067;-50.29233;150813;457.78;17-oct-94;07:59:00;461.796;35.103;8.9929;3.956;1;21.84106;1;1.35398;1;11.71249;1;0;16.13;1.86
18HU94030_036;CAST#1;39.17067;-50.29233;150812;741.18;17-oct-94;07:59:00;748.191;35.1609;6.3329;4.97;1;21.12149;1;1.3095;1;12.54403;1;0;16.13;1.68
18HU94030_036;CAST#1;39.17067;-50.29233;150811;997.56;17-oct-94;07:59:00;1007.625;35.0422;4.8686;5.773;1;19.51401;1;1.21951;1;12.06705;1;0;16.00;1.62
18HU94030_036;CAST#1;39.17067;-50.29233;150810;1256.93;17-oct-94;07:59:00;1270.409;34.992;4.2399;6.114;1;19.07149;1;1.18899;1;11.91096;1;0;16.04;1.60
18HU94030_036;CAST#1;39.17067;-50.29233;150809;1572.79;17-oct-94;07:59:00;1590.857;34.9567;3.7981;6.395;1;18.45747;1;1.16249;1;12.33148;1;0;15.88;1.50
18HU94030_036;CAST#1;39.17067;-50.29233;150808;1879.12;17-oct-94;07:59:00;1902.1;34.9463;3.57;6.461;1;18.30497;1;1.16505;1;12.67005;1;0;15.71;1.44
18HU94030_036;CAST#1;39.17067;-50.29233;150807;2160.09;17-oct-94;07:59:00;2187.97;34.9702;3.5336;6.334;1;18.81151;1;1.26099;1;14.30851;1;0;14.92;1.31
18HU94030_036;CAST#1;39.17067;-50.29233;150806;2460.08;17-oct-94;07:59:00;2493.613;34.9669;3.3214;6.317;1;18.95797;1;1.19554;1;16.00898;1;0;15.86;1.18
18HU94030_036;CAST#1;39.17067;-50.29233;150805;2833.18;17-oct-94;07:59:00;2874.328;34.9537;3.0277;6.34;1;19.212;1;1.21348;1;18.13549;1;0;15.83;1.06
18HU94030_036;CAST#1;39.17067;-50.29233;150804;3252;17-oct-94;07:59:00;3302.493;34.9388;2.7229;6.373;1;18.91796;1;1.21654;1;20.22356;1;0;15.55;0.94
18HU94030_036;CAST#1;39.17067;-50.29233;150803;3642.23;17-oct-94;07:59:00;3702.163;34.9227;2.4539;6.374;1;19.28706;1;1.22453;1;23.90603;1;0;15.75;0.81
18HU94030_036;CAST#1;39.17067;-50.29233;150802;3938.19;17-oct-94;07:59:00;4005.755;34.912;2.3403;6.152;1;19.528;1;1.25304;1;26.38904;1;0;15.58;0.74
18HU94030_036;CAST#1;39.17067;-50.29233;150801;4318.87;17-oct-94;07:59:00;4396.848;34.9034;2.2763;6.302;1;20.43302;1;1.30145;1;30.70154;1;0;15.70;0.67
18HU94030_036;CAST#1;39.17067;-50.29233;150800;4710.47;17-oct-94;07:59:00;4799.852;34.8981;2.2654;6.24866995073892;1;20.63104;1;1.32248;1;33.3075;1;0;15.60;0.62
18HU94030_036;CAST#1;39.17067;-50.29233;150799;5085.42;17-oct-94;07:59:00;5186.384;34.8935;2.271;6.187;1;21.45753;1;1.34853;1;36.14356;1;4;15.91;0.59
18HU94030_036;CAST#1;39.17067;-50.29233;150798;5279.66;17-oct-94;07:59:00;5386.873;34.8897;2.278;5.923;1;20.55705;1;1.23948;1;21.15801;1;4;16.59;0.97
18HU94030_036;CAST#1;39.17067;-50.29233;150797;5389.25;17-oct-94;07:59:00;5500.067;34.8866;2.272;6.054;1;21.68506;1;1.38546;1;38.83202;1;4;15.65;0.56
18HU94030_047;CAST#1;38.66733;-50.289;150836;11.02;17-oct-94;15:05:00;11.104;34.1411;20.022;5.39601007613077;1;0;1;0.15749;1;1.18003;1;0;0.00;0.00
18HU94030_047;CAST#1;38.66733;-50.289;150835;193.44;17-oct-94;15:05:00;194.998;35.9543;14.9065;4.536;1;10.27705;1;0.63399;1;4.37902;1;0;16.21;2.35
18HU94030_047;CAST#1;38.66733;-50.289;150834;394.35;17-oct-94;15:05:00;397.734;35.3196;10.4468;3.81;1;20.66652;1;1.27651;1;10.93354;1;0;16.19;1.89
18HU94030_047;CAST#1;38.66733;-50.289;150833;591.92;17-oct-94;15:05:00;597.282;35.088;7.3599;4.116;1;23.48853;1;1.46898;1;13.81502;1;0;15.99;1.70
18HU94030_047;CAST#1;38.66733;-50.289;150832;816.26;17-oct-94;15:05:00;824.096;35.0896;5.6413;5.286;1;20.26299;1;1.2885;1;12.482;1;0;15.73;1.62
18HU94030_047;CAST#1;38.66733;-50.289;150831;1013.06;17-oct-94;15:05:00;1023.269;35.0346;4.7582;5.821;1;19.43048;1;1.25449;1;12.23751;1;0;15.49;1.59
18HU94030_047;CAST#1;38.66733;-50.289;150830;1292.71;17-oct-94;15:05:00;1306.62;34.9861;4.1661;6.216;1;18.93998;1;1.20448;1;12.0055;1;0;15.72;1.58
18HU94030_047;CAST#1;38.66733;-50.289;150829;1580.98;17-oct-94;15:05:00;1599.098;34.9577;3.8062;6.357;1;18.60553;1;1.19101;1;12.16652;1;0;15.62;1.53
18HU94030_047;CAST#1;38.66733;-50.289;150828;1881.13;17-oct-94;15:05:00;1904.063;34.9524;3.6011;6.422;1;18.64105;1;1.19101;1;12.92546;1;0;15.65;1.44
18HU94030_047;CAST#1;38.66733;-50.289;150827;2170.14;17-oct-94;15:05:00;2198.102;34.9593;3.4702;6.35;1;18.80356;1;1.20045;1;14.39201;1;0;15.66;1.31
18HU94030_047;CAST#1;38.66733;-50.289;150826;2486.57;17-oct-94;15:05:00;2520.503;34.967;3.3;6.33866995073892;1;18.89354;1;1.23555;1;16.56105;1;0;15.29;1.14
18HU94030_047;CAST#1;38.66733;-50.289;150825;2764.14;17-oct-94;15:05:00;2803.707;34.9574;3.0648;6.341;1;18.581;1;1.22148;1;18.67847;1;0;15.21;0.99
18HU94030_047;CAST#1;38.66733;-50.289;150824;3145.87;17-oct-94;15:05:00;3193.768;34.9446;2.8007;6.361;1;18.53096;1;1.21152;1;20.46197;1;0;15.30;0.91
18HU94030_047;CAST#1;38.66733;-50.289;150823;3524.07;17-oct-94;15:05:00;3580.899;34.9273;2.5282;6.424;1;19.10452;1;1.23449;1;24.86504;1;0;15.48;0.77
18HU94030_047;CAST#1;38.66733;-50.289;150822;3892.9;17-oct-94;15:05:00;3959.085;34.9137;2.3558;6.386;1;19.76101;1;1.283;1;29.67854;1;0;15.40;0.67
18HU94030_047;CAST#1;38.66733;-50.289;150821;4362.13;17-oct-94;15:05:00;4441.126;34.9022;2.2758;6.299;1;19.85152;1;1.31048;1;34.64948;1;0;15.15;0.57
18HU94030_047;CAST#1;38.66733;-50.289;150820;4765.25;17-oct-94;15:05:00;4856.066;34.8958;2.2653;6.274;1;20.41505;1;1.37398;1;35.04356;1;0;14.86;0.58
18HU94030_047;CAST#1;38.66733;-50.289;150819;5081.89;17-oct-94;15:05:00;5182.502;34.8912;2.2659;6.216;1;20.923;1;1.37705;1;33.97098;1;4;15.19;0.62
18HU94030_047;CAST#1;38.66733;-50.289;150818;5294.07;17-oct-94;15:05:00;5401.507;34.889;2.2771;5.952;1;19.18347;1;1.21403;1;18.34502;1;4;15.80;1.05
18HU94030_047;CAST#1;38.66733;-50.289;150817;5400.11;17-oct-94;15:05:00;5511.03;34.888;2.2827;6.139;1;21.44657;1;1.41501;1;37.32554;1;4;15.16;0.57
18HU94030_058;CAST#2;38.13417;-50.21;150856;6.92;18-oct-94;01:33:00;6.973;35.4727;21.4361;5.12201007613077;1;0;1;0.10602;1;0.86797;1;0;0.00;0.00
18HU94030_058;CAST#2;38.13417;-50.21;150855;96.25;18-oct-94;01:33:00;96.999;36.7142;20.8355;3.96901007613077;1;4.83301;1;0.30654;1;1.76798;1;0;15.77;2.73
18HU94030_058;CAST#2;38.13417;-50.21;150854;192.21;18-oct-94;01:33:00;193.756;36.5728;18.7499;4.769;1;3.03749;1;0.25002;1;1.37396;1;0;12.15;2.21
18HU94030_058;CAST#2;38.13417;-50.21;150853;397.31;18-oct-94;01:33:00;400.702;36.3104;16.8573;4.31301007613077;1;8.41747;1;0.44551;1;2.89805;1;0;18.89;2.90
18HU94030_058;CAST#2;38.13417;-50.21;150852;594.78;18-oct-94;01:33:00;600.143;35.4748;12.0913;4.114;1;16.88502;1;0.99904;1;7.53702;1;0;16.90;2.24
18HU94030_058;CAST#2;38.13417;-50.21;150851;807.44;18-oct-94;01:33:00;815.135;34.4211;4.4803;5.587;1;17.15706;1;1.15197;1;11.17598;1;0;14.89;1.54
18HU94030_058;CAST#2;38.13417;-50.21;150850;999.74;18-oct-94;01:33:00;1009.74;35.0762;6.0057;5.051;1;20.61605;1;1.273;1;12.63855;1;0;16.19;1.63
18HU94030_058;CAST#2;38.13417;-50.21;150849;1185.95;18-oct-94;01:33:00;1198.348;35.0656;5.2192;5.614;1;19.49598;1;1.19152;1;11.77649;1;0;16.36;1.66
18HU94030_058;CAST#2;38.13417;-50.21;150848;1384.39;18-oct-94;01:33:00;1399.536;35.0065;4.5651;5.989;1;19.19799;1;1.15546;1;11.57949;1;0;16.62;1.66
18HU94030_058;CAST#2;38.13417;-50.21;150847;1579.1;18-oct-94;01:33:00;1597.112;34.9671;4.1115;6.282;1;18.59899;1;1.14701;1;11.65199;1;0;16.22;1.60
18HU94030_058;CAST#2;38.13417;-50.21;150846;1786.37;18-oct-94;01:33:00;1807.646;34.9459;3.8383;6.319;1;18.19499;1;1.20855;1;11.77502;1;0;15.06;1.55
18HU94030_058;CAST#2;38.13417;-50.21;150845;1981.84;18-oct-94;01:33:00;2006.381;34.9335;3.6498;6.397;1;18.3365;1;1.11805;1;12.22406;1;0;16.40;1.50
18HU94030_058;CAST#2;38.13417;-50.21;150844;2172.28;18-oct-94;01:33:00;2200.177;34.9393;3.5704;6.285;1;18.33699;1;1.12801;1;12.89999;1;0;16.26;1.42
18HU94030_058;CAST#2;38.13417;-50.21;150843;2362.29;18-oct-94;01:33:00;2393.712;34.9558;3.5359;6.3;1;18.07796;1;1.14197;1;14.38848;1;0;15.83;1.26
18HU94030_058;CAST#2;38.13417;-50.21;150842;2561.11;18-oct-94;01:33:00;2596.4;34.9574;3.3961;6.458;1;18.49103;1;1.16803;1;16.28598;1;0;15.83;1.14
18HU94030_058;CAST#2;38.13417;-50.21;150841;2867.17;18-oct-94;01:33:00;2908.78;34.9462;3.1562;6.283;1;18.68703;1;1.16402;1;18.24906;1;0;16.05;1.02
18HU94030_058;CAST#2;38.13417;-50.21;150840;3156.96;18-oct-94;01:33:00;3204.953;34.9345;2.9153;6.388;1;18.87451;1;1.19397;1;20.45248;1;0;15.81;0.92
18HU94030_058;CAST#2;38.13417;-50.21;150839;3458.92;18-oct-94;01:33:00;3513.992;34.9194;2.6663;6.339;1;18.61104;1;1.19898;1;22.252;1;0;15.52;0.84
18HU94030_058;CAST#2;38.13417;-50.21;150838;3735.95;18-oct-94;01:33:00;3797.89;34.9075;2.4793;6.30233004926108;1;NaN;9;NaN;9;NaN;9;0;NaN;NaN
18HU94030_058;CAST#2;38.13417;-50.21;150837;4059.09;18-oct-94;01:33:00;4129.492;34.8974;2.3604;6.327;1;18.79406;1;1.29252;1;27.76407;1;0;14.54;0.68
18HU94030_069;CAST#1;38.16567;-49.5275;150876;11.81;18-oct-94;08:38:00;11.9;35.6346;21.7724;5.09801007613077;1;0;1;0.14648;1;1.75505;1;0;0.00;0.00
18HU94030_069;CAST#1;38.16567;-49.5275;150875;203.48;18-oct-94;08:38:00;205.124;36.5689;18.5651;4.99601007613077;1;2.43001;1;0.20205;1;1.88796;1;0;12.03;1.29
18HU94030_069;CAST#1;38.16567;-49.5275;150874;521.8;18-oct-94;08:38:00;526.406;36.1667;16.0614;4.224;1;9.92698;1;0.5655;1;4.35445;1;0;17.55;2.28
18HU94030_069;CAST#1;38.16567;-49.5275;150873;759.71;18-oct-94;08:38:00;766.865;35.3291;10.4976;3.404;1;22.85047;1;1.39054;1;13.07402;1;0;16.43;1.75
18HU94030_069;CAST#1;38.16567;-49.5275;150872;984.39;18-oct-94;08:38:00;994.196;34.9905;6.108;4.721;1;21.8625;1;1.39152;1;14.54203;1;0;15.71;1.50
18HU94030_069;CAST#1;38.16567;-49.5275;150871;1177.22;18-oct-94;08:38:00;1189.502;35.0199;5.0548;5.602;1;19.73047;1;1.25499;1;13.02051;1;0;15.72;1.52
18HU94030_069;CAST#1;38.16567;-49.5275;150870;1498.48;18-oct-94;08:38:00;1515.286;34.9745;4.2384;6.10333004926108;1;18.473;1;1.27546;1;12.59296;1;0;14.48;1.47
18HU94030_069;CAST#1;38.16567;-49.5275;150869;1994.76;18-oct-94;08:38:00;2019.526;34.932;3.6412;6.392;1;18.01106;1;1.16504;1;12.96497;1;0;15.46;1.39
18HU94030_069;CAST#1;38.16567;-49.5275;150868;2182.08;18-oct-94;08:38:00;2210.164;34.916;3.4462;6.534;1;17.99853;1;1.15804;1;13.09654;1;0;15.54;1.37
18HU94030_069;CAST#1;38.16567;-49.5275;150867;2463.53;18-oct-94;08:38:00;2496.901;34.9259;3.3398;6.482;1;17.97753;1;1.14697;1;14.164;1;0;15.67;1.27
18HU94030_069;CAST#1;38.16567;-49.5275;150866;2771.71;18-oct-94;08:38:00;2811.307;34.939;3.2073;6.38;1;18.16104;1;1.15396;1;16.70997;1;0;15.74;1.09
18HU94030_069;CAST#1;38.16567;-49.5275;150865;2949.42;18-oct-94;08:38:00;2992.805;34.9446;3.1046;6.252;1;18.54799;1;1.20301;1;19.94305;1;0;15.42;0.93
18HU94030_069;CAST#1;38.16567;-49.5275;150864;3264.57;18-oct-94;08:38:00;3315.047;34.9309;2.8545;6.328;1;18.87651;1;1.22002;1;21.651;1;0;15.47;0.87
18HU94030_069;CAST#1;38.16567;-49.5275;150863;3657.73;18-oct-94;08:38:00;3717.706;34.9111;2.5308;6.369;1;18.93655;1;1.21949;1;24.479;1;0;15.53;0.77
18HU94030_069;CAST#1;38.16567;-49.5275;150862;4032.55;18-oct-94;08:38:00;4102.256;34.8988;2.3696;6.384;1;19.20454;1;1.32699;1;27.93204;1;0;14.47;0.69
18HU94030_069;CAST#1;38.16567;-49.5275;150861;4314.78;18-oct-94;08:38:00;4392.239;34.8917;2.3124;6.355;1;19.389;1;1.23948;1;29.64656;1;0;15.64;0.65
18HU94030_069;CAST#1;38.16567;-49.5275;150860;4605.13;18-oct-94;08:38:00;4690.949;34.8872;2.2975;6.368;1;19.91398;1;1.27046;1;31.86504;1;0;15.67;0.62
18HU94030_069;CAST#1;38.16567;-49.5275;150859;4909.62;18-oct-94;08:38:00;5004.617;34.8814;2.2827;6.264;1;20.45156;1;1.29302;1;34.95352;1;4;15.82;0.59
18HU94030_069;CAST#1;38.16567;-49.5275;150858;5282.63;18-oct-94;08:38:00;5389.444;34.8692;2.2406;5.945;1;18.69149;1;1.13851;1;23.20799;1;4;16.42;0.81
18HU94030_069;CAST#1;38.16567;-49.5275;150857;5391.55;18-oct-94;08:38:00;5501.945;34.8664;2.2367;6.06;1;21.78599;1;1.45797;1;43.38054;1;4;14.94;0.50
18HU94030_080;CAST#1;38.1655;-48.66583;150896;13.49;18-oct-94;20:12:00;13.596;36.2787;23.013;5.02001007613077;1;0;1;0.08955;1;0.77946;1;0;0.00;0.00
18HU94030_080;CAST#1;38.1655;-48.66583;150895;107.64;18-oct-94;20:12:00;108.477;36.5711;19.6188;4.5;1;3.21796;1;0.27148;1;1.53749;1;0;11.85;2.09
18HU94030_080;CAST#1;38.1655;-48.66583;150894;204.53;18-oct-94;20:12:00;206.175;36.5135;18.156;4.786;1;3.98551;1;0.27846;1;1.4875;1;0;14.31;2.68
18HU94030_080;CAST#1;38.1655;-48.66583;150893;513.71;18-oct-94;20:12:00;518.234;36.0511;15.1914;4.79;1;4.01154;1;0.30403;1;1.81001;1;0;13.19;2.22
18HU94030_080;CAST#1;38.1655;-48.66583;150892;793.9;18-oct-94;20:12:00;801.443;35.2893;10.1737;3.749;1;21.23056;1;1.38803;1;11.16255;1;0;15.30;1.90
18HU94030_080;CAST#1;38.1655;-48.66583;150891;1187.83;18-oct-94;20:12:00;1200.26;35.004;5.1148;5.487;1;19.89203;1;1.33951;1;12.53701;1;0;14.85;1.59
18HU94030_080;CAST#1;38.1655;-48.66583;150890;1478.31;18-oct-94;20:12:00;1494.819;34.993;4.4242;NaN;9;NaN;9;NaN;9;NaN;9;0;NaN;NaN
18HU94030_080;CAST#1;38.1655;-48.66583;150889;1789.67;18-oct-94;20:12:00;1811.003;34.9472;3.9052;6.343;1;18.33453;1;1.22096;1;11.73102;1;0;15.02;1.56
18HU94030_080;CAST#1;38.1655;-48.66583;150888;2093.86;18-oct-94;20:12:00;2120.36;34.9179;3.5341;6.539;1;17.5885;1;1.21899;1;11.96354;1;0;14.43;1.47
18HU94030_080;CAST#1;38.1655;-48.66583;150887;2376.54;18-oct-94;20:12:00;2408.242;34.9504;3.5422;6.361;1;18.34853;1;1.24005;1;14.28798;1;0;14.80;1.28
18HU94030_080;CAST#1;38.1655;-48.66583;150886;2652.25;18-oct-94;20:12:00;2689.384;34.9403;3.3118;6.402;1;17.88354;1;1.22249;1;15.00746;1;0;14.63;1.19
18HU94030_080;CAST#1;38.1655;-48.66583;150885;2950.93;18-oct-94;20:12:00;2994.353;34.9323;3.062;6.462;1;17.92755;1;1.21254;1;16.15004;1;0;14.79;1.11
18HU94030_080;CAST#1;38.1655;-48.66583;150884;3135.17;18-oct-94;20:12:00;3182.677;34.9315;2.9234;6.379;1;18.09897;1;1.25101;1;18.195;1;0;14.47;0.99
18HU94030_080;CAST#1;38.1655;-48.66583;150883;3426.08;18-oct-94;20:12:00;3480.37;34.9209;2.6973;6.37;1;18.38947;1;1.26351;1;21.12003;1;0;14.55;0.87
18HU94030_080;CAST#1;38.1655;-48.66583;150882;3854.81;18-oct-94;20:12:00;3919.819;34.9025;2.4142;6.334;1;19.07451;1;1.28853;1;25.71905;1;0;14.80;0.74
18HU94030_080;CAST#1;38.1655;-48.66583;150881;4230.98;18-oct-94;20:12:00;4306.098;34.8918;2.3069;6.339;1;19.18454;1;1.32945;1;29.76803;1;0;14.43;0.64
18HU94030_080;CAST#1;38.1655;-48.66583;150880;4607.21;18-oct-94;20:12:00;4693.087;34.8854;2.276;6.295;1;19.67605;1;1.35796;1;32.77157;1;0;14.49;0.60
18HU94030_080;CAST#1;38.1655;-48.66583;150879;4884.91;18-oct-94;20:12:00;4979.145;34.8807;2.2741;NaN;9;NaN;9;NaN;9;NaN;9;0;NaN;NaN
18HU94030_080;CAST#1;38.1655;-48.66583;150878;5192.78;18-oct-94;20:12:00;5296.688;34.874;2.2654;6.16066995073892;1;20.80948;1;1.41304;1;39.38706;1;4;14.73;0.53
18HU94030_080;CAST#1;38.1655;-48.66583;150877;5338.38;18-oct-94;20:12:00;5447.02;34.869;2.2502;6.067;1;21.40204;1;1.43653;1;42.96648;1;4;14.90;0.50
18HU94030_263;CAST#1;43.00083;-48.41633;151336;12.78;24-oct-94;12:13:00;12.878;32.4969;14.9461;6.06;1;0;1;0.24301;1;0.80848;1;0;0.00;0.00
18HU94030_263;CAST#1;43.00083;-48.41633;151335;102.59;24-oct-94;12:13:00;103.441;34.7488;9.0675;5.291;1;11.34255;1;0.88853;1;6.24597;1;0;12.77;1.82
18HU94030_263;CAST#1;43.00083;-48.41633;151334;250.61;24-oct-94;12:13:00;252.772;35.0968;8.6004;3.893;1;21.32906;1;1.39696;1;13.04999;1;0;15.27;1.63
18HU94030_263;CAST#1;43.00083;-48.41633;151333;349.84;24-oct-94;12:13:00;352.938;34.8453;5.8688;4.689;1;20.64797;1;1.39598;1;13.77752;1;0;14.79;1.50
18HU94030_263;CAST#1;43.00083;-48.41633;151332;445.78;24-oct-94;12:13:00;449.832;35.0649;6.1894;4.902;1;20.24856;1;1.32347;1;13.06548;1;0;15.30;1.55
18HU94030_263;CAST#1;43.00083;-48.41633;151331;600.46;24-oct-94;12:13:00;606.145;34.9969;5.0081;5.605;1;19.02898;1;1.2245;1;12.58496;1;0;15.54;1.51
18HU94030_263;CAST#1;43.00083;-48.41633;151330;793.24;24-oct-94;12:13:00;801.125;34.9737;4.4307;6.08866995073892;1;17.88553;1;1.17554;1;11.89756;1;0;15.21;1.50
18HU94030_263;CAST#1;43.00083;-48.41633;151329;990.83;24-oct-94;12:13:00;1001.163;34.9628;4.1367;6.191;1;17.61802;1;1.17204;1;11.82903;1;0;15.03;1.49
18HU94030_263;CAST#1;43.00083;-48.41633;151328;1189.87;24-oct-94;12:13:00;1202.853;34.935;3.8196;6.419;1;17.67347;1;1.14749;1;11.91896;1;0;15.40;1.48
18HU94030_263;CAST#1;43.00083;-48.41633;151327;1389.54;24-oct-94;12:13:00;1405.377;34.9117;3.553;6.525;1;17.47054;1;1.1445;1;11.92655;1;0;15.26;1.46
18HU94030_263;CAST#1;43.00083;-48.41633;151326;1587.53;24-oct-94;12:13:00;1606.385;34.8999;3.3937;6.613;1;16.91548;1;1.12305;1;11.96748;1;0;15.06;1.41
18HU94030_263;CAST#1;43.00083;-48.41633;151325;1784.19;24-oct-94;12:13:00;1806.234;34.9036;3.3309;6.603;1;16.95;1;1.12551;1;12.36454;1;0;15.06;1.37
18HU94030_263;CAST#1;43.00083;-48.41633;151324;1984.37;24-oct-94;12:13:00;2009.854;34.902;3.2412;6.591;1;16.83005;1;1.13495;1;12.48804;1;0;14.83;1.35
18HU94030_263;CAST#1;43.00083;-48.41633;151323;2098.82;24-oct-94;12:13:00;2126.354;34.9095;3.2166;6.572;1;17.00906;1;1.109;1;13.11001;1;0;15.34;1.30
18HU94030_263;CAST#1;43.00083;-48.41633;151322;2145.86;24-oct-94;12:13:00;2174.25;34.9022;3.1618;6.648;1;16.70151;1;1.10448;1;12.5615;1;0;15.12;1.33
18HU94030_263;CAST#1;43.00083;-48.41633;151321;2313.93;24-oct-94;12:13:00;2345.486;34.9162;3.1259;6.519;1;16.67603;1;1.11598;1;13.48105;1;0;14.94;1.24
18HU94030_263;CAST#1;43.00083;-48.41633;151320;2491.55;24-oct-94;12:13:00;2526.591;34.9166;3.0132;6.531;1;16.53303;1;1.10398;1;13.81304;1;0;14.98;1.20
18HU94030_263;CAST#1;43.00083;-48.41633;151319;2724.41;24-oct-94;12:13:00;2764.249;34.9138;2.8003;6.564;1;16.40506;1;1.07648;1;14.63599;1;0;15.24;1.12
18HU94030_263;CAST#1;43.00083;-48.41633;151318;2792.45;24-oct-94;12:13:00;2833.738;34.9131;2.725;6.588;1;16.22603;1;1.09054;1;14.91;1;0;14.88;1.09
18HU94030_263;CAST#1;43.00083;-48.41633;151317;2891.56;24-oct-94;12:13:00;2935.001;34.9016;2.3604;6.6;1;15.73049;1;1.0655;1;16.14197;1;0;14.76;0.97
18HU94030_265;CAST#1;43.083;-48.83317;151350;12.95;24-oct-94;17:04:00;13.053;32.1817;13.5932;6.255;1;0;1;0.25697;1;0.76253;1;0;0.00;0.00
18HU94030_265;CAST#1;43.083;-48.83317;151349;105.11;24-oct-94;17:04:00;105.98;33.9359;2.1087;7.04;1;11.24397;1;0.99655;1;8.22746;1;0;11.28;1.37
18HU94030_265;CAST#1;43.083;-48.83317;151348;303.44;24-oct-94;17:04:00;306.1;35.0176;5.984;4.927;1;19.71453;1;1.31696;1;12.90301;1;0;14.97;1.53
18HU94030_265;CAST#1;43.083;-48.83317;151347;396.42;24-oct-94;17:04:00;399.977;35.0209;5.3495;5.263;1;19.18753;1;1.30896;1;13.14148;1;0;14.66;1.46
18HU94030_265;CAST#1;43.083;-48.83317;151346;509.46;24-oct-94;17:04:00;514.172;34.8803;4.1534;6.144;1;17.22905;1;1.19053;1;11.749;1;0;14.47;1.47
18HU94030_265;CAST#1;43.083;-48.83317;151345;638.01;24-oct-94;17:04:00;644.121;34.9878;4.5392;5.953;1;18.25055;1;1.20448;1;12.084;1;0;15.15;1.51
18HU94030_265;CAST#1;43.083;-48.83317;151344;731.72;24-oct-94;17:04:00;738.889;34.8939;3.8091;6.472;1;17.29201;1;1.16603;1;11.07798;1;0;14.83;1.56
18HU94030_265;CAST#1;43.083;-48.83317;151343;801.49;24-oct-94;17:04:00;809.482;34.9382;4.0184;6.133;1;17.70552;1;1.17653;1;11.48903;1;0;15.05;1.54
18HU94030_265;CAST#1;43.083;-48.83317;151342;995.99;24-oct-94;17:04:00;1006.398;34.9017;3.6275;6.562;1;17.32555;1;1.14603;1;11.54606;1;0;15.12;1.50
18HU94030_265;CAST#1;43.083;-48.83317;151341;1191.44;24-oct-94;17:04:00;1204.452;34.8871;3.4297;6.66766995073892;1;17.08356;1;1.13248;1;11.18205;1;0;15.09;1.53
18HU94030_265;CAST#1;43.083;-48.83317;151340;1547.21;24-oct-94;17:04:00;1565.451;34.865;3.1711;6.816;1;16.80055;1;1.12251;1;11.32149;1;0;14.97;1.48
18HU94030_265;CAST#1;43.083;-48.83317;151339;1816.89;24-oct-94;17:04:00;1839.502;34.8623;3.1112;6.831;1;16.75856;1;1.11604;1;11.84855;1;0;15.02;1.41
18HU94030_265;CAST#1;43.083;-48.83317;151338;1947.2;24-oct-94;17:04:00;1972.047;34.8638;3.1182;6.83;1;16.53155;1;1.1185;1;11.97147;1;0;14.78;1.38
18HU94030_265;CAST#1;43.083;-48.83317;151337;2044.02;24-oct-94;17:04:00;2070.581;34.8671;3.1109;6.854;1;16.37156;1;1.11153;1;11.5395;1;0;14.73;1.42
18HU94030_275;CAST#1;43.16617;-49.16667;151359;12.61;24-oct-94;21:15:00;12.715;32.3495;6.7372;7.54;1;0;1;0.41101;1;1.39705;1;0;0.00;0.00
18HU94030_275;CAST#1;43.16617;-49.16667;151358;43.47;24-oct-94;21:15:00;43.823;33.3068;-1.0528;7.552;1;9.36106;1;1.076;1;10.24299;1;0;8.70;0.91
18HU94030_275;CAST#1;43.16617;-49.16667;151357;152.43;24-oct-94;21:15:00;153.713;34.0529;0.6054;7.04;1;13.24747;1;1.08245;1;11.2585;1;0;12.24;1.18
18HU94030_275;CAST#1;43.16617;-49.16667;151356;258.36;24-oct-94;21:15:00;260.597;34.5283;2.4921;6.664;1;15.14896;1;1.13504;1;11.97204;1;0;13.35;1.27
18HU94030_275;CAST#1;43.16617;-49.16667;151355;443.21;24-oct-94;21:15:00;447.242;34.7524;3.3942;6.694;1;15.77099;1;1.13954;1;11.29796;1;0;13.84;1.40
18HU94030_275;CAST#1;43.16617;-49.16667;151354;596.35;24-oct-94;21:15:00;602.007;34.8137;3.4944;6.80633004926108;1;16.1725;1;1.13754;1;10.57455;1;0;14.22;1.53
18HU94030_275;CAST#1;43.16617;-49.16667;151353;741.72;24-oct-94;21:15:00;749.01;34.8323;3.4614;6.86;1;16.00552;1;1.12196;1;10.40698;1;0;14.27;1.54
18HU94030_275;CAST#1;43.16617;-49.16667;151352;892.26;24-oct-94;21:15:00;901.368;34.836;3.4086;6.87;1;16.29454;1;1.12299;1;10.36505;1;0;14.51;1.57
18HU94030_275;CAST#1;43.16617;-49.16667;151351;992.92;24-oct-94;21:15:00;1003.299;34.8403;3.3774;6.838;1;16.34599;1;1.12054;1;10.59354;1;0;14.59;1.54
18HU94030_276;CAST#1;43.20817;-49.335;151366;12.9;24-oct-94;23:45:00;13.007;32.4623;5.496;7.501;1;0.71354;1;0.50545;1;2.19047;1;0;1.41;0.33
18HU94030_276;CAST#1;43.20817;-49.335;151365;54.08;24-oct-94;23:45:00;54.52;33.285;-0.9913;7.588;1;9.22903;1;1.06502;1;9.99998;1;0;8.67;0.92
18HU94030_276;CAST#1;43.20817;-49.335;151364;302.48;24-oct-94;23:45:00;305.13;34.5695;2.6256;6.71833004926108;1;15.28554;1;1.14246;1;11.69251;1;0;13.38;1.31
18HU94030_276;CAST#1;43.20817;-49.335;151363;500.72;24-oct-94;23:45:00;505.354;34.7488;3.3915;6.708;1;15.99149;1;1.13;1;11.15955;1;0;14.15;1.43
18HU94030_276;CAST#1;43.20817;-49.335;151362;800.51;24-oct-94;23:45:00;808.501;34.8176;3.5087;6.815;1;15.88101;1;1.13252;1;10.43005;1;0;14.02;1.52
18HU94030_276;CAST#1;43.20817;-49.335;151361;945.82;24-oct-94;23:45:00;955.593;34.8161;3.5009;6.805;1;16.326;1;1.13149;1;10.53303;1;0;14.43;1.55
18HU94030_276;CAST#1;43.20817;-49.335;151360;1067.37;24-oct-94;23:45:00;1078.719;34.825;3.4849;6.81;1;16.03651;1;1.13653;1;10.58952;1;0;14.11;1.51
18HU94030_277;CAST#1;43.24683;-49.46683;151370;54.46;25-oct-94;01:36:00;54.909;33.2359;-0.892;7.597;1;8.58001;1;1.05453;1;9.94305;1;0;8.14;0.86
18HU94030_277;CAST#1;43.24683;-49.46683;151369;245.8;25-oct-94;01:36:00;247.919;34.3211;1.6246;6.692;1;14.44253;2;1.12851;2;11.97499;2;2048;12.80;1.21
18HU94030_277;CAST#1;43.24683;-49.46683;151368;374.05;25-oct-94;01:36:00;377.396;34.5453;2.5422;6.71633004926108;1;15.43397;2;1.141;2;11.87599;2;2048;13.53;1.30
18HU94030_277;CAST#1;43.24683;-49.46683;151367;526.8;25-oct-94;01:36:00;531.709;34.7016;3.1495;6.697;1;15.14796;2;1.13652;2;11.15546;2;2048;13.33;1.36
18HU94030_278;CAST#1;43.28167;-49.588;151373;12.8;25-oct-94;03:04:00;12.905;32.1957;8.0376;7.203;1;0;2;0.37246;1;1.31703;1;2048;0.00;0.00
18HU94030_278;CAST#1;43.28167;-49.588;151372;103.79;25-oct-94;03:04:00;104.649;33.5249;-0.4567;7.36933004926108;1;10.02504;2;1.08151;2;10.22304;2;2048;9.27;0.98
18HU94030_278;CAST#1;43.28167;-49.588;151371;177.04;25-oct-94;03:04:00;178.537;34.1358;0.9356;6.93;1;13.26552;2;1.10097;2;11.64297;2;2048;12.05;1.14
18HU94030_279;CAST#1;46.61683;-48.00483;151376;13.64;25-oct-94;21:27:00;13.759;31.8748;6.9906;7.29666995073892;1;0;1;0.34996;1;0.77504;1;0;0.00;0.00
18HU94030_279;CAST#1;46.61683;-48.00483;151375;52.53;25-oct-94;21:27:00;52.977;33.1562;-1.2658;7.618;1;8.23955;1;1.04648;1;8.91104;1;0;7.87;0.92
18HU94030_279;CAST#1;46.61683;-48.00483;151374;109.71;25-oct-94;21:27:00;110.654;33.567;-0.8458;6.968;1;11.7745;1;1.13453;1;15.44404;1;0;10.38;0.76
