CTD;CTD;CTD;CTD;CTD;CTD;CTD;CTD;CTD;CTD;CTD;CTD;labo;CTD;labo;labo;labo;labo;labo;labo;labo;labo;labo;labo;labo;calc;calc
Fichier;Station;Latitude;Longitude;Echantillon;zbouteille;Date;Heure;PSAL;TE90;DOXY;PHPH;OXYM_01;FLOR;CHL_04;Q_CHL;NO2_01;Q_NO2;NOx_01;Q_NOX;PO4_01;Q_PO4;Si_01;Q_Si;QCFF;N_P;N_Si
(nom);(nom/no);(degres);(degres);(no_unique);(dbar);(jj-mmm-yyyy);(GMT);(psu);(celsius);(ml/l);((none));(mmol/m**3);(mg/m**3);(mg/m**3);((none));(mmol/m**3);((none));(mmol/m**3);((none));(mmol/m**3);((none));(mmol/m**3);((none));((none));((none));((none))
18HU18028_1684;11;47.83117;-64.25133;454714;3.17;23-oct-18;07:43:00;29.35;7.3;301.32102;8.169;NaN;1.028;2.405;1;0.095;1;1.5;1;0.46;1;3.67;1;0;3.26;0.41
18HU18028_1684;11;47.83117;-64.25133;454713;6.05;23-oct-18;07:43:00;29.35;7.31;300.91908;8.167;6.833;1.074;2.37;1;0.1;1;1.515;1;0.455;1;3.645;1;256;3.33;0.42
18HU18028_1684;11;47.83117;-64.25133;454712;15.96;23-oct-18;07:43:00;29.35;7.31;301.09772;8.162;NaN;1.086;2.305;1;0.095;1;1.52;1;0.445;1;3.675;1;0;3.42;0.41
18HU18028_1684;11;47.83117;-64.25133;454711;26.08;23-oct-18;07:43:00;29.35;7.31;300.87442;8.161;NaN;1.077;2.465;1;0.1;1;1.545;1;0.49;1;3.675;1;0;3.15;0.42
18HU18028_1684;11;47.83117;-64.25133;454710;35.2;23-oct-18;07:43:00;29.41;7.34;299.26666;8.156;6.8205;0.967;2.225;1;0.1;1;1.54;1;0.49;1;3.705;1;256;3.14;0.42
18HU18028_1692;21;47.78717;-64.02883;454720;3.57;23-oct-18;09:37:00;29.73;5.72;316.46076;8.179;NaN;0.851;2.28;1;0.13;1;2.11;1;0.54;1;2.06;1;0;3.91;1.02
18HU18028_1692;21;47.78717;-64.02883;454719;5.65;23-oct-18;09:37:00;29.75;5.81;315.83552;8.18;7.147;0.829;2.55;1;0.12;1;2;1;0.53;1;1.98;1;256;3.77;1.01
18HU18028_1692;21;47.78717;-64.02883;454718;16.56;23-oct-18;09:37:00;29.75;5.84;315.5229;8.179;NaN;0.819;2.355;1;0.125;1;1.955;1;0.53;1;1.965;1;0;3.69;0.99
18HU18028_1692;21;47.78717;-64.02883;454717;25.88;23-oct-18;09:37:00;29.78;5.97;314.31708;8.18;NaN;0.821;2.37;1;0.13;1;1.845;1;0.525;1;1.88;1;0;3.51;0.98
18HU18028_1692;21;47.78717;-64.02883;454716;50.17;23-oct-18;09:37:00;30.5;4.74;313.0666;8.117;7.0635;0.359;0.715;1;0.2;1;3.185;1;0.665;1;3.34;1;256;4.79;0.95
18HU18028_1692;21;47.78717;-64.02883;454715;78.32;23-oct-18;09:37:00;31.66;1.64;265.01244;7.892;6.227;0.158;0.22;1;0.125;1;9.235;1;1.15;1;13.02;1;256;8.03;0.71
18HU18028_1693;41;47.66583;-63.75067;454725;2.18;23-oct-18;16:01:00;30.22;5.14;319.14036;8.162;NaN;0.541;1.365;1;0.16;1;2.43;1;0.585;1;2.525;1;0;4.15;0.96
18HU18028_1693;41;47.66583;-63.75067;454724;5.35;23-oct-18;16:01:00;30.22;5.14;319.40832;8.162;7.224;0.62;1.49;1;0.165;1;2.435;1;0.59;1;2.52;1;256;4.13;0.97
18HU18028_1693;41;47.66583;-63.75067;454723;15.77;23-oct-18;16:01:00;30.22;5.09;318.69376;8.156;NaN;0.548;1.16;1;0.165;1;2.455;1;0.59;1;2.585;1;0;4.16;0.95
18HU18028_1693;41;47.66583;-63.75067;454722;25.58;23-oct-18;16:01:00;30.58;4.8;315.83552;8.128;NaN;0.36;0.695;1;0.19;1;2.72;1;0.635;1;2.825;1;0;4.28;0.96
18HU18028_1693;41;47.66583;-63.75067;454721;60.08;23-oct-18;16:01:00;31.63;1.58;273.85512;7.915;6.18;0.152;0.22;1;0.11;1;9.75;1;1.2;1;14.635;1;256;8.13;0.67
18HU18028_1694;51;47.50067;-63.2495;454731;1.59;23-oct-18;19:23:00;29.94;6.62;308.91322;8.189;NaN;1.027;2.03;1;0.105;1;1.685;1;0.505;1;2.41;1;0;3.34;0.70
18HU18028_1694;51;47.50067;-63.2495;454730;5.85;23-oct-18;19:23:00;29.94;6.62;309.0472;8.189;7.0085;1.09;2.01;1;0.105;1;1.675;1;0.51;1;2.445;1;256;3.28;0.69
18HU18028_1694;51;47.50067;-63.2495;454729;15.97;23-oct-18;19:23:00;29.94;6.6;308.68992;8.185;NaN;1.133;1.975;1;0.11;1;1.67;1;0.505;1;2.46;1;0;3.31;0.68
18HU18028_1694;51;47.50067;-63.2495;454728;25.29;23-oct-18;19:23:00;29.95;6.57;307.52876;8.165;NaN;1.01;1.49;1;0.105;1;1.71;1;0.535;1;2.44;1;0;3.20;0.70
18HU18028_1694;51;47.50067;-63.2495;454727;50.27;23-oct-18;19:23:00;31.53;1.45;274.03376;7.895;6.06;0.122;0.135;1;0.1;1;9.95;1;1.225;1;13.115;1;256;8.12;0.76
18HU18028_1694;51;47.50067;-63.2495;454726;74.36;23-oct-18;19:23:00;31.73;0.38;229.46308;7.736;5.584;0.193;0.29;1;0.09;1;12.75;1;1.495;1;24.775;1;256;8.53;0.51
18HU18028_1695;61;47.33333;-62.75017;454736;2.58;23-oct-18;22:44:00;29.68;8.29;296.7657;8.225;NaN;1.173;2.815;1;0.11;1;0.815;1;0.33;1;2.055;1;0;2.47;0.40
18HU18028_1695;61;47.33333;-62.75017;454735;5.65;23-oct-18;22:44:00;29.68;8.28;297.07832;8.224;6.767;1.237;2.55;1;0.115;1;0.835;1;0.325;1;2.05;1;256;2.57;0.41
18HU18028_1695;61;47.33333;-62.75017;454734;15.37;23-oct-18;22:44:00;29.68;8.29;296.89968;8.221;NaN;1.182;3.09;1;0.11;1;0.83;1;0.33;1;2.06;1;0;2.52;0.40
18HU18028_1695;61;47.33333;-62.75017;454733;25.48;23-oct-18;22:44:00;29.74;8.41;295.38124;8.208;6.553;1.104;2.33;1;0.105;1;0.725;1;0.325;1;2.155;1;256;2.23;0.34
18HU18028_1695;61;47.33333;-62.75017;454732;45.51;23-oct-18;22:44:00;31.11;1.77;261.17168;7.889;5.8405;0.375;0.65;1;0.21;1;5.88;1;1.18667;1;17.21;1;256;4.96;0.34
18HU18028_1696;71;47.169;-62.251;454741;1.59;24-oct-18;02:04:00;29.89;7.79;294.5327;8.173;NaN;1.206;2.575;1;0.205;1;1.495;1;0.535;1;4.975;1;0;2.79;0.30
18HU18028_1696;71;47.169;-62.251;454740;5.26;24-oct-18;02:04:00;29.89;7.78;294.93464;8.171;6.7005;1.268;2.655;1;0.205;1;1.51;1;0.525;1;4.875;1;256;2.88;0.31
18HU18028_1696;71;47.169;-62.251;454739;15.17;24-oct-18;02:04:00;29.89;7.78;294.44338;8.163;NaN;1.201;2.48;1;0.205;1;1.52;1;0.515;1;5.005;1;0;2.95;0.30
18HU18028_1696;71;47.169;-62.251;454738;25.19;24-oct-18;02:04:00;30.6;4.85;267.0668;8.001;NaN;0.459;1.085;1;0.185;1;3.425;1;0.825;1;10.055;1;0;4.15;0.34
18HU18028_1696;71;47.169;-62.251;454737;35.7;24-oct-18;02:04:00;31.07;2.12;254.47268;7.887;5.678;0.311;0.605;1;0.24333;1;5.37667;1;1.16;1;17.135;1;256;4.64;0.31
18HU18028_1697;81;47;-61.75083;454746;1.88;24-oct-18;04:38:00;29.94;8.55;NaN;8.189;NaN;0.799;1.785;1;0.1;1;1.21;1;0.5;1;3.215;1;0;2.42;0.38
18HU18028_1697;81;47;-61.75083;454745;5.45;24-oct-18;04:38:00;29.9;8.56;NaN;8.187;6.5245;0.837;1.745;1;0.1;1;1.21;1;0.49;1;3.235;1;0;2.47;0.37
18HU18028_1697;81;47;-61.75083;454744;15.47;24-oct-18;04:38:00;29.85;8.53;NaN;8.189;NaN;0.787;1.71;1;0.1;1;1.215;1;0.48;1;3.205;1;0;2.53;0.38
18HU18028_1697;81;47;-61.75083;454743;25.49;24-oct-18;04:38:00;29.89;8.37;NaN;8.177;NaN;0.764;1.545;1;0.11;1;1.43;1;0.52;1;3.68;1;0;2.75;0.39
18HU18028_1697;81;47;-61.75083;454742;35.2;24-oct-18;04:38:00;30.29;7.8;NaN;8.136;6.255;0.44;0.715;1;0.135;1;2.025;1;0.6;1;5.08;1;0;3.38;0.40
18HU18028_1698;91;46.91583;-61.50167;454751;2.68;24-oct-18;06:16:00;29.95;8.67;288.10166;8.195;NaN;0.552;1.115;1;0.085;1;1.115;1;0.445;1;2.73;1;0;2.51;0.41
18HU18028_1698;91;46.91583;-61.50167;454750;5.95;24-oct-18;06:16:00;29.95;8.66;288.10166;8.195;6.575;0.533;1.185;1;0.085;1;1.13;1;0.44;1;2.715;1;256;2.57;0.42
18HU18028_1698;91;46.91583;-61.50167;454749;15.47;24-oct-18;06:16:00;29.95;8.66;288.01234;8.195;NaN;0.599;1.135;1;0.09;1;1.13;1;0.435;1;2.72;1;0;2.60;0.42
18HU18028_1698;91;46.91583;-61.50167;454748;25.98;24-oct-18;06:16:00;29.95;8.67;287.8337;8.186;NaN;0.574;1.125;1;0.09;1;1.115;1;0.445;1;2.735;1;0;2.51;0.41
18HU18028_1698;91;46.91583;-61.50167;454747;45.51;24-oct-18;06:16:00;31.1;4.69;276.6687;8.041;6.3035;0.231;0.34;1;0.165;1;4.305;1;0.805;1;7.88;1;256;5.35;0.55
18HU18028_1683;101;46.83333;-61.25333;454756;2.68;24-oct-18;07:53:00;29.54;8.09;296.45308;8.202;NaN;1.323;2.545;1;0.155;1;1.21;1;0.395;1;3.1;1;0;3.06;0.39
18HU18028_1683;101;46.83333;-61.25333;454755;5.65;24-oct-18;07:53:00;29.54;8.09;295.96182;8.202;6.762;1.286;2.615;1;0.16;1;1.21;1;0.38;1;3.12;1;256;3.18;0.39
18HU18028_1683;101;46.83333;-61.25333;454754;15.67;24-oct-18;07:53:00;29.59;8.05;296.45308;8.193;NaN;1.384;2.605;1;0.155;1;1.305;1;0.405;1;3.37;1;0;3.22;0.39
18HU18028_1683;101;46.83333;-61.25333;454753;25.68;24-oct-18;07:53:00;29.67;8.01;295.91716;8.174;NaN;1.453;2.435;1;0.155;1;1.405;1;0.435;1;3.675;1;0;3.23;0.38
18HU18028_1683;101;46.83333;-61.25333;454752;56.02;24-oct-18;07:53:00;31.42;2.21;257.0183;7.899;5.7295;0.208;0.335;1;0.085;1;6.98;1;1.16;1;16.36;1;256;6.02;0.43
18HU18028_1685;111;46.74283;-60.9995;454761;1.88;24-oct-18;10:19:00;28.69;10.05;281.26868;8.214;NaN;0.745;1.9;1;0.085;1;0.63;1;0.3;1;2.96;1;0;2.10;0.21
18HU18028_1685;111;46.74283;-60.9995;454760;5.75;24-oct-18;10:19:00;28.69;10.04;281.22402;8.213;6.4235;0.785;1.86;1;0.09;1;0.625;1;0.305;1;2.955;1;256;2.05;0.21
18HU18028_1685;111;46.74283;-60.9995;454759;15.57;24-oct-18;10:19:00;29.19;9.42;286.22594;8.206;NaN;0.656;1.775;1;0.095;1;0.77;1;0.365;1;2.225;1;0;2.11;0.35
18HU18028_1685;111;46.74283;-60.9995;454758;25.68;24-oct-18;10:19:00;29.29;8.97;286.89584;8.193;NaN;0.588;1.335;1;0.11;1;0.99;1;0.39;1;2.87;1;0;2.54;0.34
18HU18028_1685;111;46.74283;-60.9995;454757;53.65;24-oct-18;10:19:00;29.54;8.31;290.5133;8.177;6.6135;0.881;1.795;1;0.135;1;1.275;1;0.415;1;3.395;1;256;3.07;0.38
18HU18028_1686;131;46.95833;-60.2175;454767;1.59;25-oct-18;17:42:00;29.51;9.38;288.2803;8.187;NaN;0.699;1.56;1;0.095;1;0.895;1;0.325;1;2.42;1;0;2.75;0.37
18HU18028_1686;131;46.95833;-60.2175;454766;5.36;25-oct-18;17:42:00;29.51;9.38;288.2803;8.192;6.575;0.752;1.58;1;0.09;1;0.9;1;0.345;1;2.425;1;256;2.61;0.37
18HU18028_1686;131;46.95833;-60.2175;454765;15.67;25-oct-18;17:42:00;29.63;9.33;284.7075;8.191;NaN;0.629;1.145;1;0.085;1;0.89;1;0.33;1;2.295;1;0;2.70;0.39
18HU18028_1686;131;46.95833;-60.2175;454764;25.29;25-oct-18;17:42:00;30.14;8.64;288.59292;8.183;NaN;0.443;0.86;1;0.08;1;0.72;1;0.35;1;1.795;1;0;2.06;0.40
18HU18028_1686;131;46.95833;-60.2175;454763;50.37;25-oct-18;17:42:00;30.83;8.91;286.9405;8.187;6.5315;0.302;0.6;1;0.08;1;0.51;1;0.305;1;1.005;1;256;1.67;0.51
18HU18028_1686;131;46.95833;-60.2175;454762;75.55;25-oct-18;17:42:00;31.74;4.45;268.54058;8.02;6.0495;0.243;0.36;1;0.115;1;6.345;1;0.885;1;9.805;1;256;7.17;0.65
18HU18028_1687;141;47.0165;-60.13383;454774;2.68;25-oct-18;19:21:00;29.46;9.46;286.44924;8.182;NaN;0.678;1.595;1;0.09;1;0.835;1;0.325;1;2.24;1;0;2.57;0.37
18HU18028_1687;141;47.0165;-60.13383;454773;5.55;25-oct-18;19:21:00;29.46;9.46;286.44924;8.183;6.527;0.774;1.52;1;0.085;1;0.835;1;0.32;1;2.275;1;256;2.61;0.37
18HU18028_1687;141;47.0165;-60.13383;454772;15.47;25-oct-18;19:21:00;29.46;9.46;286.44924;8.184;NaN;0.747;1.53;1;0.08;1;0.84;1;0.315;1;2.275;1;0;2.67;0.37
18HU18028_1687;141;47.0165;-60.13383;454771;24.39;25-oct-18;19:21:00;29.46;9.11;285.69002;8.169;NaN;0.594;1.17;1;0.105;1;0.995;1;0.355;1;2.61;1;0;2.80;0.38
18HU18028_1687;141;47.0165;-60.13383;454770;49.88;25-oct-18;19:21:00;30.15;8.46;286.98516;8.141;6.518;0.498;0.89;1;0.09;1;1.01;1;0.385;1;2.435;1;256;2.62;0.41
18HU18028_1687;141;47.0165;-60.13383;454769;98.95;25-oct-18;19:21:00;32.38;1.95;288.90554;7.968;NaN;0.116;0.11;1;0.065;1;8.56;1;0.98;1;8.525;1;0;8.73;1.00
18HU18028_1687;141;47.0165;-60.13383;454768;160.2;25-oct-18;19:21:00;34.18;5.57;163.4556;7.874;3.6825;0.081;NaN;9;0.04;1;19.5;1;1.555;1;21.985;1;256;12.54;0.89
18HU18028_1688;151;47.10567;-60.0025;454783;2.88;25-oct-18;21:02:00;29.47;9.11;289.1735;8.185;NaN;0.85;1.735;1;0.105;1;0.935;1;0.345;1;2.535;1;0;2.71;0.37
18HU18028_1688;151;47.10567;-60.0025;454782;5.16;25-oct-18;21:02:00;29.46;9.11;289.53078;8.186;6.586;0.859;1.83;1;0.105;1;0.93;1;0.33;1;2.57;1;256;2.82;0.36
18HU18028_1688;151;47.10567;-60.0025;454781;16.06;25-oct-18;21:02:00;29.49;9.11;289.21816;8.184;NaN;0.825;1.77;1;0.105;1;0.955;1;0.345;1;2.545;1;0;2.77;0.38
18HU18028_1688;151;47.10567;-60.0025;454780;25.39;25-oct-18;21:02:00;29.52;9.03;289.12884;8.174;NaN;0.793;1.65;1;0.1;1;1.035;1;0.365;1;2.62;1;0;2.84;0.40
18HU18028_1688;151;47.10567;-60.0025;454779;52.85;25-oct-18;21:02:00;31.05;5.81;290.0667;8.072;6.492;0.295;0.4;1;0.14;1;3.21;1;0.655;1;5.415;1;256;4.90;0.59
18HU18028_1688;151;47.10567;-60.0025;454778;103.21;25-oct-18;21:02:00;32.09;1.85;311.01224;8.004;NaN;0.143;0.135;1;0.055;1;6.34;1;0.855;1;5.425;1;0;7.42;1.17
18HU18028_1688;151;47.10567;-60.0025;454777;190.32;25-oct-18;21:02:00;33.81;4.47;190.0283;7.887;NaN;0.1;NaN;9;0.02;1;17.425;1;1.445;1;18.56;1;0;12.06;0.94
18HU18028_1688;151;47.10567;-60.0025;454776;301.25;25-oct-18;21:02:00;34.79;6.86;127.59362;7.879;NaN;0.058;NaN;9;0.025;1;23.34;2;1.725;1;26.735;1;2048;13.53;0.87
18HU18028_1688;151;47.10567;-60.0025;454775;321.75;25-oct-18;21:02:00;34.83;6.63;126.34314;7.869;2.7825;0.071;NaN;9;0.03667;1;23.47333;2;1.78667;1;29.92;2;2304;13.14;0.78
18HU18028_1689;161;47.26383;-59.78667;454793;3.07;25-oct-18;23:27:00;30.43;8.26;297.16764;8.194;NaN;0.899;1.77;1;0.08;1;0.745;1;0.31;1;1.575;1;0;2.40;0.47
18HU18028_1689;161;47.26383;-59.78667;454792;5.26;25-oct-18;23:27:00;30.42;8.25;297.03366;8.194;6.781;0.92;1.715;1;0.08;1;0.735;1;0.32;1;1.62;1;256;2.30;0.45
18HU18028_1689;161;47.26383;-59.78667;454791;15.97;25-oct-18;23:27:00;30.6;8.23;297.52492;8.192;NaN;0.792;1.505;1;0.075;1;0.66;1;0.295;1;1.27;1;0;2.24;0.52
18HU18028_1689;161;47.26383;-59.78667;454790;25.29;25-oct-18;23:27:00;30.65;8.16;297.56958;8.184;NaN;0.811;1.56;1;0.075;1;0.635;1;0.305;1;1.155;1;0;2.08;0.55
18HU18028_1689;161;47.26383;-59.78667;454789;50.07;25-oct-18;23:27:00;31.86;3.44;317.7559;8.063;7.145;0.239;0.25;1;0.02667;1;3.42667;1;0.64667;1;2.63;1;256;5.30;1.30
18HU18028_1689;161;47.26383;-59.78667;454788;100.53;25-oct-18;23:27:00;32.29;1.54;307.39478;7.999;NaN;0.117;0.06;1;0.02;1;7.48;1;0.89;1;5.835;1;0;8.40;1.28
18HU18028_1689;161;47.26383;-59.78667;454787;200.42;25-oct-18;23:27:00;34.13;5.64;174.48662;7.912;NaN;0.105;NaN;9;0.02;1;18.44;1;1.45;1;19.44;1;0;12.72;0.95
18HU18028_1689;161;47.26383;-59.78667;454786;300.85;25-oct-18;23:27:00;34.79;6.76;114.41892;7.853;NaN;0.095;NaN;9;0.015;1;24.15;2;1.805;1;30.48;1;2048;13.38;0.79
18HU18028_1689;161;47.26383;-59.78667;454785;400.05;25-oct-18;23:27:00;34.97;6.05;153.13914;7.921;NaN;0.089;NaN;9;0.02;1;23.18;2;1.74;1;29.67;1;2048;13.32;0.78
18HU18028_1689;161;47.26383;-59.78667;454784;454.18;25-oct-18;23:27:00;34.98;5.9;155.55078;7.916;3.452;0.077;NaN;9;0.025;1;22.9;2;1.765;1;33.225;1;2304;12.97;0.69
18HU18028_1690;171;47.4345;-59.55317;454803;3.37;26-oct-18;01:56:00;30.61;7.75;300.65112;8.194;NaN;0.66;1.15;1;0.09;1;0.76;1;0.32;1;1.19;1;0;2.38;0.64
18HU18028_1690;171;47.4345;-59.55317;454802;5.16;26-oct-18;01:56:00;30.61;7.75;301.05306;8.194;6.793;0.687;1.105;1;0.09;1;0.765;1;0.325;1;1.19;1;256;2.35;0.64
18HU18028_1690;171;47.4345;-59.55317;454801;15.97;26-oct-18;01:56:00;30.64;7.65;301.63364;8.182;NaN;0.692;1.2;1;0.095;1;0.86;1;0.33;1;1.265;1;0;2.61;0.68
18HU18028_1690;171;47.4345;-59.55317;454800;27.07;26-oct-18;01:56:00;31.63;4.5;321.19472;8.106;NaN;0.588;0.955;1;0.10667;1;3.17;1;0.58333;1;2.545;1;0;5.43;1.25
18HU18028_1690;171;47.4345;-59.55317;454799;49.68;26-oct-18;01:56:00;31.84;3.75;320.4355;8.079;7.1465;0.389;0.515;1;0.09;1;3.82;1;0.66;1;2.855;1;256;5.79;1.34
18HU18028_1690;171;47.4345;-59.55317;454798;102.21;26-oct-18;01:56:00;32.61;1.54;293.81814;7.99;NaN;0.116;0.045;1;0.085;1;8.53;1;0.98;1;7.185;1;0;8.70;1.19
18HU18028_1690;171;47.4345;-59.55317;454797;193.28;26-oct-18;01:56:00;34.05;5.25;161.08862;7.867;NaN;0.099;NaN;9;0.025;1;19.295;1;1.56;1;21.905;1;0;12.37;0.88
18HU18028_1690;171;47.4345;-59.55317;454796;299.16;26-oct-18;01:56:00;34.84;7.01;127.9509;7.902;NaN;0.091;NaN;9;0.02;1;23.695;2;1.72;1;25.635;1;2048;13.78;0.92
18HU18028_1690;171;47.4345;-59.55317;454795;400.04;26-oct-18;01:56:00;34.97;6.1;148.22654;7.916;NaN;0.097;NaN;9;0.02;1;23.39;2;1.76667;1;30.335;1;2048;13.24;0.77
18HU18028_1690;171;47.4345;-59.55317;454794;466.44;26-oct-18;01:56:00;34.98;5.91;155.8634;7.923;3.4555;0.071;NaN;9;0.02;1;22.815;1;1.75;1;32.73;1;256;13.04;0.70
18HU18028_1691;181;47.58433;-59.3435;454811;3.17;26-oct-18;04:19:00;31.49;8.03;298.37346;8.206;6.7155;0.98;1.83;1;0.07;1;0.565;1;0.32;1;1.115;1;256;1.77;0.51
18HU18028_1691;181;47.58433;-59.3435;454810;4.96;26-oct-18;04:19:00;31.49;8.03;297.97152;8.205;NaN;0.911;1.8;1;0.07;1;0.555;1;0.325;1;1.065;1;0;1.71;0.52
18HU18028_1691;181;47.58433;-59.3435;454809;15.17;26-oct-18;04:19:00;31.48;7.83;299.13268;8.199;NaN;0.922;1.695;1;0.07;1;0.665;1;0.325;1;1.16;1;0;2.05;0.57
18HU18028_1691;181;47.58433;-59.3435;454808;26.28;26-oct-18;04:19:00;31.44;7.42;301.72296;8.172;NaN;0.804;1.485;1;0.085;1;1.16;1;0.37;1;1.485;1;0;3.14;0.78
18HU18028_1691;181;47.58433;-59.3435;454807;50.17;26-oct-18;04:19:00;32.07;3.02;313.64718;8.066;6.974;0.27;0.335;1;0.075;1;4.84;1;0.705;1;4;1;256;6.87;1.21
18HU18028_1691;181;47.58433;-59.3435;454806;102.21;26-oct-18;04:19:00;32.54;1.46;303.9113;8.007;NaN;0.113;0.075;1;0.12;1;7.98;1;0.94;1;6.815;1;0;8.49;1.17
18HU18028_1691;181;47.58433;-59.3435;454805;201.4;26-oct-18;04:19:00;33.66;4.24;216.77964;7.95;NaN;0.058;NaN;9;0.05;1;15.535;1;1.31;1;15.21;1;0;11.86;1.02
18HU18028_1691;181;47.58433;-59.3435;454804;251.03;26-oct-18;04:19:00;34.61;6.76;148.22654;7.923;3.311;0.067;NaN;9;0.035;1;21.555;1;1.58;1;21.98;1;256;13.64;0.98
