CTD;CTD;CTD;CTD;CTD;CTD;CTD;CTD;CTD;CTD;CTD;labo;labo;CTD;labo;labo;labo;labo;labo;labo;labo;labo;labo;labo;labo;labo;labo;labo;labo;labo;labo;calc;calc
Fichier;Station;Latitude;Longitude;Echantillon;zbouteille;Date;Heure;PSAL;TE90;DOXY;OXYM_01;CHL_03;FLOR;NO2_01;Q_NO2;NO2_01;Q_NO2;NOx_01;Q_NOX;NOx_01;Q_NOX;PO4_01;Q_PO4;PO4_01;Q_PO4;Si_01;Q_Si;Si_01;Q_Si;QCFF;N_P;N_Si
(nom);(nom/no);(degres);(degres);(no_unique);(dbar);(jj-mmm-yyyy);(GMT);(psu);(celsius);(ml/l);(mmol/m**3);(mg/m**3);(mg/m**3);(mmol/m**3);((none));(mmol/m**3);((none));(mmol/m**3);((none));(mmol/m**3);((none));(mmol/m**3);((none));(mmol/m**3);((none));(mmol/m**3);((none));(mmol/m**3);((none));((none));((none));((none))
18TL05035_747;151;47.58383;-59.34017;276514;1.59;15-jun-05;16:25:00;31.55;7.58;318.82774;7.145;0.825;1.493;0.04;1;NaN;9;0.235;1;NaN;9;0.365;1;NaN;9;0.82;1;NaN;9;256;0.64;0.29
18TL05035_747;151;47.58383;-59.34017;276513;5.75;15-jun-05;16:25:00;31.56;7.5;319.40832;NaN;0.565;1.863;0.025;1;NaN;9;0.315;1;NaN;9;0.365;1;NaN;9;1.02;1;NaN;9;0;0.86;0.31
18TL05035_747;151;47.58383;-59.34017;276512;15.27;15-jun-05;16:25:00;31.67;7.62;318.73842;NaN;0.55;2.378;0.035;1;NaN;9;0.23;1;NaN;9;0.395;1;NaN;9;1.15;1;NaN;9;0;0.58;0.20
18TL05035_747;151;47.58383;-59.34017;276511;25.29;15-jun-05;16:25:00;31.79;5.75;325.3481;NaN;0.295;1.935;0.065;1;NaN;9;0.775;1;NaN;9;0.46;1;NaN;9;1.27;1;NaN;9;0;1.68;0.61
18TL05035_747;151;47.58383;-59.34017;276510;50.27;15-jun-05;16:25:00;31.97;1.46;340.04124;NaN;0.13;1.408;0.125;1;NaN;9;3.22;1;NaN;9;0.69;1;NaN;9;3.4;1;NaN;9;0;4.67;0.95
18TL05035_747;151;47.58383;-59.34017;276509;100.43;15-jun-05;16:25:00;32.5;1.9;314.67436;NaN;0.035;0.931;0.155;1;NaN;9;5.06;1;NaN;9;0.84;1;NaN;9;4.62;1;NaN;9;0;6.02;1.10
18TL05035_747;151;47.58383;-59.34017;276508;199.32;15-jun-05;16:25:00;34.33;5.45;196.2807;NaN;NaN;1.062;0.075;1;NaN;9;17.71;1;NaN;9;1.34;1;NaN;9;16.445;1;NaN;9;0;13.22;1.08
18TL05035_747;151;47.58383;-59.34017;276507;248.65;15-jun-05;16:25:00;34.66;5.76;184.80308;4.085;NaN;1.186;0.075;1;NaN;9;17.695;1;NaN;9;1.395;1;NaN;9;16.685;1;NaN;9;256;12.68;1.06
18TL05035_748;161;47.43333;-59.5595;276524;1.88;15-jun-05;18:16:00;31.8;7.03;324.49956;7.285;0.355;1.288;0.015;1;NaN;9;0.11;1;NaN;9;0.365;1;NaN;9;0.59;1;NaN;9;256;0.30;0.19
18TL05035_748;161;47.43333;-59.5595;276523;5.06;15-jun-05;18:16:00;31.79;7.24;322.2219;NaN;0.325;1.404;0.015;1;NaN;9;0.11;1;NaN;9;0.35;1;NaN;9;0.64;1;NaN;9;0;0.31;0.17
18TL05035_748;161;47.43333;-59.5595;276522;15.87;15-jun-05;18:16:00;31.94;4.37;341.29172;NaN;0.31;1.35;0.02;1;NaN;9;0.245;1;NaN;9;0.37;1;NaN;9;0.565;1;NaN;9;0;0.66;0.43
18TL05035_748;161;47.43333;-59.5595;276521;25.88;15-jun-05;18:16:00;32.05;3.23;340.57716;NaN;0.41;1.611;0.04;1;NaN;9;0.73;1;NaN;9;0.495;1;NaN;9;1.085;1;NaN;9;0;1.47;0.67
18TL05035_748;161;47.43333;-59.5595;276520;49.78;15-jun-05;18:16:00;32.45;2.32;329.54614;NaN;0.135;1.363;0.05;1;NaN;9;1.435;1;NaN;9;0.65;1;NaN;9;1.035;1;NaN;9;0;2.21;1.39
18TL05035_748;161;47.43333;-59.5595;276519;100.63;15-jun-05;18:16:00;32.52;1.04;318.2025;NaN;0.02;0.775;0.08;1;NaN;9;4.835;1;NaN;9;0.865;1;NaN;9;3.335;1;NaN;9;0;5.59;1.45
18TL05035_748;161;47.43333;-59.5595;276518;200.42;15-jun-05;18:16:00;33.91;4.47;213.96606;NaN;NaN;0.771;0.02;1;NaN;9;16.035;1;NaN;9;1.29;1;NaN;9;13.255;1;NaN;9;0;12.43;1.21
18TL05035_748;161;47.43333;-59.5595;276517;300.65;15-jun-05;18:16:00;34.74;5.68;187.70598;NaN;NaN;0.742;0.015;1;NaN;9;20.56;1;NaN;9;1.46;1;NaN;9;18.255;1;NaN;9;0;14.08;1.13
18TL05035_748;161;47.43333;-59.5595;276516;400.93;15-jun-05;18:16:00;34.85;5;191.68072;NaN;NaN;0.737;0.005;1;NaN;9;20.395;1;NaN;9;1.505;1;NaN;9;25.51;1;NaN;9;0;13.55;0.80
18TL05035_748;161;47.43333;-59.5595;276515;461.3;15-jun-05;18:16:00;34.85;4.9;200.0768;4.515;NaN;0.735;0.02;1;NaN;9;20.23;1;NaN;9;1.445;1;NaN;9;25.17;1;NaN;9;256;14.00;0.80
18TL05035_749;171;47.27183;-59.78283;276534;1.79;15-jun-05;20:29:00;31.09;7.12;325.08014;7.29;0.56;1.438;0.025;1;NaN;9;0.35;1;NaN;9;0.45;1;NaN;9;1.315;1;NaN;9;256;0.78;0.27
18TL05035_749;171;47.27183;-59.78283;276533;6.05;15-jun-05;20:29:00;31.4;7.2;320.92676;NaN;0.475;1.522;0.015;1;NaN;9;0.205;1;NaN;9;0.35;1;NaN;9;1.075;1;NaN;9;0;0.59;0.19
18TL05035_749;171;47.27183;-59.78283;276532;16.46;15-jun-05;20:29:00;31.37;3.64;342.45288;NaN;0.74;1.797;0.045;1;NaN;9;1.04;1;NaN;9;0.485;1;NaN;9;1.77;1;NaN;9;0;2.14;0.59
18TL05035_749;171;47.27183;-59.78283;276531;25.98;15-jun-05;20:29:00;31.98;5.43;333.29758;NaN;0.66;1.781;0.015;1;NaN;9;0.15;1;NaN;9;0.38;1;NaN;9;0.78;1;NaN;9;0;0.39;0.19
18TL05035_749;171;47.27183;-59.78283;276530;51.36;15-jun-05;20:29:00;32.12;2.13;334.32476;NaN;0.255;1.196;0.07;1;NaN;9;1.47;1;NaN;9;0.585;1;NaN;9;1.08;1;NaN;9;0;2.51;1.36
18TL05035_749;171;47.27183;-59.78283;276529;101.42;15-jun-05;20:29:00;32.8;1.94;302.7948;NaN;0.025;0.696;0.125;1;NaN;9;6.575;1;NaN;9;0.88;1;NaN;9;5.19;1;NaN;9;0;7.47;1.27
18TL05035_749;171;47.27183;-59.78283;276528;200.22;15-jun-05;20:29:00;34.26;5.02;165.37598;NaN;NaN;0.65;0.035;1;NaN;9;19.225;1;NaN;9;1.495;1;NaN;9;20.22;1;NaN;9;0;12.86;0.95
18TL05035_749;171;47.27183;-59.78283;276527;299.76;15-jun-05;20:29:00;34.75;5.65;189.00112;NaN;NaN;0.609;0.01;1;NaN;9;20.315;1;NaN;9;1.415;1;NaN;9;17.585;1;NaN;9;0;14.36;1.16
18TL05035_749;171;47.27183;-59.78283;276526;400.54;15-jun-05;20:29:00;34.85;5.01;190.43024;NaN;NaN;0.607;0.01;1;NaN;9;20.57;1;NaN;9;1.545;1;NaN;9;24.125;1;NaN;9;0;13.31;0.85
18TL05035_749;171;47.27183;-59.78283;276525;453.29;15-jun-05;20:29:00;34.85;4.96;192.75256;4.29;NaN;0.621;0.01;1;NaN;9;20.2;1;NaN;9;1.52;1;NaN;9;25.425;1;NaN;9;256;13.29;0.79
18TL05035_750;181;47.101;-59.9885;276543;1.49;15-jun-05;22:51:00;30.21;7.89;325.97334;7.285;1.085;1.793;0.015;1;NaN;9;0.315;1;NaN;9;0.315;1;NaN;9;1.72;1;NaN;9;256;1.00;0.18
18TL05035_750;181;47.101;-59.9885;276542;4.96;15-jun-05;22:51:00;30.25;7.61;327.40246;NaN;0.77;1.815;0.03;1;NaN;9;0.33;1;NaN;9;0.31;1;NaN;9;1.71;1;NaN;9;0;1.06;0.19
18TL05035_750;181;47.101;-59.9885;276541;16.66;15-jun-05;22:51:00;30.94;5.99;342.49754;NaN;0.715;1.586;0.05;1;NaN;9;0.285;1;NaN;9;0.405;1;NaN;9;1.37;1;NaN;9;0;0.70;0.21
18TL05035_750;181;47.101;-59.9885;276540;26.67;15-jun-05;22:51:00;31.61;6.18;328.83158;NaN;0.69;1.691;0.04;1;NaN;9;0.365;1;NaN;9;0.425;1;NaN;9;1.1;1;NaN;9;0;0.86;0.33
18TL05035_750;181;47.101;-59.9885;276539;51.26;15-jun-05;22:51:00;32.04;2.17;335.26262;NaN;0.09;1.215;0.115;1;NaN;9;2.27;1;NaN;9;0.625;1;NaN;9;2.515;1;NaN;9;0;3.63;0.90
18TL05035_750;181;47.101;-59.9885;276538;101.13;15-jun-05;22:51:00;32.84;1.88;278.27646;NaN;0.03;0.688;0.17;1;NaN;9;9.67;1;NaN;9;0.99;1;NaN;9;8.815;1;NaN;9;0;9.77;1.10
18TL05035_750;181;47.101;-59.9885;276537;200.72;15-jun-05;22:51:00;34.21;4.86;166.93908;NaN;NaN;0.67;0.125;1;NaN;9;17.89;1;NaN;9;1.465;1;NaN;9;18.83;1;NaN;9;0;12.21;0.95
18TL05035_750;181;47.101;-59.9885;276536;301.05;15-jun-05;22:51:00;34.72;5.7;170.55654;NaN;NaN;0.64;0.05;1;NaN;9;17.915;1;NaN;9;1.405;1;NaN;9;18.135;1;NaN;9;0;12.75;0.99
18TL05035_750;181;47.101;-59.9885;276535;323.33;15-jun-05;22:51:00;34.77;5.39;174.75458;3.88;NaN;0.642;0.045;1;NaN;9;20.73;1;NaN;9;1.485;1;NaN;9;20.84;1;NaN;9;256;13.96;0.99
18TL05035_751;191;47.024;-60.11083;276550;1.59;16-jun-05;00:31:00;29.7;9.21;319.67628;7.13;0.48;2.076;0.05;1;NaN;9;0.345;1;NaN;9;0.255;1;NaN;9;1.57;1;NaN;9;256;1.35;0.22
18TL05035_751;191;47.024;-60.11083;276549;5.85;16-jun-05;00:31:00;29.77;8.62;321.28404;NaN;0.19;2.087;0.035;1;NaN;9;0.365;1;NaN;9;0.26;1;NaN;9;1.66;1;NaN;9;0;1.40;0.22
18TL05035_751;191;47.024;-60.11083;276548;15.07;16-jun-05;00:31:00;30.23;5.98;331.55584;NaN;0.285;2.004;0.05;1;NaN;9;0.66;1;NaN;9;0.37;1;NaN;9;1.93;1;NaN;9;0;1.78;0.34
18TL05035_751;191;47.024;-60.11083;276547;26.08;16-jun-05;00:31:00;30.43;4.18;336.7364;NaN;0.32;1.927;0.055;1;NaN;9;1.46;1;NaN;9;0.465;1;NaN;9;2.2;1;NaN;9;0;3.14;0.66
18TL05035_751;191;47.024;-60.11083;276546;51.76;16-jun-05;00:31:00;31.54;1.77;344.23928;NaN;0.21;1.654;0.105;1;NaN;9;2.28;1;NaN;9;0.61;1;NaN;9;2.965;1;NaN;9;0;3.74;0.77
18TL05035_751;191;47.024;-60.11083;276545;101.72;16-jun-05;00:31:00;32.74;1.84;277.5619;NaN;0.04;0.748;0.155;1;NaN;9;9.495;1;NaN;9;1.045;1;NaN;9;9.58;1;NaN;9;0;9.09;0.99
18TL05035_751;191;47.024;-60.11083;276544;177.54;16-jun-05;00:31:00;34.25;5.1;174.3973;3.88;NaN;0.694;0.07;1;NaN;9;18.975;1;NaN;9;1.43;1;NaN;9;19.28;1;NaN;9;256;13.27;0.98
18TL05035_752;201;46.961;-60.21767;276556;1.49;16-jun-05;01:48:00;29.9;7.96;324.09762;7.265;0.235;1.933;0.03;1;NaN;9;0.31;1;NaN;9;0.345;1;NaN;9;1.44;1;NaN;9;256;0.90;0.22
18TL05035_752;201;46.961;-60.21767;276555;4.76;16-jun-05;01:48:00;29.9;7.91;323.15976;NaN;0.265;1.893;0.025;1;NaN;9;0.23;1;NaN;9;0.305;1;NaN;9;1.505;1;NaN;9;0;0.75;0.15
18TL05035_752;201;46.961;-60.21767;276554;15.97;16-jun-05;01:48:00;30.08;6.56;330.35002;NaN;0.09;1.828;0.04;1;NaN;9;0.535;1;NaN;9;0.35;1;NaN;9;1.685;1;NaN;9;0;1.53;0.32
18TL05035_752;201;46.961;-60.21767;276553;26.58;16-jun-05;01:48:00;30.69;3.28;339.8626;NaN;0.295;1.691;0.07;1;NaN;9;1.52;1;NaN;9;0.515;1;NaN;9;1.805;1;NaN;9;0;2.95;0.84
18TL05035_752;201;46.961;-60.21767;276552;51.07;16-jun-05;01:48:00;31.34;2.01;338.2995;NaN;NaN;1.068;0.09;1;NaN;9;2.38;1;NaN;9;0.575;1;NaN;9;3.01;1;NaN;9;0;4.14;0.79
18TL05035_752;201;46.961;-60.21767;276551;76.45;16-jun-05;01:48:00;32.32;1.36;291.6298;6.78;0.085;0.849;0.175;1;NaN;9;7.13;1;NaN;9;0.91;1;NaN;9;4.93;1;NaN;9;256;7.84;1.45
18TL05035_753;211;46.74333;-60.9985;276562;1.59;16-jun-05;07:40:00;29.38;9.91;308.24332;6.905;0.445;2.118;0.055;1;NaN;9;0.215;1;NaN;9;0.275;1;NaN;9;1;1;NaN;9;256;0.78;0.21
18TL05035_753;211;46.74333;-60.9985;276561;5.95;16-jun-05;07:40:00;29.49;9.79;310.20836;NaN;0.43;2.38;0.025;1;NaN;9;0.15;1;NaN;9;0.23;1;NaN;9;1.53;1;NaN;9;0;0.65;0.10
18TL05035_753;211;46.74333;-60.9985;276560;15.17;16-jun-05;07:40:00;30.18;8.44;326.4646;NaN;0.525;3.659;0.025;1;NaN;9;0.265;1;NaN;9;0.265;1;NaN;9;2.13;1;NaN;9;0;1.00;0.12
18TL05035_753;211;46.74333;-60.9985;276559;26.58;16-jun-05;07:40:00;30.37;2.32;344.41792;NaN;0.155;1.585;0.04;1;NaN;9;0.675;1;NaN;9;0.41;1;NaN;9;1.895;1;NaN;9;0;1.65;0.36
18TL05035_753;211;46.74333;-60.9985;276558;50.87;16-jun-05;07:40:00;31.3;0.75;338.03154;NaN;0.055;1.631;0.16;1;NaN;9;3.815;1;NaN;9;0.76;1;NaN;9;4.385;1;NaN;9;0;5.02;0.87
18TL05035_753;211;46.74333;-60.9985;276557;54.93;16-jun-05;07:40:00;31.46;0.38;321.95394;7.555;0.115;1.416;0.19;1;NaN;9;4.085;1;NaN;9;0.825;1;NaN;9;6.105;1;NaN;9;256;4.95;0.67
18TL05035_754;221;46.8315;-61.249;276567;1.59;16-jun-05;09:06:00;29.26;9.52;310.87826;6.945;0.535;1.867;0.03;1;NaN;9;0.1;1;NaN;9;0.2;1;NaN;9;1.28;1;NaN;9;256;0.50;0.08
18TL05035_754;221;46.8315;-61.249;276566;4.86;16-jun-05;09:06:00;29.26;9.51;310.20836;NaN;0.56;1.916;0.015;1;NaN;9;0.8;1;NaN;9;0.205;1;NaN;9;1.445;1;NaN;9;0;3.90;0.55
18TL05035_754;221;46.8315;-61.249;276565;15.77;16-jun-05;09:06:00;30.11;5.07;338.21018;NaN;0.4;1.875;0.045;1;NaN;9;0.885;1;NaN;9;0.335;1;NaN;9;1.815;1;NaN;9;0;2.64;0.49
18TL05035_754;221;46.8315;-61.249;276564;25.78;16-jun-05;09:06:00;30.63;1.3;338.03154;NaN;0.24;1.473;0.085;1;NaN;9;1.51;1;NaN;9;0.62;1;NaN;9;3.125;1;NaN;9;0;2.44;0.48
18TL05035_754;221;46.8315;-61.249;276563;56.72;16-jun-05;09:06:00;31.48;0.42;313.7365;7.245;0.12;0.963;0.22;1;NaN;9;5.335;1;NaN;9;0.94;1;NaN;9;7.255;1;NaN;9;256;5.68;0.74
18TL05035_755;231;46.90167;-61.4995;276572;1.19;16-jun-05;11:04:00;30.01;9.71;311.32486;6.965;0.385;1.192;0.015;1;NaN;9;0.21;1;NaN;9;0.23;1;NaN;9;3.23;1;NaN;9;256;0.91;0.07
18TL05035_755;231;46.90167;-61.4995;276571;4.76;16-jun-05;11:04:00;30.01;9.71;311.41418;NaN;0.39;1.28;0.015;1;NaN;9;0.335;1;NaN;9;0.22;1;NaN;9;1.98;1;NaN;9;0;1.52;0.17
18TL05035_755;231;46.90167;-61.4995;276570;14.78;16-jun-05;11:04:00;30.69;6.68;334.68204;NaN;1.57;4.816;0.06;1;NaN;9;0.755;1;NaN;9;0.35;1;NaN;9;4.07;1;NaN;9;0;2.16;0.19
18TL05035_755;231;46.90167;-61.4995;276569;25.29;16-jun-05;11:04:00;31.24;1.64;338.79076;NaN;0.27;1.554;0.135;1;NaN;9;2.905;1;NaN;9;0.68;1;NaN;9;3.875;1;NaN;9;0;4.27;0.75
18TL05035_755;231;46.90167;-61.4995;276568;47;16-jun-05;11:04:00;31.42;0.41;313.7365;7.215;0.16;1.348;0.25;1;NaN;9;4.88;1;NaN;9;0.88;1;NaN;9;8.74;1;NaN;9;256;5.55;0.56
18TL05035_756;241;47.00083;-61.748;276577;1.59;16-jun-05;12:38:00;30.64;8.61;318.6491;7.115;0.465;1.869;0.185;1;NaN;9;0.535;1;NaN;9;0.26;1;NaN;9;1.62;1;NaN;9;256;2.06;0.33
18TL05035_756;241;47.00083;-61.748;276576;5.55;16-jun-05;12:38:00;30.67;8.1;323.24908;NaN;0.385;1.733;0.055;1;NaN;9;0.735;1;NaN;9;0.365;1;NaN;9;2.135;1;NaN;9;0;2.01;0.34
18TL05035_756;241;47.00083;-61.748;276575;15.27;16-jun-05;12:38:00;31.16;2.67;337.22766;NaN;0.2;1.265;0.075;1;NaN;9;1.465;1;NaN;9;0.485;1;NaN;9;3.225;1;NaN;9;0;3.02;0.45
18TL05035_756;241;47.00083;-61.748;276574;25.29;16-jun-05;12:38:00;31.24;1.88;323.96364;NaN;0.41;1.89;0.1;1;NaN;9;1.595;1;NaN;9;0.555;1;NaN;9;4.525;1;NaN;9;0;2.87;0.35
18TL05035_756;241;47.00083;-61.748;276573;33.42;16-jun-05;12:38:00;31.26;1.28;322.93646;7.385;0.385;1.619;0.15;1;NaN;9;3.39;1;NaN;9;0.73;1;NaN;9;6.585;1;NaN;9;256;4.64;0.51
18TL05035_757;251;47.16967;-62.248;276582;1.49;16-jun-05;14:48:00;30.86;7.95;324.4549;7.29;0.715;1.612;0.045;1;NaN;9;0.53;1;NaN;9;0.415;1;NaN;9;2.325;1;NaN;9;256;1.28;0.23
18TL05035_757;251;47.16967;-62.248;276581;5.55;16-jun-05;14:48:00;30.85;8.05;323.91898;NaN;0.69;1.924;0.04;1;NaN;9;0.5;1;NaN;9;0.37;1;NaN;9;2.375;1;NaN;9;0;1.35;0.21
18TL05035_757;251;47.16967;-62.248;276580;15.67;16-jun-05;14:48:00;31.04;4.69;332.76166;NaN;0.64;1.668;0.045;1;NaN;9;0.58;1;NaN;9;0.39;1;NaN;9;2.51;1;NaN;9;0;1.49;0.23
18TL05035_757;251;47.16967;-62.248;276579;25.19;16-jun-05;14:48:00;31.21;2.07;319.27434;NaN;0.295;1.638;0.115;1;NaN;9;3.195;1;NaN;9;0.75;1;NaN;9;6.92;1;NaN;9;0;4.26;0.46
18TL05035_757;251;47.16967;-62.248;276578;35.6;16-jun-05;14:48:00;31.28;1.16;315.16562;7.245;0.18;1.69;0.12;1;NaN;9;3.85;1;NaN;9;0.82;1;NaN;9;7.21;1;NaN;9;256;4.70;0.53
18TL05035_758;261;47.32933;-62.75;276587;1.19;16-jun-05;17:19:00;30.15;8.69;322.57918;7.235;1.28;2.318;0.05;1;NaN;9;0.685;1;NaN;9;0.315;1;NaN;9;3.915;1;NaN;9;256;2.17;0.17
18TL05035_758;261;47.32933;-62.75;276586;5.35;16-jun-05;17:19:00;30.15;8.68;322.8918;NaN;NaN;3.08;NaN;9;NaN;9;NaN;9;NaN;9;NaN;9;NaN;9;NaN;9;NaN;9;0;NaN;NaN
18TL05035_758;261;47.32933;-62.75;276585;14.97;16-jun-05;17:19:00;30.55;4.93;350.1344;NaN;1.685;3.765;0.045;1;NaN;9;1.05;1;NaN;9;0.37;1;NaN;9;3.54;1;NaN;9;0;2.84;0.30
18TL05035_758;261;47.32933;-62.75;276584;25.39;16-jun-05;17:19:00;30.96;2.93;351.78682;NaN;0.57;2.19;0.07;1;NaN;9;1.675;1;NaN;9;0.48;1;NaN;9;2.715;1;NaN;9;0;3.49;0.62
18TL05035_758;261;47.32933;-62.75;276583;45.12;16-jun-05;17:19:00;31.16;0.07;312.97728;7.245;0.235;1.085;0.105;1;NaN;9;5.68;1;NaN;9;0.985;1;NaN;9;9.005;1;NaN;9;256;5.77;0.63
18TL05035_759;271;47.49933;-63.2505;276593;1.29;16-jun-05;19:32:00;29.63;8.4;333.8335;7.5;1.825;3.775;0.03;1;NaN;9;0.15;1;NaN;9;0.225;1;NaN;9;4.7;1;NaN;9;256;0.67;0.03
18TL05035_759;271;47.49933;-63.2505;276592;5.45;16-jun-05;19:32:00;29.59;8.55;332.9403;NaN;1.48;4.636;0.035;1;NaN;9;0.165;1;NaN;9;0.205;1;NaN;9;4.965;1;NaN;9;0;0.80;0.03
18TL05035_759;271;47.49933;-63.2505;276591;15.37;16-jun-05;19:32:00;30.28;3.74;350.04508;NaN;1.285;2.99;0.09;1;NaN;9;1.835;1;NaN;9;0.435;1;NaN;9;3.505;1;NaN;9;0;4.22;0.52
18TL05035_759;271;47.49933;-63.2505;276590;25.09;16-jun-05;19:32:00;30.63;2.66;350.581;NaN;0.455;2.326;0.07;1;NaN;9;1.985;1;NaN;9;0.47;1;NaN;9;2.875;1;NaN;9;0;4.22;0.69
18TL05035_759;271;47.49933;-63.2505;276589;49.38;16-jun-05;19:32:00;30.88;0.04;328.51896;NaN;0.09;1.072;0.105;1;NaN;9;4.96;1;NaN;9;0.905;1;NaN;9;7.175;1;NaN;9;0;5.48;0.69
18TL05035_759;271;47.49933;-63.2505;276588;72.28;16-jun-05;19:32:00;31.3;-0.72;288.36962;6.76;0.155;0.962;0.105;1;NaN;9;7.345;1;NaN;9;1.215;1;NaN;9;14.745;1;NaN;9;256;6.05;0.50
18TL05035_760;281;47.66017;-63.7495;276599;1.78;16-jun-05;22:09:00;28.86;8.69;338.5228;7.615;1.425;7.68;0.06;1;NaN;9;0.21;1;NaN;9;0.095;1;NaN;9;1.18;1;NaN;9;256;2.21;0.18
18TL05035_760;281;47.66017;-63.7495;276598;5.65;16-jun-05;22:09:00;29;7.49;340.71114;NaN;1;7.854;0.025;1;NaN;9;0.18;1;NaN;9;0.09;1;NaN;9;1.26;1;NaN;9;0;2.00;0.14
18TL05035_760;281;47.66017;-63.7495;276597;15.07;16-jun-05;22:09:00;29.74;3.03;340.39852;NaN;0.945;3.398;0.13;1;NaN;9;3.21;1;NaN;9;0.465;1;NaN;9;4.995;1;NaN;9;0;6.90;0.64
18TL05035_760;281;47.66017;-63.7495;276596;25.29;16-jun-05;22:09:00;30.2;1.82;338.61212;NaN;0.25;1.61;0.13;1;NaN;9;2.16;1;NaN;9;0.565;1;NaN;9;4.025;1;NaN;9;0;3.82;0.54
18TL05035_760;281;47.66017;-63.7495;276595;50.17;16-jun-05;22:09:00;30.96;0.4;333.92282;NaN;0.09;0.909;0.095;1;NaN;9;4.28;1;NaN;9;0.795;1;NaN;9;5.93;1;NaN;9;0;5.38;0.72
18TL05035_760;281;47.66017;-63.7495;276594;56.42;16-jun-05;22:09:00;31.14;-0.14;303.37538;7.045;0.12;0.877;0.105;1;NaN;9;5.455;1;NaN;9;0.965;1;NaN;9;10.12;1;NaN;9;256;5.65;0.54
18TL05035_761;291;47.73817;-63.99467;276605;1.49;16-jun-05;23:30:00;28.34;10.16;324.6782;7.12;0.41;9.004;0.015;1;NaN;9;0.045;1;NaN;9;0.045;1;NaN;9;0.84;1;NaN;9;256;1.00;0.05
18TL05035_761;291;47.73817;-63.99467;276604;5.45;16-jun-05;23:30:00;28.34;10.17;324.4549;NaN;0.695;8.932;0.085;1;NaN;9;0.25;1;NaN;9;0.075;1;NaN;9;1.55;1;NaN;9;0;3.33;0.16
18TL05035_761;291;47.73817;-63.99467;276603;15.27;16-jun-05;23:30:00;29.59;3.63;346.91888;NaN;0.505;3.72;0.115;1;NaN;9;2.9;1;NaN;9;0.445;1;NaN;9;5.11;1;NaN;9;0;6.52;0.57
18TL05035_761;291;47.73817;-63.99467;276602;25.38;16-jun-05;23:30:00;30.26;1.72;337.89756;NaN;1.085;2.661;0.13;1;NaN;9;3.06;1;NaN;9;0.565;1;NaN;9;5.015;1;NaN;9;0;5.42;0.61
18TL05035_761;291;47.73817;-63.99467;276601;50.17;16-jun-05;23:30:00;31.05;-0.6;291.36184;NaN;0.135;0.829;0.08;1;NaN;9;6.94;1;NaN;9;1.185;1;NaN;9;11.89;1;NaN;9;0;5.86;0.58
18TL05035_761;291;47.73817;-63.99467;276600;73.57;16-jun-05;23:30:00;31.95;-0.02;257.37558;6.065;0.125;0.817;0.1;1;NaN;9;9.445;1;NaN;9;1.275;1;NaN;9;17.03;1;NaN;9;256;7.41;0.55
18TL05035_762;301;47.82383;-64.25233;276610;1.19;17-jun-05;01:41:00;27.13;9.64;339.28202;7.595;1.215;11.333;0.04;1;NaN;9;0.195;1;NaN;9;0.05;1;NaN;9;1.425;1;NaN;9;256;3.90;0.14
18TL05035_762;301;47.82383;-64.25233;276609;5.55;17-jun-05;01:41:00;27.16;9.62;338.83542;NaN;1.185;11.382;0.025;1;NaN;9;0.16;1;NaN;9;0.08;1;NaN;9;1.835;1;NaN;9;0;2.00;0.09
18TL05035_762;301;47.82383;-64.25233;276608;15.27;17-jun-05;01:41:00;27.96;7.77;324.85684;NaN;0.54;5.044;0.105;1;NaN;9;2.465;1;NaN;9;0.28;1;NaN;9;9.015;1;NaN;9;0;8.80;0.27
18TL05035_762;301;47.82383;-64.25233;276607;25.28;17-jun-05;01:41:00;28.98;6.12;326.10732;NaN;0.5;2.644;0.105;1;NaN;9;2.915;1;NaN;9;0.4;1;NaN;9;7.05;1;NaN;9;0;7.29;0.41
18TL05035_762;301;47.82383;-64.25233;276606;33.61;17-jun-05;01:41:00;29.63;2.77;327.26848;7.44;0.23;1.319;0.14;1;NaN;9;4.59;1;NaN;9;0.615;1;NaN;9;8.7;1;NaN;9;256;7.46;0.53
18TL05035_763;311;47.1695;-64.7525;276614;1.59;17-jun-05;07:24:00;27.52;11.15;305.38508;6.81;0.45;2.957;NaN;9;0.055;1;NaN;9;0.19667;1;NaN;9;0.01667;1;NaN;9;0;7;288;11.80;NaN
18TL05035_763;311;47.1695;-64.7525;276613;5.85;17-jun-05;07:24:00;27.52;11.15;304.93848;NaN;0.65;2.969;NaN;9;0.075;1;NaN;9;0.24667;1;NaN;9;0.02333;1;NaN;9;0;7;32;10.57;NaN
18TL05035_763;311;47.1695;-64.7525;276612;15.77;17-jun-05;07:24:00;28.23;5.37;338.43348;NaN;1.445;10.676;NaN;9;0.13;1;NaN;9;0.97667;1;NaN;9;0.08667;1;NaN;9;0;7;32;11.27;NaN
18TL05035_763;311;47.1695;-64.7525;276611;20.33;17-jun-05;07:24:00;28.76;4.94;331.10924;7.48;1.86;9.018;NaN;9;0.155;1;NaN;9;2.16;1;NaN;9;0.33333;1;NaN;9;0;7;288;6.48;NaN
18TL05035_764;341;46.83233;-64.36883;276618;1.39;17-jun-05;11:20:00;27.11;11.22;301.05306;6.72;0.63;4.122;NaN;9;0.055;1;NaN;9;0.23667;1;NaN;9;0.05;1;NaN;9;0;7;288;4.73;NaN
18TL05035_764;341;46.83233;-64.36883;276617;5.65;17-jun-05;11:20:00;27.12;11.21;301.09772;NaN;1.11;4.208;NaN;9;0.13;1;NaN;9;0.29667;1;NaN;9;0.02333;1;NaN;9;0;7;32;12.72;NaN
18TL05035_764;341;46.83233;-64.36883;276616;15.47;17-jun-05;11:20:00;27.99;7.58;309.22584;NaN;1.49;6.78;NaN;9;0.11;1;NaN;9;0.87333;1;NaN;9;0.15333;1;NaN;9;0;7;32;5.70;NaN
18TL05035_764;341;46.83233;-64.36883;276615;18.84;17-jun-05;11:20:00;28.22;6.59;304.22392;6.8;2.93;6.653;NaN;9;0.14;1;NaN;9;1.26667;1;NaN;9;0.23667;1;NaN;9;0;7;288;5.35;NaN
18TL05035_765;361;47.498;-64.25333;276623;1.78;17-jun-05;16:09:00;27.89;10.16;317.93454;7.105;0.915;9.407;NaN;9;0.04;1;NaN;9;0.22667;1;NaN;9;0.03;1;NaN;9;0.925;1;256;7.56;0.25
18TL05035_765;361;47.498;-64.25333;276622;5.26;17-jun-05;16:09:00;27.89;10.15;318.47046;NaN;0.96;9.319;NaN;9;0.05;1;NaN;9;0.23;1;NaN;9;0.08;1;NaN;9;0.92;1;0;2.88;0.25
18TL05035_765;361;47.498;-64.25333;276621;15.47;17-jun-05;16:09:00;29.88;2.53;331.01992;NaN;0.55;1.971;NaN;9;0.16;1;NaN;9;3.65333;1;NaN;9;0.52667;1;NaN;9;5.905;1;0;6.94;0.62
18TL05035_765;361;47.498;-64.25333;276620;25.78;17-jun-05;16:09:00;30.42;1.89;336.42378;NaN;0.12;1.174;NaN;9;0.165;1;NaN;9;3.46333;1;NaN;9;0.57667;1;NaN;9;4.795;1;0;6.01;0.72
18TL05035_765;361;47.498;-64.25333;276619;50.47;17-jun-05;16:09:00;30.87;0.43;327.00052;7.485;0.08;0.963;NaN;9;0.15;1;NaN;9;4.79333;1;NaN;9;0.86;1;NaN;9;5.975;1;256;5.57;0.80
18TL05035_766;381;47.17117;-63.75533;276628;2.18;17-jun-05;20:36:00;27.89;9.85;313.37922;7.025;1.62;7.923;NaN;9;0.08;1;NaN;9;0.28667;1;NaN;9;0.05;1;NaN;9;0;1;256;5.73;NaN
18TL05035_766;381;47.17117;-63.75533;276627;5.65;17-jun-05;20:36:00;27.88;9.89;313.91514;NaN;1.68;8.664;NaN;9;0.035;1;NaN;9;0.21333;1;NaN;9;0.05;1;NaN;9;0;1;0;4.27;NaN
18TL05035_766;381;47.17117;-63.75533;276626;15.07;17-jun-05;20:36:00;29.18;3.8;326.4646;NaN;2.28;6.832;NaN;9;0.13;1;NaN;9;2.32333;1;NaN;9;0.42667;1;NaN;9;2.76;1;0;5.45;0.84
18TL05035_766;381;47.17117;-63.75533;276625;25.48;17-jun-05;20:36:00;29.67;2.88;327.17916;NaN;0.5;1.801;NaN;9;0.145;1;NaN;9;2.865;1;NaN;9;0.525;1;NaN;9;4.435;1;0;5.46;0.65
18TL05035_766;381;47.17117;-63.75533;276624;50.37;17-jun-05;20:36:00;30.69;0.37;312.75398;7.36;0.265;1.346;NaN;9;0.145;1;NaN;9;4.37;1;NaN;9;0.6;1;NaN;9;7.515;1;256;7.28;0.58
18TL05035_767;401;46.5;-63.25933;276632;1.59;18-jun-05;01:47:00;29.19;7.18;327.89372;7.39;1.08;5.423;NaN;9;0.07;1;NaN;9;0.24;1;NaN;9;0.195;1;NaN;9;0.72;1;256;1.23;0.33
18TL05035_767;401;46.5;-63.25933;276631;5.16;18-jun-05;01:47:00;29.19;7.16;327.75974;NaN;1.38;5.469;NaN;9;0.075;1;NaN;9;0.245;1;NaN;9;0.16;1;NaN;9;0.775;1;0;1.53;0.32
18TL05035_767;401;46.5;-63.25933;276630;16.16;18-jun-05;01:47:00;29.42;4.86;324.41024;NaN;1.77;5.696;NaN;9;0.095;1;NaN;9;0.87;1;NaN;9;0.31667;1;NaN;9;2.4;1;0;2.75;0.36
18TL05035_767;401;46.5;-63.25933;276629;20.53;18-jun-05;01:47:00;29.82;3.21;301.41034;6.87;0.375;1.331;NaN;9;0.135;1;NaN;9;1.94667;1;NaN;9;0.48333;1;NaN;9;5.55;1;256;4.03;0.35
18TL05035_768;421;47.16783;-63.26333;276638;2.48;18-jun-05;06:59:00;29.13;10.45;297.48026;6.645;1.385;6.741;NaN;9;0.05333;1;NaN;9;0.27333;1;NaN;9;0.185;1;NaN;9;1.03;1;256;1.48;0.27
18TL05035_768;421;47.16783;-63.26333;276637;5.26;18-jun-05;06:59:00;29.13;10.45;297.2123;NaN;1.69;6.65;NaN;9;0.05333;1;NaN;9;0.25;1;NaN;9;0.24;1;NaN;9;1.18;1;0;1.04;0.21
18TL05035_768;421;47.16783;-63.26333;276636;14.87;18-jun-05;06:59:00;30.2;5.18;347.58878;NaN;0.615;2.506;NaN;9;0.105;1;NaN;9;1.575;1;NaN;9;0.35;1;NaN;9;2.76;1;0;4.50;0.57
18TL05035_768;421;47.16783;-63.26333;276635;24.79;18-jun-05;06:59:00;30.83;2.97;349.73246;NaN;1.225;2.539;NaN;9;0.115;1;NaN;9;2.03;1;NaN;9;0.54;1;NaN;9;1.64667;1;0;3.76;1.23
18TL05035_768;421;47.16783;-63.26333;276634;48.88;18-jun-05;06:59:00;30.91;-0.42;315.47824;NaN;0.105;1.095;NaN;9;0.175;1;NaN;9;6.035;1;NaN;9;1.1;1;NaN;9;9.055;1;0;5.49;0.67
18TL05035_768;421;47.16783;-63.26333;276633;56.12;18-jun-05;06:59:00;31.03;-0.53;311.63748;7.025;0.145;1.089;NaN;9;0.12;1;NaN;9;5.28;1;NaN;9;1.1;1;NaN;9;8.44;1;256;4.80;0.63
18TL05035_769;451;46.83183;-62.751;276643;1.98;18-jun-05;14:46:00;29.06;10.06;304.17926;7.565;1;5.12;NaN;9;0.15;1;NaN;9;1.64;1;NaN;9;0.425;1;NaN;9;1.905;1;288;3.86;0.86
18TL05035_769;451;46.83183;-62.751;276642;5.75;18-jun-05;14:46:00;29.25;9.79;306.94818;NaN;1.175;4.786;NaN;9;0.06333;1;NaN;9;0.28667;1;NaN;9;0.32;1;NaN;9;0.635;1;0;0.90;0.45
18TL05035_769;451;46.83183;-62.751;276641;15.77;18-jun-05;14:46:00;30.76;5.41;346.65092;NaN;0.425;2.417;NaN;9;0.12;1;NaN;9;1.365;1;NaN;9;0.465;1;NaN;9;1.325;1;0;2.94;1.03
18TL05035_769;451;46.83183;-62.751;276640;25.78;18-jun-05;14:46:00;31.04;2.1;352.5907;NaN;0.33;1.852;NaN;9;0.18;1;NaN;9;2.435;1;NaN;9;0.81;1;NaN;9;1.695;1;0;3.01;1.44
18TL05035_769;451;46.83183;-62.751;276639;50.57;18-jun-05;14:46:00;31.13;0.6;326.86654;7.565;0.195;1.012;NaN;9;0.145;1;NaN;9;2.57;1;NaN;9;0.66;1;NaN;9;3.14;1;288;3.89;0.82
18TL05035_770;471;46.57167;-62.2515;276648;2.38;18-jun-05;19:34:00;29.63;7.68;328.07236;7.32;1.205;3.582;NaN;9;0.05;1;NaN;9;0.315;1;NaN;9;0.285;1;NaN;9;1.58;1;256;1.11;0.20
18TL05035_770;471;46.57167;-62.2515;276647;4.76;18-jun-05;19:34:00;30.18;6.77;340.80046;NaN;1.115;4.263;NaN;9;0.05;1;NaN;9;0.375;1;NaN;9;0.275;1;NaN;9;1.4;1;0;1.36;0.27
18TL05035_770;471;46.57167;-62.2515;276646;14.68;18-jun-05;19:34:00;30.38;2.15;343.34608;NaN;0.485;1.93;NaN;9;0.13;1;NaN;9;1.42;1;NaN;9;0.435;1;NaN;9;1.325;1;0;3.26;1.07
18TL05035_770;471;46.57167;-62.2515;276645;25.68;18-jun-05;19:34:00;30.6;1.7;345.71306;NaN;0.44;1.755;NaN;9;0.135;1;NaN;9;1.44;1;NaN;9;0.48;1;NaN;9;1.27;1;0;3.00;1.13
18TL05035_770;471;46.57167;-62.2515;276644;42.24;18-jun-05;19:34:00;30.95;0.4;328.74226;7.65;0.12;0.97;NaN;9;0.16;1;NaN;9;3.765;1;NaN;9;0.89;1;NaN;9;5.105;1;256;4.23;0.74
18TL05035_771;491;47.16517;-61.76333;276652;1.88;19-jun-05;00:12:00;30.81;7.8;319.58696;7.185;0.76;3.317;NaN;9;0.05;1;NaN;9;0.24;1;NaN;9;0.36;1;NaN;9;0;7;288;0.67;NaN
18TL05035_771;491;47.16517;-61.76333;276651;5.55;19-jun-05;00:12:00;30.81;7.8;319.67628;NaN;0.72;3.32;NaN;9;0.055;1;NaN;9;0.21;1;NaN;9;0.275;1;NaN;9;0;7;32;0.76;NaN
18TL05035_771;491;47.16517;-61.76333;276650;15.27;19-jun-05;00:12:00;30.81;7.79;320.48016;NaN;0.665;3.167;NaN;9;0.045;1;NaN;9;0.3;1;NaN;9;0.55;1;NaN;9;0;7;32;0.55;NaN
18TL05035_771;491;47.16517;-61.76333;276649;25.58;19-jun-05;00:12:00;31;7.16;326.37528;7.265;0.915;2.966;NaN;9;0.045;1;NaN;9;0.29;1;NaN;9;0.485;1;NaN;9;0;7;288;0.60;NaN
18TL05035_772;511;46.49783;-61.744;276657;1.39;19-jun-05;05:11:00;29.21;10.86;303.95596;6.785;1.14;3.269;NaN;9;0.04;1;NaN;9;0.26333;1;NaN;9;0.10333;1;NaN;9;1.085;1;256;2.55;0.24
18TL05035_772;511;46.49783;-61.744;276656;3.67;19-jun-05;05:11:00;29.21;10.8;304.8045;NaN;1.16;3.35;NaN;9;0.035;1;NaN;9;0.235;1;NaN;9;0.175;1;NaN;9;1.60333;1;0;1.34;0.15
18TL05035_772;511;46.49783;-61.744;276655;15.47;19-jun-05;05:11:00;29.35;9.85;309.00254;NaN;1.28;3.317;NaN;9;0.04;1;NaN;9;0.295;1;NaN;9;0.205;1;NaN;9;1.66;1;0;1.44;0.18
18TL05035_772;511;46.49783;-61.744;276654;25.59;19-jun-05;05:11:00;30.27;2.69;328.6976;NaN;0.54;1.319;NaN;9;0.095;1;NaN;9;1.01;1;NaN;9;0.515;1;NaN;9;2.57;1;0;1.96;0.39
18TL05035_772;511;46.49783;-61.744;276653;45.42;19-jun-05;05:11:00;31;0.79;330.9306;7.59;0.21;0.988;NaN;9;0.155;1;NaN;9;3.355;1;NaN;9;0.82;1;NaN;9;5.035;1;256;4.09;0.67
18TL05035_773;531;45.83417;-62.25117;276661;1.19;19-jun-05;10:25:00;28.68;9.04;311.59282;6.89;0.515;1.703;NaN;9;0.065;1;NaN;9;0.205;1;NaN;9;0.35;1;NaN;9;0.07;1;256;0.59;2.93
18TL05035_773;531;45.83417;-62.25117;276660;5.45;19-jun-05;10:25:00;28.96;6.67;318.51512;NaN;1.215;2.919;NaN;9;0.04;1;NaN;9;0.27667;1;NaN;9;0.29667;1;NaN;9;0.54;1;0;0.93;0.51
18TL05035_773;531;45.83417;-62.25117;276659;15.17;19-jun-05;10:25:00;29.99;4.98;345.4451;NaN;0.93;1.901;NaN;9;0.045;1;NaN;9;0.33;1;NaN;9;0.335;1;NaN;9;1.115;1;0;0.99;0.30
18TL05035_773;531;45.83417;-62.25117;276658;25.59;19-jun-05;10:25:00;30.23;2;329.85876;7.535;0.365;1.191;NaN;9;0.07;1;NaN;9;0.62;1;NaN;9;0.52333;1;NaN;9;3.025;1;256;1.18;0.20
18TL05035_774;551;46.17283;-61.748;276666;1.59;19-jun-05;15:21:00;29.57;10.32;305.07246;6.815;NaN;2.07;NaN;9;0.055;1;NaN;9;0.23;1;NaN;9;0.38;1;NaN;9;0.315;1;256;0.61;0.73
18TL05035_774;551;46.17283;-61.748;276665;5.45;19-jun-05;15:21:00;29.61;10.03;306.3676;NaN;0.92;2.248;NaN;9;0.06;1;NaN;9;0.325;1;NaN;9;0.41;1;NaN;9;0.65;1;0;0.79;0.50
18TL05035_774;551;46.17283;-61.748;276664;15.77;19-jun-05;15:21:00;30.11;4.46;346.115;NaN;0.89;2.03;NaN;9;0.045;1;NaN;9;0.225;1;NaN;9;0.38667;1;NaN;9;0.575;1;0;0.58;0.39
18TL05035_774;551;46.17283;-61.748;276663;25.39;19-jun-05;15:21:00;30.45;1.92;343.61404;NaN;0.595;2.188;NaN;9;0.095;1;NaN;9;0.575;1;NaN;9;0.53;1;NaN;9;0.445;1;0;1.08;1.29
18TL05035_774;551;46.17283;-61.748;276662;48.19;19-jun-05;15:21:00;30.78;0.77;318.47046;7.35;0.245;1.223;NaN;9;0.175;1;NaN;9;2.17667;1;NaN;9;1.04;1;NaN;9;7.635;1;256;2.09;0.29
18TL05035_775;571;46.82717;-60.922;276671;1.69;19-jun-05;20:35:00;29.09;10.49;304.62586;6.715;1.14;2.555;NaN;9;0.03667;1;NaN;9;0.22667;1;NaN;9;0.19333;1;NaN;9;0.42;1;256;1.17;0.54
18TL05035_775;571;46.82717;-60.922;276670;5.36;19-jun-05;20:35:00;29.07;10.51;305.0278;NaN;1.03;2.556;NaN;9;0.03333;1;NaN;9;0.21333;1;NaN;9;0.145;1;NaN;9;0.565;1;0;1.47;0.38
18TL05035_775;571;46.82717;-60.922;276669;15.57;19-jun-05;20:35:00;29.98;6.31;333.3869;NaN;0.555;1.902;NaN;9;0.07;1;NaN;9;0.22333;1;NaN;9;0.38;1;NaN;9;0.95;1;0;0.59;0.24
18TL05035_775;571;46.82717;-60.922;276668;25.49;19-jun-05;20:35:00;30.55;2.95;344.9985;NaN;0.93;2.203;NaN;9;0.1;1;NaN;9;1.1;1;NaN;9;0.64667;1;NaN;9;1.215;1;0;1.70;0.91
18TL05035_775;571;46.82717;-60.922;276667;50.27;19-jun-05;20:35:00;31.43;0.42;320.52482;7.505;0.16;1.088;NaN;9;0.305;1;NaN;9;5.31;1;NaN;9;1.07;1;NaN;9;5.34;1;256;4.96;0.99
18TL05035_776;591;47.1735;-60.7515;276676;1.79;20-jun-05;01:34:00;30.87;7.82;313.91514;6.825;0.62;2.279;NaN;9;0.025;1;NaN;9;0.235;1;NaN;9;0.26;1;NaN;9;0.5;1;256;0.90;0.47
18TL05035_776;591;47.1735;-60.7515;276675;5.45;20-jun-05;01:34:00;30.91;7.75;313.69184;NaN;0.615;2.272;NaN;9;0.025;1;NaN;9;0.23;1;NaN;9;0.38;1;NaN;9;0.455;1;0;0.61;0.51
18TL05035_776;591;47.1735;-60.7515;276674;15.67;20-jun-05;01:34:00;31.68;5.56;331.33254;NaN;2.32;3.29;NaN;9;0.035;1;NaN;9;0.485;1;NaN;9;0.405;1;NaN;9;0.405;1;0;1.20;1.20
18TL05035_776;591;47.1735;-60.7515;276673;25.68;20-jun-05;01:34:00;31.84;4.33;333.65486;NaN;0.49;2.465;NaN;9;0.06;1;NaN;9;1.03;1;NaN;9;0.435;1;NaN;9;0.745;1;0;2.37;1.38
18TL05035_776;591;47.1735;-60.7515;276672;50.47;20-jun-05;01:34:00;32.2;2.08;324.4549;7.25;0.185;1.363;NaN;9;0.16;1;NaN;9;3.48;1;NaN;9;0.655;1;NaN;9;2.49;1;256;5.31;1.40
18TL05035_777;611;47.4995;-61.24433;276680;1.78;20-jun-05;06:17:00;31.01;7.57;325.7947;7.315;0.695;3.365;NaN;9;0.03;1;NaN;9;0.215;1;NaN;9;0.32;1;NaN;9;0;1;256;0.67;NaN
18TL05035_777;611;47.4995;-61.24433;276679;5.45;20-jun-05;06:17:00;31.01;7.53;325.83936;NaN;0.735;3.589;NaN;9;0.065;1;NaN;9;0.285;1;NaN;9;0.355;1;NaN;9;0;1;0;0.80;NaN
18TL05035_777;611;47.4995;-61.24433;276678;15.37;20-jun-05;06:17:00;31.04;7.36;326.59858;NaN;1.105;4.108;NaN;9;0.03;1;NaN;9;0.23;1;NaN;9;0.33;1;NaN;9;0;1;0;0.70;NaN
18TL05035_777;611;47.4995;-61.24433;276677;25.48;20-jun-05;06:17:00;31.31;3.68;338.34416;7.62;1.685;3.479;NaN;9;0.08;1;NaN;9;1.17;1;NaN;9;0.495;1;NaN;9;2.075;1;256;2.36;0.56
18TL05035_778;661;47.589;-61.82633;276697;1.88;20-jun-05;19:34:00;30.94;9.02;312.26272;6.99;0.245;0.563;NaN;9;0.045;1;NaN;9;0.24;1;NaN;9;0.405;1;NaN;9;0;7;288;0.59;NaN
18TL05035_778;661;47.589;-61.82633;276696;5.45;20-jun-05;19:34:00;30.95;9.01;312.21806;NaN;0.255;0.651;NaN;9;0.04;1;NaN;9;0.205;1;NaN;9;0.365;1;NaN;9;0;7;32;0.56;NaN
18TL05035_778;661;47.589;-61.82633;276695;14.48;20-jun-05;19:34:00;30.95;8.62;316.4161;NaN;0.375;0.978;NaN;9;0.035;1;NaN;9;0.215;1;NaN;9;0.37;1;NaN;9;0;7;32;0.58;NaN
18TL05035_778;661;47.589;-61.82633;276694;25.38;20-jun-05;19:34:00;31.12;5.28;314.49572;7.18;1.405;3.88;NaN;9;0.04667;1;NaN;9;0.205;1;NaN;9;0.42667;1;NaN;9;0;7;288;0.48;NaN
18TL05035_779;691;47.83433;-62.25733;276702;1.78;20-jun-05;23:28:00;30.41;8.9;315.34426;7.06;0.535;2.409;NaN;9;0.03333;1;NaN;9;0.2;1;NaN;9;0.27667;1;NaN;9;2.21;1;256;0.72;0.09
18TL05035_779;691;47.83433;-62.25733;276701;5.65;20-jun-05;23:28:00;30.41;8.83;317.21998;NaN;0.57;2.606;NaN;9;0.025;1;NaN;9;0.235;1;NaN;9;0.24;1;NaN;9;2.29;1;0;0.98;0.10
18TL05035_779;691;47.83433;-62.25733;276700;15.37;20-jun-05;23:28:00;30.99;3.15;350.1344;NaN;0.66;2.684;NaN;9;0.075;1;NaN;9;1.585;1;NaN;9;0.4;1;NaN;9;2.02;1;0;3.96;0.78
18TL05035_779;691;47.83433;-62.25733;276699;25.19;20-jun-05;23:28:00;31.11;1.42;344.95384;NaN;0.61;2.442;NaN;9;0.085;1;NaN;9;2.825;1;NaN;9;0.565;1;NaN;9;2.665;1;0;5.00;1.06
18TL05035_779;691;47.83433;-62.25733;276698;50.67;20-jun-05;23:28:00;31.67;0.29;327.8044;7.65;0.365;1.288;NaN;9;0.125;1;NaN;9;3.77;1;NaN;9;0.76;1;NaN;9;3.825;1;256;4.96;0.99
18TL05035_780;751;47.83267;-63.2385;276718;1.39;21-jun-05;11:03:00;29.59;8.93;311.5035;6.98;0.6;2.928;NaN;9;0.05333;1;NaN;9;0.27667;1;NaN;9;0.23333;1;NaN;9;4.335;1;256;1.19;0.06
18TL05035_780;751;47.83267;-63.2385;276717;5.35;21-jun-05;11:03:00;29.59;8.95;310.96758;NaN;0.895;3.382;NaN;9;0.05;1;NaN;9;0.38;1;NaN;9;0.365;1;NaN;9;4.32;1;0;1.04;0.09
18TL05035_780;751;47.83267;-63.2385;276716;15.27;21-jun-05;11:03:00;29.84;6.31;330.75196;NaN;NaN;3.921;NaN;9;NaN;9;NaN;9;NaN;9;NaN;9;NaN;9;NaN;9;NaN;9;0;NaN;NaN
18TL05035_780;751;47.83267;-63.2385;276715;25.28;21-jun-05;11:03:00;30.59;1.63;337.58494;NaN;0.58;2.105;NaN;9;0.165;1;NaN;9;3.975;1;NaN;9;0.725;1;NaN;9;4.795;1;0;5.48;0.83
18TL05035_780;751;47.83267;-63.2385;276714;50.37;21-jun-05;11:03:00;31.35;-0.01;306.94818;NaN;0.135;0.837;NaN;9;0.125;1;NaN;9;6.255;1;NaN;9;0.99;1;NaN;9;7.725;1;0;6.32;0.81
18TL05035_780;751;47.83267;-63.2385;276713;74.85;21-jun-05;11:03:00;31.84;-0.3;280.15218;6.445;NaN;0.659;NaN;9;NaN;9;NaN;9;NaN;9;NaN;9;NaN;9;NaN;9;NaN;9;256;NaN;NaN
18TL05035_781;831;47.93533;-65.2465;276740;1.88;22-jun-05;05:55:00;25.57;10.59;308.64526;6.92;1.135;4.117;NaN;9;0.03;1;NaN;9;0.24;1;NaN;9;0.03;1;NaN;9;0;1;256;8.00;NaN
18TL05035_781;831;47.93533;-65.2465;276739;5.85;22-jun-05;05:55:00;25.81;9.52;307.4841;NaN;1.225;4.01;NaN;9;0.05333;1;NaN;9;0.50667;1;NaN;9;0.08333;1;NaN;9;0.405;1;0;6.08;1.25
18TL05035_781;831;47.93533;-65.2465;276738;15.87;22-jun-05;05:55:00;28.73;3.29;324.0083;NaN;0.655;1.726;NaN;9;0.205;1;NaN;9;4.73;1;NaN;9;0.9;1;NaN;9;8.025;1;0;5.26;0.59
18TL05035_781;831;47.93533;-65.2465;276737;25.78;22-jun-05;05:55:00;30.41;-0.17;296.5424;NaN;0.13;0.766;NaN;9;0.22;1;NaN;9;8.075;1;NaN;9;1.11;1;NaN;9;14.805;1;0;7.27;0.55
18TL05035_781;831;47.93533;-65.2465;276736;50.37;22-jun-05;05:55:00;31.76;-0.1;255.4552;5.895;0.1;0.652;NaN;9;0.17;1;NaN;9;10.86;1;NaN;9;1.41;1;NaN;9;18.435;1;256;7.70;0.59
