CTD;CTD;CTD;CTD;CTD;CTD;CTD;CTD;CTD;CTD;CTD;labo;labo;CTD;labo;labo;labo;labo;labo;labo;labo;labo;labo;calc;calc
Fichier;Station;Latitude;Longitude;Echantillon;zbouteille;Date;Heure;PSAL;TE90;DOXY;CHL_01;OXYM_01;FLOR;NO2_01;Q_NO2;NOx_01;Q_NOX;PO4_01;Q_PO4;Si_01;Q_Si;QCFF;N_P;N_Si
(nom);(nom/no);(degres);(degres);(no_unique);(dbar);(jj-mmm-yyyy);(GMT);(psu);(celsius);(ml/l);(mg/m**3);(mmol/m**3);(mg/m**3);(mmol/m**3);((none));(mmol/m**3);((none));(mmol/m**3);((none));(mmol/m**3);((none));((none));((none));((none))
18TL14133_2103;21;47.979;-65.85783;375753;5.06;05-sep-14;02:05:00;26.24;19.07;261.35032;1.155;5.803;0.522;0;1;0.205;1;0.17;1;1.955;1;256;1.21;0.10
18TL14133_2103;21;47.979;-65.85783;375752;24.69;05-sep-14;02:05:00;28.95;9.53;252.06104;0.54;NaN;0.261;0.455;1;3.4;1;1.04;1;15.8;1;0;3.27;0.22
18TL14133_2103;21;47.979;-65.85783;375751;32.92;05-sep-14;02:05:00;29.51;5.77;231.20482;0.58;5.1635;0.276;0.515;1;4.24;1;1.135;1;19.33;1;256;3.74;0.22
18TL14133_2104;311;47.9195;-62.04867;375860;4.07;08-sep-14;22:14:00;29.72;15.58;269.56776;0.78;6.092;0.375;0.03;1;0;1;0.215;1;0.585;1;256;0.00;0.00
18TL14133_2104;311;47.9195;-62.04867;375859;25.58;08-sep-14;22:14:00;31.68;0.65;344.90918;1.92;7.387;0.412;0.24;1;6.885;1;1.135;1;9.41;1;256;6.07;0.73
18TL14133_2104;311;47.9195;-62.04867;375858;55.03;08-sep-14;22:14:00;32.25;0.05;305.6977;0.065;6.6875;0.088;0.205;1;9.855;1;1.245;1;13.02;1;256;7.92;0.76
18TL14133_2105;321;47.9595;-61.95267;375863;4.76;09-sep-14;00:18:00;29.72;15.71;266.03962;0.735;6.057;0.413;0.03;1;0;1;0.18;1;0.685;1;256;0.00;0.00
18TL14133_2105;321;47.9595;-61.95267;375862;25.19;09-sep-14;00:18:00;31.68;0.33;354.55574;3.345;7.728;0.402;0.3;1;6.34;1;1.045;1;6.945;1;256;6.07;0.91
18TL14133_2105;321;47.9595;-61.95267;375861;58.2;09-sep-14;00:18:00;32.29;0.17;305.74236;0.06;6.6855;0.089;0.19;1;9.845;1;1.225;1;12.59;1;256;8.04;0.78
18TL14133_2106;341;47.9785;-61.36133;375869;4.86;09-sep-14;05:51:00;29.81;15.54;266.3969;0.825;6.03;0.39;0.09;1;0.85;1;0.55;1;1.22;1;256;1.55;0.70
18TL14133_2106;341;47.9785;-61.36133;375868;24.89;09-sep-14;05:51:00;31.14;5.18;354.06448;1.565;7.57;0.688;0.14;1;3.905;1;0.92;1;6.295;1;256;4.24;0.62
18TL14133_2106;341;47.9785;-61.36133;375867;60.58;09-sep-14;05:51:00;32.25;0.3;296.22978;0.07;6.4625;0.101;0.2;1;9.675;1;1.28;1;13.17;1;256;7.56;0.73
18TL14133_2107;381;47.92833;-60.89533;375887;5.16;09-sep-14;18:30:00;30.15;16.13;264.20856;0.425;NaN;0.167;0;1;0;1;0.135;1;0.27;1;0;0.00;0.00
18TL14133_2107;381;47.92833;-60.89533;375886;24.89;09-sep-14;18:30:00;31.61;2;369.69548;0.38;NaN;0.278;0.09;1;2.255;1;0.69;1;1.5;1;0;3.27;1.50
18TL14133_2107;381;47.92833;-60.89533;375885;49.97;09-sep-14;18:30:00;32.14;0.09;347.72276;0.085;NaN;0.082;0.17;1;7.065;1;0.945;1;5.285;1;0;7.48;1.34
18TL14133_2107;381;47.92833;-60.89533;375884;99.53;09-sep-14;18:30:00;32.61;0.79;294.80066;0.045;NaN;0.072;0.13;1;11.095;1;1.175;1;12.365;1;0;9.44;0.90
18TL14133_2108;391;47.87133;-60.96917;375890;4.76;09-sep-14;20:35:00;30.09;16.12;266.21826;0.59;6.026;0.285;0;1;0;1;0.14;1;0.395;1;256;0.00;0.00
18TL14133_2108;391;47.87133;-60.96917;375889;24.89;09-sep-14;20:35:00;31.46;2.06;361.43338;0.695;7.882;0.353;0.135;1;3.17;1;0.805;1;3.025;1;256;3.94;1.05
18TL14133_2108;391;47.87133;-60.96917;375888;71.29;09-sep-14;20:35:00;32.36;0.48;296.0958;0.055;6.5015;0.096;0.175;1;10.05;1;1.225;1;12.615;1;256;8.20;0.80
18TL14133_2109;401;47.715;-61.1015;375893;4.96;09-sep-14;23:00:00;29.77;15.6;270.46096;0.87;6.152;0.484;0.015;1;0;1;0.17;1;0.665;1;256;0.00;0.00
18TL14133_2109;401;47.715;-61.1015;375892;25.09;09-sep-14;23:00:00;30.23;10.29;306.50158;1.74;6.213;0.568;0.095;1;1.555;1;0.48;1;2.46;1;256;3.24;0.63
18TL14133_2109;401;47.715;-61.1015;375891;35.6;09-sep-14;23:00:00;31.35;2.47;319.18502;0.605;6.972;0.344;0.215;1;5.09;1;0.99;1;6.45;1;256;5.14;0.79
18TL14133_2110;411;47.48167;-61.07;375896;4.76;10-sep-14;01:52:00;30.02;15.83;267.55806;0.46;6.087;0.305;0.02;1;0;1;0.16;1;0.49;1;256;0.00;0.00
18TL14133_2110;411;47.48167;-61.07;375895;24.49;10-sep-14;01:52:00;31.63;2;333.87816;0.695;7.224;0.367;0.02;1;0;1;0.16;1;0.52;1;256;0.00;0.00
18TL14133_2110;411;47.48167;-61.07;375894;39.96;10-sep-14;01:52:00;31.74;1.29;318.69376;0.415;7.057;0.265;0.13;1;4.665;1;1.005;1;7.795;1;256;4.64;0.60
18TL14133_2111;421;47.33317;-60.90483;375899;4.76;10-sep-14;04:36:00;29.77;15.16;270.95222;0.76;6.144;0.329;0.03;1;0;1;0.225;1;0.655;1;256;0.00;0.00
18TL14133_2111;421;47.33317;-60.90483;375898;24.89;10-sep-14;04:36:00;31.67;0.6;320.16754;3.08;7.094;0.548;0.155;1;4.365;1;1.09;1;9.015;1;256;4.00;0.48
18TL14133_2111;421;47.33317;-60.90483;375897;63.95;10-sep-14;04:36:00;32.5;1.22;292.25504;0.05;6.427;0.084;0.19;1;9.52;1;1.17;1;11.675;1;256;8.14;0.82
18TL14133_2112;431;47.15967;-60.82117;375903;4.96;10-sep-14;07:54:00;28.49;16.3;266.1736;0.9;6.022;0.456;0.03;1;0;1;0.19;1;0.795;1;256;0.00;0.00
18TL14133_2112;431;47.15967;-60.82117;375902;24.79;10-sep-14;07:54:00;30.85;2.02;341.2024;0.36;7.18;0.265;0.415;1;3.825;1;0.955;1;8.375;1;256;4.01;0.46
18TL14133_2112;431;47.15967;-60.82117;375901;49.78;10-sep-14;07:54:00;31.57;-0.05;293.4162;0.045;NaN;0.141;0.255;1;8.34;1;1.345;1;17.24;1;0;6.20;0.48
18TL14133_2112;431;47.15967;-60.82117;375900;91.21;10-sep-14;07:54:00;32.83;1.97;283.3677;0.045;6.283;0.111;0.11;1;10.405;1;1.14;1;11.49;1;256;9.13;0.91
18TL14133_2113;441;47.179;-60.7195;375907;4.86;10-sep-14;09:52:00;28.43;16.61;263.89594;0.815;NaN;0.402;0;1;0;1;0.17;1;0.58;1;0;0.00;0.00
18TL14133_2113;441;47.179;-60.7195;375906;25.09;10-sep-14;09:52:00;30.88;1.48;343.74802;0.31;NaN;0.224;0.555;1;4.55;1;0.975;1;7.27;1;0;4.67;0.63
18TL14133_2113;441;47.179;-60.7195;375905;49.97;10-sep-14;09:52:00;31.44;-0.12;300.74044;0.045;NaN;0.185;0.28;1;8.655;1;1.355;1;17.52;1;0;6.39;0.49
18TL14133_2113;441;47.179;-60.7195;375904;122.83;10-sep-14;09:52:00;32.87;2;277.51724;0.045;NaN;0.105;0.105;1;11.34;1;1.165;1;12.12;1;0;9.73;0.94
18TL14133_2114;461;47.24033;-60.42583;375911;5.16;10-sep-14;16:45:00;28.11;17.27;266.70952;0.98;NaN;0.396;0;1;0;1;0.165;1;0.44;1;0;0.00;0.00
18TL14133_2114;461;47.24033;-60.42583;375910;25.09;10-sep-14;16:45:00;30.77;3.48;326.9112;0.935;NaN;0.435;0.2;1;3.645;1;0.945;1;6.68;1;0;3.86;0.55
18TL14133_2114;461;47.24033;-60.42583;375909;50.17;10-sep-14;16:45:00;31.86;0.49;303.82198;0.13;NaN;0.17;0.225;1;7.67;1;1.145;1;10.85;1;0;6.70;0.71
18TL14133_2114;461;47.24033;-60.42583;375908;166.93;10-sep-14;16:45:00;34.16;5.53;182.25746;0.005;NaN;0.036;0;1;18.26;1;1.46;1;19.76;1;0;12.51;0.92
18TL14133_2115;471;47.35167;-60.25417;375916;4.86;10-sep-14;19:36:00;30.27;17.25;259.11732;0.395;5.866;0.24;0;1;0;1;0.1;1;0;1;256;0.00;NaN
18TL14133_2115;471;47.35167;-60.25417;375915;24.89;10-sep-14;19:36:00;31.58;3.89;376.66244;1.07;NaN;0.58;0.07;1;0;1;0.445;1;0.57;1;0;0.00;0.00
18TL14133_2115;471;47.35167;-60.25417;375914;49.87;10-sep-14;19:36:00;32.04;1.25;355.67224;0.155;NaN;0.167;0.21;1;2;1;0.64;1;1.165;1;0;3.13;1.72
18TL14133_2115;471;47.35167;-60.25417;375913;99.94;10-sep-14;19:36:00;32.3;1.05;344.46258;0.025;NaN;0.099;0.115;1;5.7;1;0.885;1;3.31;1;0;6.44;1.72
18TL14133_2115;471;47.35167;-60.25417;375912;256.19;10-sep-14;19:36:00;34.56;6.3;155.81874;0.025;3.5835;0.091;0.035;1;20.805;1;1.57;1;21.68;1;256;13.25;0.96
18TL14133_2116;481;47.39467;-60.36967;375920;4.86;10-sep-14;22:39:00;29.72;16.13;269.56776;0.785;6.12;0.393;0;1;0;1;0.195;1;0;1;256;0.00;NaN
18TL14133_2116;481;47.39467;-60.36967;375919;25.19;10-sep-14;22:39:00;31.04;1.13;333.96748;0.395;7.25;0.281;0.475;1;5.425;1;1.055;1;9.615;1;256;5.14;0.56
18TL14133_2116;481;47.39467;-60.36967;375918;50.37;10-sep-14;22:39:00;31.6;0.35;314.98698;0.11;NaN;0.198;0.23;1;7.36;1;1.19;1;13.505;1;0;6.18;0.54
18TL14133_2116;481;47.39467;-60.36967;375917;78.82;10-sep-14;22:39:00;32.48;1.4;311.9501;0.035;6.857;0.127;0.13;1;8.69;1;0.995;1;8.14;1;256;8.73;1.07
18TL14133_2117;491;47.41667;-60.6045;375923;4.86;11-sep-14;01:09:00;29.76;15.37;276.80268;1.05;6.25;0.392;0;1;0;1;0.15;1;0;1;256;0.00;NaN
18TL14133_2117;491;47.41667;-60.6045;375922;24.49;11-sep-14;01:09:00;31.55;1.6;334.86068;2.36;7.3;0.559;0.125;1;3.295;1;0.905;1;5.185;1;256;3.64;0.64
18TL14133_2117;491;47.41667;-60.6045;375921;68.81;11-sep-14;01:09:00;32.42;0.82;311.77146;0.04;6.8525;0.077;0.145;1;8.935;1;1.08;1;9.57;1;256;8.27;0.93
18TL14133_2118;501;47.57767;-60.44883;375928;4.76;11-sep-14;04:01:00;29.1;15.65;269.12116;0.755;6.113;0.342;0;1;0;1;0.19;1;0.835;1;256;0.00;0.00
18TL14133_2118;501;47.57767;-60.44883;375927;24.89;11-sep-14;04:01:00;31.29;2.84;326.95586;2.875;7.132;0.606;0.1;1;2.54;1;0.835;1;4.425;1;256;3.04;0.57
18TL14133_2118;501;47.57767;-60.44883;375926;49.97;11-sep-14;04:01:00;32.08;0.63;326.19664;0.12;NaN;0.134;0.195;1;4.93;1;0.9;1;5.06;1;0;5.48;0.97
18TL14133_2118;501;47.57767;-60.44883;375925;100.13;11-sep-14;04:01:00;32.83;1.99;298.86472;0.03;NaN;0.089;0;1;10.18;1;1.045;1;8.91;1;0;9.74;1.14
18TL14133_2118;501;47.57767;-60.44883;375924;257.86;11-sep-14;04:01:00;34.65;6.09;141.66152;0.035;6.552;0.087;0.015;1;10.235;1;1.055;1;8.96;1;256;9.70;1.14
18TL14133_2119;521;47.555;-60.77517;375931;5.06;11-sep-14;09:38:00;29.61;15.26;268.71922;1.07;NaN;0.358;0;1;0;1;0.185;1;0.54;1;0;0.00;0.00
18TL14133_2119;521;47.555;-60.77517;375930;25.09;11-sep-14;09:38:00;31.34;3.78;360.4062;1.135;NaN;0.494;0.07;1;1.325;1;0.635;1;1.885;1;0;2.09;0.70
18TL14133_2119;521;47.555;-60.77517;375929;52.25;11-sep-14;09:38:00;32.18;0.48;318.51512;0.115;NaN;0.107;0.21;1;7.06;1;1.09;1;9.21;1;0;6.48;0.77
18TL14133_2120;531;47.411;-60.91717;375934;5.16;11-sep-14;12:03:00;29.58;15.19;269.5231;0.55;NaN;0.22;0;1;0;1;0.165;1;0.73;1;0;0.00;0.00
18TL14133_2120;531;47.411;-60.91717;375933;24.99;11-sep-14;12:03:00;31.73;0.69;328.96556;3.165;NaN;0.365;0.15;1;4.375;1;1.01;1;5.68;1;0;4.33;0.77
18TL14133_2120;531;47.411;-60.91717;375932;54.14;11-sep-14;12:03:00;32.29;0.7;305.38508;0.07;NaN;0.085;0.19;1;7.95;1;1.145;1;10.45;1;0;6.94;0.76
18TL14133_2121;541;47.37267;-61.27633;375937;5.16;11-sep-14;14:49:00;29.71;15.97;267.7367;0.555;NaN;0.183;0;1;0;1;0.115;1;0;1;0;0.00;NaN
18TL14133_2121;541;47.37267;-61.27633;375936;24.89;11-sep-14;14:49:00;31.43;2.74;320.74812;0.7;NaN;0.28;0.125;1;4.025;1;0.935;1;6.81;1;0;4.30;0.59
18TL14133_2121;541;47.37267;-61.27633;375935;35;11-sep-14;14:49:00;31.75;1.39;316.1928;0.555;NaN;0.235;0.115;1;4.545;1;1.01;1;8.415;1;0;4.50;0.54
18TL14133_2122;551;47.12017;-61.298;375940;5.36;11-sep-14;17:48:00;29.78;16.01;267.20078;0.56;NaN;0.173;0;1;0;1;0.2;1;0.71;1;0;0.00;0.00
18TL14133_2122;551;47.12017;-61.298;375939;25.19;11-sep-14;17:48:00;31.81;0.95;315.83552;0.305;NaN;0.246;0.11;1;5.205;1;1.12;1;10.285;1;0;4.65;0.51
18TL14133_2122;551;47.12017;-61.298;375938;45.71;11-sep-14;17:48:00;31.9;0.68;296.45308;0.21;NaN;0.16;0.12;1;5.87;1;1.185;1;12.005;1;0;4.95;0.49
18TL14133_2123;561;46.83267;-61.34733;375943;5.06;11-sep-14;21:10:00;28.98;17.16;269.2998;0.86;6.321;0.451;0.075;1;0.85;1;0.34;1;2.81;1;256;2.50;0.30
18TL14133_2123;561;46.83267;-61.34733;375942;24.89;11-sep-14;21:10:00;31.02;1.36;321.86462;0.42;7.259;0.244;0.42;1;5.915;1;1.085;1;10.63;1;256;5.45;0.56
18TL14133_2123;561;46.83267;-61.34733;375941;60.88;11-sep-14;21:10:00;31.87;-0.37;297.83754;0.07;6.554;0.118;0.225;1;10.675;1;1.375;1;16.93;1;256;7.76;0.63
18TL14133_2124;571;46.7485;-61.5905;375947;4.96;11-sep-14;23:55:00;27.97;17.83;260.63576;0.77;5.892;0.425;0;1;0;1;0.135;1;0.94;1;256;0.00;0.00
18TL14133_2124;571;46.7485;-61.5905;375946;25.09;11-sep-14;23:55:00;31.01;0.93;338.56746;0.5;7.397;0.257;0.47;1;4.775;1;1.02;1;9.25;1;256;4.68;0.52
18TL14133_2124;571;46.7485;-61.5905;375945;50.37;11-sep-14;23:55:00;31.83;-0.25;292.12106;0.135;NaN;0.174;0.12;1;12.11;1;1.455;1;19.11;1;0;8.32;0.63
18TL14133_2124;571;46.7485;-61.5905;375944;73.08;11-sep-14;23:55:00;31.98;-0.29;298.37346;0.105;6.5195;0.127;0.16;1;11.035;1;1.345;1;17.045;1;256;8.20;0.65
18TL14133_2125;581;46.30883;-62.07433;375950;4.76;12-sep-14;07:21:00;28.02;18.77;254.02608;1.385;5.764;0.475;0;1;0;1;0.145;1;1.325;1;256;0.00;0.00
18TL14133_2125;581;46.30883;-62.07433;375949;24.59;12-sep-14;07:21:00;28.82;14.56;235.31354;1.495;5.168;0.515;0.015;1;0;1;0.385;1;2.8;1;256;0.00;0.00
18TL14133_2125;581;46.30883;-62.07433;375948;38.68;12-sep-14;07:21:00;30.34;4.44;278.72306;0.205;6.147;0.187;0.42;1;3.46;1;1.025;1;11.66;1;256;3.38;0.30
18TL14133_2126;591;46.108;-62.093;375953;4.76;12-sep-14;10:47:00;28.14;18.64;254.74064;1.56;NaN;0.484;0.035;1;0;1;0.19;1;1.675;1;0;0.00;0.00
18TL14133_2126;591;46.108;-62.093;375952;24.99;12-sep-14;10:47:00;29.29;10.57;233.25918;1.45;NaN;0.391;0.22;1;1.05;1;0.775;1;9.32;1;0;1.35;0.11
18TL14133_2126;591;46.108;-62.093;375951;40.06;12-sep-14;10:47:00;30.57;3.78;270.4163;0.21;NaN;0.145;0.51;1;3.69;1;1.08;1;13.66;1;0;3.42;0.27
18TL14133_2127;601;45.965;-62.22733;375956;5.16;12-sep-14;13:29:00;27.65;18.15;253.75812;1.43;NaN;0.544;0.015;1;0;1;0.175;1;1.38;1;0;0.00;0.00
18TL14133_2127;601;45.965;-62.22733;375955;25.09;12-sep-14;13:29:00;29.54;9.29;237.50188;0.315;NaN;0.195;0.34;1;1.865;1;0.81;1;9.99;1;0;2.30;0.19
18TL14133_2127;601;45.965;-62.22733;375954;45.82;12-sep-14;13:29:00;30.43;4.63;261.17168;0.175;NaN;0.204;0.515;1;3.705;1;1.135;1;13.67;1;0;3.26;0.27
18TL14133_2128;611;45.91583;-62.509;375958;5.26;12-sep-14;17:37:00;27.84;17.96;254.42802;2.19;NaN;0.708;0;1;0;1;0.21;1;1.84;1;0;0.00;0.00
18TL14133_2128;611;45.91583;-62.509;375957;23.9;12-sep-14;17:37:00;28.85;13.65;234.82228;1.025;NaN;0.351;0.19;1;0.82;1;0.58;1;6.23;1;0;1.41;0.13
18TL14133_2129;621;45.94633;-63.12217;375960;4.66;12-sep-14;22:26:00;28.63;16.63;262.3775;5.515;6.044;1.244;0;1;0;1;0.54;1;1.19;1;256;0.00;0.00
18TL14133_2129;621;45.94633;-63.12217;375959;27.77;12-sep-14;22:26:00;28.92;14.71;234.55432;10.36;5.3325;1.821;0.11;1;0.63;1;0.68;1;4.495;1;256;0.93;0.14
18TL14133_2130;631;46.03383;-63.356;375962;5.36;13-sep-14;01:55:00;28.33;18.37;252.329;1.985;5.753;0.647;0;1;0;1;0.37;1;0;1;256;0.00;NaN
18TL14133_2130;631;46.03383;-63.356;375961;20.43;13-sep-14;01:55:00;29.06;14.12;214.368;5.025;4.9785;0.884;0.125;1;0.35;1;0.75;1;4.315;1;256;0.47;0.08
18TL14133_2131;641;45.99717;-63.516;375964;5.06;13-sep-14;04:16:00;28.27;18.5;250.67658;1.87;5.709;0.617;0;1;0;1;0.405;1;0.23;1;256;0.00;0.00
18TL14133_2131;641;45.99717;-63.516;375963;19.34;13-sep-14;04:16:00;29.2;13.43;165.15268;3.98;4.2985;0.899;0.135;1;0.46;1;0.98;1;5.9;1;256;0.47;0.08
18TL14133_2132;651;45.9255;-63.33317;375966;4.46;13-sep-14;06:45:00;28.57;17.04;250.67658;4.66;5.629;1.08;0.025;1;0;1;0.495;1;0.61;1;256;0.00;0.00
18TL14133_2132;651;45.9255;-63.33317;375965;21.32;13-sep-14;06:45:00;29.11;13.74;211.28646;5.15;4.8975;0.889;0.14;1;0.55;1;0.785;1;4.915;1;256;0.70;0.11
18TL14133_2133;661;45.94033;-62.6835;375968;5.16;13-sep-14;11:51:00;28.63;15.38;244.02224;2.45;NaN;0.663;0.12;1;0.5;1;0.5;1;4.19;1;0;1.00;0.12
18TL14133_2133;661;45.94033;-62.6835;375967;24.1;13-sep-14;11:51:00;28.89;13.95;237.8145;2.02;NaN;0.546;0.205;1;0.965;1;0.62;1;5.745;1;0;1.56;0.17
18TL14133_2134;671;45.82433;-62.33567;375970;5.16;13-sep-14;15:01:00;28.05;18.25;251.8824;2.27;NaN;0.605;0;1;0;1;0.175;1;1.19;1;0;0.00;0.00
18TL14133_2134;671;45.82433;-62.33567;375969;27.87;13-sep-14;15:01:00;28.75;15.27;229.64172;2.45;NaN;0.65;0.12;1;0.335;1;0.61;1;5.385;1;0;0.55;0.06
18TL14133_2135;681;45.889;-62.1705;375973;5.06;13-sep-14;17:14:00;28.03;18.26;257.9115;1.96;NaN;0.529;0;1;0;1;0.175;1;1.405;1;0;0.00;0.00
18TL14133_2135;681;45.889;-62.1705;375972;24.99;13-sep-14;17:14:00;29.34;10.76;226.4262;0.475;NaN;0.252;0.32;1;2.18;1;0.88;1;12.45;1;0;2.48;0.18
18TL14133_2135;681;45.889;-62.1705;375971;36.99;13-sep-14;17:14:00;30.14;6.5;228.92716;0.33;NaN;0.207;0.405;1;3.19;1;1.11;1;16.24;1;0;2.87;0.20
18TL14133_2136;691;45.86067;-61.71367;375976;5.06;13-sep-14;20:52:00;28.3;19.09;253.08822;2.23;5.739;0.746;0;1;0;1;0.185;1;1.855;1;256;0.00;0.00
18TL14133_2136;691;45.86067;-61.71367;375975;24.79;13-sep-14;20:52:00;28.78;15.34;213.43014;1.565;4.781;0.424;0;1;0.35;1;0.54;1;5.84;1;256;0.65;0.06
18TL14133_2136;691;45.86067;-61.71367;375974;38.78;13-sep-14;20:52:00;30.32;5.48;200.83602;0.175;4.4645;0.197;0.47;1;4.395;1;1.275;1;22.69;1;256;3.45;0.19
18TL14133_2137;701;45.72467;-61.767;375978;5.06;13-sep-14;23:13:00;28.17;18.67;252.46298;2.34;5.718;0.674;0;1;0;1;0.17;1;1.81;1;256;0.00;0.00
18TL14133_2137;701;45.72467;-61.767;375977;26.18;13-sep-14;23:13:00;29.11;13.6;142.10812;3.79;3.3395;0.949;0;1;0.085;1;0.785;1;16.855;1;256;0.11;0.01
18TL14133_2138;711;45.75033;-61.63333;375981;4.86;14-sep-14;01:43:00;28.25;18.97;250.58726;2.27;5.579;0.583;0;1;0;1;0.21;1;2.33;1;256;0.00;0.00
18TL14133_2138;711;45.75033;-61.63333;375980;24.69;14-sep-14;01:43:00;28.94;14.8;193.02052;0.8;4.002;0.618;0;1;0.145;1;0.665;1;9.995;1;256;0.22;0.01
18TL14133_2138;711;45.75033;-61.63333;375979;31.14;14-sep-14;01:43:00;29.58;10.22;166.44782;1.25;3.7265;0.193;0.165;1;1.07;1;0.855;1;15.19;1;256;1.25;0.07
18TL14133_2139;731;45.97517;-61.78817;375984;4.86;14-sep-14;06:08:00;28.1;18.34;254.65132;1.67;5.756;0.559;0;1;0;1;0.175;1;1.185;1;256;0.00;0.00
18TL14133_2139;731;45.97517;-61.78817;375983;24.89;14-sep-14;06:08:00;28.67;15.11;219.99516;1.36;4.914;0.5;0;1;0;1;0.465;1;4.095;1;256;0.00;0.00
18TL14133_2139;731;45.97517;-61.78817;375982;45.02;14-sep-14;06:08:00;31.05;1.7;266.66486;0.145;5.837;0.156;0.27;1;5.75;1;1.325;1;18.905;1;256;4.34;0.30
18TL14133_2140;741;46.11667;-61.81383;375987;5.06;14-sep-14;08:19:00;27.9;18.02;255.58918;1.76;5.841;0.543;0;1;0;1;0.165;1;1.11;1;256;0.00;0.00
18TL14133_2140;741;46.11667;-61.81383;375986;24.59;14-sep-14;08:19:00;28.2;16.75;239.8242;1.385;5.55;0.482;0;1;0;1;0.295;1;2.47;1;256;0.00;0.00
18TL14133_2140;741;46.11667;-61.81383;375985;50.08;14-sep-14;08:19:00;30.99;1.32;303.77732;0.205;6.6965;0.169;0.33;1;4.655;1;1.235;1;13.78;1;256;3.77;0.34
18TL14133_2141;751;46.272;-61.8325;375990;5.45;14-sep-14;10:39:00;27.79;17.87;253.31152;1.76;NaN;0.538;0;1;0;1;0.17;1;1.395;1;0;0.00;0.00
18TL14133_2141;751;46.272;-61.8325;375989;25.29;14-sep-14;10:39:00;28.06;16.1;249.8727;2.145;NaN;0.606;0.025;1;0.135;1;0.28;1;2.555;1;0;0.48;0.05
18TL14133_2141;751;46.272;-61.8325;375988;49.88;14-sep-14;10:39:00;30.82;2.05;300.47248;0.185;NaN;0.181;0.39;1;4.4;1;1.17;1;12.505;1;0;3.76;0.35
18TL14133_2142;761;46.76467;-62.519;375993;5.16;14-sep-14;17:51:00;28.49;16.14;265.36972;1.38;NaN;0.507;0;1;0;1;0.2;1;1.26;1;0;0.00;0.00
18TL14133_2142;761;46.76467;-62.519;375992;24.99;14-sep-14;17:51:00;31.11;2.21;316.05882;0.36;NaN;0.251;0.22;1;7.14;1;1.145;1;11.695;1;0;6.24;0.61
18TL14133_2142;761;46.76467;-62.519;375991;62.27;14-sep-14;17:51:00;31.77;-0.08;286.76186;0.035;NaN;0.153;0.08;1;13.095;1;1.505;1;19.47;1;0;8.70;0.67
18TL14133_2143;771;46.85517;-62.89633;375996;4.86;14-sep-14;22:05:00;29.15;15.83;268.94252;0.69;6.061;0.547;0;1;0;1;0.17;1;1.125;1;256;0.00;0.00
18TL14133_2143;771;46.85517;-62.89633;375995;24.79;14-sep-14;22:05:00;30.73;4.84;324.9015;0.8;7.192;0.364;0.22;1;4.485;1;0.865;1;2.98;1;256;5.18;1.51
18TL14133_2143;771;46.85517;-62.89633;375994;60.58;14-sep-14;22:05:00;31.83;-0.1;291.31718;0.07;6.3835;0.099;0.085;1;13.035;1;1.485;1;19.265;1;256;8.78;0.68
18TL14133_2144;781;46.92717;-63.09633;375999;4.86;15-sep-14;00:35:00;29.02;16.16;264.29788;1.16;6.021;0.496;0;1;0;1;0.2;1;1.07;1;256;0.00;0.00
18TL14133_2144;781;46.92717;-63.09633;375998;24.69;15-sep-14;00:35:00;30.97;3.77;332.4937;0.445;7.333;0.268;0.235;1;5.52;1;0.945;1;4.295;1;256;5.84;1.29
18TL14133_2144;781;46.92717;-63.09633;375997;61.58;15-sep-14;00:35:00;31.85;0.03;294.84532;0.1;6.473;0.15;0.09;1;12.31;1;1.44;1;18.92;1;256;8.55;0.65
18TL14133_2145;791;47.0925;-63.47933;376753;4.96;15-sep-14;05:01:00;28.45;15.81;264.69982;1.67;5.967;0.563;0;1;0;1;0.2;1;1.385;1;256;0.00;0.00
18TL14133_2145;791;47.0925;-63.47933;376752;24.69;15-sep-14;05:01:00;28.77;13.83;273.58716;0.485;6.087;0.237;0.025;1;1.04;1;0.35;1;1.97;1;256;2.97;0.53
18TL14133_2145;791;47.0925;-63.47933;376751;56.62;15-sep-14;05:01:00;31.47;1.73;317.57726;0.115;6.958;0.103;0.19;1;7.98;1;1.17;1;11.465;1;256;6.82;0.70
18TL14133_2146;801;47.354;-63.391;376756;5.06;15-sep-14;09:20:00;29.13;14.98;269.25514;1.585;NaN;0.525;0;1;0;1;0.225;1;1.12;1;0;0.00;0.00
18TL14133_2146;801;47.354;-63.391;376755;24.99;15-sep-14;09:20:00;31.03;4.87;348.348;1.03;NaN;0.414;0.255;1;2.84;1;0.77;1;3.105;1;0;3.69;0.91
18TL14133_2146;801;47.354;-63.391;376754;73.97;15-sep-14;09:20:00;32.06;-0.02;295.69386;0.115;NaN;0.091;0.11;1;12.545;1;1.425;1;18.705;1;0;8.80;0.67
18TL14133_2147;821;47.46933;-63.67;376759;5.65;15-sep-14;13:46:00;29.01;15.22;268.22796;1.29;NaN;0.408;0;1;0;1;0.23;1;1.075;1;0;0.00;0.00
18TL14133_2147;821;47.46933;-63.67;376758;25.48;15-sep-14;13:46:00;30.29;4.33;309.18118;0.1;NaN;0.112;0.27;1;7.255;1;1.025;1;5.25;1;0;7.08;1.38
18TL14133_2147;821;47.46933;-63.67;376757;68.81;15-sep-14;13:46:00;31.92;0.32;303.33072;0.095;NaN;0.094;0.17;1;10.35;1;1.325;1;16.18;1;0;7.81;0.64
18TL14133_2148;831;47.41667;-63.9515;376762;5.16;15-sep-14;16:44:00;28.6;15;274.8823;2.05;NaN;0.599;0;1;0;1;0.225;1;0.98;1;0;0.00;0.00
18TL14133_2148;831;47.41667;-63.9515;376761;25.19;15-sep-14;16:44:00;29.25;14.02;279.70558;0.78;NaN;0.333;0;1;0.455;1;0.345;1;1.305;1;0;1.32;0.35
18TL14133_2148;831;47.41667;-63.9515;376760;48.19;15-sep-14;16:44:00;30.67;3.6;284.0376;0.12;NaN;0.172;0.335;1;7.42;1;1.155;1;12.47;1;0;6.42;0.60
18TL14133_2149;841;47.607;-63.89367;376765;5.06;15-sep-14;20:28:00;28.88;15.01;270.81824;1.45;NaN;0.533;0;1;0;1;0.215;1;0.855;1;0;0.00;0.00
18TL14133_2149;841;47.607;-63.89367;376764;25.19;15-sep-14;20:28:00;29.49;9.81;287.29778;0.31;NaN;0.168;0.165;1;2.845;1;0.61;1;3.565;1;0;4.66;0.80
18TL14133_2149;841;47.607;-63.89367;376763;54.93;15-sep-14;20:28:00;31.51;1.74;316.23746;0.125;NaN;0.132;0.22;1;7.78;1;1.16;1;11.93;1;0;6.71;0.65
18TL14133_2150;851;47.78117;-64.03067;376775;3.67;15-sep-14;22:01:00;28.39;15.34;269.5231;2.23;6.072;0.676;0;1;0;1;0.21;1;1.35;1;256;0.00;0.00
18TL14133_2150;851;47.78117;-64.03067;376774;5.06;15-sep-14;22:01:00;28.39;15.35;269.2998;2.19;NaN;0.666;0;1;0;1;0.21;1;1.46;1;0;0.00;0.00
18TL14133_2150;851;47.78117;-64.03067;376773;10.11;15-sep-14;22:01:00;28.39;15.34;270.95222;2.01;NaN;0.675;0;1;0;1;0.2;1;1.37;1;0;0.00;0.00
18TL14133_2150;851;47.78117;-64.03067;376772;19.83;15-sep-14;22:01:00;29;14.72;273.89978;1.96;6.1455;0.635;0;1;0;1;0.205;1;0.875;1;256;0.00;0.00
18TL14133_2150;851;47.78117;-64.03067;376771;30.24;15-sep-14;22:01:00;29.97;10.84;292.523;0.735;NaN;0.317;0;1;1.3;1;0.475;1;1.95;1;0;2.74;0.67
18TL14133_2150;851;47.78117;-64.03067;376770;39.86;15-sep-14;22:01:00;31.03;3.29;318.11318;0.15;NaN;0.149;0.195;1;6.76;1;1.01;1;8.165;1;0;6.69;0.83
18TL14133_2150;851;47.78117;-64.03067;376769;50.07;15-sep-14;22:01:00;31.65;1.44;323.42772;0.12;7.148;0.084;0.16;1;7.98;1;1.095;1;10.365;1;256;7.29;0.77
18TL14133_2150;851;47.78117;-64.03067;376768;59.98;15-sep-14;22:01:00;31.84;0.74;320.07822;0.09;NaN;0.102;0.14;1;9.54;1;1.195;1;12.67;1;0;7.98;0.75
18TL14133_2150;851;47.78117;-64.03067;376767;69.9;15-sep-14;22:01:00;32.03;0.35;313.15592;0.085;NaN;0.068;0.135;1;10.625;1;1.29;1;15.625;1;0;8.24;0.68
18TL14133_2150;851;47.78117;-64.03067;376766;81.59;15-sep-14;22:01:00;32.06;0.26;300.42782;0.125;6.6035;0.11;0.14;1;11.265;1;1.4;1;18.205;1;256;8.05;0.62
18TL14133_2151;861;47.814;-65.398;376778;5.45;17-sep-14;03:53:00;27.96;15.38;266.26292;2.41;NaN;0.617;0;1;0;1;0.195;1;1.36;1;0;0.00;0.00
18TL14133_2151;861;47.814;-65.398;376777;25.28;17-sep-14;03:53:00;27.94;15.31;260.99304;1.09;NaN;0.463;0.095;1;1.315;1;0.435;1;4.585;1;0;3.02;0.29
18TL14133_2151;861;47.814;-65.398;376776;54.04;17-sep-14;03:53:00;30.38;3.73;253.2222;0.2;NaN;0.159;0.24;1;6.885;1;1.23;1;17.69;1;0;5.60;0.39
18TL14133_2152;871;47.9675;-65.26283;376781;5.35;17-sep-14;05:18:00;28.42;14.91;268.54058;1.29;NaN;0.484;0;1;0;1;0.23;1;1.64;1;0;0.00;0.00
18TL14133_2152;871;47.9675;-65.26283;376780;25.58;17-sep-14;05:18:00;29.01;12.4;268.94252;0.295;NaN;0.167;0.1;1;1.905;1;0.485;1;3.25;1;0;3.93;0.59
18TL14133_2152;871;47.9675;-65.26283;376779;57.11;17-sep-14;05:18:00;30.8;3.11;276.892;0.17;NaN;0.126;0.215;1;6.85;1;1.045;1;11.125;1;0;6.56;0.62
18TL14133_2153;881;47.94183;-65.046;376784;5.45;17-sep-14;09:19:00;28.07;14.85;268.76388;2.095;NaN;0.596;0.04;1;0;1;0.265;1;2.25;1;0;0.00;0.00
18TL14133_2153;881;47.94183;-65.046;376783;25.19;17-sep-14;09:19:00;28.44;12.75;270.6396;0.31;NaN;0.275;0.26;1;2.405;1;0.695;1;6.98;1;0;3.46;0.34
18TL14133_2153;881;47.94183;-65.046;376782;78.92;17-sep-14;09:19:00;31.67;0.4;244.69214;0.3;NaN;0.229;0.19;1;12.365;1;1.775;1;26.33;1;0;6.97;0.47
18TL14133_2154;961;47.9345;-63.463;376804;5.45;18-sep-14;09:10:00;29.36;14.63;268.89786;1.25;NaN;0.525;0;1;0;1;0.22;1;1.155;1;0;0.00;0.00
18TL14133_2154;961;47.9345;-63.463;376803;24.99;18-sep-14;09:10:00;30.94;4.76;346.29364;0.735;NaN;0.363;0.385;1;3.755;1;0.775;1;3.945;1;0;4.85;0.95
18TL14133_2154;961;47.9345;-63.463;376802;67.91;18-sep-14;09:10:00;32.14;0.19;302.88412;0.1;NaN;0.068;0.105;1;11.15;1;1.26;1;16.785;1;0;8.85;0.66
18TL14133_2155;981;47.97533;-63.17233;376810;5.06;18-sep-14;15:30:00;29.38;14.95;266.75418;1.43;NaN;0.549;0;1;0;1;0.215;1;1.03;1;0;0.00;0.00
18TL14133_2155;981;47.97533;-63.17233;376809;25.78;18-sep-14;15:30:00;31.49;1.31;357.41398;0.8;NaN;0.314;0.765;1;7.75;1;1.005;1;6.245;1;0;7.71;1.24
18TL14133_2155;981;47.97533;-63.17233;376808;62.07;18-sep-14;15:30:00;32.14;-0.1;315.25494;0.095;NaN;0.085;0.115;1;11.695;1;1.275;1;14.17;1;0;9.17;0.83
18TL14133_2156;991;47.88717;-63.58633;376813;5.26;18-sep-14;18:44:00;29.44;14.25;272.69396;1.61;NaN;0.593;0.06;1;0;1;0.215;1;1.035;1;0;0.00;0.00
18TL14133_2156;991;47.88717;-63.58633;376812;24.89;18-sep-14;18:44:00;30.71;4.54;331.51118;0.485;NaN;0.203;0.255;1;5.76;1;0.91;1;3.625;1;0;6.33;1.59
18TL14133_2156;991;47.88717;-63.58633;376811;62.96;18-sep-14;18:44:00;32.06;0.3;311.54816;0.075;NaN;0.079;0.13;1;11.2;1;1.255;1;15.595;1;0;8.92;0.72
18TL14133_2031;1001;47.801;-63.661;376816;4.96;18-sep-14;19:39:00;29.28;14.29;272.73862;1.52;NaN;0.627;0.06;1;0;1;0.235;1;1;1;0;0.00;0.00
18TL14133_2031;1001;47.801;-63.661;376815;24.69;18-sep-14;19:39:00;30.48;7.56;310.52098;0.425;NaN;0.237;0.21;1;2.325;1;0.67;1;2.6;1;0;3.47;0.89
18TL14133_2031;1001;47.801;-63.661;376814;65.14;18-sep-14;19:39:00;32.14;0.23;296.7657;0.09;NaN;0.13;0.165;1;12.14;1;1.315;1;17.615;1;0;9.23;0.69
18TL14133_2032;1011;47.97467;-63.99233;376819;5.06;18-sep-14;23:19:00;29.12;12.55;288.86088;1.96;NaN;0.723;0.04;1;0;1;0.29;1;0.79;1;0;0.00;0.00
18TL14133_2032;1011;47.97467;-63.99233;376818;25.09;18-sep-14;23:19:00;30.66;5.59;312.8433;0.295;NaN;0.174;0.21;1;4.66;1;0.8;1;5.64;1;0;5.83;0.83
18TL14133_2032;1011;47.97467;-63.99233;376817;79.41;18-sep-14;23:19:00;32.22;0.5;294.57736;0.11;NaN;0.101;0.165;1;12.36;1;1.335;1;18.12;1;0;9.26;0.68
18TL14133_2033;1041;47.99867;-64.11133;376826;5.26;19-sep-14;07:16:00;29.17;13.1;279.43762;1.585;NaN;0.59;0;1;0;1;0.27;1;0.925;1;0;0.00;0.00
18TL14133_2033;1041;47.99867;-64.11133;376825;25.09;19-sep-14;07:16:00;29.97;9.48;294.0861;0.445;NaN;0.192;0.125;1;2.035;1;0.59;1;2.79;1;0;3.45;0.73
18TL14133_2033;1041;47.99867;-64.11133;376824;38.87;19-sep-14;07:16:00;30.59;5.96;296.5424;0.315;NaN;0.155;0.18;1;3.875;1;0.755;1;5.585;1;0;5.13;0.69
18TL14133_2034;1061;47.94117;-64.35883;376828;5.55;19-sep-14;12:32:00;28.05;14.7;262.69012;2.27;NaN;0.633;0.055;1;0;7;0.265;1;1.8;1;32;0.00;0.00
18TL14133_2034;1061;47.94117;-64.35883;376827;26.67;19-sep-14;12:32:00;28.27;14.59;263.00274;2.1;NaN;0.526;0.045;1;0;7;0.29;1;2.135;1;32;0.00;0.00
18TL14133_2035;1071;47.79417;-64.123;376832;5.26;19-sep-14;15:16:00;29.02;12.87;281.26868;1.735;NaN;0.502;0;1;0;1;0.285;1;0.85;1;0;0.00;0.00
18TL14133_2035;1071;47.79417;-64.123;376831;24.79;19-sep-14;15:16:00;29.69;10.83;279.88422;0.315;NaN;0.154;0.1;1;1.645;1;0.505;1;2.335;1;0;3.26;0.70
18TL14133_2035;1071;47.79417;-64.123;376830;70.59;19-sep-14;15:16:00;31.89;0.65;307.97536;0.12;NaN;0.098;0.16;1;10.825;1;1.315;1;16.06;1;0;8.23;0.67
18TL14133_2036;1081;47.69517;-64.38517;376835;5.55;19-sep-14;17:52:00;28.39;14.83;268.6299;2.145;NaN;0.719;0;1;0;1;0.245;1;1.66;1;0;0.00;0.00
18TL14133_2036;1081;47.69517;-64.38517;376834;24.79;19-sep-14;17:52:00;28.47;14.69;265.81632;1.625;NaN;0.579;0;1;0;1;0.27;1;2.15;1;0;0.00;0.00
18TL14133_2036;1081;47.69517;-64.38517;376833;38.27;19-sep-14;17:52:00;29.89;9.12;246.56786;0.315;NaN;0.221;0.2;1;3.645;1;0.89;1;11.675;1;0;4.10;0.31
18TL14133_2037;1091;47.6685;-64.55933;376837;5.45;19-sep-14;18:58:00;28.25;14.96;261.30566;2.52;NaN;0.812;0.08;1;0.58;1;0.39;1;3.415;1;0;1.49;0.17
18TL14133_2037;1091;47.6685;-64.55933;376836;25.29;19-sep-14;18:58:00;28.3;14.87;254.87462;1.87;NaN;0.601;0.115;1;0.575;1;0.395;1;4.295;1;0;1.46;0.13
18TL14133_2038;1101;47.5155;-64.25333;376841;5.06;20-sep-14;00:36:00;28.52;14.85;268.31728;1.85;NaN;0.668;0;1;0;1;0.22;1;1.01;1;0;0.00;0.00
18TL14133_2038;1101;47.5155;-64.25333;376840;25.19;20-sep-14;00:36:00;28.5;14.86;268.67456;1.92;NaN;0.738;0;1;0;1;0.22;1;1.01;1;0;0.00;0.00
18TL14133_2038;1101;47.5155;-64.25333;376839;50.07;20-sep-14;00:36:00;30.49;4.11;287.96768;0.16;NaN;0.131;0.255;1;7.57;1;1.165;1;10.365;1;0;6.50;0.73
18TL14133_2038;1101;47.5155;-64.25333;376838;59.09;20-sep-14;00:36:00;31.83;1.03;289.93272;0.22;NaN;0.15;0.21;1;9.28;1;1.375;1;16.89;1;0;6.75;0.55
18TL14133_2039;1111;47.465;-64.562;376844;4.96;20-sep-14;06:31:00;28.57;14.42;264.34254;2.45;NaN;0.78;0.06;1;0.525;1;0.325;1;3.075;1;0;1.62;0.17
18TL14133_2039;1111;47.465;-64.562;376843;25.58;20-sep-14;06:31:00;28.57;14.43;264.87846;2.05;NaN;0.801;0.065;1;0.59;1;0.38;1;3.88;1;0;1.55;0.15
18TL14133_2039;1111;47.465;-64.562;376842;32.62;20-sep-14;06:31:00;28.97;12.55;218.6107;1.36;NaN;0.279;0.115;1;1.615;1;0.6;1;6.83;1;0;2.69;0.24
18TL14133_2040;1121;47.35183;-64.58567;376847;5.35;20-sep-14;07:32:00;28.47;14.91;265.86098;2.36;NaN;0.755;0;1;0;1;0.23;1;1.475;1;0;0.00;0.00
18TL14133_2040;1121;47.35183;-64.58567;376846;25.48;20-sep-14;07:32:00;28.55;14.37;263.58332;1.11;NaN;0.652;0.11;1;1.36;1;0.525;1;4.96;1;0;2.59;0.27
18TL14133_2040;1121;47.35183;-64.58567;376845;32.62;20-sep-14;07:32:00;29.14;11.59;229.999;0.87;NaN;0.174;0.125;1;1.9;1;0.615;1;6.13;1;0;3.09;0.31
18TL14133_2041;1131;47.15383;-64.7295;376849;5.36;20-sep-14;12:18:00;28.57;14.75;265.2804;1.895;NaN;0.642;0.02;1;0;7;0.215;1;1.57;1;32;0.00;0.00
18TL14133_2041;1131;47.15383;-64.7295;376848;23.5;20-sep-14;12:18:00;28.6;14.59;265.19108;1.96;NaN;0.61;0;1;0;7;0.285;1;1.565;1;32;0.00;0.00
18TL14133_2042;1141;46.95567;-64.4665;376852;5.26;20-sep-14;15:11:00;28.65;14.65;268.54058;1.74;NaN;0.607;0;1;0;1;0.205;1;1.275;1;0;0.00;0.00
18TL14133_2042;1141;46.95567;-64.4665;376851;25.09;20-sep-14;15:11:00;28.7;13.92;264.74448;1.495;NaN;0.465;0.05;1;0.475;1;0.315;1;2.745;1;0;1.51;0.17
18TL14133_2042;1141;46.95567;-64.4665;376850;35.7;20-sep-14;15:11:00;29.3;9.81;229.5524;0.46;NaN;0.225;0.265;1;3.55;1;0.905;1;11.57;1;0;3.92;0.31
18TL14133_2043;1151;46.88383;-64.4815;376855;5.26;20-sep-14;16:30:00;28.64;14.58;267.7367;1.985;NaN;0.686;0.02;1;0;1;0.18;1;1.375;1;0;0.00;0.00
18TL14133_2043;1151;46.88383;-64.4815;376854;24.89;20-sep-14;16:30:00;28.68;14.1;267.20078;1.87;NaN;0.569;0.05;1;0;1;0.27;1;2.68;1;0;0.00;0.00
18TL14133_2043;1151;46.88383;-64.4815;376853;31.43;20-sep-14;16:30:00;29.22;10.61;219.19128;1.16;NaN;0.265;0.16;1;1.605;1;0.58;1;7.465;1;0;2.77;0.22
18TL14133_2044;1161;46.96167;-64.3575;376858;5.26;20-sep-14;19:59:00;28.43;14.8;267.5134;2.94;NaN;0.858;0;1;0;1;0.12;1;0.43;1;0;0.00;0.00
18TL14133_2044;1161;46.96167;-64.3575;376857;24.69;20-sep-14;19:59:00;28.58;14.62;265.727;2.745;NaN;0.712;0;1;0;1;0.155;1;0.845;1;0;0.00;0.00
18TL14133_2044;1161;46.96167;-64.3575;376856;31.43;20-sep-14;19:59:00;28.91;12.71;239.64556;1.805;NaN;0.505;0.115;1;0.91;1;0.35;1;4.425;1;0;2.60;0.21
18TL14133_2045;1171;47.09917;-64.28817;376861;5.06;20-sep-14;21:08:00;28.8;14.21;269.65708;1.29;NaN;0.449;0;1;0;1;0.23;1;1.265;1;0;0.00;0.00
18TL14133_2045;1171;47.09917;-64.28817;376860;24.89;20-sep-14;21:08:00;28.76;14.17;268.6299;1.25;NaN;0.441;0.04;1;0;1;0.2;1;1.635;1;0;0.00;0.00
18TL14133_2045;1171;47.09917;-64.28817;376859;39.66;20-sep-14;21:08:00;29.47;8.44;225.62232;0.28;NaN;0.187;0.345;1;4.845;1;1.03;1;13.65;1;0;4.70;0.35
18TL14133_2046;1181;47.27017;-64.25367;376864;5.16;21-sep-14;00:44:00;28.74;13.87;273.72114;1.69;NaN;0.607;0;1;0;1;0.2;1;1.04;1;0;0.00;0.00
18TL14133_2046;1181;47.27017;-64.25367;376863;25.19;21-sep-14;00:44:00;28.75;13.18;273.63182;1.43;NaN;0.505;0.06;1;0.81;1;0.335;1;2.335;1;0;2.42;0.35
18TL14133_2046;1181;47.27017;-64.25367;376862;46.31;21-sep-14;00:44:00;29.89;6.18;235.44752;0.19;NaN;0.174;0.395;1;6.455;1;1.145;1;14.385;1;0;5.64;0.45
18TL14133_2047;1191;47.27333;-64.0485;376867;4.86;21-sep-14;03:17:00;28.93;13.22;275.1056;1.78;NaN;0.602;0;1;0;1;0.25;1;1.335;1;0;0.00;0.00
18TL14133_2047;1191;47.27333;-64.0485;376866;24.39;21-sep-14;03:17:00;28.93;12.92;274.97162;1.83;NaN;0.667;0.05;1;0.445;1;0.285;1;1.715;1;0;1.56;0.26
18TL14133_2047;1191;47.27333;-64.0485;376865;34.01;21-sep-14;03:17:00;29.71;7.42;257.95616;0.515;NaN;0.183;0.23;1;4.675;1;0.86;1;8.12;1;0;5.44;0.58
18TL14133_2048;1201;47.15633;-63.75267;376870;4.76;21-sep-14;06:29:00;28.8;13.96;268.09398;1.45;NaN;0.51;0.02;1;0;1;0.25;1;1.645;1;0;0.00;0.00
18TL14133_2048;1201;47.15633;-63.75267;376869;25.19;21-sep-14;06:29:00;29.01;12.73;275.7755;1.16;NaN;0.617;0.095;1;1.655;1;0.46;1;2.985;1;0;3.60;0.55
18TL14133_2048;1201;47.15633;-63.75267;376868;55.23;21-sep-14;06:29:00;31.03;2.96;301.2317;0.1;NaN;0.15;0.265;1;6.875;1;1.07;1;10.24;1;0;6.43;0.67
18TL14133_2049;1211;47.08683;-63.6415;376873;5.16;21-sep-14;08:25:00;28.86;13.44;275.50754;2.095;NaN;0.696;0;1;0;1;0.24;1;1.29;1;0;0.00;0.00
18TL14133_2049;1211;47.08683;-63.6415;376872;25.48;21-sep-14;08:25:00;28.79;13.06;275.3289;1.225;NaN;0.731;0.135;1;2.325;1;0.56;1;5.025;1;0;4.15;0.46
18TL14133_2049;1211;47.08683;-63.6415;376871;52.55;21-sep-14;08:25:00;31.53;1.66;300.69578;0.125;NaN;0.153;0.245;1;8.13;1;1.15;1;12.625;1;0;7.07;0.64
18TL14133_2050;1221;47.018;-63.765;376876;5.55;21-sep-14;12:19:00;28.48;14.61;263.76196;3.68;NaN;0.912;0.045;1;0;1;0.24;1;0.655;1;0;0.00;0.00
18TL14133_2050;1221;47.018;-63.765;376875;25.39;21-sep-14;12:19:00;28.69;13.62;266.26292;0.74;NaN;0.418;0.17;1;2.39;1;0.565;1;5.225;1;0;4.23;0.46
18TL14133_2050;1221;47.018;-63.765;376874;45.32;21-sep-14;12:19:00;30.18;5.07;258.98334;0.325;NaN;0.171;0.35;1;6.64;1;1.115;1;11.9;1;0;5.96;0.56
18TL14133_2051;1231;46.943;-63.80033;376879;5.36;21-sep-14;14:16:00;28.3;15.06;265.01244;4.475;NaN;1.099;0;1;0;1;0.24;1;0.41;1;0;0.00;0.00
18TL14133_2051;1231;46.943;-63.80033;376878;24.79;21-sep-14;14:16:00;28.62;13.95;254.24938;0.98;NaN;0.346;0.175;1;3.08;1;0.645;1;5.49;1;0;4.78;0.56
18TL14133_2051;1231;46.943;-63.80033;376877;37.58;21-sep-14;14:16:00;30.14;5.53;258.53674;0.96;NaN;0.294;0.31;1;6.34;1;1.055;1;10.08;1;0;6.01;0.63
18TL14133_2052;1241;46.79333;-63.66033;376882;5.16;21-sep-14;16:46:00;28.62;14.58;270.72892;3.125;NaN;0.755;0;1;0;1;0.225;1;0.695;1;0;0.00;0.00
18TL14133_2052;1241;46.79333;-63.66033;376881;24.39;21-sep-14;16:46:00;28.77;13.93;269.43378;1.25;NaN;0.504;0.09;1;1.215;1;0.4;1;2.81;1;0;3.04;0.43
18TL14133_2052;1241;46.79333;-63.66033;376880;36.89;21-sep-14;16:46:00;30.3;5.28;272.51532;0.28;NaN;0.159;0.29;1;5.67;1;1.01;1;9.11;1;0;5.61;0.62
18TL14133_2053;1251;46.7805;-63.5275;376885;5.55;21-sep-14;18:41:00;28.92;13.76;278.0085;2.32;NaN;0.784;0;1;0;1;0.235;1;1.29;1;0;0.00;0.00
18TL14133_2053;1251;46.7805;-63.5275;376884;25.19;21-sep-14;18:41:00;28.84;13.08;275.9988;1.56;NaN;0.579;0.075;1;1.17;1;0.39;1;2.675;1;0;3.00;0.44
18TL14133_2053;1251;46.7805;-63.5275;376883;40.95;21-sep-14;18:41:00;30.58;3.84;280.0182;0.175;NaN;0.141;0.335;1;6.93;1;1.115;1;11.255;1;0;6.22;0.62
18TL14133_2054;1271;46.67667;-63.6375;376888;5.45;21-sep-14;21:31:00;28.44;15.01;270.8629;3.28;NaN;0.995;0;1;0;1;0.21;1;0.75;1;0;0.00;0.00
18TL14133_2054;1271;46.67667;-63.6375;376887;25.29;21-sep-14;21:31:00;28.68;12.86;257.50956;1.34;NaN;0.497;0.23;1;3.2;1;0.71;1;7.125;1;0;4.51;0.45
18TL14133_2054;1271;46.67667;-63.6375;376886;29.06;21-sep-14;21:31:00;29.96;7.27;238.43974;1.16;NaN;0.189;0.26;1;3.63;1;0.77;1;8.025;1;0;4.71;0.45
18TL14133_2055;1281;46.76883;-63.2165;376891;5.55;22-sep-14;00:20:00;28.8;14.16;272.60464;1.94;NaN;0.643;0.04;1;0;1;0.26;1;1.805;1;0;0.00;0.00
18TL14133_2055;1281;46.76883;-63.2165;376890;25.19;22-sep-14;00:20:00;28.88;13.09;276.75802;1.07;NaN;0.658;0.14;1;2.76;1;0.565;1;3.61;1;0;4.88;0.76
18TL14133_2055;1281;46.76883;-63.2165;376889;52.46;22-sep-14;00:20:00;30.78;3.04;285.51138;0.22;NaN;0.131;0.32;1;7.695;1;1.165;1;11.255;1;0;6.61;0.68
18TL14133_2056;1291;46.58;-63.1925;376894;5.36;22-sep-14;01:53:00;28.4;15.54;265.0571;2.19;NaN;0.728;0;1;0;1;0.19;1;1.135;1;0;0.00;0.00
18TL14133_2056;1291;46.58;-63.1925;376893;25.19;22-sep-14;01:53:00;28.35;15.29;263.494;1.895;NaN;0.764;0.08;1;1.36;1;0.375;1;3.51;1;0;3.63;0.39
18TL14133_2056;1291;46.58;-63.1925;376892;39.86;22-sep-14;01:53:00;30.67;3.61;261.12702;0.57;NaN;0.17;0.22;1;5.225;1;0.91;1;10.9;1;0;5.74;0.48
18TL14133_2057;1301;46.52083;-63.27033;376897;5.36;22-sep-14;04:37:00;28.24;15.99;260.23382;2.43;NaN;0.736;0.02;1;0;7;0.195;1;1.58;1;32;0.00;0.00
18TL14133_2057;1301;46.52083;-63.27033;376896;24.89;22-sep-14;04:37:00;28.26;15.85;259.07266;2.01;NaN;0.588;0;1;0;7;0.215;1;1.575;1;32;0.00;0.00
18TL14133_2057;1301;46.52083;-63.27033;376895;27.57;22-sep-14;04:37:00;28.9;13.11;248.9795;2.36;NaN;0.43;0;1;0;7;0.195;1;1.385;1;32;0.00;0.00
18TL14133_2058;1321;46.57833;-62.61567;376900;5.06;22-sep-14;13:19:00;28.23;15.25;269.56776;1.94;NaN;0.625;0;1;0;1;0.17;1;0.455;1;0;0.00;0.00
18TL14133_2058;1321;46.57833;-62.61567;376899;24.79;22-sep-14;13:19:00;28.83;14.33;267.96;1.18;NaN;0.367;0;1;0;1;0.24;1;1.48;1;0;0.00;0.00
18TL14133_2058;1321;46.57833;-62.61567;376898;47.1;22-sep-14;13:19:00;31.15;1.74;281.09004;0.275;NaN;0.148;0.24;1;6.73;1;1.1;1;15.195;1;0;6.12;0.44
18TL14133_2059;1331;46.51383;-62.5885;376903;4.96;22-sep-14;15:23:00;28.04;16.16;264.3872;2.385;NaN;0.692;0;1;0;7;0.175;1;1.375;1;32;0.00;0.00
18TL14133_2059;1331;46.51383;-62.5885;376902;25.59;22-sep-14;15:23:00;28.68;14.77;262.77944;1.43;NaN;0.478;0;1;0;7;0.2;1;1.155;1;32;0.00;0.00
18TL14133_2059;1331;46.51383;-62.5885;376901;27.67;22-sep-14;15:23:00;28.72;14.64;260.63576;1.335;NaN;0.432;0;1;0;7;0.24;1;1.43;1;32;0.00;0.00
18TL14133_2060;1341;46.6545;-62.34683;376906;5.26;22-sep-14;18:21:00;28.85;14.93;271.26484;1.56;NaN;0.587;0;1;0;1;0.19;1;1.165;1;0;0.00;0.00
18TL14133_2060;1341;46.6545;-62.34683;376905;25.09;22-sep-14;18:21:00;29.93;6.45;255.94646;0.29;NaN;0.179;0.34;1;5.62;1;1.045;1;11.065;1;0;5.38;0.51
18TL14133_2060;1341;46.6545;-62.34683;376904;55.33;22-sep-14;18:21:00;31.75;0.04;279.5716;0.105;NaN;0.115;0.115;1;12.87;1;1.455;1;19.435;1;0;8.85;0.66
18TL14133_2061;1351;46.5655;-62.0395;376909;5.06;22-sep-14;19:56:00;28.55;15.55;268.67456;1.96;NaN;0.639;0;1;0;1;0.21;1;0.97;1;0;0.00;0.00
18TL14133_2061;1351;46.5655;-62.0395;376908;25.39;22-sep-14;19:56:00;28.99;14.68;267.87068;1.475;NaN;0.543;0;1;0;1;0.23;1;1.59;1;0;0.00;0.00
18TL14133_2061;1351;46.5655;-62.0395;376907;47.99;22-sep-14;19:56:00;30.84;2.19;275.86482;0.17;NaN;0.149;0.325;1;5.69;1;1.11;1;15;1;0;5.13;0.38
18TL14133_2062;1361;46.632;-61.98067;376912;5.16;23-sep-14;00:52:00;28.89;14.82;270.95222;1.56;NaN;0.553;0;1;0;1;0.195;1;0.975;1;0;0.00;0.00
18TL14133_2062;1361;46.632;-61.98067;376911;25.39;23-sep-14;00:52:00;29.2;13.79;271.71144;1.34;NaN;0.487;0;1;0;1;0.25;1;1.385;1;0;0.00;0.00
18TL14133_2062;1361;46.632;-61.98067;376910;55.53;23-sep-14;00:52:00;31.44;0.43;282.65314;0.1;NaN;0.125;0.165;1;9.65;1;1.4;1;18.77;1;0;6.89;0.51
18TL14133_2063;1371;46.5705;-61.68667;376916;5.36;23-sep-14;03:15:00;28.55;15.41;263.98526;2.01;NaN;0.654;0;1;0;1;0.21;1;1.545;1;0;0.00;0.00
18TL14133_2063;1371;46.5705;-61.68667;376915;25.68;23-sep-14;03:15:00;28.87;14.64;264.07458;1.05;NaN;0.425;0.035;1;0;1;0.25;1;1.61;1;0;0.00;0.00
18TL14133_2063;1371;46.5705;-61.68667;376914;51.27;23-sep-14;03:15:00;31.13;0.85;290.9599;0.13;NaN;0.151;0.32;1;6.025;1;1.265;1;16.85;1;0;4.76;0.36
18TL14133_2063;1371;46.5705;-61.68667;376913;57.61;23-sep-14;03:15:00;31.15;0.85;290.37932;0.135;NaN;0.151;0.325;1;5.93;1;1.275;1;16.855;1;0;4.65;0.35
18TL14133_2064;1381;46.44117;-61.5585;376919;5.55;23-sep-14;06:56:00;28.36;16.03;259.56392;2.03;NaN;0.58;0;1;0;1;0.185;1;1.385;1;0;0.00;0.00
18TL14133_2064;1381;46.44117;-61.5585;376918;24.3;23-sep-14;06:56:00;28.58;15.47;258.26878;1.16;NaN;0.428;0;1;0;1;0.215;1;1.56;1;0;0.00;0.00
18TL14133_2064;1381;46.44117;-61.5585;376917;57.12;23-sep-14;06:56:00;31.49;0.49;289.08418;0.135;NaN;0.159;0.28;1;8.435;1;1.365;1;17.57;1;0;6.18;0.48
18TL14133_2065;1391;46.35117;-61.43867;376922;5.36;23-sep-14;10:10:00;28.41;15.83;258.98334;1.965;NaN;0.552;0;1;0;1;0.205;1;1.525;1;0;0.00;0.00
18TL14133_2065;1391;46.35117;-61.43867;376921;24.59;23-sep-14;10:10:00;28.4;15.82;259.20664;2.005;NaN;0.551;0;1;0;1;0.185;1;1.535;1;0;0.00;0.00
18TL14133_2065;1391;46.35117;-61.43867;376920;59.2;23-sep-14;10:10:00;32.06;0.83;275.86482;0.175;NaN;0.149;0.25;1;10.52;1;1.38;1;17.7;1;0;7.62;0.59
18TL14133_2066;1401;46.51767;-61.41467;376925;5.45;23-sep-14;12:50:00;28.66;15.12;265.23574;2.14;NaN;0.625;0.035;1;0;1;0.2;1;1.465;1;0;0.00;0.00
18TL14133_2066;1401;46.51767;-61.41467;376924;25.49;23-sep-14;12:50:00;28.69;15.03;264.8338;1.875;NaN;0.541;0.035;1;0;1;0.21;1;1.52;1;0;0.00;0.00
18TL14133_2066;1401;46.51767;-61.41467;376923;61.08;23-sep-14;12:50:00;32.25;0.97;275.46288;0.115;NaN;0.111;0.205;1;10.91;1;1.36;1;17.08;1;0;8.02;0.64
18TL14133_2067;1411;46.70417;-61.6505;376928;5.16;23-sep-14;16:27:00;29.34;13.61;274.39104;1.515;NaN;0.512;0;1;0;1;0.25;1;1;1;0;0.00;0.00
18TL14133_2067;1411;46.70417;-61.6505;376927;25.78;23-sep-14;16:27:00;29.91;8.41;300.3385;0.645;NaN;0.264;0.225;1;3.18;1;0.715;1;5.8;1;0;4.45;0.55
18TL14133_2067;1411;46.70417;-61.6505;376926;66.53;23-sep-14;16:27:00;31.61;0.11;284.39488;0.1;NaN;0.117;0.135;1;11.815;1;1.425;1;19.26;1;0;8.29;0.61
18TL14133_2068;1421;46.65283;-62;376931;5.26;23-sep-14;20:02:00;29.07;14.22;270.28232;1.47;NaN;0.566;0;1;0;1;0.205;1;1.055;1;0;0.00;0.00
18TL14133_2068;1421;46.65283;-62;376930;25.19;23-sep-14;20:02:00;29.09;12.56;268.80854;0.76;NaN;0.287;0.13;1;1.29;1;0.475;1;3.885;1;0;2.72;0.33
18TL14133_2068;1421;46.65283;-62;376929;54.34;23-sep-14;20:02:00;31.37;0.58;283.09974;0.105;NaN;0.132;0.19;1;9.53;1;1.34;1;18.425;1;0;7.11;0.52
18TL14133_2069;1431;46.87967;-62.24117;376934;4.86;23-sep-14;22:23:00;29.26;13.99;272.82794;1.45;NaN;0.6;0;1;0;1;0.205;1;1.35;1;0;0.00;0.00
18TL14133_2069;1431;46.87967;-62.24117;376933;25.39;23-sep-14;22:23:00;30.73;3.54;323.82966;1.05;NaN;0.453;0.66;1;4.12;1;0.89;1;6.085;1;0;4.63;0.68
18TL14133_2069;1431;46.87967;-62.24117;376932;61.58;23-sep-14;22:23:00;31.95;-0.29;290.33466;0.085;NaN;0.112;0.1;1;11.565;1;1.385;1;17.785;1;0;8.35;0.65
18TL14133_2070;1441;46.81117;-62.35067;376937;4.76;24-sep-14;00:29:00;29.41;13.69;274.52502;1.43;NaN;0.625;0;1;0;1;0.225;1;1.42;1;0;0.00;0.00
18TL14133_2070;1441;46.81117;-62.35067;376936;25.39;24-sep-14;00:29:00;29.41;11.05;288.54826;0.89;NaN;0.463;0.16;1;2.955;1;0.635;1;4.395;1;0;4.65;0.67
18TL14133_2070;1441;46.81117;-62.35067;376935;57.61;24-sep-14;00:29:00;31.83;-0.18;274.39104;0.09;NaN;0.155;0.09;1;13.62;1;1.54;1;20.725;1;0;8.84;0.66
18TL14133_2071;1451;46.90667;-62.58333;376940;5.65;24-sep-14;04:25:00;29.69;12.57;283.85896;2.01;NaN;0.776;0;1;0;1;0.27;1;1.44;1;0;0.00;0.00
18TL14133_2071;1451;46.90667;-62.58333;376939;25.29;24-sep-14;04:25:00;29.89;9.31;284.4842;1.45;NaN;0.655;0.145;1;1.965;1;0.535;1;2.005;1;0;3.67;0.98
18TL14133_2071;1451;46.90667;-62.58333;376938;56.82;24-sep-14;04:25:00;31.89;-0.12;272.51532;0.1;NaN;0.151;0.095;1;13.91;1;1.535;1;21.895;1;0;9.06;0.64
18TL14133_2072;1461;47.04917;-62.56533;376943;5.16;24-sep-14;08:32:00;29.95;11.71;287.69972;2.03;NaN;0.71;0;1;0;1;0.32;1;1.795;1;0;0.00;0.00
18TL14133_2072;1461;47.04917;-62.56533;376942;23.5;24-sep-14;08:32:00;29.93;10.28;303.50936;1.805;NaN;0.665;0.07;1;0.515;1;0.395;1;2.095;1;0;1.30;0.25
18TL14133_2072;1461;47.04917;-62.56533;376941;66.83;24-sep-14;08:32:00;31.85;-0.14;279.48228;0.105;NaN;0.129;0.09;1;13.99;1;1.525;1;21.32;1;0;9.17;0.66
18TL14133_2073;1471;47.22233;-62.499;376946;4.86;24-sep-14;11:53:00;30.04;11.3;290.15602;1.895;NaN;0.584;0;1;0;1;0.325;1;3.21;1;0;0.00;0.00
18TL14133_2073;1471;47.22233;-62.499;376945;25.09;24-sep-14;11:53:00;31.14;0.21;330.61798;0.355;NaN;0.213;0.505;1;7.42;1;1.215;1;12.555;1;0;6.11;0.59
18TL14133_2073;1471;47.22233;-62.499;376944;57.21;24-sep-14;11:53:00;31.95;-0.28;260.54644;0.115;NaN;0.122;0.105;1;14.415;1;1.6;1;23.895;1;0;9.01;0.60
18TL14133_2074;1481;47.33883;-62.71967;376949;5.16;24-sep-14;14:50:00;29.95;12.18;284.7075;2.095;NaN;0.629;0.035;1;0.27;1;0.28;1;1.775;1;0;0.96;0.15
18TL14133_2074;1481;47.33883;-62.71967;376948;24.99;24-sep-14;14:50:00;30.21;8.49;313.11126;1.03;NaN;0.414;0.21;1;3.84;1;0.685;1;5.015;1;0;5.61;0.77
18TL14133_2074;1481;47.33883;-62.71967;376947;61.28;24-sep-14;14:50:00;31.92;-0.11;283.99294;0.135;NaN;0.113;0.13;1;13.765;1;1.495;1;20.61;1;0;9.21;0.67
18TL14133_2075;1491;47.37833;-62.86617;376952;5.26;24-sep-14;17:00:00;29.72;12.55;284.84148;2.01;NaN;0.69;0;1;0;1;0.245;1;1.67;1;0;0.00;0.00
18TL14133_2075;1491;47.37833;-62.86617;376951;25.19;24-sep-14;17:00:00;30.52;6.51;305.921;0.94;NaN;0.413;0.195;1;4.54;1;0.745;1;5.775;1;0;6.09;0.79
18TL14133_2075;1491;47.37833;-62.86617;376950;49.38;24-sep-14;17:00:00;31.93;-0.08;286.2706;0.115;NaN;0.104;0.13;1;13.76;1;1.455;1;20.765;1;0;9.46;0.66
18TL14133_2076;1501;47.4425;-62.95433;376955;5.35;24-sep-14;19:20:00;29.66;12.26;288.77156;2.095;NaN;0.81;0;1;0;1;0.275;1;1.415;1;0;0.00;0.00
18TL14133_2076;1501;47.4425;-62.95433;376954;24.99;24-sep-14;19:20:00;30.17;7.92;317.3093;1.03;NaN;0.424;0.18;1;3.53;1;0.63;1;5.06;1;0;5.60;0.70
18TL14133_2076;1501;47.4425;-62.95433;376953;54.04;24-sep-14;19:20:00;31.97;-0.1;286.22594;0.135;NaN;0.104;0.14;1;13.67;1;1.455;1;20.745;1;0;9.40;0.66
18TL14133_2077;1511;47.38033;-63.35883;376958;5.26;24-sep-14;22:27:00;29.52;12.11;289.12884;1.92;NaN;0.824;0;1;0;1;0.29;1;1.015;1;0;0.00;0.00
18TL14133_2077;1511;47.38033;-63.35883;376957;24.99;24-sep-14;22:27:00;29.48;11.88;304.31324;1.38;NaN;0.654;0.085;1;0.97;1;0.455;1;2.33;1;0;2.13;0.42
18TL14133_2077;1511;47.38033;-63.35883;376956;71.88;24-sep-14;22:27:00;32.19;-0.04;280.82208;0.07;NaN;0.093;0.105;1;13.28;1;1.395;1;18.485;1;0;9.52;0.72
18TL14133_2078;1521;47.5585;-63.55183;376961;5.06;25-sep-14;00:40:00;29.26;10.41;303.82198;2.52;NaN;0.591;0.02;1;0;1;0.335;1;0.96;1;0;0.00;0.00
18TL14133_2078;1521;47.5585;-63.55183;376960;25.09;25-sep-14;00:40:00;29.24;10.04;300.15986;2.01;NaN;0.609;0.095;1;1.145;1;0.435;1;1.15;1;0;2.63;1.00
18TL14133_2078;1521;47.5585;-63.55183;376959;70.39;25-sep-14;00:40:00;32.15;0.12;287.8337;0.07;NaN;0.091;0.13;1;13.17;1;1.415;1;19.625;1;0;9.31;0.67
18TL14133_2079;1531;47.58783;-63.2615;376964;5.35;25-sep-14;03:13:00;29.49;11.77;291.89776;2.1;NaN;0.807;0.045;1;0;1;0.285;1;1.03;1;0;0.00;0.00
18TL14133_2079;1531;47.58783;-63.2615;376963;25.48;25-sep-14;03:13:00;29.73;10.42;323.65102;1.34;NaN;0.667;0.145;1;1.855;1;0.53;1;3.115;1;0;3.50;0.60
18TL14133_2079;1531;47.58783;-63.2615;376962;82.98;25-sep-14;03:13:00;32.13;-0.06;276.84734;0.12;NaN;0.107;0.135;1;14.2;1;1.53;1;21.05;1;0;9.28;0.67
18TL14133_2080;1541;47.68917;-63.13883;376967;5.35;25-sep-14;05:20:00;29.9;11.7;290.87058;2.23;NaN;0.853;0.02;1;0;1;0.27;1;1.51;1;0;0.00;0.00
18TL14133_2080;1541;47.68917;-63.13883;376966;25.09;25-sep-14;05:20:00;30.02;9.61;315.03164;1.38;NaN;0.704;0.145;1;3.14;1;0.6;1;3.98;1;0;5.23;0.79
18TL14133_2080;1541;47.68917;-63.13883;376965;68.01;25-sep-14;05:20:00;32.16;-0.08;278.9017;0.08;NaN;0.09;0.145;1;14.5;1;1.48;1;21.525;1;0;9.80;0.67
18TL14133_2081;1601;47.71283;-62.94917;376970;5.26;25-sep-14;15:19:00;29.84;11.92;291.04922;2.39;NaN;0.818;0;1;0;1;0.265;1;1.755;1;0;0.00;0.00
18TL14133_2081;1601;47.71283;-62.94917;376969;25.09;25-sep-14;15:19:00;31.37;2.05;342.89948;0.62;NaN;0.336;0.235;1;8.245;1;1.07;1;8.79;1;0;7.71;0.94
18TL14133_2081;1601;47.71283;-62.94917;376968;63.55;25-sep-14;15:19:00;32.05;-0.08;285.77934;0.08;NaN;0.088;0.125;1;13.91;1;1.46;1;20.175;1;0;9.53;0.69
18TL14133_2082;1611;47.63983;-62.8145;376973;5.16;25-sep-14;17:33:00;29.99;12.28;288.77156;2.495;NaN;0.84;0.02;1;0;1;0.27;1;1.665;1;0;0.00;0.00
18TL14133_2082;1611;47.63983;-62.8145;376972;24.89;25-sep-14;17:33:00;31.33;1.99;330.08206;0.67;NaN;0.308;0.195;1;8.37;1;1.09;1;9.61;1;0;7.68;0.87
18TL14133_2082;1611;47.63983;-62.8145;376971;56.22;25-sep-14;17:33:00;31.93;-0.12;294.3094;0.175;NaN;0.112;0.11;1;13.69;1;1.42;1;18.215;1;0;9.64;0.75
18TL14133_2083;1621;47.68917;-62.645;376976;5.26;25-sep-14;19:40:00;30.05;12.04;291.6298;2.365;NaN;0.949;0;1;0;1;0.265;1;1.55;1;0;0.00;0.00
18TL14133_2083;1621;47.68917;-62.645;376975;24.79;25-sep-14;19:40:00;30.08;11.53;326.2413;2.075;NaN;0.828;0.06;1;0.615;1;0.355;1;2.485;1;0;1.73;0.25
18TL14133_2083;1621;47.68917;-62.645;376974;65.14;25-sep-14;19:40:00;32.03;-0.25;287.1638;0.135;NaN;0.154;0.12;1;14.07;1;1.47;1;19.015;1;0;9.57;0.74
18TL14133_2084;1631;47.517;-62.62067;376979;5.16;25-sep-14;22:09:00;29.97;12.33;289.1735;2.03;NaN;0.793;0.02;1;0;1;0.245;1;1.655;1;0;0.00;0.00
18TL14133_2084;1631;47.517;-62.62067;376978;25.29;25-sep-14;22:09:00;29.84;10.38;306.3676;1.07;NaN;0.44;0.18;1;3.96;1;0.68;1;5.895;1;0;5.82;0.67
18TL14133_2084;1631;47.517;-62.62067;376977;64.55;25-sep-14;22:09:00;31.98;-0.3;284.84148;0.13;NaN;0.116;0.08;1;13.755;1;1.475;1;19.285;1;0;9.33;0.71
18TL14133_2085;1641;47.45067;-62.494;376982;5.16;26-sep-14;00:17:00;30.01;12.11;288.23564;1.65;NaN;0.578;0.04;1;0;1;0.25;1;1.39;1;0;0.00;0.00
18TL14133_2085;1641;47.45067;-62.494;376981;25.38;26-sep-14;00:17:00;29.83;11.76;311.9501;1.45;NaN;0.492;0.1;1;1.04;1;0.385;1;2.7;1;0;2.70;0.39
18TL14133_2085;1641;47.45067;-62.494;376980;70.79;26-sep-14;00:17:00;31.99;-0.25;264.56584;0.09;NaN;0.109;0.125;1;14.85;1;1.55;1;20.465;1;0;9.58;0.73
18TL14133_2086;1651;47.60567;-62.2065;376985;5.26;26-sep-14;03:08:00;30.18;12.01;289.03952;1.74;NaN;0.732;0;1;0;1;0.24;1;1.085;1;0;0.00;0.00
18TL14133_2086;1651;47.60567;-62.2065;376984;25.68;26-sep-14;03:08:00;30.83;5;347.58878;2.25;NaN;0.597;0.15;1;1.275;1;0.49;1;1.45;1;0;2.60;0.88
18TL14133_2086;1651;47.60567;-62.2065;376983;48.09;26-sep-14;03:08:00;32.1;-0.23;304.53654;0.76;NaN;0.339;0.165;1;10.265;1;1.295;1;14.14;1;0;7.93;0.73
18TL14133_2087;1661;47.57817;-62.07083;376988;4.66;26-sep-14;05:05:00;30.24;11.4;294.04144;3.125;NaN;0.789;0;1;0;1;0.255;1;0.78;1;0;0.00;0.00
18TL14133_2087;1661;47.57817;-62.07083;376987;24.59;26-sep-14;05:05:00;31.35;4.59;297.25696;0.94;NaN;0.586;0.385;1;7.605;1;1.235;1;12.01;1;0;6.16;0.63
18TL14133_2087;1661;47.57817;-62.07083;376986;35.8;26-sep-14;05:05:00;31.5;1.24;300.82976;0.825;NaN;0.332;0.4;1;7.885;1;1.25;1;11.98;1;0;6.31;0.66
18TL14133_2088;1671;47.64183;-61.74067;376991;5.06;26-sep-14;07:47:00;29.97;11.27;288.41428;2.7;NaN;0.72;0.04;1;0;1;0.35;1;2.235;1;0;0.00;0.00
18TL14133_2088;1671;47.64183;-61.74067;376990;24.99;26-sep-14;07:47:00;29.86;11.07;286.4939;1.56;NaN;0.533;0.08;1;1.125;1;0.485;1;3.865;1;0;2.32;0.29
18TL14133_2088;1671;47.64183;-61.74067;376989;30.14;26-sep-14;07:47:00;31.07;4.33;255.81248;1.16;NaN;0.363;0.165;1;3.055;1;0.79;1;7.425;1;0;3.87;0.41
18TL14133_2089;1681;47.55083;-61.8955;376994;5.16;26-sep-14;12:32:00;29.99;11.14;291.00456;2.295;NaN;0.628;0.02;1;0.145;1;0.36;1;1.88;1;0;0.40;0.08
18TL14133_2089;1681;47.55083;-61.8955;376993;25.09;26-sep-14;12:32:00;31.15;3.01;280.37548;0.645;NaN;0.304;0.365;1;6.865;1;1.19;1;11.965;1;0;5.77;0.57
18TL14133_2089;1681;47.55083;-61.8955;376992;31.04;26-sep-14;12:32:00;31.2;2.98;276.49006;0.715;NaN;0.311;0.355;1;6.57;1;1.14;1;11.515;1;0;5.76;0.57
18TL14133_2090;1691;47.24933;-62.347;376997;5.16;26-sep-14;16:31:00;30.04;11.89;293.90746;1.83;NaN;0.333;0;1;0;1;0.27;1;1.125;1;0;0.00;0.00
18TL14133_2090;1691;47.24933;-62.347;376996;25.19;26-sep-14;16:31:00;30.59;3.14;338.83542;0.89;NaN;0.417;0.49;1;6.155;1;1.065;1;10.41;1;0;5.78;0.59
18TL14133_2090;1691;47.24933;-62.347;376995;52.75;26-sep-14;16:31:00;31.94;-0.25;291.94242;0.125;NaN;0.129;0.095;1;12.3;1;1.4;1;17.265;1;0;8.79;0.71
18TL14133_2091;1721;47.054;-62.49683;377000;5.36;26-sep-14;22:24:00;30.01;11.45;298.3288;1.805;NaN;0.789;0;1;0;1;0.295;1;1.97;1;0;0.00;0.00
18TL14133_2091;1721;47.054;-62.49683;376999;25.39;26-sep-14;22:24:00;29.88;10.59;293.1929;1.43;NaN;0.508;0.09;1;1.175;1;0.47;1;3.315;1;0;2.50;0.35
18TL14133_2091;1721;47.054;-62.49683;376998;65.84;26-sep-14;22:24:00;31.97;-0.27;258.98334;0.06;NaN;0.114;0.09;1;15.135;1;1.595;1;23.605;1;0;9.49;0.64
18TL14133_2092;1741;46.8715;-61.82383;403503;5.26;27-sep-14;04:49:00;29.84;12.04;292.25504;1.85;NaN;0.64;0;1;0;1;0.345;1;2.035;1;0;0.00;0.00
18TL14133_2092;1741;46.8715;-61.82383;403502;25.29;27-sep-14;04:49:00;30.02;7.99;307.61808;0.94;NaN;0.503;0.25;1;7.1;1;1.035;1;9.995;1;0;6.86;0.71
18TL14133_2092;1741;46.8715;-61.82383;403501;57.71;27-sep-14;04:49:00;31.87;-0.23;288.23564;0.12;NaN;0.133;0.095;1;12.055;1;1.435;1;18.235;1;0;8.40;0.66
18TL14133_2093;1751;46.98167;-61.7455;403506;5.36;27-sep-14;05:51:00;30;10.8;308.33264;3.06;NaN;1.032;0.09;1;0.835;1;0.46;1;3.35;1;0;1.82;0.25
18TL14133_2093;1751;46.98167;-61.7455;403505;25.39;27-sep-14;05:51:00;31.59;0.54;303.59868;0.32;NaN;0.195;0.225;1;10.29;1;1.365;1;15.29;1;0;7.54;0.67
18TL14133_2093;1751;46.98167;-61.7455;403504;39.27;27-sep-14;05:51:00;31.74;0.04;296.85502;0.24;NaN;0.19;0.2;1;9.55;1;1.3;1;14.425;1;0;7.35;0.66
18TL14133_2094;1761;47.10667;-61.53;403509;5.26;27-sep-14;09:20:00;29.85;13.19;279.3483;1.27;NaN;0.423;0;1;0;1;0.225;1;0.35;1;0;0.00;0.00
18TL14133_2094;1761;47.10667;-61.53;403508;25.39;27-sep-14;09:20:00;31.05;5.26;268.71922;0.87;NaN;0.389;0.145;1;3.62;1;1.205;1;9.98;1;0;3.00;0.36
18TL14133_2094;1761;47.10667;-61.53;403507;30.15;27-sep-14;09:20:00;31.5;3.74;262.8241;0.98;NaN;0.33;0.115;1;2.7;1;0.97;1;8.245;1;0;2.78;0.33
18TL14133_2095;1771;47.20683;-61.57917;403511;5.26;27-sep-14;11:51:00;29.82;12.99;279.7949;1.74;NaN;0.482;0;1;0;1;0.215;1;0.295;1;0;0.00;0.00
18TL14133_2095;1771;47.20683;-61.57917;403510;25.19;27-sep-14;11:51:00;30.77;7.81;265.23574;2.01;NaN;0.486;0.05;1;0.485;1;0.475;1;2.035;1;0;1.02;0.24
18TL14133_2096;1781;47.19883;-61.49467;403514;5.26;27-sep-14;14:52:00;29.86;12.9;285.95798;1.425;NaN;0.259;0;1;0;1;0.155;1;0.035;1;0;0.00;0.00
18TL14133_2096;1781;47.19883;-61.49467;403513;25.09;27-sep-14;14:52:00;30.3;8.72;280.19684;3.43;NaN;0.746;0.095;1;2.27;1;0.9;1;5.705;1;0;2.52;0.40
18TL14133_2096;1781;47.19883;-61.49467;403512;32.82;27-sep-14;14:52:00;31.44;3.93;280.0182;1.385;NaN;0.487;0.12;1;3.35;1;1.135;1;8.025;1;0;2.95;0.42
18TL14133_2097;1791;47.002;-61.34;403517;5.06;27-sep-14;17:30:00;29.83;13.04;284.08226;1.65;NaN;0.317;0;1;0;1;0.175;1;0.2;1;0;0.00;0.00
18TL14133_2097;1791;47.002;-61.34;403516;25.09;27-sep-14;17:30:00;29.85;11.86;295.2026;2.88;NaN;0.638;0.08;1;0.76;1;0.44;1;2.415;1;0;1.73;0.31
18TL14133_2097;1791;47.002;-61.34;403515;49.38;27-sep-14;17:30:00;31.8;-0.01;276.40074;0.51;NaN;0.228;0.205;1;10.075;1;1.47;1;18.26;1;0;6.85;0.55
18TL14133_2098;1801;46.98;-61.1705;403520;5.26;27-sep-14;19:52:00;29.74;12.92;283.1444;1.69;NaN;0.589;0;1;0;1;0.195;1;0.4;1;0;0.00;0.00
18TL14133_2098;1801;46.98;-61.1705;403519;25.29;27-sep-14;19:52:00;29.55;12.21;284.2609;2.1;NaN;0.629;0.06;1;0.385;1;0.31;1;1.275;1;0;1.24;0.30
18TL14133_2098;1801;46.98;-61.1705;403518;69.01;27-sep-14;19:52:00;32.14;0.6;295.8725;1.43;NaN;0.324;0.205;1;7.65;1;1.25;1;12.905;1;0;6.12;0.59
18TL14133_2099;1811;46.9235;-60.93717;403524;5.55;27-sep-14;21:44:00;28.71;15.03;268.36194;4.17;NaN;0.6;0;1;0;1;0.205;1;1.27;1;0;0.00;0.00
18TL14133_2099;1811;46.9235;-60.93717;403523;25.29;27-sep-14;21:44:00;29.62;11.82;283.09974;1.87;NaN;0.503;0.025;1;0;1;0.355;1;2.515;1;0;0.00;0.00
18TL14133_2099;1811;46.9235;-60.93717;403522;50.57;27-sep-14;21:44:00;31.58;1.02;297.52492;0.38;NaN;0.184;0.23;1;7.76;1;1.255;1;13.675;1;0;6.18;0.57
18TL14133_2099;1811;46.9235;-60.93717;403521;120.66;27-sep-14;21:44:00;33.55;3.93;223.3;0.07;NaN;0.114;0.135;1;14.545;1;1.34;1;16.64;1;0;10.85;0.87
18TL14133_2100;1831;46.99533;-60.841;403528;5.45;28-sep-14;00:53:00;28.59;15.17;264.56584;1.56;NaN;0.606;0;1;0;1;0.205;1;1.34;1;0;0.00;0.00
18TL14133_2100;1831;46.99533;-60.841;403527;25.29;28-sep-14;00:53:00;29.33;12.51;275.5522;0.78;NaN;0.388;0.165;1;1.325;1;0.485;1;3.96;1;0;2.73;0.33
18TL14133_2100;1831;46.99533;-60.841;403526;50.27;28-sep-14;00:53:00;31.76;1.25;303.82198;0.47;NaN;0.212;0.145;1;5.155;1;1.125;1;10.16;1;0;4.58;0.51
18TL14133_2100;1831;46.99533;-60.841;403525;128.98;28-sep-14;00:53:00;33.52;3.88;228.79318;0.1;NaN;0.063;0.08;1;14.645;1;1.31;1;16.045;1;0;11.18;0.91
18TL14133_2101;1841;47.07217;-60.71717;403532;4.86;28-sep-14;03:54:00;28.99;14.16;273.67648;1.34;NaN;0.503;0;1;0;1;0.21;1;1.305;1;0;0.00;0.00
18TL14133_2101;1841;47.07217;-60.71717;403531;25.68;28-sep-14;03:54:00;29.37;13.12;267.0668;1.315;NaN;0.502;0;1;0;1;0.265;1;1.495;1;0;0.00;0.00
18TL14133_2101;1841;47.07217;-60.71717;403530;50.87;28-sep-14;03:54:00;31.74;1.32;328.34032;2.165;NaN;0.409;0.15;1;4.06;1;0.945;1;5.055;1;0;4.30;0.80
18TL14133_2101;1841;47.07217;-60.71717;403529;152.47;28-sep-14;03:54:00;33.97;4.99;200.47874;0.05;NaN;0.061;0;1;17.035;1;1.38;1;18.2;1;0;12.34;0.94
18TL14133_2102;1851;47.4565;-60.50417;403536;4.96;28-sep-14;08:59:00;30.5;11.42;294.26474;1.61;NaN;0.558;0;1;0;1;0.225;1;1.065;1;0;0.00;0.00
18TL14133_2102;1851;47.4565;-60.50417;403535;25.09;28-sep-14;08:59:00;31.77;1.3;327.8044;1.895;NaN;0.484;0.205;1;5.365;1;0.965;1;7.13;1;0;5.56;0.75
18TL14133_2102;1851;47.4565;-60.50417;403534;50.07;28-sep-14;08:59:00;32.21;0.85;307.84138;0.26;NaN;0.122;0.195;1;8.01;1;1.085;1;9.83;1;0;7.38;0.81
18TL14133_2102;1851;47.4565;-60.50417;403533;104.69;28-sep-14;08:59:00;33.38;3.47;243.53098;0.045;NaN;0.038;0.085;1;12.56;1;1.19;1;13.51;1;0;10.55;0.93
