CTD;CTD;CTD;CTD;CTD;CTD;CTD;CTD;CTD;CTD;CTD;CTD;labo;CTD;labo;labo;labo;labo;labo;labo;labo;labo;labo;labo;labo;calc;calc
Fichier;Station;Latitude;Longitude;Echantillon;zbouteille;Date;Heure;PSAL;TE90;DOXY;PHPH;OXYM_01;FLOR;CHL_04;Q_CHL;NO2_01;Q_NO2;NOx_01;Q_NOX;PO4_01;Q_PO4;Si_01;Q_Si;QCFF;N_P;N_Si
(nom);(nom/no);(degres);(degres);(no_unique);(dbar);(jj-mmm-yyyy);(GMT);(psu);(celsius);(ml/l);((none));(mmol/m**3);(mg/m**3);(mg/m**3);((none));(mmol/m**3);((none));(mmol/m**3);((none));(mmol/m**3);((none));(mmol/m**3);((none));((none));((none));((none))
18HU18051_1707;61;47.831;-63.75083;454619;2.38;15-oct-18;14:59:00;29.48;8.89;299.31132;8.271;6.9415;0.738;1.28;1;0.04;1;0.365;1;0.32;1;1.5;1;256;1.14;0.24
18HU18051_1707;61;47.831;-63.75083;454618;14.87;15-oct-18;14:59:00;29.56;8.5;300.51714;8.254;NaN;1.135;1.035;1;NaN;9;NaN;9;NaN;9;NaN;9;0;NaN;NaN
18HU18051_1707;61;47.831;-63.75083;454617;25.19;15-oct-18;14:59:00;30.1;7.01;297.70356;8.183;6.7165;0.514;0.44;1;0.13;1;1.775;1;0.535;1;3.025;1;256;3.32;0.59
18HU18051_1707;61;47.831;-63.75083;454616;73.66;15-oct-18;14:59:00;31.89;0.73;242.01254;7.854;5.4055;0.15;NaN;9;0.1;1;12.305;1;1.45;1;22.795;1;256;8.49;0.54
18HU18051_1708;71;47.50067;-63.7505;454623;2.38;15-oct-18;18:14:00;29.39;9.38;299.62394;8.274;6.733;0.987;1.5;1;0.03;1;0.18;1;0.28;1;1.665;1;256;0.64;0.11
18HU18051_1708;71;47.50067;-63.7505;454622;15.67;15-oct-18;18:14:00;29.39;9.28;299.84724;8.267;NaN;1.617;1.555;1;NaN;9;NaN;9;NaN;9;NaN;9;0;NaN;NaN
18HU18051_1708;71;47.50067;-63.7505;454621;25.48;15-oct-18;18:14:00;29.99;7.78;301.2317;8.202;6.7435;0.405;0.49;1;0.09;1;0.765;1;0.44;1;1.585;1;256;1.74;0.48
18HU18051_1708;71;47.50067;-63.7505;454620;66.33;15-oct-18;18:14:00;31.78;0.58;244.5135;7.837;5.457;0.19;NaN;9;0.105;1;11.975;1;1.44;1;22.3;1;256;8.32;0.54
18HU18051_1709;81;47.60967;-64.12867;454627;2.58;15-oct-18;21:09:00;29.51;9.02;304.1346;8.268;6.8385;1.997;1.84;1;0.02;1;0.08;1;0.305;1;1.54;1;256;0.26;0.05
18HU18051_1709;81;47.60967;-64.12867;454626;15.47;15-oct-18;21:09:00;29.51;9.02;304.04528;8.266;NaN;1.975;1.835;1;NaN;9;NaN;9;NaN;9;NaN;9;0;NaN;NaN
18HU18051_1709;81;47.60967;-64.12867;454625;25.38;15-oct-18;21:09:00;29.55;8.73;301.27636;8.245;6.786;1.64;1.605;1;0.025;1;0.2;1;0.32;1;1.55;1;256;0.63;0.13
18HU18051_1709;81;47.60967;-64.12867;454624;65.34;15-oct-18;21:09:00;31.49;1.84;264.92312;7.934;6.183;0.233;NaN;9;0.125;1;8.355;1;1.13;1;13.925;1;256;7.39;0.60
18HU18051_1710;91;47.49767;-64.24783;454631;2.97;15-oct-18;23:08:00;29.05;10.29;288.68224;8.255;6.5215;1.432;1.32;1;0.15;1;0.29;1;0.29;1;2.14;1;256;1.00;0.14
18HU18051_1710;91;47.49767;-64.24783;454630;15.37;15-oct-18;23:08:00;29.06;10.27;289.66476;8.25;NaN;1.407;1.44;1;NaN;9;NaN;9;NaN;9;NaN;9;0;NaN;NaN
18HU18051_1710;91;47.49767;-64.24783;454629;25.98;15-oct-18;23:08:00;29.26;9.32;296.72104;8.236;6.662;1.754;2.03;1;0.03;1;0.21;1;0.31667;1;2.14;1;256;0.66;0.10
18HU18051_1710;91;47.49767;-64.24783;454628;54.43;15-oct-18;23:08:00;31.2;3.07;282.6978;8.004;6.317;0.246;NaN;9;0.025;1;6.825;1;1.03;1;11.05;1;256;6.63;0.62
18HU18051_1699;101;47.82383;-64.2465;454635;4.96;16-oct-18;02:17:00;29.51;8.58;301.85694;8.229;6.7525;1.771;1.65;1;0.06;1;0.82;1;0.385;1;2.655;1;256;2.13;0.31
18HU18051_1699;101;47.82383;-64.2465;454634;15.47;16-oct-18;02:17:00;29.6;8.22;301.49966;8.219;NaN;1.746;1.6;1;NaN;9;NaN;9;NaN;9;NaN;9;0;NaN;NaN
18HU18051_1699;101;47.82383;-64.2465;454633;25.68;16-oct-18;02:17:00;29.62;8.14;301.32102;8.216;6.7605;1.601;1.405;1;0.075;1;1.065;1;0.42;1;2.265;1;256;2.54;0.47
18HU18051_1699;101;47.82383;-64.2465;454632;34.9;16-oct-18;02:17:00;29.7;8.12;296.58706;8.201;6.661;1.028;NaN;9;0.09;1;1.35;1;0.475;1;2.91;1;256;2.84;0.46
18HU18051_1700;241;47.881;-62.413;454685;2.97;20-oct-18;20:01:00;30.68;6.1;312.08408;8.153;6.9605;0.963;0.875;1;0.12;1;1.64;1;0.515;1;3.34;1;256;3.18;0.49
18HU18051_1700;241;47.881;-62.413;454684;14.97;20-oct-18;20:01:00;30.67;6.12;311.5035;8.148;NaN;1.004;0.85;1;NaN;9;NaN;9;NaN;9;NaN;9;0;NaN;NaN
18HU18051_1700;241;47.881;-62.413;454683;25.19;20-oct-18;20:01:00;30.69;5.95;310.56564;8.122;6.93;0.894;0.785;1;0.125;1;1.7;1;0.525;1;3.45;1;256;3.24;0.49
18HU18051_1700;241;47.881;-62.413;454682;81.69;20-oct-18;20:01:00;32.02;0.54;286.98516;7.904;6.346;0.122;NaN;9;0.08;1;10.9;1;1.18;1;13.68;1;256;9.24;0.80
18HU18051_1701;251;47.40567;-62.59583;454689;3.47;21-oct-18;01:13:00;29.54;8.82;295.15794;8.204;6.617;1.114;1.36;1;0.115;1;0.635;1;0.315;1;1.415;1;256;2.02;0.45
18HU18051_1701;251;47.40567;-62.59583;454688;15.97;21-oct-18;01:13:00;29.54;8.82;295.29192;8.199;NaN;1.076;1.365;1;NaN;9;NaN;9;NaN;9;NaN;9;0;NaN;NaN
18HU18051_1701;251;47.40567;-62.59583;454687;25.68;21-oct-18;01:13:00;29.53;8.81;295.11328;8.18;6.628;1.049;1.325;1;0.105;1;0.65;1;0.33;1;1.45;1;256;1.97;0.45
18HU18051_1701;251;47.40567;-62.59583;454686;62.86;21-oct-18;01:13:00;31.22;0.81;244.7368;7.779;5.453;0.294;NaN;9;0.61;1;5.885;1;1.33;1;21.035;1;256;4.42;0.28
18HU18051_1702;261;47.4995;-62.751;454693;3.37;21-oct-18;03:07:00;29.69;8.78;294.26474;8.199;6.605;1.018;1.14;1;0.115;1;0.8;1;0.32;1;2.09;1;256;2.50;0.38
18HU18051_1702;261;47.4995;-62.751;454692;15.57;21-oct-18;03:07:00;29.69;8.78;294.3094;8.194;NaN;0.976;1.155;1;NaN;9;NaN;9;NaN;9;NaN;9;0;NaN;NaN
18HU18051_1702;261;47.4995;-62.751;454691;25.68;21-oct-18;03:07:00;29.68;8.75;293.8628;8.166;6.615;0.985;1.175;1;0.115;1;0.815;1;0.33;1;2.06;1;256;2.47;0.40
18HU18051_1702;261;47.4995;-62.751;454690;48.98;21-oct-18;03:07:00;31.17;1.55;269.43378;7.876;5.9975;0.225;NaN;9;0.12333;1;6.59667;1;1.18333;1;16.945;1;256;5.57;0.39
18HU18051_1703;271;47.499;-63.251;454697;2.97;21-oct-18;06:24:00;29.78;7.35;304.3579;8.168;6.8105;1.075;1.075;1;0.085;1;1.63;1;0.46;1;2.965;1;256;3.54;0.55
18HU18051_1703;271;47.499;-63.251;454696;15.97;21-oct-18;06:24:00;29.79;7.34;304.44722;8.165;NaN;1.069;1.13;1;NaN;9;NaN;9;NaN;9;NaN;9;0;NaN;NaN
18HU18051_1703;271;47.499;-63.251;454695;25.29;21-oct-18;06:24:00;29.79;7.31;304.3579;8.148;6.8685;1.031;1.045;1;0.085;1;1.695;1;0.46;1;3.12;1;256;3.68;0.54
18HU18051_1703;271;47.499;-63.251;454694;72.58;21-oct-18;06:24:00;31.74;0.38;229.37376;7.724;5.068;0.16;NaN;9;0.105;1;12.98;1;1.505;1;25.885;1;256;8.62;0.50
18HU18051_1704;281;47.83067;-63.25617;454701;2.08;21-oct-18;09:39:00;30.46;5.57;313.33456;8.136;6.9675;1.026;1.075;1;0.14;1;2.19;1;0.6;1;4.18;1;256;3.65;0.52
18HU18051_1704;281;47.83067;-63.25617;454700;15.67;21-oct-18;09:39:00;30.46;5.39;312.93262;8.127;NaN;0.967;0.925;1;NaN;9;NaN;9;NaN;9;NaN;9;0;NaN;NaN
18HU18051_1704;281;47.83067;-63.25617;454699;26.28;21-oct-18;09:39:00;30.48;5.35;312.48602;8.115;6.9245;0.869;0.935;1;0.14;1;2.38;1;0.62;1;4.425;1;256;3.84;0.54
18HU18051_1704;281;47.83067;-63.25617;454698;80.01;21-oct-18;09:39:00;31.92;0.34;229.95434;7.731;5.106;0.163;NaN;9;0.095;1;14.085;1;1.525;1;25.78;1;256;9.24;0.55
18HU18051_1705;291;47.78583;-64.0325;454705;2.38;21-oct-18;14:25:00;29.43;6.52;314.76368;8.179;7.0285;1.059;1.53;1;0.11;1;1.62;1;0.5;1;1.815;1;256;3.24;0.89
18HU18051_1705;291;47.78583;-64.0325;454704;16.16;21-oct-18;14:25:00;29.43;6.49;315.0763;8.175;NaN;1.051;1.345;1;NaN;9;NaN;9;NaN;9;NaN;9;0;NaN;NaN
18HU18051_1705;291;47.78583;-64.0325;454703;25.78;21-oct-18;14:25:00;29.5;6.48;313.78116;8.166;6.991;0.814;0.96;1;0.12;1;1.565;1;0.515;1;1.715;1;256;3.04;0.91
18HU18051_1705;291;47.78583;-64.0325;454702;77.33;21-oct-18;14:25:00;31.8;1.22;255.41054;7.835;5.674;0.162;NaN;9;0.12;1;11.455;1;1.355;1;19.275;1;256;8.45;0.59
18HU18051_1706;301;47.934;-65.25283;454709;3.67;22-oct-18;03:12:00;29.7;7.21;305.74236;8.187;6.8415;1.224;1.02;1;0.12;1;1.535;1;0.52;1;2.295;1;256;2.95;0.67
18HU18051_1706;301;47.934;-65.25283;454708;14.97;22-oct-18;03:12:00;29.7;7.19;306.01032;8.188;NaN;1.177;0.955;1;NaN;9;NaN;9;NaN;9;NaN;9;0;NaN;NaN
18HU18051_1706;301;47.934;-65.25283;454707;25.58;22-oct-18;03:12:00;29.7;7.19;305.87634;8.18;6.852;1.275;0.98;1;0.11;1;1.495;1;0.515;1;2.285;1;256;2.90;0.65
18HU18051_1706;301;47.934;-65.25283;454706;64.84;22-oct-18;03:12:00;31.1;3.24;270.28232;7.967;5.998;0.156;NaN;9;0.13;1;8.845;1;1.095;1;12.285;1;256;8.08;0.72
