CTD;CTD;CTD;CTD;CTD;CTD;CTD;CTD;CTD;labo;labo;labo;labo;terrain;labo;labo;labo;labo;labo;labo;labo;labo;labo;labo;calc;calc
Fichier;Station;Latitude;Longitude;Echantillon;zbouteille;Date;Heure;PRES;PSAL_BS;Q_PSAL;OXYM_01;Q_OXYM;TEMP_XX;Q_TEMP_RT;CHL_XX;Q_CHL;NOx_01;Q_NOX;PO4_01;Q_PO4;Si_01;Q_Si;QCFF;N_P;N_Si
(nom);(nom/no);(degres);(degres);(no_unique);(dbar);(jj-mmm-yyyy);(GMT);(dbar);(PSU);((none));(mmol/m**3);((none));(celsius);((none));(mg/m**3);((none));(mmol/m**3);((none));(mmol/m**3);((none));(mmol/m**3);((none));((none));((none));((none))
18HU02070_002;STN27;47.5467;-52.5867;255589;5;10-nov-02;02:01:00;5.13;31.637;1;6.9159381997313;1;3.987;1;0.35;1;0.84;1;0.79;1;2.64;1;0;1.06;0.32
18HU02070_002;STN27;47.5467;-52.5867;255588;10;10-nov-02;02:01:00;10.06;31.677;1;6.9209381997313;1;3.884;1;0.32;1;NaN;9;NaN;9;NaN;9;0;NaN;NaN
18HU02070_002;STN27;47.5467;-52.5867;255587;20;10-nov-02;02:01:00;19.81;31.803;1;6.9569368562472;1;3.549;1;NaN;9;1.28;1;0.42;1;2.46;1;0;3.05;0.52
18HU02070_002;STN27;47.5467;-52.5867;255586;30;10-nov-02;02:01:00;30.53;31.822;1;6.9709381997313;1;3.501;1;0.3;1;1.01;1;0.54;1;2.07;1;0;1.87;0.49
18HU02070_002;STN27;47.5467;-52.5867;255585;40;10-nov-02;02:01:00;40.22;31.889;1;6.98793775190327;1;3.331;1;0.28;1;1.43;1;0.76;1;2.84;1;0;1.88;0.50
18HU02070_002;STN27;47.5467;-52.5867;255584;50;10-nov-02;02:01:00;50.28;31.962;1;6.9969368562472;1;3.14;1;0.27;1;1.28;1;0.51;1;2.59;1;0;2.51;0.49
18HU02070_002;STN27;47.5467;-52.5867;255583;74;10-nov-02;02:01:00;74.51;32.123;1;7.0279355127631;1;2.715;1;0.23;1;1.53;1;0.62;1;2.15;1;0;2.47;0.71
18HU02070_002;STN27;47.5467;-52.5867;255582;98;10-nov-02;02:01:00;99.27;32.395;1;7.0569368562472;1;1.532;1;0.07;1;2.42;1;0.79;1;3.3;1;0;3.06;0.73
18HU02070_002;STN27;47.5467;-52.5867;255581;149;10-nov-02;02:01:00;150.05;33.226;1;6.62094043887147;1;-0.986;1;NaN;9;10.97;1;1.76;1;13.29;1;0;6.23;0.83
18HU02070_002;STN27;47.5467;-52.5867;255580;167;10-nov-02;02:01:00;168.63;33.239;1;6.63894088669951;1;-0.993;1;NaN;9;10.61;1;1.61;1;13.62;1;0;6.59;0.78
18HU02070_113;SEGB-01;46.5833;-52.9333;255594;6;10-nov-02;17:40:00;5.76;31.536;1;6.87693909538737;1;4.669;1;0.37;1;0.62;1;0.48;1;2;1;0;1.29;0.31
18HU02070_113;SEGB-01;46.5833;-52.9333;255593;11;10-nov-02;17:40:00;10.73;31.535;1;6.8759381997313;1;4.673;1;0.38;1;1.15;1;0.49;1;2.06;1;0;2.35;0.56
18HU02070_113;SEGB-01;46.5833;-52.9333;255592;20;10-nov-02;17:40:00;20.6;31.537;1;6.87493954321541;1;4.657;1;0.37;1;0.34;1;0.55;1;2;1;0;0.62;0.17
18HU02070_113;SEGB-01;46.5833;-52.9333;255591;30;10-nov-02;17:40:00;30.62;31.666;1;6.87893864755934;1;4.275;1;0.34;1;1.46;1;0.82;1;2.35;1;0;1.78;0.62
18HU02070_113;SEGB-01;46.5833;-52.9333;255590;47;10-nov-02;17:40:00;47.14;31.891;1;6.93793775190327;1;3.448;1;0.26;1;1.15;1;0.63;1;3.06;1;0;1.83;0.38
18HU02070_225;SEGB-02;46.5;-52.85;255595;173;10-nov-02;18:46:00;174;33.042;1;7.0819368562472;1;-1.25;1;NaN;9;NaN;9;NaN;9;NaN;9;0;NaN;NaN
18HU02070_264;SEGB-03;46.35;-52.7333;255605;5;10-nov-02;20:05:00;5.45;31.896;1;6.98493730407524;1;3.503;1;0.33;1;1.18;1;0.68;1;3.3;1;0;1.74;0.36
18HU02070_264;SEGB-03;46.35;-52.7333;255604;11;10-nov-02;20:05:00;10.59;31.886;1;6.9969368562472;1;3.505;1;0.32;1;1.21;1;0.52;1;2.57;1;0;2.33;0.47
18HU02070_264;SEGB-03;46.35;-52.7333;255603;20;10-nov-02;20:05:00;20.52;31.907;1;6.99293775190327;1;3.429;1;0.27;1;1.34;1;0.63;1;2.93;1;0;2.13;0.46
18HU02070_264;SEGB-03;46.35;-52.7333;255602;30;10-nov-02;20:05:00;30.46;31.962;1;7.0109381997313;1;3.24;1;0.23;1;1.62;1;0.76;1;2.92;1;0;2.13;0.55
18HU02070_264;SEGB-03;46.35;-52.7333;255601;40;10-nov-02;20:05:00;40.42;32.218;1;7.02893640841917;1;2.792;1;0.15;1;2.15;1;0.67;1;4.75;1;0;3.21;0.45
18HU02070_264;SEGB-03;46.35;-52.7333;255600;49;10-nov-02;20:05:00;49.22;32.44;1;7.02893640841917;1;2.329;1;0.1;1;2.88;1;0.53;1;5.63;1;0;5.43;0.51
18HU02070_264;SEGB-03;46.35;-52.7333;255599;75;10-nov-02;20:05:00;76.11;33.053;1;6.82993954321541;1;-1.04;1;0;1;9.56;1;1.68;1;12.8;1;0;5.69;0.75
18HU02070_264;SEGB-03;46.35;-52.7333;255598;97;10-nov-02;20:05:00;98.13;33.175;1;6.78793999104344;1;-1.186;1;0;1;11.05;2;1.8;1;14.71;1;2048;6.14;0.75
18HU02070_264;SEGB-03;46.35;-52.7333;255597;150;10-nov-02;20:05:00;151.33;33.258;1;6.67493954321541;1;-1.086;1;NaN;9;11.25;1;1.78;2;15.76;1;2048;6.32;0.71
18HU02070_264;SEGB-03;46.35;-52.7333;255596;165;10-nov-02;20:05:00;166.59;33.257;1;6.68193909538737;1;-1.086;1;NaN;9;11.07;1;1.66;2;15.14;1;2048;6.67;0.73
18HU02070_284;SEGB-04;46.2083;-52.6083;255606;124;10-nov-02;22:25:00;125.09;33.314;1;6.47894088669951;1;-0.994;1;NaN;9;NaN;9;NaN;9;NaN;9;0;NaN;NaN
18HU02070_304;SEGB-05;46.07;-52.5;255614;6;10-nov-02;23:49:00;5.68;32.001;1;6.60293999104344;1;5.542;1;0.35;1;1.55;1;0.57;1;2.94;1;0;2.72;0.53
18HU02070_304;SEGB-05;46.07;-52.5;255613;10;10-nov-02;23:49:00;9.99;31.997;1;6.60594043887147;1;5.489;1;0.35;1;1.55;1;0.54;1;2.62;1;0;2.87;0.59
18HU02070_304;SEGB-05;46.07;-52.5;255612;21;10-nov-02;23:49:00;20.67;31.995;1;6.60994178235558;1;5.467;1;0.32;1;1.66;1;0.68;1;3.04;1;0;2.44;0.55
18HU02070_304;SEGB-05;46.07;-52.5;255611;30;10-nov-02;23:49:00;30.32;31.982;1;6.62094043887147;1;5.259;1;0.27;1;1.53;1;0.51;1;3.16;1;0;3.00;0.48
18HU02070_304;SEGB-05;46.07;-52.5;255610;40;10-nov-02;23:49:00;40.26;32;1;6.63594043887147;1;5.085;1;0.21;1;1.68;1;0.56;1;3.24;1;0;3.00;0.52
18HU02070_304;SEGB-05;46.07;-52.5;255609;52;10-nov-02;23:49:00;52.1;32.032;1;6.64094043887147;1;4.988;1;0.24;1;2.27;1;0.59;1;3.28;1;0;3.85;0.69
18HU02070_304;SEGB-05;46.07;-52.5;255608;73;10-nov-02;23:49:00;73.52;33.02;1;5.98894536497985;1;0.264;1;0.02;1;9.78;1;1.88;1;13.56;1;0;5.20;0.72
18HU02070_304;SEGB-05;46.07;-52.5;255607;83;10-nov-02;23:49:00;83.66;33.021;1;5.99894536497985;1;0.244;1;0.04;1;9.61;1;1.91;1;13.76;1;0;5.03;0.70
18HU02070_315;SEGB-06;45.7883;-52.2667;255615;73;11-nov-02;02:29:00;73.91;32.984;1;6.06694581280788;1;0.487;1;NaN;9;NaN;9;NaN;9;NaN;9;0;NaN;NaN
18HU02070_326;SEGB-07;45.4583;-52;255622;6;11-nov-02;04:38:00;5.75;32.247;1;6.57694133452754;1;6.403;1;0.54;1;0.93;1;0.32;1;1.76;1;0;2.91;0.53
18HU02070_326;SEGB-07;45.4583;-52;255621;11;11-nov-02;04:38:00;10.74;32.248;1;6.55094043887147;1;6.36;1;0.53;1;1.39;1;0.5;1;2.71;1;0;2.78;0.51
18HU02070_326;SEGB-07;45.4583;-52;255620;21;11-nov-02;04:38:00;20.83;32.247;1;6.58094043887147;1;6.4;1;0.54;1;1.66;1;0.48;1;2.02;1;0;3.46;0.82
18HU02070_326;SEGB-07;45.4583;-52;255619;30;11-nov-02;04:38:00;30.53;32.248;1;6.54494178235558;1;6.363;1;0.51;1;1.17;1;0.41;1;2.1;1;0;2.85;0.56
18HU02070_326;SEGB-07;45.4583;-52;255618;40;11-nov-02;04:38:00;40.68;32.249;1;6.53494178235558;1;6.362;1;0.42;1;1.63;1;0.42;1;2.42;1;0;3.88;0.67
18HU02070_326;SEGB-07;45.4583;-52;255617;51;11-nov-02;04:38:00;51.01;32.258;1;6.52194133452754;1;6.352;1;0.25;1;1.72;1;0.5;1;2.61;1;0;3.44;0.66
18HU02070_326;SEGB-07;45.4583;-52;255616;71;11-nov-02;04:38:00;71.96;32.975;1;7.03293775190327;1;-0.082;1;0.08;1;6.04;1;1.51;1;8.56;1;0;4.00;0.71
18HU02070_339;SEGB-08;45.095;-51.7;255623;66;11-nov-02;07:42:00;66.9;32.938;1;6.99293775190327;1;0.414;1;NaN;9;NaN;9;NaN;9;NaN;9;0;NaN;NaN
18HU02070_003;SEGB-09;44.725;-51.395;255630;6;11-nov-02;10:02:00;5.86;32.283;1;6.50594267801164;1;6.506;1;0.59;1;0.8;1;0.37;1;2.43;1;0;2.16;0.33
18HU02070_003;SEGB-09;44.725;-51.395;255629;11;11-nov-02;10:02:00;10.87;32.285;1;6.49894088669951;1;6.508;1;0.53;1;1.64;1;0.48;1;3.1;1;0;3.42;0.53
18HU02070_003;SEGB-09;44.725;-51.395;255628;21;11-nov-02;10:02:00;21.15;32.29;1;6.47994178235558;1;6.523;1;0.49;1;1.22;1;0.41;1;2.48;1;0;2.98;0.49
18HU02070_003;SEGB-09;44.725;-51.395;255627;31;11-nov-02;10:02:00;31.25;32.294;1;6.45194133452754;1;6.512;1;0.33;1;1.4;1;0.46;1;2.83;1;0;3.04;0.49
18HU02070_003;SEGB-09;44.725;-51.395;255626;41;11-nov-02;10:02:00;41.39;32.386;1;6.37194357366771;1;5.582;1;0.16;1;2.03;1;0.57;1;3.16;1;0;3.56;0.64
18HU02070_003;SEGB-09;44.725;-51.395;255625;51;11-nov-02;10:02:00;51.33;32.827;1;6.27794446932378;1;2.164;1;0.1;1;4.41;1;1.33;1;8.53;1;0;3.32;0.52
18HU02070_003;SEGB-09;44.725;-51.395;255624;66;11-nov-02;10:02:00;66.55;32.828;1;6.25994402149575;1;2.156;1;0.17;1;3.66;1;1.13;1;6.53;1;0;3.24;0.56
18HU02070_014;SEGB-10;44.3633;-51.1033;255632;12;11-nov-02;13:15:00;12.08;32.369;1;6.34294223018361;1;7.402;1;0.62;1;NaN;9;NaN;9;NaN;9;0;NaN;NaN
18HU02070_014;SEGB-10;44.3633;-51.1033;255631;66;11-nov-02;13:15:00;66.21;32.845;1;5.91294670846395;1;2.71;1;NaN;9;NaN;9;NaN;9;NaN;9;0;NaN;NaN
18HU02070_025;SEGB-11;44;-50.805;255639;5;11-nov-02;15:47:00;5.41;32.5;1;6.24294446932378;1;7.804;1;0.6;1;0.88;1;0.5;1;3.49;1;0;1.76;0.25
18HU02070_025;SEGB-11;44;-50.805;255638;9;11-nov-02;15:47:00;9.45;32.5;1;6.24194357366771;1;7.79;1;0.62;1;1.04;1;0.77;1;3.64;1;0;1.35;0.29
18HU02070_025;SEGB-11;44;-50.805;255637;19;11-nov-02;15:47:00;19.55;32.5;1;6.22894536497985;1;7.722;1;0.61;1;0.85;1;0.71;1;3.75;1;0;1.20;0.23
18HU02070_025;SEGB-11;44;-50.805;255636;29;11-nov-02;15:47:00;29.67;32.499;1;6.20594491715181;1;7.712;1;0.56;1;1.49;1;0.81;1;3.46;1;0;1.84;0.43
18HU02070_025;SEGB-11;44;-50.805;255635;40;11-nov-02;15:47:00;40.78;32.606;1;6.05994626063592;1;7.038;1;0.19;1;1.61;1;0.71;1;4.52;1;0;2.27;0.36
18HU02070_025;SEGB-11;44;-50.805;255634;50;11-nov-02;15:47:00;50.73;32.828;1;6.05094491715181;1;3.967;1;0.12;1;2.88;1;1.07;1;7.72;1;0;2.69;0.37
18HU02070_025;SEGB-11;44;-50.805;255633;65;11-nov-02;15:47:00;65.15;32.942;1;6.11294446932378;1;2.594;1;0.15;1;4.72;1;1.67;1;9.84;1;0;2.83;0.48
18HU02070_036;SEGB-12;43.6333;-50.5167;255646;5;11-nov-02;19:24:00;5.44;32.534;1;6.27694357366771;1;8.591;1;0.76;1;0.62;1;0.36;1;2.74;1;0;1.72;0.23
18HU02070_036;SEGB-12;43.6333;-50.5167;255645;11;11-nov-02;19:24:00;10.88;32.533;1;6.27494402149575;1;8.605;1;0.76;1;0.66;1;0.86;1;3.06;1;0;0.77;0.22
18HU02070_036;SEGB-12;43.6333;-50.5167;255644;21;11-nov-02;19:24:00;21.01;32.543;1;6.15394536497985;1;8.226;1;0.52;1;0.64;1;0.41;1;2.95;1;0;1.56;0.22
18HU02070_036;SEGB-12;43.6333;-50.5167;255643;30;11-nov-02;19:24:00;30.71;32.543;1;6.13694581280788;1;8.223;1;0.41;1;0.66;1;0.42;1;3.05;1;0;1.57;0.22
18HU02070_036;SEGB-12;43.6333;-50.5167;255642;40;11-nov-02;19:24:00;40.69;32.574;1;6.13894536497985;1;7.211;1;0.19;1;1.72;1;0.96;1;3.98;1;0;1.79;0.43
18HU02070_036;SEGB-12;43.6333;-50.5167;255641;50;11-nov-02;19:24:00;50.75;32.665;1;6.22994402149575;1;5.757;1;0.13;1;1.92;1;0.95;1;5.13;1;0;2.02;0.37
18HU02070_036;SEGB-12;43.6333;-50.5167;255640;59;11-nov-02;19:24:00;59.78;32.836;1;6.49994178235558;1;2.648;1;0.23;1;4.01;1;1.44;1;8.61;1;0;2.78;0.47
18HU02070_047;SEGB-13;43.2;-50.1667;255653;5;11-nov-02;22:20:00;4.61;32.558;1;6.42794223018361;1;7.294;1;0.47;1;1.44;1;0.43;1;3.34;1;0;3.35;0.43
18HU02070_047;SEGB-13;43.2;-50.1667;255652;10;11-nov-02;22:20:00;9.65;32.559;1;6.42594267801164;1;7.257;1;0.6;1;1.15;1;0.5;1;4.06;1;0;2.30;0.28
18HU02070_047;SEGB-13;43.2;-50.1667;255651;20;11-nov-02;22:20:00;20.05;32.565;1;6.31794223018361;1;6.925;1;0.44;1;1.76;1;0.58;1;4.54;1;0;3.03;0.39
18HU02070_047;SEGB-13;43.2;-50.1667;255650;30;11-nov-02;22:20:00;30.03;32.568;1;6.31794223018361;1;6.851;1;0.31;1;1.49;1;0.8;1;4.83;1;0;1.86;0.31
18HU02070_047;SEGB-13;43.2;-50.1667;255649;41;11-nov-02;22:20:00;41.01;32.579;1;6.30394312583968;1;6.706;1;0.26;1;1.75;1;0.71;1;4.83;1;0;2.46;0.36
18HU02070_047;SEGB-13;43.2;-50.1667;255648;51;11-nov-02;22:20:00;51.03;32.688;1;6.36194357366771;1;5.319;1;0.22;1;2.53;1;0.72;1;5.63;1;0;3.51;0.45
18HU02070_047;SEGB-13;43.2;-50.1667;255647;63;11-nov-02;22:20:00;63;32.932;1;6.58293999104344;1;1.459;1;0.58;1;6.14;1;1.47;1;10.83;1;0;4.18;0.57
18HU02070_058;SEGB-14;42.92;-49.9417;255654;177;12-nov-02;00:38:00;178.77;34.329;1;6.00494626063592;1;2.771;1;NaN;9;NaN;9;NaN;9;NaN;9;0;NaN;NaN
18HU02070_069;SEGB-15;42.85;-49.8867;255664;5;12-nov-02;01:25:00;4.87;32.55;1;6.64694133452754;1;6.075;1;0.61;1;1.94;1;0.54;1;4.67;1;0;3.59;0.42
18HU02070_069;SEGB-15;42.85;-49.8867;255663;10;12-nov-02;01:25:00;9.9;32.556;1;6.63894088669951;1;5.667;1;0.59;1;2.5;1;0.47;1;4.46;1;0;5.32;0.56
18HU02070_069;SEGB-15;42.85;-49.8867;255662;19;12-nov-02;01:25:00;19.65;32.673;1;6.62194133452754;1;5.033;1;0.53;1;3.06;1;0.61;1;4.43;1;0;5.02;0.69
18HU02070_069;SEGB-15;42.85;-49.8867;255661;29;12-nov-02;01:25:00;29.71;32.781;1;6.67394088669951;1;4.558;1;0.62;1;3.05;1;0.62;1;4.99;1;0;4.92;0.61
18HU02070_069;SEGB-15;42.85;-49.8867;255660;39;12-nov-02;01:25:00;39.6;32.883;1;6.70993954321541;1;4.169;1;0.65;1;3.96;1;0.92;1;5.54;1;0;4.30;0.71
18HU02070_069;SEGB-15;42.85;-49.8867;255659;49;12-nov-02;01:25:00;49.57;33.015;1;6.67993954321541;1;3.943;1;0.33;1;5.16;1;0.94;1;5.7;1;0;5.49;0.91
18HU02070_069;SEGB-15;42.85;-49.8867;255658;74;12-nov-02;01:25:00;74.68;33.317;1;6.66793999104344;1;1.492;1;0.1;1;8.77;1;1.41;1;9;1;0;6.22;0.97
18HU02070_069;SEGB-15;42.85;-49.8867;255657;99;12-nov-02;01:25:00;100.18;33.65;1;6.58793999104344;1;1.902;1;0.04;1;9.97;1;1.46;1;8.77;1;0;6.83;1.14
18HU02070_069;SEGB-15;42.85;-49.8867;255656;150;12-nov-02;01:25:00;150.97;34.375;1;5.24495297805643;1;4.67;1;NaN;9;16.44;1;1.87;1;10.58;1;0;8.79;1.55
18HU02070_069;SEGB-15;42.85;-49.8867;255655;399;12-nov-02;01:25:00;401.78;34.706;1;5.90394760412002;1;3.663;1;NaN;9;16.99;1;1.53;1;10.46;1;0;11.10;1.62
18HU02070_080;SEGB-16;42.775;-49.8283;255665;1490;12-nov-02;03:24:00;1497.08;34.868;1;6.21294446932378;1;3.424;1;NaN;9;NaN;9;NaN;9;NaN;9;0;NaN;NaN
18HU02070_091;SEGB-17;42.5883;-49.6833;255675;6;12-nov-02;06:05:00;5.77;33.115;1;6.04494626063592;1;10.272;1;0.58;1;0.61;1;0.38;1;1.34;1;0;1.61;0.46
18HU02070_091;SEGB-17;42.5883;-49.6833;255674;10;12-nov-02;06:05:00;10.13;33.201;1;5.99994626063592;1;10.542;1;0.54;1;0.48;1;0.21;1;1.36;1;0;2.29;0.35
18HU02070_091;SEGB-17;42.5883;-49.6833;255673;20;12-nov-02;06:05:00;19.87;33.465;1;5.85894760412002;1;11.305;1;0.51;1;0.31;1;0.23;1;1.41;1;0;1.35;0.22
18HU02070_091;SEGB-17;42.5883;-49.6833;255672;30;12-nov-02;06:05:00;30.28;33.743;1;5.66694805194805;1;12.069;1;0.2;1;0.83;1;0.23;1;1.31;1;0;3.61;0.63
18HU02070_091;SEGB-17;42.5883;-49.6833;255671;40;12-nov-02;06:05:00;40.32;33.343;1;6.29894312583968;1;7.287;1;0.15;1;1.84;1;0.32;1;2.5;1;0;5.75;0.74
18HU02070_091;SEGB-17;42.5883;-49.6833;255670;49;12-nov-02;06:05:00;49.64;33.379;1;6.42794223018361;1;6.177;1;0.12;1;3.53;1;0.81;1;3.79;1;0;4.36;0.93
18HU02070_091;SEGB-17;42.5883;-49.6833;255669;75;12-nov-02;06:05:00;75.29;34.023;1;5.97594715629198;1;4.092;1;0;1;8.41;1;1.46;1;5.57;1;0;5.76;1.51
18HU02070_091;SEGB-17;42.5883;-49.6833;255668;100;12-nov-02;06:05:00;100.29;34.187;1;5.70694805194805;1;4.305;1;0;1;12.6;1;1.45;1;7.46;1;0;8.69;1.69
18HU02070_091;SEGB-17;42.5883;-49.6833;255667;148;12-nov-02;06:05:00;149.6;34.56;1;4.78195700850873;1;6.111;1;NaN;9;16.65;1;2.21;1;9.63;1;0;7.53;1.73
18HU02070_091;SEGB-17;42.5883;-49.6833;255666;2573;12-nov-02;06:05:00;2578.73;34.91;1;6.01294670846395;1;2.84;1;NaN;9;14.69;1;1.87;1;10.78;1;0;7.86;1.36
18HU02070_102;SEGB-18;42.395;-49.5183;255677;11;12-nov-02;13:00:00;10.85;32.797;1;6.32394312583968;1;8.697;1;0.75;1;NaN;9;NaN;9;NaN;9;0;NaN;NaN
18HU02070_102;SEGB-18;42.395;-49.5183;255676;2934;12-nov-02;13:00:00;2937.48;34.908;1;6.00394536497985;1;2.54;1;NaN;9;NaN;9;NaN;9;NaN;9;0;NaN;NaN
18HU02070_277;FC-12;47;-48.1167;255808;4;15-nov-02;22:23:00;4.33;32.826;1;7.17693461710703;1;2.587;1;0.24;1;3.38;1;0.91;1;3.29;1;0;3.71;1.03
18HU02070_277;FC-12;47;-48.1167;255807;9;15-nov-02;22:23:00;8.8;32.823;1;7.16993506493507;1;2.598;1;0.62;1;3.43;1;1.19;1;3.49;1;0;2.88;0.98
18HU02070_277;FC-12;47;-48.1167;255806;19;15-nov-02;22:23:00;18.93;32.826;1;7.1679355127631;1;2.585;1;0.61;1;3.55;1;0.6;1;4.3;1;0;5.92;0.83
18HU02070_277;FC-12;47;-48.1167;255805;29;15-nov-02;22:23:00;29.14;33.02;1;7.0229355127631;1;0.822;1;0.21;1;7.57;1;1.32;1;7.53;1;0;5.73;1.01
18HU02070_277;FC-12;47;-48.1167;255804;40;15-nov-02;22:23:00;40.16;33.122;1;6.94393640841917;1;0.348;1;0.15;1;8.18;1;1.39;1;8.58;1;0;5.88;0.95
18HU02070_277;FC-12;47;-48.1167;255803;50;15-nov-02;22:23:00;50.37;33.327;1;6.78993954321541;1;-0.269;1;0.02;1;9.92;1;1.44;1;8.86;1;0;6.89;1.12
18HU02070_277;FC-12;47;-48.1167;255802;75;15-nov-02;22:23:00;76.07;33.552;1;6.62894088669951;1;-0.12;1;0.01;1;11.4;1;1.57;1;10.12;1;0;7.26;1.13
18HU02070_277;FC-12;47;-48.1167;255801;106;15-nov-02;22:23:00;106.71;33.846;1;6.33294446932378;1;0.385;1;0;1;9.26;1;1.15;1;8.39;1;0;8.05;1.10
18HU02070_277;FC-12;47;-48.1167;255800;124;15-nov-02;22:23:00;124.75;33.923;1;6.19294446932378;1;0.582;1;NaN;9;12.83;1;1.37;1;12.34;1;0;9.36;1.04
18HU02070_278;FC-11;47;-48.6167;255809;93;16-nov-02;01:45:00;94.23;33.478;1;6.55594043887147;1;-0.081;1;NaN;9;NaN;9;NaN;9;NaN;9;0;NaN;NaN
18HU02070_279;FC-10;47;-49.1167;255816;6;16-nov-02;04:54:00;5.86;32.592;1;7.21193461710703;1;2.522;1;0.47;1;2.81;1;0.7;1;3.25;1;0;4.01;0.86
18HU02070_279;FC-10;47;-49.1167;255815;10;16-nov-02;04:54:00;10.17;32.593;1;7.18693461710703;1;2.524;1;0.54;1;2.51;1;0.67;1;2.92;1;0;3.75;0.86
18HU02070_279;FC-10;47;-49.1167;255814;20;16-nov-02;04:54:00;20.46;32.594;1;7.1419368562472;1;2.522;1;0.51;1;3.32;1;0.83;1;3.7;1;0;4.00;0.90
18HU02070_279;FC-10;47;-49.1167;255813;29;16-nov-02;04:54:00;28.9;32.595;1;7.13593596059113;1;2.51;1;0.48;1;3.26;1;0.91;1;3.7;1;0;3.58;0.88
18HU02070_279;FC-10;47;-49.1167;255812;40;16-nov-02;04:54:00;40.59;32.859;1;6.95293775190327;1;0.201;1;0.38;1;3.98;1;1.04;1;4.76;1;0;3.83;0.84
18HU02070_279;FC-10;47;-49.1167;255811;50;16-nov-02;04:54:00;50.91;32.985;1;6.8109381997313;1;-0.587;1;0.07;1;6.58;1;1.49;1;7.3;1;0;4.42;0.90
18HU02070_279;FC-10;47;-49.1167;255810;75;16-nov-02;04:54:00;75.83;33.201;1;6.58594043887147;1;-1.042;1;0.04;1;10.48;1;1.73;1;12.56;1;0;6.06;0.83
18HU02070_280;FC-09;47;-50;255823;5;16-nov-02;09:50:00;5.37;32.396;1;6.9719368562472;1;3.456;1;0.5;1;2.83;1;0.82;1;3.16;1;0;3.45;0.90
18HU02070_280;FC-09;47;-50;255822;10;16-nov-02;09:50:00;10.55;32.395;1;6.97893864755934;1;3.456;1;0.52;1;2.32;1;0.74;1;2.91;1;0;3.14;0.80
18HU02070_280;FC-09;47;-50;255821;20;16-nov-02;09:50:00;20.21;32.396;1;6.9769368562472;1;3.457;1;0.55;1;2.35;1;0.73;1;2.96;1;0;3.22;0.79
18HU02070_280;FC-09;47;-50;255820;31;16-nov-02;09:50:00;30.89;32.397;1;6.97593596059113;1;3.453;1;0.57;1;2.26;1;0.72;1;3;1;0;3.14;0.75
18HU02070_280;FC-09;47;-50;255819;36;16-nov-02;09:50:00;36.28;32.414;1;6.97993730407524;1;3.386;1;0.56;1;1.88;1;0.61;1;2.12;1;0;3.08;0.89
18HU02070_280;FC-09;47;-50;255818;47;16-nov-02;09:50:00;47.18;32.556;1;6.98793775190327;1;2.64;1;0.34;1;2.29;1;0.65;1;2.59;1;0;3.52;0.88
18HU02070_280;FC-09;47;-50;255817;76;16-nov-02;09:50:00;76.64;32.928;1;6.34294223018361;1;0.125;1;0.05;1;7.28;1;1.67;1;9.02;1;0;4.36;0.81
18HU02070_281;FC-08;47;-50.6667;255824;169;16-nov-02;12:49:00;170.38;33.357;1;6.47194133452754;1;-0.888;1;NaN;9;NaN;9;NaN;9;NaN;9;0;NaN;NaN
18HU02070_282;FC-07;47;-51;255832;4;16-nov-02;14:39:00;4.03;32.339;1;7.0919368562472;1;2.881;1;0.34;1;2.84;1;1.12;1;3.82;1;0;2.54;0.74
18HU02070_282;FC-07;47;-51;255831;9;16-nov-02;14:39:00;8.99;32.338;1;7.09493506493507;1;2.875;1;0.32;1;2.86;1;1.18;1;3.8;1;0;2.42;0.75
18HU02070_282;FC-07;47;-51;255830;19;16-nov-02;14:39:00;18.83;32.338;1;7.0979355127631;1;2.867;1;0.33;1;3.06;1;1.17;1;4.14;1;0;2.62;0.74
18HU02070_282;FC-07;47;-51;255829;29;16-nov-02;14:39:00;28.87;32.341;1;7.09393640841917;1;2.84;1;0.3;1;2.77;1;1.27;1;3.81;1;0;2.18;0.73
18HU02070_282;FC-07;47;-51;255828;39;16-nov-02;14:39:00;39.05;32.35;1;7.08993730407524;1;2.784;1;0.3;1;2.07;1;0.68;1;2.94;1;0;3.04;0.70
18HU02070_282;FC-07;47;-51;255827;49;16-nov-02;14:39:00;49.49;32.389;1;7.09593596059113;1;2.611;1;0.24;1;2.08;1;0.81;1;3.07;1;0;2.57;0.68
18HU02070_282;FC-07;47;-51;255826;74;16-nov-02;14:39:00;74.38;32.996;1;6.80493954321541;1;-0.465;1;0.04;1;5.84;1;1.18;1;6.87;1;0;4.95;0.85
18HU02070_282;FC-07;47;-51;255825;100;16-nov-02;14:39:00;100.36;33.273;1;6.60494178235558;1;-0.942;1;0.01;1;8.69;1;1.27;1;10.21;1;0;6.84;0.85
18HU02070_283;FC-06;47;-51.485;255834;10;16-nov-02;17:34:00;10.08;32.135;1;6.72793999104344;1;4.847;1;0.3;1;NaN;9;NaN;9;NaN;9;0;NaN;NaN
18HU02070_283;FC-06;47;-51.485;255833;93;16-nov-02;17:34:00;94.2;33.282;1;6.63894088669951;1;-0.955;1;NaN;9;NaN;9;NaN;9;NaN;9;0;NaN;NaN
18HU02070_285;FC-05;47;-52.0333;255843;4;16-nov-02;20:08:00;4.5;31.889;1;7.06993730407524;1;3.681;1;0.57;1;1.61;1;0.57;1;3.15;1;0;2.82;0.51
18HU02070_285;FC-05;47;-52.0333;255842;9;16-nov-02;20:08:00;9.35;31.89;1;7.0719368562472;1;3.682;1;0.58;1;1.8;1;0.58;1;3.1;1;0;3.10;0.58
18HU02070_285;FC-05;47;-52.0333;255841;19;16-nov-02;20:08:00;19.02;31.986;1;7.09493506493507;1;3.429;1;0.65;1;1.77;1;0.51;1;3.58;1;0;3.47;0.49
18HU02070_285;FC-05;47;-52.0333;255840;30;16-nov-02;20:08:00;29.85;32.484;1;7.0929355127631;1;2.182;1;0.18;1;3.2;1;0.91;1;4.47;1;0;3.52;0.72
18HU02070_285;FC-05;47;-52.0333;255839;39;16-nov-02;20:08:00;39.79;32.514;1;7.09493506493507;1;2.006;1;0.17;1;3.39;1;0.85;1;4.55;1;0;3.99;0.75
18HU02070_285;FC-05;47;-52.0333;255838;49;16-nov-02;20:08:00;49.71;32.619;1;7.04293775190327;1;1.429;1;0.13;1;5.03;1;0.92;1;5.67;1;0;5.47;0.89
18HU02070_285;FC-05;47;-52.0333;255837;75;16-nov-02;20:08:00;75.33;32.931;1;7.0719368562472;1;-1.222;1;0.01;1;8.04;1;1.8;1;9.77;1;0;4.47;0.82
18HU02070_285;FC-05;47;-52.0333;255836;99;16-nov-02;20:08:00;100.04;33.058;1;6.89493730407524;1;-1.195;1;0;1;10.72;1;1.92;1;10.81;1;0;5.58;0.99
18HU02070_285;FC-05;47;-52.0333;255835;132;16-nov-02;20:08:00;132.65;33.365;1;6.59594043887147;1;-0.815;1;NaN;9;11.91;1;1.63;1;13.22;1;0;7.31;0.90
18HU02070_295;FC-04;47;-52.3217;255852;5;16-nov-02;22:36:00;5.09;31.957;1;7.05293775190327;1;3.554;1;0.48;1;1.67;1;1.53;1;4.15;1;0;1.09;0.40
18HU02070_295;FC-04;47;-52.3217;255851;10;16-nov-02;22:36:00;9.84;31.957;1;7.06393640841917;1;3.556;1;0.49;1;1.96;1;0.96;1;3.61;1;0;2.04;0.54
18HU02070_295;FC-04;47;-52.3217;255850;19;16-nov-02;22:36:00;19.55;32.039;1;7.0769368562472;1;3.323;1;0.49;1;2.21;1;0.91;1;3.7;1;0;2.43;0.60
18HU02070_295;FC-04;47;-52.3217;255849;30;16-nov-02;22:36:00;29.86;32.215;1;7.06993730407524;1;2.592;1;0.24;1;3.14;1;1.02;1;4.24;1;0;3.08;0.74
18HU02070_295;FC-04;47;-52.3217;255848;40;16-nov-02;22:36:00;40.08;32.379;1;7.06893640841917;1;1.597;1;0.14;1;3.7;1;1.22;1;5.83;1;0;3.03;0.63
18HU02070_295;FC-04;47;-52.3217;255847;51;16-nov-02;22:36:00;50.96;32.789;1;7.10493730407524;1;-0.823;1;0.02;1;7.13;1;1.55;1;9.33;1;0;4.60;0.76
18HU02070_295;FC-04;47;-52.3217;255846;75;16-nov-02;22:36:00;75.32;32.907;1;6.9609381997313;1;-1.118;1;0;1;8.91;1;1.77;1;8.99;1;0;5.03;0.99
18HU02070_295;FC-04;47;-52.3217;255845;100;16-nov-02;22:36:00;100.96;33.1;1;6.86793775190327;1;-1.17;1;0.01;1;9.75;1;1.59;1;9.58;1;0;6.13;1.02
18HU02070_295;FC-04;47;-52.3217;255844;119;16-nov-02;22:36:00;120.04;33.244;1;6.66493954321541;1;-1.002;1;NaN;9;11.92;1;1.55;1;13.55;1;0;7.69;0.88
18HU02070_296;FC-03;47;-52.58;255861;6;17-nov-02;00:05:00;5.67;31.626;1;6.94793775190327;1;4.285;1;0.66;1;1.21;1;0.67;1;2.93;1;0;1.81;0.41
18HU02070_296;FC-03;47;-52.58;255860;10;17-nov-02;00:05:00;10.48;31.629;1;6.95293775190327;1;4.282;1;0.54;1;1.43;1;0.31;1;3.82;1;0;4.61;0.37
18HU02070_296;FC-03;47;-52.58;255859;20;17-nov-02;00:05:00;20.38;31.709;1;6.97793775190327;1;4.098;1;0.57;1;1.68;1;0.36;1;4.2;1;0;4.67;0.40
18HU02070_296;FC-03;47;-52.58;255858;30;17-nov-02;00:05:00;30.17;31.968;1;7.02993730407524;1;3.466;1;0.38;1;2.3;1;0.93;1;4.56;1;0;2.47;0.50
18HU02070_296;FC-03;47;-52.58;255857;39;17-nov-02;00:05:00;39.82;32.185;1;7.09893640841917;1;2.765;1;0.29;1;2.16;1;0.92;1;4.9;1;0;2.35;0.44
18HU02070_296;FC-03;47;-52.58;255856;50;17-nov-02;00:05:00;50.4;32.292;1;7.05293775190327;1;2.141;1;0.17;1;2.63;1;0.8;1;4.58;1;0;3.29;0.57
18HU02070_296;FC-03;47;-52.58;255855;75;17-nov-02;00:05:00;75.74;32.652;1;7.0929355127631;1;-0.173;1;0.03;1;6.47;1;1.23;1;8.97;1;0;5.26;0.72
18HU02070_296;FC-03;47;-52.58;255854;100;17-nov-02;00:05:00;100.74;32.945;1;6.9419368562472;1;-1.208;1;0;1;9.63;1;1.22;1;12.36;1;0;7.89;0.78
18HU02070_296;FC-03;47;-52.58;255853;150;17-nov-02;00:05:00;151.54;33.208;1;6.73094043887147;1;-1.088;1;NaN;9;11.81;1;1.34;1;14.28;1;0;8.81;0.83
18HU02070_297;FC-02;47;-52.705;255862;179;17-nov-02;01:32:00;180.91;33.211;1;6.71793999104344;1;-1.097;1;NaN;9;NaN;9;NaN;9;NaN;9;0;NaN;NaN
18HU02070_298;FC-01;47;-52.8317;255870;5;17-nov-02;02:22:00;5.09;31.575;1;6.90293775190327;1;4.439;1;0.43;1;1.37;1;0.93;1;2.27;1;0;1.47;0.60
18HU02070_298;FC-01;47;-52.8317;255869;10;17-nov-02;02:22:00;10.32;31.574;1;6.9019368562472;1;4.443;1;0.43;1;1.43;1;0.98;1;2.23;1;0;1.46;0.64
18HU02070_298;FC-01;47;-52.8317;255868;20;17-nov-02;02:22:00;20.3;31.579;1;6.9009381997313;1;4.447;1;0.42;1;1.37;1;1.12;1;2.21;1;0;1.22;0.62
18HU02070_298;FC-01;47;-52.8317;255867;30;17-nov-02;02:22:00;30.12;31.624;1;6.91293775190327;1;4.225;1;0.33;1;1.25;1;0.7;1;2.1;1;0;1.79;0.60
18HU02070_298;FC-01;47;-52.8317;255866;40;17-nov-02;02:22:00;40.28;31.726;1;6.95893864755934;1;3.707;1;0.27;1;1.61;1;0.82;1;2.36;1;0;1.96;0.68
18HU02070_298;FC-01;47;-52.8317;255865;50;17-nov-02;02:22:00;50.55;31.966;1;6.93993730407523;1;3.11;1;0.15;1;2.06;1;0.91;1;2.86;1;0;2.26;0.72
18HU02070_298;FC-01;47;-52.8317;255864;75;17-nov-02;02:22:00;75.87;32.301;1;7.03793775190327;1;2.28;1;0.15;1;6.2;1;1.59;1;6.51;1;0;3.90;0.95
18HU02070_298;FC-01;47;-52.8317;255863;99;17-nov-02;02:22:00;99.81;32.71;1;7.01593596059113;1;-0.086;1;0.04;1;6.17;1;1.39;1;6.56;1;0;4.44;0.94
18HU02070_299;STN27;47.5467;-52.5867;255880;5;17-nov-02;07:06:00;5.37;31.553;1;6.86993730407524;1;4.278;1;0.28;1;1.37;1;0.95;1;1.76;1;0;1.44;0.78
18HU02070_299;STN27;47.5467;-52.5867;255879;10;17-nov-02;07:06:00;10.51;31.553;1;6.87293775190327;1;4.281;1;0.28;1;1.05;1;0.68;1;1.54;1;0;1.54;0.68
18HU02070_299;STN27;47.5467;-52.5867;255878;19;17-nov-02;07:06:00;19.64;31.553;1;6.86893864755934;1;4.276;1;0.26;1;1.48;1;1.1;1;2.58;1;0;1.35;0.57
18HU02070_299;STN27;47.5467;-52.5867;255877;29;17-nov-02;07:06:00;29.74;31.556;1;6.86993730407524;1;4.309;1;0.3;1;1.16;1;0.63;1;1.7;1;0;1.84;0.68
18HU02070_299;STN27;47.5467;-52.5867;255876;40;17-nov-02;07:06:00;39.86;31.556;1;6.86993730407524;1;4.294;1;0.29;1;1.68;1;0.76;1;2.46;1;0;2.21;0.68
18HU02070_299;STN27;47.5467;-52.5867;255875;50;17-nov-02;07:06:00;50.03;31.562;1;6.8709381997313;1;4.326;1;0.31;1;1.45;1;0.82;1;2.43;1;0;1.77;0.60
18HU02070_299;STN27;47.5467;-52.5867;255874;75;17-nov-02;07:06:00;75.41;32.402;1;7.1079355127631;1;1.737;1;0.18;1;3.82;1;1.13;1;3.99;1;0;3.38;0.96
18HU02070_299;STN27;47.5467;-52.5867;255873;100;17-nov-02;07:06:00;100.42;32.65;1;7.05493730407524;1;0.038;1;0.02;1;6.78;1;1.95;1;6.18;1;0;3.48;1.10
18HU02070_299;STN27;47.5467;-52.5867;255872;150;17-nov-02;07:06:00;151.1;33.039;1;6.77993954321541;1;-1.001;1;NaN;9;10.21;1;2.1;1;11.03;1;0;4.86;0.93
18HU02070_299;STN27;47.5467;-52.5867;255871;173;17-nov-02;07:06:00;174.39;33.341;1;6.40294223018361;1;-0.722;1;NaN;9;12.37;1;2.15;1;14.86;1;0;5.75;0.83
18HU02070_328;S27-09;47.94;-50.72;256036;5;21-nov-02;15:37:00;4.71;32.628;1;7.16593596059113;1;1.792;1;0.4;1;3.52;1;0.94;1;4.77;1;0;3.74;0.74
18HU02070_328;S27-09;47.94;-50.72;256035;10;21-nov-02;15:37:00;9.8;32.628;1;7.15993506493507;1;1.786;1;0.45;1;3.66;1;0.95;1;5.32;1;0;3.85;0.69
18HU02070_328;S27-09;47.94;-50.72;256034;20;21-nov-02;15:37:00;19.93;32.628;1;7.16493506493507;1;1.783;1;0.44;1;3.07;1;0.52;1;4.19;1;0;5.90;0.73
18HU02070_328;S27-09;47.94;-50.72;256033;30;21-nov-02;15:37:00;30.41;32.628;1;7.15993506493507;1;1.775;1;0.43;1;3.2;1;0.49;1;4.12;1;0;6.53;0.78
18HU02070_328;S27-09;47.94;-50.72;256032;40;21-nov-02;15:37:00;40.15;32.63;1;7.15493506493507;1;1.776;1;0.36;1;2.8;1;0.81;1;3.63;1;0;3.46;0.77
18HU02070_328;S27-09;47.94;-50.72;256031;50;21-nov-02;15:37:00;50.27;32.747;1;6.98793775190327;1;1.241;1;0.3;1;4.85;1;1.18;1;5.99;1;0;4.11;0.81
18HU02070_328;S27-09;47.94;-50.72;256030;75;21-nov-02;15:37:00;75.88;32.989;1;6.81293999104344;1;-0.137;1;0.14;1;8.47;1;1.35;1;8.08;1;0;6.27;1.05
18HU02070_328;S27-09;47.94;-50.72;256029;100;21-nov-02;15:37:00;100.71;33.545;1;6.44594267801164;1;-0.372;1;NaN;9;12.29;1;1.46;1;12.46;1;0;8.42;0.99
18HU02070_329;S27-08;47.89;-50.95;256038;11;21-nov-02;17:36:00;10.75;32.573;1;7.1729355127631;1;1.949;1;0.34;1;NaN;9;NaN;9;NaN;9;0;NaN;NaN
18HU02070_329;S27-08;47.89;-50.95;256037;121;21-nov-02;17:36:00;122.04;33.347;1;6.56094043887147;1;-0.698;1;NaN;9;NaN;9;NaN;9;NaN;9;0;NaN;NaN
18HU02070_330;S27-07;47.84;-51.19;256048;5;21-nov-02;18:57:00;5.12;32.655;1;7.17993506493506;1;1.864;1;0.33;1;NaN;9;NaN;9;NaN;9;0;NaN;NaN
18HU02070_330;S27-07;47.84;-51.19;256047;10;21-nov-02;18:57:00;10.19;32.655;1;7.18193461710703;1;1.863;1;0.43;1;NaN;9;NaN;9;NaN;9;0;NaN;NaN
18HU02070_330;S27-07;47.84;-51.19;256046;20;21-nov-02;18:57:00;19.99;32.703;1;7.14393640841917;1;1.954;1;0.46;1;NaN;9;NaN;9;NaN;9;0;NaN;NaN
18HU02070_330;S27-07;47.84;-51.19;256045;30;21-nov-02;18:57:00;29.88;32.718;1;7.1519368562472;1;1.95;1;0.46;1;3.78;1;0.6;1;6.56;1;0;6.30;0.58
18HU02070_330;S27-07;47.84;-51.19;256044;40;21-nov-02;18:57:00;40.64;32.729;1;7.1429355127631;1;1.955;1;0.46;1;4.2;1;0.57;1;6.61;1;0;7.37;0.64
18HU02070_330;S27-07;47.84;-51.19;256043;50;21-nov-02;18:57:00;50.01;32.741;1;7.12393640841917;1;1.971;1;0.5;1;3.69;1;0.55;1;6.03;1;0;6.71;0.61
18HU02070_330;S27-07;47.84;-51.19;256042;75;21-nov-02;18:57:00;75.77;33.161;1;6.73193909538737;1;-0.528;1;0.14;1;9.91;1;1.96;1;8.93;1;0;5.06;1.11
18HU02070_330;S27-07;47.84;-51.19;256041;98;21-nov-02;18:57:00;99.16;33.286;1;6.69394088669951;1;-0.611;1;0.01;1;10.94;1;2.1;1;9.85;1;0;5.21;1.11
18HU02070_330;S27-07;47.84;-51.19;256040;150;21-nov-02;18:57:00;151.02;33.625;1;6.44594267801164;1;-0.141;1;NaN;9;12.3;1;1.77;1;11.53;1;0;6.95;1.07
18HU02070_330;S27-07;47.84;-51.19;256039;169;21-nov-02;18:57:00;170.44;33.699;1;6.38094267801164;1;0.068;1;NaN;9;12.21;1;1.92;1;11.55;1;0;6.36;1.06
18HU02070_333;S27-06;47.79;-51.42;256049;138;21-nov-02;20:57:00;138.62;33.516;1;6.42594267801164;1;-0.494;1;NaN;9;NaN;9;NaN;9;NaN;9;0;NaN;NaN
18HU02070_334;S27-05;47.74;-51.65;256058;5;21-nov-02;22:18:00;5.29;32.427;1;7.16593596059113;1;1.885;1;0.37;1;3.16;1;0.89;1;4.81;1;0;3.55;0.66
18HU02070_334;S27-05;47.74;-51.65;256057;10;21-nov-02;22:18:00;9.97;32.427;1;7.16493506493507;1;1.884;1;0.45;1;2.75;1;0.62;1;3.86;1;0;4.44;0.71
18HU02070_334;S27-05;47.74;-51.65;256056;20;21-nov-02;22:18:00;19.83;32.429;1;7.16493506493507;1;1.883;1;0.45;1;3.07;1;0.95;1;4.56;1;0;3.23;0.67
18HU02070_334;S27-05;47.74;-51.65;256055;30;21-nov-02;22:18:00;30.32;32.436;1;7.15393640841917;1;1.88;1;0.4;1;2.86;1;0.69;1;3.96;1;0;4.14;0.72
18HU02070_334;S27-05;47.74;-51.65;256054;40;21-nov-02;22:18:00;40.04;32.442;1;7.15493506493507;1;1.872;1;0.39;1;3.73;1;0.94;1;4.74;1;0;3.97;0.79
18HU02070_334;S27-05;47.74;-51.65;256053;50;21-nov-02;22:18:00;50.22;32.533;1;7.07593596059113;1;1.457;1;0.27;1;2.92;1;0.77;1;4.51;1;0;3.79;0.65
18HU02070_334;S27-05;47.74;-51.65;256052;76;21-nov-02;22:18:00;76.2;32.896;1;6.87893864755934;1;-0.752;1;0.07;1;9.08;1;1.54;1;8.99;1;0;5.90;1.01
18HU02070_334;S27-05;47.74;-51.65;256051;99;21-nov-02;22:18:00;100.15;33.062;1;6.76793999104344;1;-1.022;1;0.02;1;9.92;1;1.46;1;9.45;1;0;6.79;1.05
18HU02070_334;S27-05;47.74;-51.65;256050;149;21-nov-02;22:18:00;150.57;33.334;1;6.52194133452754;1;-0.921;1;NaN;9;11.95;1;1.73;1;13.76;1;0;6.91;0.87
18HU02070_335;S27-04;47.68;-51.88;256059;178;22-nov-02;00:45:00;179.27;33.484;1;6.42194357366771;1;-0.393;1;NaN;9;NaN;9;NaN;9;NaN;9;0;NaN;NaN
18HU02070_336;S27-03;47.63;-52.12;256069;4;22-nov-02;04:16:00;4.41;32.362;1;7.26193461710703;1;1.459;1;0.26;1;3.93;1;0.85;1;6.02;1;0;4.62;0.65
18HU02070_336;S27-03;47.63;-52.12;256068;9;22-nov-02;04:16:00;9.54;32.365;1;7.25693461710703;1;1.46;1;0.32;1;3.03;1;1.05;1;3.12;1;0;2.89;0.97
18HU02070_336;S27-03;47.63;-52.12;256067;20;22-nov-02;04:16:00;19.69;32.374;1;7.25693461710703;1;1.454;1;0.36;1;3.48;1;1.12;1;3.84;1;0;3.11;0.91
18HU02070_336;S27-03;47.63;-52.12;256066;29;22-nov-02;04:16:00;29.53;32.409;1;7.26093372145096;1;1.432;1;0.35;1;3.61;1;1.04;1;3.77;1;0;3.47;0.96
18HU02070_336;S27-03;47.63;-52.12;256065;39;22-nov-02;04:16:00;39.59;32.519;1;7.11593596059113;1;1.244;1;0.23;1;4.45;1;1.25;1;4.85;1;0;3.56;0.92
18HU02070_336;S27-03;47.63;-52.12;256064;50;22-nov-02;04:16:00;50.24;32.595;1;7.0169368562472;1;0.917;1;0.1;1;4.06;1;1.34;1;4.32;1;0;3.03;0.94
18HU02070_336;S27-03;47.63;-52.12;256063;74;22-nov-02;04:16:00;74.51;32.726;1;6.9009381997313;1;-0.24;1;0.03;1;7.2;1;1.99;1;7.52;1;0;3.62;0.96
18HU02070_336;S27-03;47.63;-52.12;256062;98;22-nov-02;04:16:00;98.98;32.815;1;6.85893864755934;1;-0.616;1;0.18;1;7.99;1;0.95;1;10.78;1;0;8.41;0.74
18HU02070_336;S27-03;47.63;-52.12;256061;149;22-nov-02;04:16:00;149.85;33.075;1;6.71594043887147;1;-0.718;1;NaN;9;9.66;1;1.01;1;12.12;1;0;9.56;0.80
18HU02070_336;S27-03;47.63;-52.12;256060;166;22-nov-02;04:16:00;167.37;33.548;1;6.32594267801164;1;-0.267;1;NaN;9;11.97;1;1.44;1;16.48;1;0;8.31;0.73
18HU02070_337;S27-02;47.58;-52.35;256070;163;22-nov-02;06:25:00;164.38;33.514;1;6.33294446932378;1;-0.464;1;NaN;9;NaN;9;NaN;9;NaN;9;0;NaN;NaN
18HU02070_338;STN27;47.5467;-52.5867;256080;5;22-nov-02;07:37:00;4.96;31.549;1;6.87193909538737;1;3.963;1;0.23;1;1.4;1;0.64;1;2.43;1;0;2.19;0.58
18HU02070_338;STN27;47.5467;-52.5867;256079;9;22-nov-02;07:37:00;9.31;31.618;1;6.88493954321541;1;3.645;1;0.22;1;0.97;1;0.5;1;1.53;1;0;1.94;0.63
18HU02070_338;STN27;47.5467;-52.5867;256078;20;22-nov-02;07:37:00;19.75;31.664;1;6.8959381997313;1;3.497;1;0.19;1;2;1;0.85;1;2.2;1;0;2.35;0.91
18HU02070_338;STN27;47.5467;-52.5867;256077;30;22-nov-02;07:37:00;30.24;31.748;1;6.89893864755934;1;3.317;1;0.16;1;1.15;1;0.45;1;1.96;1;0;2.56;0.59
18HU02070_338;STN27;47.5467;-52.5867;256076;40;22-nov-02;07:37:00;39.88;31.782;1;6.9519368562472;1;3.141;1;0.17;1;2.2;1;0.86;1;3.02;1;0;2.56;0.73
18HU02070_338;STN27;47.5467;-52.5867;256075;48;22-nov-02;07:37:00;48.46;31.865;1;6.97893864755934;1;2.844;1;0.18;1;1.96;1;0.8;1;2.44;1;0;2.45;0.80
18HU02070_338;STN27;47.5467;-52.5867;256074;75;22-nov-02;07:37:00;75.18;32.307;1;7.08393640841917;1;1.811;1;0.18;1;2.52;1;0.73;1;3.14;1;0;3.45;0.80
18HU02070_338;STN27;47.5467;-52.5867;256073;100;22-nov-02;07:37:00;100.47;32.639;1;6.99393640841917;1;0.286;1;0.06;1;5.1;1;1.81;1;5.28;1;0;2.82;0.97
18HU02070_338;STN27;47.5467;-52.5867;256072;150;22-nov-02;07:37:00;150.76;33.246;1;6.57094043887147;1;-0.802;1;NaN;9;8.07;1;1.67;1;8.25;1;0;4.83;0.98
18HU02070_338;STN27;47.5467;-52.5867;256071;173;22-nov-02;07:37:00;174.68;33.282;1;6.57594043887147;1;-0.74;1;NaN;9;10.96;1;1.82;1;11.44;1;0;6.02;0.96
