CTD;CTD;CTD;CTD;CTD;CTD;CTD;CTD;CTD;CTD;labo;labo;labo;labo;labo;labo;labo;labo;labo;calc;calc
Fichier;Station;Latitude;Longitude;Echantillon;zbouteille;Date;Heure;PSAL;TEMP_XX;OXYM_01;Q_OXYM;NOx_01;Q_NOX;PO4_01;Q_PO4;Si_01;Q_Si;QCFF;N_P;N_Si
(nom);(nom/no);(degres);(degres);(no_unique);(dbar);(jj-mmm-yyyy);(GMT);(psu);(celsius);(mmol/m**3);((none));(mmol/m**3);((none));(mmol/m**3);((none));(mmol/m**3);((none));((none));((none));((none))
181091058_002;CAST#1;46.215;-57.16833;106007;1;24-nov-91;17:00:00;32.06;5.39;7.38916256157635;1;1.05;1;0.437;1;0.88;1;0;2.40;1.19
181091058_002;CAST#1;46.215;-57.16833;106006;27;24-nov-91;17:00:00;32.04;5.3;7.29959695476937;1;1.06;1;0.397;1;0.81;1;0;2.67;1.31
181091058_002;CAST#1;46.215;-57.16833;106005;55;24-nov-91;17:00:00;32.63;1.23;7.36677115987461;1;5.51;1;0.78;1;4.39;1;0;7.06;1.26
181091058_002;CAST#1;46.215;-57.16833;106004;78;24-nov-91;17:00:00;32.92;0.85;6.96372592924317;1;8.18;1;0.935;1;7.91;1;0;8.75;1.03
181091058_002;CAST#1;46.215;-57.16833;106003;104;24-nov-91;17:00:00;32.98;0.89;6.87416032243619;1;9.11;1;0.992;1;8.83;1;0;9.18;1.03
181091058_002;CAST#1;46.215;-57.16833;106002;154;24-nov-91;17:00:00;NaN;NaN;5.93372145096283;1;13.15;1;1.142;1;12.86;1;0;11.51;1.02
181091058_113;CAST#1;46.14;-57.25333;106014;1;24-nov-91;18:24:00;31.85;4.85;7.45633676668159;1;0.64;1;0.392;1;0.69;1;0;1.63;0.93
181091058_113;CAST#1;46.14;-57.25333;106013;53;24-nov-91;18:24:00;32.52;0.22;7.88177339901478;1;6.19;1;0.842;1;4.05;1;0;7.35;1.53
181091058_113;CAST#1;46.14;-57.25333;106012;103;24-nov-91;18:24:00;33.1;-0.43;6.94133452754142;1;8.57;1;1.055;1;10.47;1;0;8.12;0.82
181091058_113;CAST#1;46.14;-57.25333;106011;153;24-nov-91;18:24:00;33.72;2.38;5.97850425436632;1;11.62;1;1.008;1;10.08;1;0;11.53;1.15
181091058_113;CAST#1;46.14;-57.25333;106010;203;24-nov-91;18:24:00;34.35;4.83;3.69458128078818;1;18.9;1;1.518;1;21.42;1;0;12.45;0.88
181091058_113;CAST#1;46.14;-57.25333;106009;252;24-nov-91;18:24:00;34.67;5.59;4.25436632333184;1;21.1;1;1.474;1;18.33;1;0;14.31;1.15
181091058_113;CAST#1;46.14;-57.25333;106008;292;24-nov-91;18:24:00;NaN;NaN;4.1871921182266;1;15.43;1;1.147;1;13.07;1;0;13.45;1.18
181091058_225;CAST#1;46.06167;-57.34833;106021;1;24-nov-91;19:46:00;31.56;5.91;7.16524854455889;1;1.37;1;0.376;1;1.9;1;0;3.64;0.72
181091058_225;CAST#1;46.06167;-57.34833;106020;142;24-nov-91;19:46:00;33.46;1.22;6.58307210031348;1;8.24;1;0.845;1;7.41;1;0;9.75;1.11
181091058_225;CAST#1;46.06167;-57.34833;106019;187;24-nov-91;19:46:00;34.1;3.93;5.55306762203314;1;12.35;1;1.005;1;10.51;1;0;12.29;1.18
181091058_225;CAST#1;46.06167;-57.34833;106018;239;24-nov-91;19:46:00;34.58;5.42;5.12763098969996;1;NaN;9;NaN;9;NaN;9;0;NaN;NaN
181091058_225;CAST#1;46.06167;-57.34833;106017;290;24-nov-91;19:46:00;34.73;5.46;4.1871921182266;1;19.41;1;1.418;1;18.22;1;0;13.69;1.07
181091058_225;CAST#1;46.06167;-57.34833;106016;337;24-nov-91;19:46:00;34.84;4.99;4.38871473354232;1;18.72;1;1.395;1;19.24;1;0;13.42;0.97
181091058_225;CAST#1;46.06167;-57.34833;106015;400;24-nov-91;19:46:00;NaN;NaN;5.12763098969996;1;19.1;1;1.346;1;17.68;1;0;14.19;1.08
181091058_264;CAST#1;45.99167;-57.45167;106028;1;24-nov-91;21:12:00;31.57;6.15;7.23242274966413;1;1.09;1;0.35;1;1.76;1;0;3.11;0.62
181091058_264;CAST#1;45.99167;-57.45167;106027;152;24-nov-91;21:12:00;33.64;2.57;4.83654276757725;1;15.13;1;1.355;1;17.57;1;0;11.17;0.86
181091058_264;CAST#1;45.99167;-57.45167;106026;199;24-nov-91;21:12:00;34.09;3.94;4.03045230631438;1;15.75;1;1.3;1;17.86;1;0;12.12;0.88
181091058_264;CAST#1;45.99167;-57.45167;106025;250;24-nov-91;21:12:00;34.54;5.25;3.62740707568294;1;20.07;1;1.477;1;21.74;1;0;13.59;0.92
181091058_264;CAST#1;45.99167;-57.45167;106024;299;24-nov-91;21:12:00;34.74;5.33;4.36632333184057;1;19.72;1;1.428;1;17.78;1;0;13.81;1.11
181091058_264;CAST#1;45.99167;-57.45167;106023;346;24-nov-91;21:12:00;34.83;5.11;3.80653828929691;1;20.41;1;1.498;1;22.52;1;0;13.62;0.91
181091058_264;CAST#1;45.99167;-57.45167;106022;441;24-nov-91;21:12:00;34.91;NaN;5.17241379310345;1;NaN;9;NaN;9;NaN;9;0;NaN;NaN
181091058_284;CAST#1;45.92167;-57.535;106035;1;24-nov-91;22:28:00;31.53;6.04;7.21003134796238;1;1.18;1;0.331;1;1.71;1;0;3.56;0.69
181091058_284;CAST#1;45.92167;-57.535;106034;153;24-nov-91;22:28:00;33.84;3.11;4.65741155396328;1;10.5;1;1.034;1;11.56;1;0;10.15;0.91
181091058_284;CAST#1;45.92167;-57.535;106033;204;24-nov-91;22:28:00;34.29;4.65;3.58262427227944;1;19.49;1;1.526;1;21.93;1;0;12.77;0.89
181091058_284;CAST#1;45.92167;-57.535;106032;254;24-nov-91;22:28:00;34.66;5.59;3.94088669950739;1;20.04;1;1.412;1;18.48;1;0;14.19;1.08
181091058_284;CAST#1;45.92167;-57.535;106031;303;24-nov-91;22:28:00;34.76;5.25;4.27675772503359;1;18.96;1;1.261;1;17.05;1;0;15.04;1.11
181091058_284;CAST#1;45.92167;-57.535;106030;352;24-nov-91;22:28:00;34.85;5.05;4.36632333184057;1;15.21;1;1.155;1;15.43;1;0;13.17;0.99
181091058_284;CAST#1;45.92167;-57.535;106029;467;24-nov-91;22:28:00;NaN;NaN;5.26197939991043;1;19.48;1;1.278;1;17.94;1;0;15.24;1.09
181091058_304;CAST#1;45.84833;-57.625;106042;1;24-nov-91;23:50:00;31.57;5.89;7.16524854455889;1;1.4;1;0.378;1;1.97;1;0;3.70;0.71
181091058_304;CAST#1;45.84833;-57.625;106041;151;24-nov-91;23:50:00;33.61;1.79;6.09046126287506;1;12.34;1;1.104;1;11.93;1;0;11.18;1.03
181091058_304;CAST#1;45.84833;-57.625;106040;196;24-nov-91;23:50:00;34.31;4.76;4.50067174205105;1;11.72;1;0.971;1;11.38;1;0;12.07;1.03
181091058_304;CAST#1;45.84833;-57.625;106039;247;24-nov-91;23:50:00;34.67;5.64;4.00806090461263;1;17.11;1;1.222;1;15.81;1;0;14.00;1.08
181091058_304;CAST#1;45.84833;-57.625;106038;298;24-nov-91;23:50:00;34.78;5.34;4.16480071652486;1;18.17;1;1.329;1;17.36;1;0;13.67;1.05
181091058_304;CAST#1;45.84833;-57.625;106037;349;24-nov-91;23:50:00;34.87;5.04;4.29914912673533;1;15.39;1;1.151;1;15.13;1;0;13.37;1.02
181091058_304;CAST#1;45.84833;-57.625;106036;473;24-nov-91;23:50:00;NaN;NaN;5.08284818629646;1;15.01;1;1.163;1;15.81;1;0;12.91;0.95
181091058_315;CAST#1;46.91167;-60.17833;106054;18;27-nov-91;00:46:00;30.26;5.78;6.94133452754142;1;3.98;1;0.648;1;6.81;1;0;6.14;0.58
181091058_315;CAST#1;46.91167;-60.17833;106052;66;27-nov-91;00:46:00;30.33;5.71;6.67263770712047;1;4.09;1;0.651;1;6.73;1;0;6.28;0.61
181091058_315;CAST#1;46.91167;-60.17833;106051;91;27-nov-91;00:46:00;30.9;4.24;6.31437527989252;1;6.11;1;0.796;1;8.19;1;0;7.68;0.75
181091058_315;CAST#1;46.91167;-60.17833;106050;97;27-nov-91;00:46:00;NaN;NaN;6.69502910882221;1;7.23;1;0.917;1;9.47;1;0;7.88;0.76
181091058_326;CAST#1;47.06167;-59.98667;106062;27;27-nov-91;02:55:00;30.55;5.52;6.38154948499776;1;3.82;1;0.623;1;5.64;1;0;6.13;0.68
181091058_326;CAST#1;47.06167;-59.98667;106061;52;27-nov-91;02:55:00;30.9;4.77;6.80698611733095;1;5.21;1;0.705;1;7.13;1;0;7.39;0.73
181091058_326;CAST#1;47.06167;-59.98667;106060;77;27-nov-91;02:55:00;32;1.55;6.448723690103;1;8.63;1;1.055;1;10.22;1;0;8.18;0.84
181091058_326;CAST#1;47.06167;-59.98667;106059;102;27-nov-91;02:55:00;32.53;0.45;7.34437975817286;1;7.18;1;0.87;1;5.87;1;0;8.25;1.22
181091058_326;CAST#1;47.06167;-59.98667;106057;203;27-nov-91;02:55:00;33.72;2.85;4.20958351992835;1;17.62;1;1.551;1;21.22;1;0;11.36;0.83
181091058_326;CAST#1;47.06167;-59.98667;106056;253;27-nov-91;02:55:00;34.22;4.29;3.15718763994626;1;20.33;1;1.731;1;27.63;1;0;11.74;0.74
181091058_326;CAST#1;47.06167;-59.98667;106055;294;27-nov-91;02:55:00;NaN;NaN;2.8884908195253;1;21.3;1;1.814;1;32.27;1;0;11.74;0.66
181091058_339;CAST#1;47.15;-59.895;106073;4;27-nov-91;04:39:00;30.5;5.8;7.1204657411554;1;2.25;1;0.404;1;3.36;1;0;5.57;0.67
181091058_339;CAST#1;47.15;-59.895;106072;52;27-nov-91;04:39:00;31.28;3.07;6.40394088669951;1;7.76;1;0.927;1;10.08;1;0;8.37;0.77
181091058_339;CAST#1;47.15;-59.895;106070;101;27-nov-91;04:39:00;32.45;1;7.23242274966413;1;5.12;1;0.711;1;3.56;1;0;7.20;1.44
181091058_339;CAST#1;47.15;-59.895;106069;147;27-nov-91;04:39:00;32.82;0.11;7.14285714285714;1;8.61;1;0.968;1;6.86;1;0;8.89;1.26
181091058_339;CAST#1;47.15;-59.895;106068;198;27-nov-91;04:39:00;33.33;1.56;6.1128526645768;1;9.83;1;0.914;1;9.26;1;0;10.75;1.06
181091058_339;CAST#1;47.15;-59.895;106067;241;27-nov-91;04:39:00;34.14;4.24;3.58262427227944;1;18.4;1;1.449;1;20.52;1;0;12.70;0.90
181091058_339;CAST#1;47.15;-59.895;106065;350;27-nov-91;04:39:00;34.71;5.21;3.15718763994626;1;23.25;1;1.766;1;30.74;1;0;13.17;0.76
181091058_339;CAST#1;47.15;-59.895;106064;397;27-nov-91;04:39:00;NaN;NaN;3.02283922973578;1;21.31;1;1.824;1;33.62;1;0;11.68;0.63
181091058_003;CAST#1;47.21333;-59.81167;106083;2;27-nov-91;06:19:00;31.26;5.95;7.16524854455889;1;1.16;1;0.425;1;1.68;1;0;2.73;0.69
181091058_003;CAST#1;47.21333;-59.81167;106082;55;27-nov-91;06:19:00;31.44;6.07;7.14285714285714;1;0.66;1;0.33;1;0.78;1;0;2.00;0.85
181091058_003;CAST#1;47.21333;-59.81167;106081;79;27-nov-91;06:19:00;32.06;4.87;7.21003134796238;1;2.09;1;0.489;1;1.87;1;0;4.27;1.12
181091058_003;CAST#1;47.21333;-59.81167;106080;105;27-nov-91;06:19:00;32.46;0.88;7.54590237348858;1;5.53;1;0.777;1;3.89;1;0;7.12;1.42
181091058_003;CAST#1;47.21333;-59.81167;106079;154;27-nov-91;06:19:00;32.74;0.06;7.29959695476937;1;7.12;1;0.923;1;5.5;1;0;7.71;1.29
181091058_003;CAST#1;47.21333;-59.81167;106078;202;27-nov-91;06:19:00;33.34;1.63;6.1576354679803;1;12.01;1;1.082;1;11.65;1;0;11.10;1.03
181091058_003;CAST#1;47.21333;-59.81167;106077;253;27-nov-91;06:19:00;34.24;4.66;4.14240931482311;1;18.76;1;1.449;1;19.09;1;0;12.95;0.98
181091058_003;CAST#1;47.21333;-59.81167;106076;307;27-nov-91;06:19:00;34.58;5.3;3.42588446036722;1;21.38;1;1.584;1;24.85;1;0;13.50;0.86
181091058_003;CAST#1;47.21333;-59.81167;106075;357;27-nov-91;06:19:00;34.73;5.26;3.53784146887595;1;21.98;1;1.591;1;26.5;1;0;13.82;0.83
181091058_003;CAST#1;47.21333;-59.81167;106074;411;27-nov-91;06:19:00;NaN;NaN;3.26914464845499;1;21.91;1;1.808;1;33.51;1;0;12.12;0.65
181091058_014;CAST#1;47.29667;-59.73167;106093;2;27-nov-91;07:52:00;31.37;5.86;7.16524854455889;1;0.94;1;0.379;1;1.5;1;0;2.48;0.63
181091058_014;CAST#1;47.29667;-59.73167;106092;54;27-nov-91;07:52:00;31.51;5.92;7.1204657411554;1;0.79;1;0.407;1;1.18;1;0;1.94;0.67
181091058_014;CAST#1;47.29667;-59.73167;106091;79;27-nov-91;07:52:00;32.29;2.24;7.38916256157635;1;0.9;1;0.42;1;1.1;1;0;2.14;0.82
181091058_014;CAST#1;47.29667;-59.73167;106090;104;27-nov-91;07:52:00;32.51;0.46;7.52351097178683;1;4.58;1;0.73;1;3.59;1;0;6.27;1.28
181091058_014;CAST#1;47.29667;-59.73167;106089;155;27-nov-91;07:52:00;32.97;0.65;6.80698611733095;1;6.03;1;0.858;1;4.28;1;0;7.03;1.41
181091058_014;CAST#1;47.29667;-59.73167;106088;204;27-nov-91;07:52:00;33.6;2.6;5.30676220331393;1;10.35;1;1.087;1;9.42;1;0;9.52;1.10
181091058_014;CAST#1;47.29667;-59.73167;106087;256;27-nov-91;07:52:00;34.23;4.63;4.20958351992835;1;14.56;1;1.29;1;15.01;1;0;11.29;0.97
181091058_014;CAST#1;47.29667;-59.73167;106086;306;27-nov-91;07:52:00;34.56;5.37;3.80653828929691;1;18.35;1;1.482;1;19.44;1;0;12.38;0.94
181091058_014;CAST#1;47.29667;-59.73167;106085;356;27-nov-91;07:52:00;34.72;5.27;3.38110165696373;1;21.94;1;1.679;1;28.19;1;0;13.07;0.78
181091058_014;CAST#1;47.29667;-59.73167;106084;472;27-nov-91;07:52:00;NaN;NaN;3.67218987908643;1;20.47;1;1.668;1;31.03;1;0;12.27;0.66
181091058_025;CAST#1;47.41667;-59.58667;106103;1;27-nov-91;10:01:00;31.41;5.67;7.18763994626064;1;1.12;1;0.427;1;1.71;1;0;2.62;0.65
181091058_025;CAST#1;47.41667;-59.58667;106102;54;27-nov-91;10:01:00;31.47;5.56;7.14285714285714;1;1.35;1;0.445;1;1.89;1;0;3.03;0.71
181091058_025;CAST#1;47.41667;-59.58667;106101;78;27-nov-91;10:01:00;32.33;2.48;7.36677115987461;1;4.33;1;0.709;1;3.86;1;0;6.11;1.12
181091058_025;CAST#1;47.41667;-59.58667;106100;103;27-nov-91;10:01:00;32.56;0.71;6.82937751903269;1;5.98;1;0.826;1;4.88;1;0;7.24;1.23
181091058_025;CAST#1;47.41667;-59.58667;106099;154;27-nov-91;10:01:00;33.18;1.18;6.33676668159427;1;11.55;1;1.123;1;11.6;1;0;10.28;1.00
181091058_025;CAST#1;47.41667;-59.58667;106098;205;27-nov-91;10:01:00;33.98;3.76;4.63502015226153;1;17.45;1;1.418;1;18.5;1;0;12.31;0.94
181091058_025;CAST#1;47.41667;-59.58667;106097;254;27-nov-91;10:01:00;34.46;5.19;4.14240931482311;1;17.78;1;1.458;1;18.81;1;0;12.19;0.95
181091058_025;CAST#1;47.41667;-59.58667;106096;306;27-nov-91;10:01:00;34.67;5.38;3.71697268248992;1;19.53;1;1.483;1;20.22;1;0;13.17;0.97
181091058_025;CAST#1;47.41667;-59.58667;106095;352;27-nov-91;10:01:00;34.79;5.15;3.53784146887595;1;22.49;1;1.678;1;29;1;0;13.40;0.78
181091058_025;CAST#1;47.41667;-59.58667;106094;467;27-nov-91;10:01:00;NaN;NaN;3.82892969099866;1;21.86;1;1.663;1;31.93;1;0;13.14;0.68
181091058_036;CAST#1;47.49667;-59.47167;106113;3;27-nov-91;11:38:00;31.41;5.41;7.18763994626064;1;1.18;1;0.439;1;1.61;1;0;2.69;0.73
181091058_036;CAST#1;47.49667;-59.47167;106112;53;27-nov-91;11:38:00;32.12;3.29;7.27720555306762;1;3.51;1;0.635;1;3.05;1;0;5.53;1.15
181091058_036;CAST#1;47.49667;-59.47167;106111;78;27-nov-91;11:38:00;32.42;1.56;7.32198835647112;1;5.48;1;0.796;1;4.2;1;0;6.88;1.30
181091058_036;CAST#1;47.49667;-59.47167;106110;103;27-nov-91;11:38:00;32.76;0.66;7.0756829377519;1;8.32;1;0.984;1;7.11;1;0;8.46;1.17
181091058_036;CAST#1;47.49667;-59.47167;106109;153;27-nov-91;11:38:00;33.39;1.92;5.93372145096283;1;13.07;1;1.23;1;13.02;1;0;10.63;1.00
181091058_036;CAST#1;47.49667;-59.47167;106108;204;27-nov-91;11:38:00;34.26;4.66;4.29914912673533;1;17.52;1;1.41;1;18.13;1;0;12.43;0.97
181091058_036;CAST#1;47.49667;-59.47167;106107;252;27-nov-91;11:38:00;34.61;5.45;3.64979847738468;1;21.01;1;1.512;1;22.28;1;0;13.90;0.94
181091058_036;CAST#1;47.49667;-59.47167;106106;299;27-nov-91;11:38:00;34.73;5.41;3.80653828929691;1;21.55;1;1.572;1;23.25;1;0;13.71;0.93
181091058_036;CAST#1;47.49667;-59.47167;106105;348;27-nov-91;11:38:00;34.8;5.14;4.32154052843708;1;21.25;1;1.505;1;21.25;1;0;14.12;1.00
181091058_036;CAST#1;47.49667;-59.47167;106104;446;27-nov-91;11:38:00;NaN;NaN;4.858934169279;1;19.97;1;1.416;1;20.81;1;0;14.10;0.96
181091058_047;CAST#1;47.57833;-59.34;106121;2;27-nov-91;13:31:00;31.63;4.66;7.21003134796238;1;1.55;1;0.409;1;1.85;1;0;3.79;0.84
181091058_047;CAST#1;47.57833;-59.34;106120;27;27-nov-91;13:31:00;32.37;1.78;7.32198835647112;1;4.33;1;0.675;1;3.68;1;0;6.41;1.18
181091058_047;CAST#1;47.57833;-59.34;106119;53;27-nov-91;13:31:00;32.62;0.49;7.32198835647112;1;6.67;1;0.883;1;5.55;1;0;7.55;1.20
181091058_047;CAST#1;47.57833;-59.34;106118;77;27-nov-91;13:31:00;32.74;0.48;7.18763994626064;1;5.95;1;0.788;1;5.53;1;0;7.55;1.08
181091058_047;CAST#1;47.57833;-59.34;106117;101;27-nov-91;13:31:00;32.9;0.63;6.96372592924317;1;7.5;1;0.909;1;6.82;1;0;8.25;1.10
181091058_047;CAST#1;47.57833;-59.34;106116;151;27-nov-91;13:31:00;33.54;2.32;5.66502463054187;1;13.79;1;1.232;1;14.08;1;0;11.19;0.98
181091058_047;CAST#1;47.57833;-59.34;106115;202;27-nov-91;13:31:00;34.16;4.27;4.5230631437528;1;18.02;1;1.369;1;18.78;1;0;13.16;0.96
181091058_047;CAST#1;47.57833;-59.34;106114;253;27-nov-91;13:31:00;NaN;NaN;3.87371249440215;1;20.79;1;1.497;1;22.01;1;0;13.89;0.94
181091058_058;CAST#1;47.99833;-59.50167;106128;1;27-nov-91;17:24:00;31.44;5.78;7.14285714285714;1;1.13;1;0.409;1;1.5;1;0;2.76;0.75
181091058_058;CAST#1;47.99833;-59.50167;106127;28;27-nov-91;17:24:00;31.44;5.79;7.14285714285714;1;1.14;1;0.423;1;1.58;1;0;2.70;0.72
181091058_058;CAST#1;47.99833;-59.50167;106126;53;27-nov-91;17:24:00;32.31;1.77;7.29959695476937;1;5.47;1;0.791;1;4.64;1;0;6.92;1.18
181091058_058;CAST#1;47.99833;-59.50167;106125;77;27-nov-91;17:24:00;32.51;1.14;6.76220331392745;1;6.66;1;0.848;1;5.65;1;0;7.85;1.18
181091058_058;CAST#1;47.99833;-59.50167;106124;103;27-nov-91;17:24:00;32.68;0.79;7.1204657411554;1;7.9;1;0.945;1;7.23;1;0;8.36;1.09
181091058_058;CAST#1;47.99833;-59.50167;106123;152;27-nov-91;17:24:00;33.57;2.46;5.55306762203314;1;13.26;1;1.177;1;14.36;1;0;11.27;0.92
181091058_058;CAST#1;47.99833;-59.50167;106122;167;27-nov-91;17:24:00;NaN;NaN;4.83654276757725;1;14.52;1;1.227;1;15.7;1;0;11.83;0.92
181091058_138;CAST#1;47.96667;-60.33167;106182;3;28-nov-91;06:35:00;31.28;5.5;7.25481415136588;1;1.03;1;0.409;1;1.64;1;0;2.52;0.63
181091058_138;CAST#1;47.96667;-60.33167;106181;53;28-nov-91;06:35:00;32.02;2.79;7.14285714285714;1;4.46;1;0.659;1;4.7;1;0;6.77;0.95
181091058_138;CAST#1;47.96667;-60.33167;106180;153;28-nov-91;06:35:00;32.93;0.27;6.56068069861173;1;9.53;1;1.065;1;11.03;1;0;8.95;0.86
181091058_138;CAST#1;47.96667;-60.33167;106179;204;28-nov-91;06:35:00;33.6;2.44;4.41110613524407;1;15.17;1;1.438;1;18.03;1;0;10.55;0.84
181091058_138;CAST#1;47.96667;-60.33167;106178;253;28-nov-91;06:35:00;34.25;4.46;2.79892521271832;1;19.05;1;1.717;1;26.72;1;0;11.09;0.71
181091058_138;CAST#1;47.96667;-60.33167;106177;297;28-nov-91;06:35:00;34.58;5.31;3.38110165696373;1;18.74;1;1.489;1;22.41;1;0;12.59;0.84
181091058_138;CAST#1;47.96667;-60.33167;106176;350;28-nov-91;06:35:00;34.73;5.36;3.78414688759516;1;19.8;1;1.426;1;22.25;1;0;13.88;0.89
181091058_138;CAST#1;47.96667;-60.33167;106175;484;28-nov-91;06:35:00;NaN;NaN;3.8513210927004;1;18.67;1;1.48;1;26.64;1;0;12.61;0.70
181091058_149;CAST#1;47.85833;-60.45833;106190;2;28-nov-91;08:17:00;30.81;4.28;7.43394536497985;1;1.64;1;0.416;1;1.8;1;0;3.94;0.91
181091058_149;CAST#1;47.85833;-60.45833;106189;55;28-nov-91;08:17:00;32.13;0.25;7.61307657859382;1;5.33;1;0.772;1;4.82;1;0;6.90;1.11
181091058_149;CAST#1;47.85833;-60.45833;106188;154;28-nov-91;08:17:00;33.01;0.48;6.20241827138379;1;4.54;1;0.729;1;3.95;1;0;6.23;1.15
181091058_149;CAST#1;47.85833;-60.45833;106187;204;28-nov-91;08:17:00;33.82;3.18;4.38871473354232;1;8.62;1;1.034;1;9.63;1;0;8.34;0.90
181091058_149;CAST#1;47.85833;-60.45833;106186;256;28-nov-91;08:17:00;34.43;5.06;3.71697268248992;1;13.31;1;1.32;1;16.18;1;0;10.08;0.82
181091058_149;CAST#1;47.85833;-60.45833;106185;306;28-nov-91;08:17:00;34.66;5.37;3.58262427227944;1;17.38;1;1.493;1;19.91;1;0;11.64;0.87
181091058_149;CAST#1;47.85833;-60.45833;106184;357;28-nov-91;08:17:00;34.78;5.17;3.33631885356023;1;20.33;1;1.577;1;23.68;1;0;12.89;0.86
181091058_149;CAST#1;47.85833;-60.45833;106183;427;28-nov-91;08:17:00;NaN;NaN;3.67218987908643;1;17.83;1;1.51;1;26.6;1;0;11.81;0.67
181091058_160;CAST#1;47.76667;-60.56667;106198;2;28-nov-91;09:41:00;30.67;4.18;7.43394536497985;1;1.63;1;0.39;1;2.34;1;0;4.18;0.70
181091058_160;CAST#1;47.76667;-60.56667;106197;54;28-nov-91;09:41:00;32.02;0.77;6.7845947156292;1;7.42;1;0.889;1;8.44;1;0;8.35;0.88
181091058_160;CAST#1;47.76667;-60.56667;106196;79;28-nov-91;09:41:00;32.29;0.13;6.7845947156292;1;9.45;1;1.044;1;10.92;1;0;9.05;0.87
181091058_160;CAST#1;47.76667;-60.56667;106195;103;28-nov-91;09:41:00;32.43;-0.02;6.71742051052396;1;8.01;1;0.883;1;8.77;1;0;9.07;0.91
181091058_160;CAST#1;47.76667;-60.56667;106194;153;28-nov-91;09:41:00;33.02;0.56;5.57545902373489;1;10.28;1;0.975;1;11.56;1;0;10.54;0.89
181091058_160;CAST#1;47.76667;-60.56667;106193;204;28-nov-91;09:41:00;33.52;2.16;4.70219435736677;1;10.11;1;0.985;1;11.78;1;0;10.26;0.86
181091058_160;CAST#1;47.76667;-60.56667;106192;254;28-nov-91;09:41:00;34.25;4.34;2.9332736229288;1;19.81;1;1.617;1;28.04;1;0;12.25;0.71
181091058_160;CAST#1;47.76667;-60.56667;106191;266;28-nov-91;09:41:00;NaN;NaN;2.75414240931482;1;20.11;1;1.629;1;30.2;1;0;12.34;0.67
181091058_171;CAST#1;47.66667;-60.69;106201;2;28-nov-91;11:01:00;30.64;4.21;7.43394536497985;1;1.74;1;0.422;1;2.18;1;0;4.12;0.80
181091058_171;CAST#1;47.66667;-60.69;106200;28;28-nov-91;11:01:00;30.65;4.25;7.43394536497985;1;1.65;1;0.372;1;1.95;1;0;4.44;0.85
181091058_171;CAST#1;47.66667;-60.69;106199;59;28-nov-91;11:01:00;NaN;NaN;6.62785490371697;1;8.04;1;0.893;1;9.91;1;0;9.00;0.81
181091058_305;CAST#1;47.825;-62.81667;106477;4;03-dec-91;16:40:00;30.64;3.23;7.59068517689207;1;2.2;1;0.462;1;2.86;1;0;4.76;0.77
181091058_305;CAST#1;47.825;-62.81667;106476;30;03-dec-91;16:40:00;30.64;3.24;7.59068517689207;1;2.8;1;0.678;1;3.66;1;0;4.13;0.77
181091058_305;CAST#1;47.825;-62.81667;106475;55;03-dec-91;16:40:00;32.03;0.28;5.41871921182266;1;13.33;1;1.502;1;22.21;1;0;8.87;0.60
181091058_305;CAST#1;47.825;-62.81667;106474;70;03-dec-91;16:40:00;NaN;NaN;5.46350201522615;1;10.98;1;1.29;1;18.37;1;0;8.51;0.60
181091058_306;CAST#1;47.15667;-63.155;106480;5;03-dec-91;20:20:00;30.26;4.54;7.43394536497985;1;2.23;1;0.479;1;2.88;1;0;4.66;0.77
181091058_306;CAST#1;47.15667;-63.155;106479;30;03-dec-91;20:20:00;30.26;4.57;7.38916256157635;1;2.71;1;0.502;1;3.43;1;0;5.40;0.79
181091058_306;CAST#1;47.15667;-63.155;106478;64;03-dec-91;20:20:00;NaN;NaN;5.28437080161218;1;10.23;1;1.263;1;17.94;1;0;8.10;0.57
181091058_307;CAST#1;46.77667;-62.05;106483;6;04-dec-91;01:14:00;30.11;5.2;7.4115539632781;1;3.33;1;0.594;1;5.24;1;0;5.61;0.64
181091058_307;CAST#1;46.77667;-62.05;106482;31;04-dec-91;01:14:00;30.16;5.14;7.29959695476937;1;3.56;1;0.596;1;5.42;1;0;5.97;0.66
181091058_307;CAST#1;46.77667;-62.05;106481;67;04-dec-91;01:14:00;NaN;NaN;5.10523958799821;1;13.81;1;1.512;1;21.69;1;0;9.13;0.64
181091058_308;CAST#1;46.3333;-61.99667;106486;3;04-dec-91;05:40:00;29.46;5.78;7.34437975817286;1;2.51;1;0.555;1;5.81;1;0;4.52;0.43
181091058_308;CAST#1;46.3333;-61.99667;106485;30;04-dec-91;05:40:00;29.47;5.76;7.23242274966413;1;2.47;1;0.582;1;5.78;1;0;4.24;0.43
181091058_308;CAST#1;46.3333;-61.99667;106484;36;04-dec-91;05:40:00;NaN;NaN;7.23242274966413;1;2.54;1;0.592;1;5.87;1;0;4.29;0.43
181091058_309;CAST#1;46.235;-62;106489;6;04-dec-91;06:46:00;29.52;6.33;7.14285714285714;1;2.78;1;0.65;1;7.01;1;0;4.28;0.40
181091058_309;CAST#1;46.235;-62;106488;31;04-dec-91;06:46:00;29.53;6.33;7.16524854455889;1;2.58;1;0.617;1;6.41;1;0;4.18;0.40
181091058_309;CAST#1;46.235;-62;106487;42;04-dec-91;06:46:00;NaN;NaN;7.16524854455889;1;2.78;1;0.642;1;7.05;1;0;4.33;0.39
181091058_310;CAST#1;46.135;-62.00167;106492;6;04-dec-91;08:08:00;29.51;6.33;7.1204657411554;1;1.77;1;0.452;1;4.41;1;0;3.92;0.40
181091058_310;CAST#1;46.135;-62.00167;106491;31;04-dec-91;08:08:00;29.51;6.33;7.25481415136588;1;2.52;1;0.6;1;6.48;1;0;4.20;0.39
181091058_310;CAST#1;46.135;-62.00167;106490;40;04-dec-91;08:08:00;NaN;NaN;7.09807433945365;1;2.49;1;0.601;1;6.26;1;0;4.14;0.40
181091058_311;CAST#1;46.03333;-62;106495;6;04-dec-91;09:21:00;29.25;6.36;7.1204657411554;1;2.26;1;0.606;1;6.55;1;0;3.73;0.35
181091058_311;CAST#1;46.03333;-62;106494;31;04-dec-91;09:21:00;29.27;6.36;7.1204657411554;1;2.2;1;0.582;1;6.12;1;0;3.78;0.36
181091058_311;CAST#1;46.03333;-62;106493;41;04-dec-91;09:21:00;NaN;NaN;7.16524854455889;1;2.41;1;0.663;1;6.5;1;0;3.63;0.37
181091058_312;CAST#1;45.935;-62.00333;106498;5;04-dec-91;10:29:00;29.11;6.37;7.09807433945365;1;1.97;1;0.586;1;5.96;1;0;3.36;0.33
181091058_312;CAST#1;45.935;-62.00333;106497;29;04-dec-91;10:29:00;29.11;6.37;NaN;9;2.3;1;0.674;1;7.03;1;0;3.41;0.33
181091058_312;CAST#1;45.935;-62.00333;106496;37;04-dec-91;10:29:00;NaN;NaN;7.00850873264666;1;2.21;1;0.629;1;6.81;1;0;3.51;0.32
