CTD;CTD;CTD;CTD;CTD;CTD;CTD;CTD;CTD;CTD;CTD;labo;labo;CTD;labo;labo;labo;labo;labo;labo;labo;labo;labo;labo;labo;calc;calc
Fichier;Station;Latitude;Longitude;Echantillon;zbouteille;Date;Heure;PSAL;TE90;DOXY;OXYM_01;CHL_01;FLOR;CHL_04;Q_CHL;NO2_01;Q_NO2;NOx_01;Q_NOX;PO4_01;Q_PO4;Si_01;Q_Si;QCFF;N_P;N_Si
(nom);(nom/no);(degres);(degres);(no_unique);(dbar);(jj-mmm-yyyy);(GMT);(psu);(celsius);(ml/l);(mmol/m**3);(mg/m**3);(mg/m**3);(mg/m**3);((none));(mmol/m**3);((none));(mmol/m**3);((none));(mmol/m**3);((none));(mmol/m**3);((none));((none));((none));((none))
18OL17048_1646;21;47.82467;-69.67733;453007;1.88;02-nov-17;02:13:00;17.79;6.55;312.03942;7.0915;0.27;0.402;NaN;1;NaN;9;NaN;9;NaN;9;NaN;9;256;NaN;NaN
18OL17048_1646;21;47.82467;-69.67733;453006;12;02-nov-17;02:13:00;20.77;5.79;303.9113;NaN;0.3;0.388;NaN;1;NaN;9;NaN;9;NaN;9;NaN;9;0;NaN;NaN
18OL17048_1647;31;47.68117;-69.82283;453010;1.69;02-nov-17;04:05:00;14.94;7.06;319.00638;7.1885;0.27;0.468;NaN;1;NaN;9;NaN;9;NaN;9;NaN;9;256;NaN;NaN
18OL17048_1647;31;47.68117;-69.82283;453009;9.02;02-nov-17;04:05:00;16.48;6.89;319.27434;NaN;0.235;0.375;NaN;1;NaN;9;NaN;9;NaN;9;NaN;9;0;NaN;NaN
18OL17048_1647;31;47.68117;-69.82283;453008;24.89;02-nov-17;04:05:00;29.33;3.02;271.22018;6.102;0.455;0.294;NaN;1;NaN;9;NaN;9;NaN;9;NaN;9;256;NaN;NaN
18OL17048_1648;41;47.42483;-70.193;453012;2.18;02-nov-17;06:35:00;17.93;6.39;300.3385;6.808;0.3;0.476;NaN;1;NaN;9;NaN;9;NaN;9;NaN;9;256;NaN;NaN
18OL17048_1648;41;47.42483;-70.193;453011;17.16;02-nov-17;06:35:00;25.69;4.27;282.07256;NaN;0.805;0.604;NaN;1;NaN;9;NaN;9;NaN;9;NaN;9;0;NaN;NaN
18OL17048_1649;51;47.3465;-70.33683;453014;1.78;02-nov-17;08:16:00;17.54;6.59;299.35598;6.7605;0.275;0.435;NaN;1;NaN;9;NaN;9;NaN;9;NaN;9;256;NaN;NaN
18OL17048_1649;51;47.3465;-70.33683;453013;16.46;02-nov-17;08:16:00;27.53;3.7;277.38326;NaN;0.5;0.317;NaN;1;NaN;9;NaN;9;NaN;9;NaN;9;0;NaN;NaN
18OL17048_1650;61;47.2255;-70.57533;453016;1.98;02-nov-17;11:43:00;11.16;8.34;314.00446;7.0705;0.25;0.586;NaN;1;NaN;9;NaN;9;NaN;9;NaN;9;256;NaN;NaN
18OL17048_1650;61;47.2255;-70.57533;453015;22.01;02-nov-17;11:43:00;15.48;7.46;300.74044;NaN;0.965;1.126;NaN;1;NaN;9;NaN;9;NaN;9;NaN;9;0;NaN;NaN
18OL17048_1651;71;47.02867;-70.77167;453018;1.88;02-nov-17;13:55:00;0.15;12.13;312.26272;NaN;4.495;1.491;NaN;1;NaN;9;NaN;9;NaN;9;NaN;9;0;NaN;NaN
18OL17048_1651;71;47.02867;-70.77167;453017;9.92;02-nov-17;13:55:00;0.18;12.11;310.52098;NaN;5.485;1.622;NaN;1;NaN;9;NaN;9;NaN;9;NaN;9;0;NaN;NaN
18OL17048_1652;81;46.8445;-71.16233;453021;1.88;02-nov-17;16:46:00;0.09;11.16;319.18502;NaN;1.855;1.488;NaN;1;NaN;9;NaN;9;NaN;9;NaN;9;0;NaN;NaN
18OL17048_1652;81;46.8445;-71.16233;453020;10.21;02-nov-17;16:46:00;0.1;11.16;322.40054;NaN;2.375;1.505;NaN;1;NaN;9;NaN;9;NaN;9;NaN;9;0;NaN;NaN
18OL17048_1652;81;46.8445;-71.16233;453019;23.3;02-nov-17;16:46:00;0.1;11.18;320.52482;NaN;2;1.54;NaN;1;NaN;9;NaN;9;NaN;9;NaN;9;0;NaN;NaN
18OL17048_1653;91;46.71917;-71.38767;453023;1.69;02-nov-17;18:35:00;0.11;11.19;322.31122;NaN;2.13;1.263;NaN;7;NaN;9;NaN;9;NaN;9;NaN;9;32;NaN;NaN
18OL17048_1653;91;46.71917;-71.38767;453022;10.12;02-nov-17;18:35:00;0.11;11.19;322.71316;NaN;2.13;1.315;NaN;7;NaN;9;NaN;9;NaN;9;NaN;9;32;NaN;NaN
18OL17048_1654;101;46.90983;-70.8775;453025;1.79;02-nov-17;21:55:00;0.1;11.95;314.27242;7.1135;1.09;1.136;NaN;1;NaN;9;NaN;9;NaN;9;NaN;9;256;NaN;NaN
18OL17048_1654;101;46.90983;-70.8775;453024;21.12;02-nov-17;21:55:00;0.11;11.96;315.43358;NaN;1.68;1.361;NaN;1;NaN;9;NaN;9;NaN;9;NaN;9;0;NaN;NaN
18OL17048_1655;111;46.97983;-70.684;453026;1.79;02-nov-17;23:29:00;0.11;12.26;309.7171;7.0345;1.25;0.978;NaN;1;NaN;9;NaN;9;NaN;9;NaN;9;256;NaN;NaN
18OL17048_1656;121;47.10067;-70.7125;453028;1.98;03-nov-17;01:24:00;1.88;10.64;316.28212;NaN;1.33;1.305;NaN;1;NaN;9;NaN;9;NaN;9;NaN;9;0;NaN;NaN
18OL17048_1656;121;47.10067;-70.7125;453027;12;03-nov-17;01:24:00;3.4;10.45;316.95202;NaN;1.86;1.644;NaN;1;NaN;9;NaN;9;NaN;9;NaN;9;0;NaN;NaN
18OL17048_1657;131;47.4765;-70.08767;453031;1.59;03-nov-17;04:49:00;17.55;6.1;312.12874;7.053;0.195;0.547;NaN;1;NaN;9;NaN;9;NaN;9;NaN;9;256;NaN;NaN
18OL17048_1657;131;47.4765;-70.08767;453030;10.11;03-nov-17;04:49:00;22.24;5.11;295.33658;NaN;0.51;0.488;NaN;1;NaN;9;NaN;9;NaN;9;NaN;9;0;NaN;NaN
18OL17048_1657;131;47.4765;-70.08767;453029;17.75;03-nov-17;04:49:00;22.45;5.04;293.95212;6.63;0.645;0.609;NaN;1;NaN;9;NaN;9;NaN;9;NaN;9;256;NaN;NaN
18OL17048_1658;141;47.49483;-70.12;453033;1.98;03-nov-17;06:16:00;22.11;5.17;297.25696;6.787;0.18;0.343;NaN;1;NaN;9;NaN;9;NaN;9;NaN;9;256;NaN;NaN
18OL17048_1658;141;47.49483;-70.12;453032;13.29;03-nov-17;06:16:00;24.38;4.58;287.69972;NaN;0.3;0.406;NaN;1;NaN;9;NaN;9;NaN;9;NaN;9;0;NaN;NaN
18OL17048_1659;151;47.52517;-70.168;453038;1.59;03-nov-17;07:58:00;22.25;5.21;292.16572;6.617;0.165;0.355;NaN;1;NaN;9;NaN;9;NaN;9;NaN;9;256;NaN;NaN
18OL17048_1659;151;47.52517;-70.168;453037;10.21;03-nov-17;07:58:00;22.26;5.21;295.02396;NaN;0.205;0.356;NaN;1;NaN;9;NaN;9;NaN;9;NaN;9;0;NaN;NaN
18OL17048_1659;151;47.52517;-70.168;453036;25.19;03-nov-17;07:58:00;23.31;4.91;291.4065;NaN;0.2;0.328;NaN;1;NaN;9;NaN;9;NaN;9;NaN;9;0;NaN;NaN
18OL17048_1659;151;47.52517;-70.168;453035;50.37;03-nov-17;07:58:00;25.61;4.22;284.9308;6.366;0.31;0.345;NaN;1;NaN;9;NaN;9;NaN;9;NaN;9;256;NaN;NaN
18OL17048_1659;151;47.52517;-70.168;453034;80.8;03-nov-17;07:58:00;28.58;3.21;277.7852;NaN;0.36;0.297;NaN;1;NaN;9;NaN;9;NaN;9;NaN;9;0;NaN;NaN
18OL17048_1660;161;47.7075;-69.88567;453042;1.59;03-nov-17;10:25:00;20.9;5.53;310.8336;6.9485;0.47;0.334;NaN;1;NaN;9;NaN;9;NaN;9;NaN;9;256;NaN;NaN
18OL17048_1660;161;47.7075;-69.88567;453041;10.11;03-nov-17;10:25:00;22.71;5.04;299.84724;NaN;0.295;0.319;NaN;1;NaN;9;NaN;9;NaN;9;NaN;9;0;NaN;NaN
18OL17048_1660;161;47.7075;-69.88567;453040;26.08;03-nov-17;10:25:00;27.92;3.46;282.0279;NaN;0.205;0.21;NaN;1;NaN;9;NaN;9;NaN;9;NaN;9;0;NaN;NaN
18OL17048_1660;161;47.7075;-69.88567;453039;40.55;03-nov-17;10:25:00;30.04;2.64;273.5425;6.127;0.24;0.222;NaN;1;NaN;9;NaN;9;NaN;9;NaN;9;256;NaN;NaN
18OL17048_1661;171;47.74333;-69.91433;453044;1.59;03-nov-17;12:02:00;20.94;5.54;304.44722;NaN;NaN;0.335;NaN;9;NaN;9;NaN;9;NaN;9;NaN;9;0;NaN;NaN
18OL17048_1661;171;47.74333;-69.91433;453043;5.06;03-nov-17;12:02:00;21.21;5.43;304.04528;NaN;NaN;0.338;NaN;9;NaN;9;NaN;9;NaN;9;NaN;9;0;NaN;NaN
18OL17048_1662;181;47.74367;-69.91783;453050;1.59;03-nov-17;12:26:00;20.46;5.53;312.08408;7.033;0.305;0.374;NaN;1;NaN;9;NaN;9;NaN;9;NaN;9;256;NaN;NaN
18OL17048_1662;181;47.74367;-69.91783;453049;9.82;03-nov-17;12:26:00;21.4;5.35;307.4841;NaN;0.13;0.335;NaN;1;NaN;9;NaN;9;NaN;9;NaN;9;0;NaN;NaN
18OL17048_1662;181;47.74367;-69.91783;453048;24.99;03-nov-17;12:26:00;26.56;3.95;288.14632;NaN;0.09;0.256;NaN;1;NaN;9;NaN;9;NaN;9;NaN;9;0;NaN;NaN
18OL17048_1662;181;47.74367;-69.91783;453047;50.77;03-nov-17;12:26:00;29.52;2.87;276.26676;6.183;0.225;0.198;NaN;1;NaN;9;NaN;9;NaN;9;NaN;9;256;NaN;NaN
18OL17048_1662;181;47.74367;-69.91783;453046;99.93;03-nov-17;12:26:00;30.39;2.39;274.659;NaN;0.18;0.179;NaN;1;NaN;9;NaN;9;NaN;9;NaN;9;0;NaN;NaN
18OL17048_1662;181;47.74367;-69.91783;453045;135.21;03-nov-17;12:26:00;30.43;2.36;274.61434;6.137;NaN;0.175;NaN;9;NaN;9;NaN;9;NaN;9;NaN;9;256;NaN;NaN
18OL17048_1663;201;47.91433;-69.77683;453055;1.69;03-nov-17;14:56:00;23.75;4.79;297.97152;6.483;0.16;0.268;NaN;1;NaN;9;NaN;9;NaN;9;NaN;9;1280;NaN;NaN
18OL17048_1663;201;47.91433;-69.77683;453054;10.02;03-nov-17;14:56:00;27.46;3.46;286.18128;NaN;0.16;0.211;NaN;1;NaN;9;NaN;9;NaN;9;NaN;9;0;NaN;NaN
18OL17048_1663;201;47.91433;-69.77683;453053;24.99;03-nov-17;14:56:00;30.31;2.23;273.67648;NaN;0.14;0.166;NaN;1;NaN;9;NaN;9;NaN;9;NaN;9;0;NaN;NaN
18OL17048_1663;201;47.91433;-69.77683;453052;50.57;03-nov-17;14:56:00;30.57;2.17;272.73862;6.103;0.185;0.151;NaN;1;NaN;9;NaN;9;NaN;9;NaN;9;256;NaN;NaN
18OL17048_1663;201;47.91433;-69.77683;453051;113.81;03-nov-17;14:56:00;30.67;2.11;272.73862;NaN;0.165;0.155;NaN;1;NaN;9;NaN;9;NaN;9;NaN;9;0;NaN;NaN
18OL17048_1664;221;47.99933;-69.56617;453058;1.69;03-nov-17;17:51:00;24.69;4.48;294.57736;6.517;0.155;0.234;NaN;1;NaN;9;NaN;9;NaN;9;NaN;9;1280;NaN;NaN
18OL17048_1664;221;47.99933;-69.56617;453057;10.21;03-nov-17;17:51:00;29.36;2.53;276.4454;NaN;0.135;0.172;NaN;1;NaN;9;NaN;9;NaN;9;NaN;9;0;NaN;NaN
18OL17048_1664;221;47.99933;-69.56617;453056;29.85;03-nov-17;17:51:00;30.68;2.06;268.09398;NaN;0.12;0.147;NaN;1;NaN;9;NaN;9;NaN;9;NaN;9;0;NaN;NaN
18OL17048_1665;1021;47.99883;-65.7535;453413;1.78;13-nov-17;06:55:00;28.16;4.33;315.21028;NaN;NaN;0.328;0.52;9;0.125;1;6.155;1;0.74;1;15.57;1;0;8.32;0.40
18OL17048_1665;1021;47.99883;-65.7535;453412;4.96;13-nov-17;06:55:00;28.15;4.32;317.39862;7.091;NaN;0.34;0.485;9;0.11;1;5.985;1;0.735;1;15.14;1;256;8.14;0.40
18OL17048_1665;1021;47.99883;-65.7535;453411;14.97;13-nov-17;06:55:00;28.59;5.02;312.48602;NaN;NaN;0.658;2.11;9;0.12;1;4.74;1;0.62;1;9.755;1;0;7.65;0.49
18OL17048_1665;1021;47.99883;-65.7535;453410;25.09;13-nov-17;06:55:00;28.99;5.63;312.70932;NaN;NaN;1.129;4.305;9;0.115;1;3.535;7;0.53;1;6.64;1;512;6.67;0.53
18OL17048_1665;1021;47.99883;-65.7535;453409;30.04;13-nov-17;06:55:00;31.07;2.47;224.50582;5.1075;NaN;0.244;0.945;9;0.11;1;11.72;7;1.31;1;22.89;1;768;8.95;0.51
18OL17048_1666;1031;47.937;-65.25633;453419;1.39;13-nov-17;08:44:00;28.9;4.58;311.0569;NaN;NaN;0.292;0.39;9;0.13;1;5.88;1;0.77;1;11.995;1;0;7.64;0.49
18OL17048_1666;1031;47.937;-65.25633;453418;5.16;13-nov-17;08:44:00;28.96;4.61;312.3967;6.9475;NaN;0.299;0.56;9;0.11;1;5.51;1;0.745;1;10.675;1;256;7.40;0.52
18OL17048_1666;1031;47.937;-65.25633;453417;15.37;13-nov-17;08:44:00;29.48;4.76;300.96374;NaN;NaN;0.334;0.93;9;0.135;1;6.405;1;0.835;1;11.055;1;0;7.67;0.58
18OL17048_1666;1031;47.937;-65.25633;453416;25.28;13-nov-17;08:44:00;30.33;4.28;272.73862;NaN;NaN;0.376;1.515;9;0.145;1;8.045;1;1;1;12.675;1;0;8.04;0.63
18OL17048_1666;1031;47.937;-65.25633;453415;51.36;13-nov-17;08:44:00;31.44;2.42;251.97172;5.6695;NaN;0.136;0.32;9;0.085;1;11.415;1;1.29;1;16.785;1;256;8.85;0.68
18OL17048_1666;1031;47.937;-65.25633;453414;65.14;13-nov-17;08:44:00;31.67;1.99;242.86108;NaN;NaN;0.166;0.41;9;0.075;1;12.585;1;1.405;1;19.725;1;0;8.96;0.64
18OL17048_1667;1041;47.83283;-64.24967;453424;1.49;13-nov-17;14:16:00;29.22;5.75;316.6394;NaN;NaN;0.684;3.715;9;0.115;1;2.62;1;0.505;1;4.04;1;0;5.19;0.65
18OL17048_1667;1041;47.83283;-64.24967;453423;4.56;13-nov-17;14:16:00;29.21;5.69;320.52482;NaN;NaN;0.838;3.42;9;0.11;1;2.63;1;0.515;1;4.08;1;0;5.11;0.64
18OL17048_1667;1041;47.83283;-64.24967;453422;14.18;13-nov-17;14:16:00;29.3;5.74;316.14814;NaN;NaN;2.11;11.875;9;0.11;1;2.895;1;0.54;1;4.03;1;0;5.36;0.72
18OL17048_1667;1041;47.83283;-64.24967;453421;24.49;13-nov-17;14:16:00;29.35;5.69;310.25302;NaN;NaN;3.186;7.26;9;0.105;1;3.465;1;0.585;1;5.035;1;0;5.92;0.69
18OL17048_1667;1041;47.83283;-64.24967;453420;35.89;13-nov-17;14:16:00;29.47;5.21;317.39862;7.099;NaN;1.368;6.065;9;0.11;1;3.985;1;0.62;1;5.565;1;256;6.43;0.72
18OL17048_1668;1051;47.78267;-64.03417;453430;1.49;13-nov-17;16:56:00;29.37;4.76;327.98304;NaN;NaN;0.497;3.23;9;0.14;1;5.65;1;0.735;1;7.61;1;0;7.69;0.74
18OL17048_1668;1051;47.78267;-64.03417;453429;5.16;13-nov-17;16:56:00;29.37;4.73;329.5908;7.374;NaN;0.894;3.165;9;0.135;1;5.7;1;0.75;1;7.68;1;256;7.60;0.74
18OL17048_1668;1051;47.78267;-64.03417;453428;14.58;13-nov-17;16:56:00;29.53;4.96;327.26848;NaN;NaN;0.952;2.62;9;0.15;1;5.18;1;0.705;1;6.78;1;0;7.35;0.76
18OL17048_1668;1051;47.78267;-64.03417;453427;24.69;13-nov-17;16:56:00;29.58;4.77;323.47238;NaN;NaN;0.551;1.82;9;0.16667;1;5.83;1;0.77667;1;7.69;1;0;7.51;0.76
18OL17048_1668;1051;47.78267;-64.03417;453426;50.47;13-nov-17;16:56:00;30.53;4.57;297.2123;6.7595;NaN;0.226;0.425;9;0.18;1;6.855;1;0.87;1;8.47;1;256;7.88;0.81
18OL17048_1668;1051;47.78267;-64.03417;453425;75.65;13-nov-17;16:56:00;31.83;1.25;246.34456;5.4605;NaN;0.163;0.235;9;0.155;1;12.475;1;1.475;1;21.18;1;256;8.46;0.59
18OL17048_1669;1061;47.6685;-63.75183;453435;4.36;13-nov-17;19:57:00;29.45;6.21;329.27818;7.405;NaN;2.221;6.295;9;0.145;1;2.375;1;0.48;1;2.505;1;256;4.95;0.95
18OL17048_1669;1061;47.6685;-63.75183;453434;13.88;13-nov-17;19:57:00;29.49;6.06;319.81026;NaN;NaN;1.655;6.35;9;0.135;1;2.395;1;0.48;1;2.52;1;0;4.99;0.95
18OL17048_1669;1061;47.6685;-63.75183;453433;24.29;13-nov-17;19:57:00;29.52;6;316.95202;NaN;NaN;1.575;6.79;9;0.14;1;2.905;1;0.51;1;2.73;1;0;5.70;1.06
18OL17048_1669;1061;47.6685;-63.75183;453432;48.78;13-nov-17;19:57:00;31.47;2.64;272.47066;6.1065;NaN;0.134;0.205;9;0.12;1;10.245;1;1.16;1;13.02;1;256;8.83;0.79
18OL17048_1669;1061;47.6685;-63.75183;453431;58.6;13-nov-17;19:57:00;31.86;1.6;245.00476;5.507;NaN;0.122;0.17;9;0.095;1;12.915;1;1.43;1;19.3;1;256;9.03;0.67
18OL17048_1670;1071;47.50167;-63.25233;453441;1.59;13-nov-17;22:55:00;29.61;6.3;309.44914;NaN;NaN;0.744;1.09;9;0.14;1;3.5;1;0.59667;1;4.85;1;0;5.87;0.72
18OL17048_1670;1071;47.50167;-63.25233;453440;4.76;13-nov-17;22:55:00;29.61;6.32;312.1734;7.0375;NaN;0.743;1.055;9;0.145;1;3.515;1;0.605;1;4.81;1;256;5.81;0.73
18OL17048_1670;1071;47.50167;-63.25233;453439;14.87;13-nov-17;22:55:00;29.63;6.35;309.0472;NaN;NaN;0.67;0.86;9;0.145;1;3.515;1;0.61;1;5.015;1;0;5.76;0.70
18OL17048_1670;1071;47.50167;-63.25233;453438;24.99;13-nov-17;22:55:00;29.64;6.36;307.9307;NaN;NaN;0.67;0.815;9;0.15;1;3.57;1;0.605;1;5.05;1;0;5.90;0.71
18OL17048_1670;1071;47.50167;-63.25233;453437;50.27;13-nov-17;22:55:00;31.43;1.48;282.83178;6.267;NaN;0.082;0.07;9;0.07;1;9.98;1;1.18;1;12.575;1;256;8.46;0.79
18OL17048_1670;1071;47.50167;-63.25233;453436;75.15;13-nov-17;22:55:00;31.9;0.5;218.74468;4.8155;NaN;0.127;0.17;9;0.115;1;14.975;1;1.66;1;26.875;1;256;9.02;0.56
18OL17048_1671;1081;47.33283;-62.75133;453446;1.88;14-nov-17;02:01:00;29.45;6.45;305.16178;NaN;NaN;0.647;0.75;9;0.145;1;3.52;1;0.585;1;5.365;1;0;6.02;0.66
18OL17048_1671;1081;47.33283;-62.75133;453445;4.76;14-nov-17;02:01:00;29.45;6.45;306.72488;6.9195;NaN;0.665;0.765;9;0.135;1;3.495;1;0.585;1;5.405;1;256;5.97;0.65
18OL17048_1671;1081;47.33283;-62.75133;453444;15.07;14-nov-17;02:01:00;29.45;6.46;306.50158;NaN;NaN;0.626;0.74;9;0.135;1;3.515;1;0.58;1;5.42;1;0;6.06;0.65
18OL17048_1671;1081;47.33283;-62.75133;453443;25.19;14-nov-17;02:01:00;29.45;6.46;305.83168;NaN;NaN;0.587;0.71;9;0.15;1;3.56;1;0.59;1;5.45;1;0;6.03;0.65
18OL17048_1671;1081;47.33283;-62.75133;453442;47.79;14-nov-17;02:01:00;31;0.73;231.69608;5.194;NaN;0.135;0.135;9;0.13;1;11.345;1;1.42;1;20.12;1;256;7.99;0.56
18OL17048_1672;1091;47.1655;-62.25133;453451;1.79;14-nov-17;04:59:00;29.17;7.96;296.989;NaN;NaN;0.635;0.885;9;0.1;1;1.7;1;0.455;1;3.53;1;0;3.74;0.48
18OL17048_1672;1091;47.1655;-62.25133;453450;5.36;14-nov-17;04:59:00;29.17;7.96;298.82006;6.7425;NaN;0.645;0.895;9;0.1;1;1.625;1;0.45;1;3.47;1;256;3.61;0.47
18OL17048_1672;1091;47.1655;-62.25133;453449;15.17;14-nov-17;04:59:00;29.28;7.68;300.82976;NaN;NaN;0.712;1.07;9;0.115;1;1.755;1;0.475;1;3.705;1;0;3.69;0.47
18OL17048_1672;1091;47.1655;-62.25133;453448;25.29;14-nov-17;04:59:00;29.57;7.2;295.51522;NaN;NaN;0.488;0.77;9;0.14;1;2.525;1;0.565;1;4.81;1;0;4.47;0.52
18OL17048_1672;1091;47.1655;-62.25133;453447;35.4;14-nov-17;04:59:00;30.3;4.85;266.97748;6.074;NaN;0.233;0.39;9;0.175;1;5.35;1;0.89;1;9.325;1;256;6.01;0.57
18OL17048_1673;1101;47.00117;-61.75667;453456;1.59;14-nov-17;07:27:00;29.6;7.4;298.37346;NaN;NaN;0.446;0.645;9;0.1;1;1.83;1;0.475;1;3.77;1;0;3.85;0.49
18OL17048_1673;1101;47.00117;-61.75667;453455;5.16;14-nov-17;07:27:00;29.59;7.39;301.2317;6.797;NaN;0.451;0.605;9;0.1;1;1.835;1;0.475;1;3.77;1;256;3.86;0.49
18OL17048_1673;1101;47.00117;-61.75667;453454;15.07;14-nov-17;07:27:00;29.62;7.44;300.15986;NaN;NaN;0.425;0.645;9;0.105;1;1.855;1;0.48;1;3.735;1;0;3.86;0.50
18OL17048_1673;1101;47.00117;-61.75667;453453;25.09;14-nov-17;07:27:00;29.78;7.32;299.84724;NaN;NaN;0.344;0.49;9;0.1;1;1.93;1;0.505;1;3.84;1;0;3.82;0.50
18OL17048_1673;1101;47.00117;-61.75667;453452;36;14-nov-17;07:27:00;29.8;7.28;299.84724;6.7825;NaN;0.334;0.54;9;0.1;1;1.945;1;0.52;1;3.925;1;256;3.74;0.50
18OL17048_1674;1111;46.917;-61.50067;453461;2.08;14-nov-17;14:12:00;28.84;8.81;292.88028;NaN;NaN;0.611;0.815;9;0.085;1;1.36;1;0.365;1;3.23;1;0;3.73;0.42
18OL17048_1674;1111;46.917;-61.50067;453460;5.16;14-nov-17;14:12:00;28.84;8.83;293.1929;6.631;NaN;0.606;1.09;9;0.09;1;1.345;1;0.365;1;3.205;1;256;3.68;0.42
18OL17048_1674;1111;46.917;-61.50067;453459;13.39;14-nov-17;14:12:00;28.84;8.82;291.76378;NaN;NaN;0.593;0.87;9;0.09;1;1.36;1;0.365;1;3.245;1;0;3.73;0.42
18OL17048_1674;1111;46.917;-61.50067;453458;23.9;14-nov-17;14:12:00;29.39;7.45;297.16764;NaN;NaN;0.545;0.765;9;0.125;1;2.42;1;0.54;1;4.81;1;0;4.48;0.50
18OL17048_1674;1111;46.917;-61.50067;453457;47;14-nov-17;14:12:00;31.16;2.73;275.46288;6.1425;NaN;0.122;0.135;9;0.175;1;7.415;1;1.025;1;10.615;1;256;7.23;0.70
18OL17048_1675;1121;46.83233;-61.252;453466;1.98;14-nov-17;16:05:00;28.72;9.35;291.45116;NaN;NaN;0.702;1.02;9;0.08;1;0.995;1;0.33;1;2.805;1;0;3.02;0.35
18OL17048_1675;1121;46.83233;-61.252;453465;4.76;14-nov-17;16:05:00;28.72;9.34;290.60262;6.61;NaN;0.61;1.115;9;0.085;1;0.98;1;0.34;1;2.81;1;256;2.88;0.35
18OL17048_1675;1121;46.83233;-61.252;453464;13.98;14-nov-17;16:05:00;28.73;9.34;290.15602;NaN;NaN;0.608;0.95;9;0.075;1;0.995;1;0.335;1;2.855;1;0;2.97;0.35
18OL17048_1675;1121;46.83233;-61.252;453463;23.3;14-nov-17;16:05:00;28.83;9.14;289.75408;NaN;NaN;0.401;0.58;9;0.09;1;1.22;1;0.365;1;2.96;1;0;3.34;0.41
18OL17048_1675;1121;46.83233;-61.252;453462;55.33;14-nov-17;16:05:00;31.45;2.22;281.98324;6.2955;NaN;0.121;0.13;9;0.165;1;7.69;1;1.025;1;10.24;1;256;7.50;0.75
18OL17048_1676;1131;46.741;-61.00367;453471;2.28;15-nov-17;04:28:00;28.59;9.48;286.9405;NaN;NaN;0.582;0.905;9;0.10667;1;1.01667;1;0.33667;1;2.955;1;0;3.02;0.34
18OL17048_1676;1131;46.741;-61.00367;453470;5.26;15-nov-17;04:28:00;28.59;9.48;287.65506;6.556;NaN;0.597;0.91;9;0.09;1;1.01;1;0.34;1;3;1;256;2.97;0.34
18OL17048_1676;1131;46.741;-61.00367;453469;14.78;15-nov-17;04:28:00;28.59;9.47;288.2803;NaN;NaN;0.56;0.915;9;0.10333;1;0.99333;1;0.34;1;2.915;1;0;2.92;0.34
18OL17048_1676;1131;46.741;-61.00367;453468;25.09;15-nov-17;04:28:00;29.03;8.34;293.99678;NaN;NaN;0.577;0.805;9;0.11;1;1.54;1;0.405;1;3.235;1;0;3.80;0.48
18OL17048_1676;1131;46.741;-61.00367;453467;59.99;15-nov-17;04:28:00;31.55;2.02;251.39114;5.5875;NaN;0.13;0.14;9;0.155;1;9.24;1;1.185;1;15.345;1;256;7.80;0.60
18OL17048_1677;1141;46.79267;-61.9875;453477;1.69;15-nov-17;09:15:00;29.28;7.48;299.40064;NaN;NaN;0.526;0.765;9;0.11;1;1.835;1;0.49;1;3.875;1;0;3.74;0.47
18OL17048_1677;1141;46.79267;-61.9875;453476;4.96;15-nov-17;09:15:00;29.28;7.48;300.69578;6.691;NaN;0.522;0.77;9;0.12;1;1.87;1;0.49;1;3.89;1;256;3.82;0.48
18OL17048_1677;1141;46.79267;-61.9875;453475;15.27;15-nov-17;09:15:00;29.48;7.19;298.64142;NaN;NaN;0.534;0.785;9;0.135;1;2.3;1;0.55;1;4.59;1;0;4.18;0.50
18OL17048_1677;1141;46.79267;-61.9875;453474;24.99;15-nov-17;09:15:00;29.52;6.97;299.80258;NaN;NaN;0.497;0.675;9;0.13;1;2.455;1;0.57;1;4.82;1;0;4.31;0.51
18OL17048_1677;1141;46.79267;-61.9875;453473;50.17;15-nov-17;09:15:00;31.13;1.1;246.56786;5.4675;NaN;0.127;0.15;9;0.11333;1;7.98667;1;1.28;1;15.15;1;256;6.24;0.53
18OL17048_1677;1141;46.79267;-61.9875;453472;60.29;15-nov-17;09:15:00;31.21;1.19;246.9698;NaN;NaN;0.129;0.16;9;0.105;1;8.225;1;1.28;1;16.815;1;0;6.43;0.49
18OL17048_1678;1151;46.95717;-60.216;453483;1.59;15-nov-17;19:42:00;28.76;9.31;289.3968;NaN;NaN;0.625;1.24;9;0.1;1;0.975;1;0.33;1;2.685;1;0;2.95;0.36
18OL17048_1678;1151;46.95717;-60.216;453482;4.86;15-nov-17;19:42:00;28.76;9.3;290.37932;6.5695;NaN;0.634;1.25;9;0.085;1;0.955;1;0.335;1;2.67;1;256;2.85;0.36
18OL17048_1678;1151;46.95717;-60.216;453481;13.98;15-nov-17;19:42:00;28.77;9.3;289.6201;NaN;NaN;0.625;NaN;9;NaN;9;NaN;9;NaN;9;NaN;9;0;NaN;NaN
18OL17048_1678;1151;46.95717;-60.216;453480;24.3;15-nov-17;19:42:00;28.99;9.01;287.87836;NaN;NaN;0.312;0.49;9;0.1;1;1.275;1;0.385;1;2.985;1;0;3.31;0.43
18OL17048_1678;1151;46.95717;-60.216;453479;48.98;15-nov-17;19:42:00;30.47;6.03;288.41428;6.55;NaN;0.157;0.175;9;0.155;1;3.91;1;0.655;1;5.325;1;256;5.97;0.73
18OL17048_1678;1151;46.95717;-60.216;453478;69.11;15-nov-17;19:42:00;31.61;2.71;288.14632;NaN;NaN;0.105;0.11;9;0.12;1;7.165;1;0.945;1;8.225;1;0;7.58;0.87
18OL17048_1679;1161;47.10417;-60.002;453492;1.79;15-nov-17;21:28:00;29.87;6.69;305.38508;NaN;NaN;0.477;0.645;9;0.125;1;2.13333;1;0.53;1;3.945;1;0;4.03;0.54
18OL17048_1679;1161;47.10417;-60.002;453491;5.06;15-nov-17;21:28:00;29.8;6.74;307.61808;6.9195;NaN;0.477;0.695;9;0.13;1;2.10333;1;0.54;1;3.93;1;256;3.90;0.54
18OL17048_1679;1161;47.10417;-60.002;453490;13.59;15-nov-17;21:28:00;30.23;6.28;309.53846;NaN;NaN;0.565;0.745;9;0.12;1;2.41333;1;0.55333;1;4.1;1;0;4.36;0.59
18OL17048_1679;1161;47.10417;-60.002;453489;23.7;15-nov-17;21:28:00;30.6;6.19;305.83168;NaN;NaN;0.449;0.535;9;0.13;1;2.405;1;0.575;1;3.83;1;0;4.18;0.63
18OL17048_1679;1161;47.10417;-60.002;453488;50.67;15-nov-17;21:28:00;31.93;3.5;313.69184;7.038;NaN;0.137;0.145;9;0.115;1;4.555;1;0.705;1;3.63;1;256;6.46;1.25
18OL17048_1679;1161;47.10417;-60.002;453487;99.34;15-nov-17;21:28:00;32.67;1.78;291.45116;NaN;NaN;0.053;0.06;9;0.065;1;9.245;1;1.025;1;8.265;1;0;9.02;1.12
18OL17048_1679;1161;47.10417;-60.002;453486;203.2;15-nov-17;21:28:00;34.35;6.35;163.36628;NaN;NaN;0.028;NaN;9;0.075;1;19.195;1;1.51;1;19.35;1;0;12.71;0.99
18OL17048_1679;1161;47.10417;-60.002;453485;297.09;15-nov-17;21:28:00;34.84;6.43;128.26352;NaN;NaN;0.033;NaN;9;0.06;1;23.58;1;1.87;1;31.42;1;0;12.61;0.75
18OL17048_1679;1161;47.10417;-60.002;453484;311.15;15-nov-17;21:28:00;34.89;6.31;132.05962;2.975;NaN;0.024;NaN;9;0.055;1;23.64;1;1.87;1;32.175;1;256;12.64;0.73
18OL17048_1680;1171;47.26633;-59.78283;422200;2.18;16-nov-17;00:06:00;30.52;6.3;309.85108;NaN;NaN;0.634;0.805;9;0.14333;1;1.98;1;0.5;1;3.48;1;0;3.96;0.57
18OL17048_1680;1171;47.26633;-59.78283;422199;5.45;16-nov-17;00:06:00;30.52;6.31;311.0569;7.015;NaN;0.595;0.785;9;0.13;1;2.02;1;0.5;1;3.47;1;256;4.04;0.58
18OL17048_1680;1171;47.26633;-59.78283;453500;14.58;16-nov-17;00:06:00;30.52;6.33;310.11904;NaN;NaN;0.571;0.79;9;0.105;1;1.99;1;0.5;1;3.46;1;0;3.98;0.58
18OL17048_1680;1171;47.26633;-59.78283;453499;24.69;16-nov-17;00:06:00;30.94;6.7;304.67052;NaN;NaN;0.362;0.465;9;0.12;1;1.585;1;0.47;1;2.65;1;0;3.37;0.60
18OL17048_1680;1171;47.26633;-59.78283;453498;50.27;16-nov-17;00:06:00;31.81;3.16;301.14238;6.766;NaN;0.129;0.14;9;0.14;1;5.98;1;0.825;1;6.145;1;256;7.25;0.97
18OL17048_1680;1171;47.26633;-59.78283;453497;101.72;16-nov-17;00:06:00;32.65;1.25;310.92292;NaN;NaN;0.053;0.05;9;0.05;1;8.12333;1;0.96667;1;6.705;1;0;8.40;1.21
18OL17048_1680;1171;47.26633;-59.78283;453496;203.69;16-nov-17;00:06:00;34.44;7.02;179.04194;NaN;NaN;0.03;NaN;9;0.03;1;17.13;1;1.31;1;14.945;1;0;13.08;1.15
18OL17048_1680;1171;47.26633;-59.78283;453495;301.05;16-nov-17;00:06:00;34.87;6.84;131.70234;NaN;NaN;0.025;NaN;9;0.03333;1;23.71333;1;1.79333;1;26.035;1;0;13.22;0.91
18OL17048_1680;1171;47.26633;-59.78283;453494;399.36;16-nov-17;00:06:00;34.96;6.01;152.82652;NaN;NaN;0.018;NaN;9;0.05;1;23.105;1;1.81667;1;30.05;1;0;12.72;0.77
18OL17048_1680;1171;47.26633;-59.78283;453493;450.82;16-nov-17;00:06:00;34.97;5.9;154.79156;3.5875;NaN;0.025;NaN;9;0.06;1;22.715;1;1.84667;1;32.69;1;256;12.30;0.69
18OL17048_1681;1181;47.4345;-59.5525;422210;2.18;16-nov-17;02:54:00;30.05;7.2;304.67052;NaN;NaN;0.692;0.9;9;0.11333;1;1.55333;1;0.475;1;2.975;1;0;3.27;0.52
18OL17048_1681;1181;47.4345;-59.5525;422209;4.96;16-nov-17;02:54:00;30.04;7.2;304.67052;6.8925;NaN;0.715;0.94;9;0.09667;1;1.52;1;0.475;1;2.985;1;256;3.20;0.51
18OL17048_1681;1181;47.4345;-59.5525;422208;14.97;16-nov-17;02:54:00;30.23;6.88;305.6977;NaN;NaN;0.736;0.875;9;0.12667;1;1.73333;1;0.49;1;3.245;1;0;3.54;0.53
18OL17048_1681;1181;47.4345;-59.5525;422207;24.89;16-nov-17;02:54:00;30.99;6.37;309.67244;NaN;NaN;0.574;0.635;9;0.11667;1;1.60333;1;0.48333;1;2.555;1;0;3.32;0.63
18OL17048_1681;1181;47.4345;-59.5525;422206;50.47;16-nov-17;02:54:00;31.99;2.15;304.3579;6.8005;NaN;0.106;0.09;9;0.09;1;6.40333;1;0.88667;1;6.625;1;256;7.22;0.97
18OL17048_1681;1181;47.4345;-59.5525;422205;100.53;16-nov-17;02:54:00;32.58;1.19;322.17724;NaN;NaN;0.061;0.065;9;0.09;1;6.59667;1;0.86;1;4.47;1;0;7.67;1.48
18OL17048_1681;1181;47.4345;-59.5525;422204;200.71;16-nov-17;02:54:00;34.18;5.92;177.25554;NaN;NaN;0.034;NaN;9;0.085;1;18.265;1;1.415;1;17.96;1;0;12.91;1.02
18OL17048_1681;1181;47.4345;-59.5525;422203;300.35;16-nov-17;02:54:00;34.9;7.2;135.72174;NaN;NaN;0.015;NaN;9;0.08;1;23.66;1;1.72;1;23.395;1;0;13.76;1.01
18OL17048_1681;1181;47.4345;-59.5525;422202;400.64;16-nov-17;02:54:00;34.96;5.98;145.50228;NaN;NaN;0.023;NaN;9;0.07;1;22.885;1;1.815;1;33.695;1;0;12.61;0.68
18OL17048_1681;1181;47.4345;-59.5525;422201;459.52;16-nov-17;02:54:00;34.98;5.88;161.08862;3.741;NaN;0.024;NaN;9;0.05;1;22.505;1;1.75;1;31.27;1;256;12.86;0.72
18OL17048_1682;1201;47.99667;-60.47567;422220;1.59;16-nov-17;09:31:00;30.79;5.29;314.94232;NaN;NaN;0.414;0.51;9;0.09667;1;2.31333;1;0.57;1;3.6;1;0;4.06;0.64
18OL17048_1682;1201;47.99667;-60.47567;422219;5.45;16-nov-17;09:31:00;30.79;5.28;317.48794;7.113;NaN;0.397;0.505;9;0.10333;1;2.25333;1;0.56;1;3.615;1;256;4.02;0.62
18OL17048_1682;1201;47.99667;-60.47567;422218;15.47;16-nov-17;09:31:00;30.93;5.81;313.78116;NaN;NaN;0.422;0.49;9;0.12;1;1.795;1;0.5;1;2.795;1;0;3.59;0.64
18OL17048_1682;1201;47.99667;-60.47567;422217;25.38;16-nov-17;09:31:00;30.94;5.83;313.7365;NaN;NaN;0.404;0.475;9;0.11;1;1.795;1;0.52;1;2.81;1;0;3.45;0.64
18OL17048_1682;1201;47.99667;-60.47567;422216;50.57;16-nov-17;09:31:00;31.43;5.3;307.17148;6.961;NaN;0.132;0.125;9;0.135;1;2.86;1;0.59;1;2.955;1;256;4.85;0.97
18OL17048_1682;1201;47.99667;-60.47567;422215;100.72;16-nov-17;09:31:00;32.42;1.54;312.62;NaN;NaN;0.077;0.06;9;0.04;1;6.885;1;0.88;1;5.37;1;0;7.82;1.28
18OL17048_1682;1201;47.99667;-60.47567;422214;200.41;16-nov-17;09:31:00;33.99;5.52;203.33698;NaN;NaN;0.03;NaN;9;0.04667;1;15.92667;1;1.425;1;14.89;1;0;11.18;1.07
18OL17048_1682;1201;47.99667;-60.47567;422213;300.24;16-nov-17;09:31:00;34.81;7.03;131.43438;NaN;NaN;0.021;NaN;9;0.04;1;23.33;1;1.84;1;24.585;1;0;12.68;0.95
18OL17048_1682;1201;47.99667;-60.47567;422212;400.32;16-nov-17;09:31:00;34.95;6.11;147.28868;NaN;NaN;0.021;NaN;9;0.04;1;23.39667;1;1.93;1;30.03;1;0;12.12;0.78
18OL17048_1682;1201;47.99667;-60.47567;422211;453.75;16-nov-17;09:31:00;34.97;5.91;156.17602;3.595;NaN;0.02;NaN;9;0.025;1;22.73;1;1.96;1;31.585;1;256;11.60;0.72
