CTD;CTD;CTD;CTD;CTD;CTD;CTD;CTD;labo;labo;labo;labo;labo;labo;labo;labo;labo;calc;calc
Fichier;Station;Latitude;Longitude;Echantillon;zbouteille;Date;Heure;CHL_01;Q_CHL;OXYM_01;Q_OXYM;NO3_01;Q_NO3;PO4_01;Q_PO4;QCFF;N_P;N_Si
(nom);(nom/no);(degres);(degres);(no_unique);(dbar);(jj-mmm-yyyy);(GMT);(mg/m**3);((none));(mmol/m**3);((none));(mmol/m**3);((none));(mmol/m**3);((none));((none));((none));((none))
18MT71036_435;F172_11;47.97861;-69.71667;300;0;22-aug-71;08:25:00;1.1;1;5.79;1;8.93;1;0.98;1;0;9.11;NaN
18MT71036_435;F172_11;47.97861;-69.71667;301;3;22-aug-71;08:25:00;NaN;9;5.712;1;7.79;1;1.09;1;0;7.15;NaN
18MT71036_435;F172_11;47.97861;-69.71667;302;6;22-aug-71;08:25:00;NaN;9;5.69;1;6.94;1;1;1;0;6.94;NaN
18MT71036_435;F172_11;47.97861;-69.71667;303;9;22-aug-71;08:25:00;NaN;9;5.656;1;7.34;1;1.11;1;0;6.61;NaN
18MT71036_435;F172_11;47.97861;-69.71667;304;15;22-aug-71;08:25:00;NaN;9;5.566;1;6.45;1;1;1;0;6.45;NaN
18MT71036_435;F172_11;47.97861;-69.71667;305;30;22-aug-71;08:25:00;NaN;9;5.454;1;6.05;1;1.3;1;0;4.65;NaN
18MT71036_436;F172_21;47.97861;-69.71667;306;0;22-aug-71;10:30:00;1.3;1;5.522;1;7.78;1;1.26;1;0;6.17;NaN
18MT71036_436;F172_21;47.97861;-69.71667;307;8;22-aug-71;10:30:00;NaN;9;5.499;1;7.73;1;1.23;1;0;6.28;NaN
18MT71036_436;F172_21;47.97861;-69.71667;308;17;22-aug-71;10:30:00;NaN;9;5.522;1;9.19;1;1.01;1;0;9.10;NaN
18MT71036_436;F172_21;47.97861;-69.71667;309;25;22-aug-71;10:30:00;NaN;9;5.488;1;8.45;1;0.99;1;0;8.54;NaN
18MT71036_436;F172_21;47.97861;-69.71667;310;43;22-aug-71;10:30:00;NaN;9;5.499;1;7.11;1;1.12;1;0;6.35;NaN
18MT71036_436;F172_21;47.97861;-69.71667;311;77;22-aug-71;10:30:00;NaN;9;5.006;1;8.65;1;1.29;1;0;6.71;NaN
18MT71036_437;F172_31;47.97861;-69.71667;312;0;22-aug-71;12:40:00;0.2;1;5.824;1;3.93;1;1.06;1;0;3.71;NaN
18MT71036_437;F172_31;47.97861;-69.71667;313;4;22-aug-71;12:40:00;NaN;9;5.701;1;7.25;1;0.74;1;0;9.80;NaN
18MT71036_437;F172_31;47.97861;-69.71667;316;30;22-aug-71;12:40:00;NaN;9;5.029;1;11;1;0.93;1;0;11.83;NaN
18MT71036_437;F172_31;47.97861;-69.71667;317;62;22-aug-71;12:40:00;NaN;9;5.062;1;10.43;1;1.33;1;0;7.84;NaN
18MT71036_438;F172_41;47.97861;-69.71667;318;0;22-aug-71;14:45:00;0.12;1;5.757;1;8.15;1;0.86;1;0;9.48;NaN
18MT71036_438;F172_41;47.97861;-69.71667;319;3;22-aug-71;14:45:00;NaN;9;5.734;1;9.4;1;1.05;1;0;8.95;NaN
18MT71036_438;F172_41;47.97861;-69.71667;320;5;22-aug-71;14:45:00;NaN;9;5.734;1;10.4;1;1.25;1;0;8.32;NaN
18MT71036_438;F172_41;47.97861;-69.71667;321;8;22-aug-71;14:45:00;NaN;9;5.634;1;8.23;1;1.05;1;0;7.84;NaN
18MT71036_438;F172_41;47.97861;-69.71667;322;18;22-aug-71;14:45:00;NaN;9;5.69;1;7;1;1.11;1;0;6.31;NaN
18MT71036_438;F172_41;47.97861;-69.71667;323;26;22-aug-71;14:45:00;NaN;9;5.309;1;NaN;9;0.87;1;0;NaN;NaN
18MT71036_439;F172_51;47.97861;-69.71667;324;0;22-aug-71;16:45:00;0.27;1;5.734;1;11.19;1;0.89;1;0;12.57;NaN
18MT71036_439;F172_51;47.97861;-69.71667;325;5;22-aug-71;16:45:00;NaN;9;5.6;1;8.47;1;0.93;1;0;9.11;NaN
18MT71036_439;F172_51;47.97861;-69.71667;326;10;22-aug-71;16:45:00;NaN;9;5.611;1;7.48;1;1.19;1;0;6.29;NaN
18MT71036_439;F172_51;47.97861;-69.71667;327;15;22-aug-71;16:45:00;NaN;9;5.656;1;8.62;1;0.96;1;0;8.98;NaN
18MT71036_439;F172_51;47.97861;-69.71667;328;25;22-aug-71;16:45:00;NaN;9;5.656;1;8.65;1;0.93;1;0;9.30;NaN
18MT71036_439;F172_51;47.97861;-69.71667;329;50;22-aug-71;16:45:00;NaN;9;5.443;1;9.76;1;1.24;1;0;7.87;NaN
18MT71036_440;F172_61;47.97861;-69.71667;330;0;22-aug-71;18:50:00;NaN;9;5.757;1;8.03;7;1.11;1;512;7.23;NaN
18MT71036_440;F172_61;47.97861;-69.71667;331;3;22-aug-71;18:50:00;NaN;9;5.712;1;4.75;7;0.89;1;512;5.34;NaN
18MT71036_440;F172_61;47.97861;-69.71667;332;7;22-aug-71;18:50:00;NaN;9;5.634;1;7.1;1;0.96;1;0;7.40;NaN
18MT71036_440;F172_61;47.97861;-69.71667;333;12;22-aug-71;18:50:00;NaN;9;5.768;1;NaN;9;0.86;1;0;NaN;NaN
18MT71036_440;F172_61;47.97861;-69.71667;334;23;22-aug-71;18:50:00;NaN;9;5.634;1;8.55;1;1.01;1;0;8.47;NaN
18MT71036_440;F172_61;47.97861;-69.71667;335;48;22-aug-71;18:50:00;NaN;9;5.466;1;8.78;1;1.03;1;0;8.52;NaN
18MT71036_441;F172_71;47.97861;-69.71667;336;0;22-aug-71;20:45:00;NaN;9;5.645;1;8.51;1;1.02;1;0;8.34;NaN
18MT71036_441;F172_71;47.97861;-69.71667;337;3;22-aug-71;20:45:00;NaN;9;5.701;1;6.15;1;0.94;1;0;6.54;NaN
18MT71036_441;F172_71;47.97861;-69.71667;338;7;22-aug-71;20:45:00;NaN;9;5.813;1;6.25;1;1.2;1;0;5.21;NaN
18MT71036_441;F172_71;47.97861;-69.71667;339;11;22-aug-71;20:45:00;NaN;9;5.69;1;7.94;1;0.93;1;0;8.54;NaN
18MT71036_441;F172_71;47.97861;-69.71667;340;20;22-aug-71;20:45:00;NaN;9;5.566;1;6.15;1;1.01;1;0;6.09;NaN
18MT71036_441;F172_71;47.97861;-69.71667;341;39;22-aug-71;20:45:00;NaN;9;5.477;1;9.7;1;1.03;1;0;9.42;NaN
18MT71036_443;F4831;47.80444;-69.84222;342;0;23-aug-71;11:40:00;NaN;9;5.824;1;8.82;1;0.78;1;0;11.31;NaN
18MT71036_443;F4831;47.80444;-69.84222;343;5;23-aug-71;11:40:00;NaN;9;5.701;1;8.78;1;1.16;1;0;7.57;NaN
18MT71036_443;F4831;47.80444;-69.84222;344;9;23-aug-71;11:40:00;NaN;9;5.533;1;6.4;1;1.03;1;0;6.21;NaN
18MT71036_443;F4831;47.80444;-69.84222;345;14;23-aug-71;11:40:00;NaN;9;5.6;1;9.33;1;1.23;1;0;7.59;NaN
18MT71036_443;F4831;47.80444;-69.84222;346;23;23-aug-71;11:40:00;NaN;9;5.421;1;NaN;9;0.85;1;0;NaN;NaN
18MT71036_443;F4831;47.80444;-69.84222;347;46;23-aug-71;11:40:00;NaN;9;5.387;1;11.03;1;0.97;1;0;11.37;NaN
18MT71036_434;F1181;47.92722;-69.58667;348;0;23-aug-71;13:45:00;NaN;9;5.891;1;8.55;1;0.82;1;0;10.43;NaN
18MT71036_434;F1181;47.92722;-69.58667;349;5;23-aug-71;13:45:00;NaN;9;5.813;1;8.89;1;1.09;1;0;8.16;NaN
18MT71036_434;F1181;47.92722;-69.58667;350;10;23-aug-71;13:45:00;NaN;9;6.014;1;9.39;1;0.91;1;0;10.32;NaN
18MT71036_434;F1181;47.92722;-69.58667;351;15;23-aug-71;13:45:00;NaN;9;5.634;1;11.04;1;1.22;1;0;9.05;NaN
18MT71036_442;F1721;47.97861;-69.71667;352;0;23-aug-71;16:00:00;NaN;9;6.126;1;7.76;1;1.06;1;0;7.32;NaN
18MT71036_442;F1721;47.97861;-69.71667;353;4;23-aug-71;16:00:00;NaN;9;6.306;1;7.05;1;1.13;1;0;6.24;NaN
18MT71036_442;F1721;47.97861;-69.71667;354;7;23-aug-71;16:00:00;NaN;9;NaN;9;8.68;1;1.03;1;0;8.43;NaN
18MT71036_442;F1721;47.97861;-69.71667;355;11;23-aug-71;16:00:00;NaN;9;5.634;1;8.11;1;1.19;1;0;6.82;NaN
18MT71036_442;F1721;47.97861;-69.71667;356;18;23-aug-71;16:00:00;NaN;9;5.611;1;9.05;1;1.06;1;0;8.54;NaN
18MT71036_442;F1721;47.97861;-69.71667;357;36;23-aug-71;16:00:00;NaN;9;5.499;1;8.48;1;1.08;1;0;7.85;NaN
