CTD;CTD;CTD;CTD;CTD;CTD;CTD;CTD;CTD;CTD;CTD;CTD;labo;labo;labo;labo;labo;labo;labo;labo;labo;labo;labo;labo;labo;labo;labo;calc;calc
Fichier;Station;Latitude;Longitude;Echantillon;zbouteille;Date;Heure;PRES;PSAL;TEMP_XX;DOXY;CHL_01;Q_CHL;PSAL_BS;Q_PSAL;OXY_02;Q_OXY;NO2_01;Q_NO2;NOx_01;Q_NOX;PO4_01;Q_PO4;Si_01;Q_Si;QCFF;N_P;N_Si
(nom);(nom/no);(degres);(degres);(no_unique);(dbar);(jj-mmm-yyyy);(GMT);(dbar);(psu);(celsius);(ml/l);(mg/m**3);((none));(PSU);((none));(ml/l);((none));(mmol/m**3);((none));(mmol/m**3);((none));(mmol/m**3);((none));(mmol/m**3);((none));((none));((none));((none))
18HU14007_264;HL_02;44.273;-63.3268;400023;0.74;02-may-14;20:04:00;0.744;31.3827;2.115;8.0282;0.10941;1;31.383;1;8.234;1;0;1;0.545;1;0.4705;1;0;1;0;1.16;NaN
18HU14007_264;HL_02;44.273;-63.3268;400024;1.96;02-may-14;20:04:00;1.964;31.3827;2.1144;8.02536;NaN;9;NaN;9;NaN;9;NaN;9;NaN;9;NaN;9;NaN;9;0;NaN;NaN
18HU14007_264;HL_02;44.273;-63.3268;400022;5.88;02-may-14;20:03:00;5.882;31.3877;2.065;8.01635;0.18236;1;NaN;9;NaN;9;0;1;0.57;1;0.4935;1;0;1;0;1.16;NaN
18HU14007_264;HL_02;44.273;-63.3268;400021;10.64;02-may-14;20:02:00;10.649;31.3985;1.9776;8.00263;0.78228;1;NaN;9;NaN;9;0;1;0.5;1;0.4685;1;0;1;0;1.07;NaN
18HU14007_264;HL_02;44.273;-63.3268;400020;21.45;02-may-14;20:01:00;21.459;31.5023;1.5908;7.93423;0.25986;1;NaN;9;NaN;9;0;1;0.815;1;0.523;1;0.16;1;0;1.56;5.09
18HU14007_264;HL_02;44.273;-63.3268;400019;31.06;02-may-14;20:00:00;31.069;31.7573;2.055;7.75617;0.31001;1;NaN;9;NaN;9;0;1;1.42;1;0.557;1;0.635;1;0;2.55;2.24
18HU14007_264;HL_02;44.273;-63.3268;400018;41.17;02-may-14;19:59:00;41.17;31.8559;2.4097;7.66315;0.29633;1;31.856;1;7.853;1;0.025;1;1.425;1;0.534;1;0.715;1;0;2.67;1.99
18HU14007_264;HL_02;44.273;-63.3268;400017;51.01;02-may-14;19:59:00;51.014;31.8603;2.3148;7.65587;0.25074;1;NaN;9;NaN;9;0.05;1;1.8;1;0.5465;1;0.82;1;0;3.29;2.20
18HU14007_264;HL_02;44.273;-63.3268;400016;77.43;02-may-14;19:57:00;77.431;32.48;4.8192;7.12547;0.21427;1;NaN;9;NaN;9;0.075;1;1.38;1;0.4565;1;1.135;1;0;3.02;1.22
18HU14007_264;HL_02;44.273;-63.3268;400015;102.86;02-may-14;19:56:00;102.864;32.3948;2.9871;6.95529;0.19572;1;NaN;9;NaN;9;0.1;1;5.01;1;0.746;1;3.385;1;0;6.72;1.48
18HU14007_264;HL_02;44.273;-63.3268;400003;162.36;02-may-14;19:54:00;162.368;33.864;7.2339;4.62009;NaN;9;NaN;9;4.202;1;NaN;9;NaN;9;NaN;9;NaN;9;0;NaN;NaN
18HU14007_264;HL_02;44.273;-63.3268;400010;162.61;02-may-14;19:54:00;162.612;33.8728;7.2578;4.59941;NaN;9;NaN;9;4.699;1;NaN;9;NaN;9;NaN;9;NaN;9;0;NaN;NaN
18HU14007_264;HL_02;44.273;-63.3268;400014;162.88;02-may-14;19:55:00;162.881;33.8767;7.2704;4.59119;0.14956;1;33.873;1;4.697;1;0.2;1;12.94;1;1.168;1;11.06;1;0;11.08;1.17
18HU14007_264;HL_02;44.273;-63.3268;400004;163;02-may-14;19:54:00;163.001;33.865;7.2384;4.6064;NaN;9;NaN;9;4.621;1;NaN;9;NaN;9;NaN;9;NaN;9;0;NaN;NaN
18HU14007_264;HL_02;44.273;-63.3268;400009;163.11;02-may-14;19:54:00;163.116;33.8757;7.2666;4.58185;NaN;9;NaN;9;4.69;1;NaN;9;NaN;9;NaN;9;NaN;9;0;NaN;NaN
18HU14007_264;HL_02;44.273;-63.3268;400012;163.16;02-may-14;19:54:00;163.16;33.8793;7.2797;4.59422;NaN;9;NaN;9;4.675;1;NaN;9;NaN;9;NaN;9;NaN;9;0;NaN;NaN
18HU14007_264;HL_02;44.273;-63.3268;400011;163.17;02-may-14;19:54:00;163.179;33.8731;7.259;4.57362;NaN;9;NaN;9;4.673;1;NaN;9;NaN;9;NaN;9;NaN;9;0;NaN;NaN
18HU14007_264;HL_02;44.273;-63.3268;400001;163.3;02-may-14;19:53:00;163.303;33.8661;7.2396;4.61103;NaN;9;NaN;9;4.461;1;NaN;9;NaN;9;NaN;9;NaN;9;0;NaN;NaN
18HU14007_264;HL_02;44.273;-63.3268;400008;163.36;02-may-14;19:54:00;163.368;33.883;7.2886;4.60502;NaN;9;NaN;9;4.697;1;NaN;9;NaN;9;NaN;9;NaN;9;0;NaN;NaN
18HU14007_264;HL_02;44.273;-63.3268;400013;163.43;02-may-14;19:54:00;163.431;33.8786;7.2757;4.5827;NaN;9;NaN;9;4.681;1;NaN;9;NaN;9;NaN;9;NaN;9;0;NaN;NaN
18HU14007_264;HL_02;44.273;-63.3268;400005;163.47;02-may-14;19:54:00;163.471;33.8662;7.2412;4.60868;NaN;9;NaN;9;4.703;1;NaN;9;NaN;9;NaN;9;NaN;9;0;NaN;NaN
18HU14007_264;HL_02;44.273;-63.3268;400007;163.66;02-may-14;19:54:00;163.66;33.8703;7.2526;4.58562;NaN;9;NaN;9;4.693;1;NaN;9;NaN;9;NaN;9;NaN;9;0;NaN;NaN
18HU14007_264;HL_02;44.273;-63.3268;400006;163.94;02-may-14;19:54:00;163.946;33.8783;7.2748;4.61624;NaN;9;NaN;9;4.697;1;NaN;9;NaN;9;NaN;9;NaN;9;0;NaN;NaN
18HU14007_264;HL_02;44.273;-63.3268;400002;164.46;02-may-14;19:54:00;164.461;33.8662;7.2413;4.61256;NaN;9;NaN;9;4.694;1;NaN;9;NaN;9;NaN;9;NaN;9;0;NaN;NaN
18HU14007_339;MidGul;43.8592;-58.918;400048;2.37;03-may-14;14:45:00;2.372;32.7157;4.562;7.57648;4.49948;1;NaN;9;7.75;1;0;1;0.195;1;0.3055;1;0;1;0;0.64;NaN
18HU14007_339;MidGul;43.8592;-58.918;400047;10.55;03-may-14;14:44:00;10.553;32.7124;4.5118;7.5899;4.58438;1;NaN;9;7.767;1;0;1;0.125;1;0.305;1;0;1;0;0.41;NaN
18HU14007_339;MidGul;43.8592;-58.918;400046;20.32;03-may-14;14:43:00;20.327;32.7167;4.5029;7.55284;4.92396;1;NaN;9;7.731;1;0;1;0;1;0.305;1;0;1;0;0.00;NaN
18HU14007_339;MidGul;43.8592;-58.918;400045;30.79;03-may-14;14:42:00;30.795;32.7422;4.5707;7.44784;4.88152;1;NaN;9;7.664;1;0;1;0;1;0.322;1;0.135;1;0;0.00;0.00
18HU14007_339;MidGul;43.8592;-58.918;400044;41.5;03-may-14;14:42:00;41.501;32.7473;4.5157;7.39882;4.88151;1;NaN;9;7.6;1;0;1;0.16;1;0.335;1;0.35;1;0;0.48;0.46
18HU14007_339;MidGul;43.8592;-58.918;400043;49.38;03-may-14;14:41:00;49.381;32.8266;4.2622;7.10427;4.79662;1;32.796;1;7.431;1;0.03;1;1.425;1;0.4285;1;0.965;1;0;3.33;1.48
18HU14007_339;MidGul;43.8592;-58.918;400042;60.38;03-may-14;14:40:00;60.383;32.9491;3.935;6.90786;1.51854;1;NaN;9;7.125;1;0.125;1;5.305;1;0.645;1;3.845;1;0;8.22;1.38
18HU14007_339;MidGul;43.8592;-58.918;400041;80.52;03-may-14;14:40:00;80.527;33.3994;4.7858;6.30488;0.26898;1;NaN;9;6.451;1;0.09;1;8.41;1;0.8045;1;5.655;1;0;10.45;1.49
18HU14007_339;MidGul;43.8592;-58.918;400040;101.16;03-may-14;14:39:00;101.168;33.8022;6.4936;5.83519;0.15694;1;NaN;9;6.014;1;0.17;1;8.925;1;0.795;1;5.16;1;0;11.23;1.73
18HU14007_339;MidGul;43.8592;-58.918;400039;148.57;03-may-14;14:37:00;148.571;34.9095;9.3365;4.24572;NaN;9;NaN;9;4.364;1;0.1;1;16.285;1;1.125;1;7.99;1;0;14.48;2.04
18HU14007_339;MidGul;43.8592;-58.918;400038;197.91;03-may-14;14:36:00;197.918;34.8252;8.442;4.42222;NaN;9;34.824;1;4.534;1;0.03;1;16.345;1;1.122;1;8.64;1;0;14.57;1.89
18HU14007_339;MidGul;43.8592;-58.918;400037;800.46;03-may-14;14:27:00;800.463;34.9542;4.5903;5.6392;NaN;9;NaN;9;5.8125;1;0;1;18.05;1;1.2105;1;11.075;1;0;14.91;1.63
18HU14007_339;MidGul;43.8592;-58.918;400029;1835.28;03-may-14;14:11:00;1835.288;34.946;3.6804;5.9218;NaN;9;NaN;9;NaN;9;NaN;9;NaN;9;NaN;9;NaN;9;0;NaN;NaN
18HU14007_339;MidGul;43.8592;-58.918;400033;1835.34;03-may-14;14:11:00;1835.343;34.9459;3.6804;5.9213;NaN;9;NaN;9;NaN;9;NaN;9;NaN;9;NaN;9;NaN;9;0;NaN;NaN
18HU14007_339;MidGul;43.8592;-58.918;400028;1835.43;03-may-14;14:11:00;1835.439;34.9458;3.681;5.92085;NaN;9;NaN;9;NaN;9;NaN;9;NaN;9;NaN;9;NaN;9;0;NaN;NaN
18HU14007_339;MidGul;43.8592;-58.918;400031;1835.59;03-may-14;14:11:00;1835.592;34.9459;3.68;5.91179;NaN;9;NaN;9;NaN;9;NaN;9;NaN;9;NaN;9;NaN;9;0;NaN;NaN
18HU14007_339;MidGul;43.8592;-58.918;400025;1835.59;03-may-14;14:11:00;1835.596;34.946;3.6809;5.91435;NaN;9;NaN;9;NaN;9;NaN;9;NaN;9;NaN;9;NaN;9;0;NaN;NaN
18HU14007_339;MidGul;43.8592;-58.918;400036;1835.71;03-may-14;14:12:00;1835.715;34.946;3.6799;5.91974;NaN;9;34.95;1;6.1245;1;0;1;18.095;1;1.203;1;13.015;1;0;15.04;1.39
18HU14007_339;MidGul;43.8592;-58.918;400026;1835.75;03-may-14;14:11:00;1835.755;34.946;3.6807;5.91985;NaN;9;NaN;9;NaN;9;NaN;9;NaN;9;NaN;9;NaN;9;0;NaN;NaN
18HU14007_339;MidGul;43.8592;-58.918;400034;1835.97;03-may-14;14:11:00;1835.974;34.946;3.6795;5.92017;NaN;9;NaN;9;NaN;9;NaN;9;NaN;9;NaN;9;NaN;9;0;NaN;NaN
18HU14007_339;MidGul;43.8592;-58.918;400035;1836.07;03-may-14;14:11:00;1836.079;34.9458;3.6799;5.91842;NaN;9;NaN;9;NaN;9;NaN;9;NaN;9;NaN;9;NaN;9;0;NaN;NaN
18HU14007_339;MidGul;43.8592;-58.918;400032;1836.09;03-may-14;14:11:00;1836.094;34.946;3.6796;5.92046;NaN;9;NaN;9;NaN;9;NaN;9;NaN;9;NaN;9;NaN;9;0;NaN;NaN
18HU14007_339;MidGul;43.8592;-58.918;400030;1836.3;03-may-14;14:11:00;1836.304;34.9459;3.6789;5.91443;NaN;9;NaN;9;NaN;9;NaN;9;NaN;9;NaN;9;NaN;9;0;NaN;NaN
18HU14007_339;MidGul;43.8592;-58.918;400027;1836.47;03-may-14;14:11:00;1836.479;34.9459;3.6787;5.91789;NaN;9;NaN;9;NaN;9;NaN;9;NaN;9;NaN;9;NaN;9;0;NaN;NaN
18HU14007_070;STN27;47.5457;-52.5868;400990;5.08;17-may-14;00:02:00;5.081;32.4266;1.4292;8.21577;0.54708;1;NaN;9;8.415;1;0;1;0.1;1;0.304;1;0;1;0;0.33;NaN
18HU14007_070;STN27;47.5457;-52.5868;400989;9.5;17-may-14;00:02:00;9.509;32.4511;1.2703;8.25731;0.39207;1;NaN;9;NaN;9;0;1;0;1;0.2895;1;0;1;0;0.00;NaN
18HU14007_070;STN27;47.5457;-52.5868;400988;20.09;17-may-14;00:01:00;20.095;32.494;1.0389;8.33223;0.43766;1;NaN;9;NaN;9;0;1;0;1;0.303;1;0;1;0;0.00;NaN
18HU14007_070;STN27;47.5457;-52.5868;400987;30.29;17-may-14;00:00:00;30.295;32.5135;0.7719;8.41916;0.58811;1;NaN;9;NaN;9;0;1;0;1;0.299;1;0;1;0;0.00;NaN
18HU14007_070;STN27;47.5457;-52.5868;400986;39.7;16-may-14;23:59:00;39.7;32.5297;0.5574;8.45933;0.68385;1;32.725;1;8.671;1;0;1;0;1;0.2955;1;0;1;0;0.00;NaN
18HU14007_070;STN27;47.5457;-52.5868;400985;49.97;16-may-14;23:58:00;49.972;32.5979;-0.0113;8.55873;0.99702;1;NaN;9;NaN;9;0;1;0.39;1;0.367;1;0;1;0;1.06;NaN
18HU14007_070;STN27;47.5457;-52.5868;400984;74.42;16-may-14;23:57:00;74.428;32.6984;-1.4811;7.87391;1.15041;1;NaN;9;NaN;9;0.08;1;6.275;1;0.8525;1;1.915;1;0;7.36;3.28
18HU14007_070;STN27;47.5457;-52.5868;400983;99.49;16-may-14;23:56:00;99.493;32.7753;-1.451;7.78903;0.90499;1;NaN;9;NaN;9;0.065;1;6.87;1;0.8715;1;3.075;1;0;7.88;2.23
18HU14007_070;STN27;47.5457;-52.5868;400982;149.53;16-may-14;23:55:00;149.538;32.9357;-1.2908;7.27521;1.01236;1;NaN;9;NaN;9;0.1;1;9.19;1;1.0185;1;7.57;1;0;9.02;1.21
18HU14007_070;STN27;47.5457;-52.5868;400981;158.64;16-may-14;23:55:00;158.641;33.0093;-1.2243;7.07874;1.59524;1;33.012;1;7.249;1;0.135;1;9.565;1;1.079;1;8.145;1;0;8.86;1.17
18HU14007_075;Off Grand Banks;44.6983;-54.2853;401012;1.19;17-may-14;18:57:00;1.192;32.3839;6.4347;7.31357;NaN;9;NaN;9;NaN;9;NaN;9;NaN;9;NaN;9;NaN;9;0;NaN;NaN
18HU14007_075;Off Grand Banks;44.6983;-54.2853;401013;1.35;17-may-14;18:57:00;1.355;32.382;6.4305;7.29935;NaN;9;NaN;9;NaN;9;NaN;9;NaN;9;NaN;9;NaN;9;0;NaN;NaN
18HU14007_075;Off Grand Banks;44.6983;-54.2853;401011;1.48;17-may-14;18:57:00;1.487;32.3834;6.4348;7.3104;NaN;9;NaN;9;NaN;9;NaN;9;NaN;9;NaN;9;NaN;9;0;NaN;NaN
18HU14007_075;Off Grand Banks;44.6983;-54.2853;401014;1.64;17-may-14;18:57:00;1.643;32.3813;6.4288;7.30333;NaN;9;NaN;9;NaN;9;NaN;9;NaN;9;NaN;9;NaN;9;0;NaN;NaN
18HU14007_075;Off Grand Banks;44.6983;-54.2853;401009;1.65;17-may-14;18:57:00;1.653;32.3828;6.434;7.30884;0.41942;1;NaN;9;NaN;9;0;1;0;1;0.312;1;0.095;1;0;0.00;0.00
18HU14007_075;Off Grand Banks;44.6983;-54.2853;401010;1.82;17-may-14;18:57:00;1.827;32.3822;6.4331;7.3111;NaN;9;NaN;9;NaN;9;NaN;9;NaN;9;NaN;9;NaN;9;0;NaN;NaN
18HU14007_075;Off Grand Banks;44.6983;-54.2853;401007;10.65;17-may-14;18:56:00;10.655;32.5381;6.6676;7.21767;0.37839;1;NaN;9;NaN;9;0;1;0;1;0.3095;1;0.22;1;0;0.00;0.00
18HU14007_075;Off Grand Banks;44.6983;-54.2853;401008;11.01;17-may-14;18:56:00;11.013;32.5737;6.7315;7.201;NaN;9;NaN;9;NaN;9;NaN;9;NaN;9;NaN;9;NaN;9;0;NaN;NaN
18HU14007_075;Off Grand Banks;44.6983;-54.2853;401006;19.55;17-may-14;18:56:00;19.555;32.6274;6.1712;7.16243;NaN;9;NaN;9;NaN;9;NaN;9;NaN;9;NaN;9;NaN;9;0;NaN;NaN
18HU14007_075;Off Grand Banks;44.6983;-54.2853;401005;20.54;17-may-14;18:56:00;20.549;32.6262;6.1558;7.16212;0.31913;1;NaN;9;NaN;9;0;1;0;1;0.293;1;0.14;1;0;0.00;0.00
18HU14007_075;Off Grand Banks;44.6983;-54.2853;401000;29.27;17-may-14;18:55:00;29.271;32.6378;5.8202;7.22367;0.5106;1;NaN;9;NaN;9;0.02;1;0;1;0.2885;1;0.31;1;0;0.00;0.00
18HU14007_075;Off Grand Banks;44.6983;-54.2853;401001;29.68;17-may-14;18:55:00;29.685;32.6399;5.8558;7.21105;NaN;9;NaN;9;NaN;9;NaN;9;NaN;9;NaN;9;NaN;9;0;NaN;NaN
18HU14007_075;Off Grand Banks;44.6983;-54.2853;401004;29.78;17-may-14;18:55:00;29.785;32.6409;5.86;7.21612;NaN;9;NaN;9;NaN;9;NaN;9;NaN;9;NaN;9;NaN;9;0;NaN;NaN
18HU14007_075;Off Grand Banks;44.6983;-54.2853;401002;30.26;17-may-14;18:55:00;30.267;32.6396;5.859;7.2175;NaN;9;NaN;9;NaN;9;NaN;9;NaN;9;NaN;9;NaN;9;0;NaN;NaN
18HU14007_075;Off Grand Banks;44.6983;-54.2853;401003;30.26;17-may-14;18:55:00;30.267;32.6403;5.8587;7.20739;NaN;9;NaN;9;NaN;9;NaN;9;NaN;9;NaN;9;NaN;9;0;NaN;NaN
18HU14007_075;Off Grand Banks;44.6983;-54.2853;400998;39.83;17-may-14;18:54:00;39.832;32.6051;5.0573;7.62846;0.88965;1;NaN;9;7.862;1;0;1;0.125;1;0.2695;1;0;1;0;0.46;NaN
18HU14007_075;Off Grand Banks;44.6983;-54.2853;400999;39.87;17-may-14;18:54:00;39.875;32.6064;5.0599;7.64164;NaN;9;NaN;9;NaN;9;NaN;9;NaN;9;NaN;9;NaN;9;0;NaN;NaN
18HU14007_075;Off Grand Banks;44.6983;-54.2853;400997;50.03;17-may-14;18:53:00;50.035;32.7795;5.7047;7.42939;1.5799;1;NaN;9;7.672;1;0.025;1;0;1;0.259;1;0;1;0;0.00;NaN
18HU14007_075;Off Grand Banks;44.6983;-54.2853;400996;60.09;17-may-14;18:52:00;60.092;32.8802;5.8781;7.14861;NaN;9;NaN;9;NaN;9;NaN;9;NaN;9;NaN;9;NaN;9;0;NaN;NaN
18HU14007_075;Off Grand Banks;44.6983;-54.2853;400995;60.43;17-may-14;18:52:00;60.437;32.8811;5.8761;7.13226;5.2211;1;NaN;9;7.376;1;0.025;1;0;1;0.38;1;0.215;1;0;0.00;0.00
18HU14007_075;Off Grand Banks;44.6983;-54.2853;400994;80.53;17-may-14;18:51:00;80.534;33.4444;6.0439;6.31751;0.38295;1;NaN;9;6.551;1;0.28;1;5.715;1;0.6675;1;3.35;1;0;8.56;1.71
18HU14007_075;Off Grand Banks;44.6983;-54.2853;400993;100.62;17-may-14;18:51:00;100.621;34.1264;7.9797;5.59046;0.35104;1;NaN;9;5.791;1;0.05;1;9.27;1;0.78;1;4.805;1;0;11.88;1.93
18HU14007_075;Off Grand Banks;44.6983;-54.2853;400992;149.87;17-may-14;18:49:00;149.872;35.0395;10.1606;4.23149;NaN;9;NaN;9;4.388;1;0.045;1;15.695;1;1.0265;1;7.72;1;0;15.29;2.03
18HU14007_075;Off Grand Banks;44.6983;-54.2853;400991;200.43;17-may-14;18:47:00;200.432;34.866;8.4557;4.20411;NaN;9;NaN;9;NaN;9;0.02;1;18.34;1;1.173;1;9.41;1;0;15.64;1.95
18HU14007_083;HL_19;38.2342;-57.9267;401038;2.11;19-may-14;17:32:00;2.11;36.3171;18.0393;5.11751;0.88965;1;36.31;1;5.22;1;0.17;1;2.225;1;0.1435;1;0.95;1;0;15.51;2.34
18HU14007_083;HL_19;38.2342;-57.9267;401037;49.64;19-may-14;17:31:00;49.648;36.1573;17.0181;5.08201;1.21176;1;36.155;1;5.171;1;0.235;1;2.875;1;0.1805;1;1.02;1;0;15.93;2.82
18HU14007_083;HL_19;38.2342;-57.9267;401036;99.97;19-may-14;17:30:00;99.976;36.1252;16.7686;4.81815;0.39207;1;36.124;1;4.929;1;0.29;1;4.255;1;0.261;1;1.415;1;0;16.30;3.01
18HU14007_083;HL_19;38.2342;-57.9267;401035;195.83;19-may-14;17:27:00;195.83;36.0926;16.1487;5.45524;NaN;9;36.089;1;5.59;1;0.205;1;1.96;1;0.1645;1;0.135;1;0;11.91;14.52
18HU14007_083;HL_19;38.2342;-57.9267;401034;331.21;19-may-14;17:24:00;331.215;35.848;14.5206;4.62307;NaN;9;35.839;1;4.749;1;0.06;1;9.91;1;0.5915;1;3.45;1;0;16.75;2.87
18HU14007_083;HL_19;38.2342;-57.9267;401033;516.09;19-may-14;17:21:00;516.09;35.5325;12.0015;3.32404;NaN;9;35.535;1;3.378;1;0;1;20.4;1;1.24;1;9.35;1;0;16.45;2.18
18HU14007_083;HL_19;38.2342;-57.9267;401032;731.02;19-may-14;17:17:00;731.023;35.1092;7.604;3.79299;NaN;9;35.109;1;3.866;1;0;1;24.26;1;1.5595;1;14.555;1;0;15.56;1.67
18HU14007_083;HL_19;38.2342;-57.9267;401031;960.12;19-may-14;17:13:00;960.123;35.0419;5.5688;5.00327;NaN;9;35.042;1;5.129;1;0;1;20.29;1;1.307;1;12.59;1;0;15.52;1.61
18HU14007_083;HL_19;38.2342;-57.9267;401030;1201.99;19-may-14;17:08:00;1201.998;35.0058;4.7859;5.52695;NaN;9;35.005;1;5.697;1;0;1;18.82;1;1.2355;1;11.765;1;0;15.23;1.60
18HU14007_083;HL_19;38.2342;-57.9267;401029;1452.18;19-may-14;17:04:00;1452.187;34.9837;4.3515;5.71204;NaN;9;34.983;1;5.924;1;0;1;18.36;1;1.2;1;12.055;1;0;15.30;1.52
18HU14007_083;HL_19;38.2342;-57.9267;401028;1710.15;19-may-14;16:59:00;1710.152;34.9724;4.0847;5.79375;NaN;9;34.971;1;5.981;1;0;1;18.425;1;1.193;1;12.335;1;0;15.44;1.49
18HU14007_083;HL_19;38.2342;-57.9267;401027;1990.49;19-may-14;16:54:00;1990.496;34.9601;3.7862;5.86044;NaN;9;34.959;1;6.007;1;0;1;18.465;1;1.211;1;13.455;1;0;15.25;1.37
18HU14007_083;HL_19;38.2342;-57.9267;401026;2201.14;19-may-14;16:50:00;2201.144;34.9526;3.6261;5.87219;NaN;9;34.952;1;6.089;1;0;1;18.29;1;1.2055;1;14.21;1;0;15.17;1.29
18HU14007_083;HL_19;38.2342;-57.9267;401025;2581.95;19-may-14;16:43:00;2581.952;34.9496;3.3588;5.85604;NaN;9;34.95;1;6.102;1;0;1;18.565;1;1.2195;1;16.92;1;0;15.22;1.10
18HU14007_083;HL_19;38.2342;-57.9267;401024;2890.28;19-may-14;16:38:00;2890.286;34.9408;3.1276;5.86819;NaN;9;34.941;1;6.08;1;0;1;18.59;1;1.225;1;18.91;1;0;15.18;0.98
18HU14007_083;HL_19;38.2342;-57.9267;401023;3200.79;19-may-14;16:32:00;3200.79;34.9298;2.8853;5.89153;NaN;9;34.93093;1;6.138;1;0;1;18.555;1;1.2185;1;20.665;1;0;15.23;0.90
18HU14007_083;HL_19;38.2342;-57.9267;401022;3510.73;19-may-14;16:27:00;3510.739;34.9153;2.6244;5.92808;NaN;9;34.915;1;5.785;1;0;1;18.465;1;1.229;1;22.93;1;0;15.02;0.81
18HU14007_083;HL_19;38.2342;-57.9267;401021;3821.97;19-may-14;16:21:00;3821.975;34.9028;2.4352;5.93273;NaN;9;34.903;1;6.192;1;0;1;18.685;1;1.257;1;25.765;1;0;14.86;0.73
18HU14007_083;HL_19;38.2342;-57.9267;401020;4130.2;19-may-14;16:16:00;4130.205;34.8944;2.3358;5.94129;NaN;9;34.894;1;6.154;1;0;1;19.07;1;1.2875;1;28.555;1;0;14.81;0.67
18HU14007_083;HL_19;38.2342;-57.9267;401019;4430.29;19-may-14;16:10:00;4430.292;34.889;2.2961;5.91008;NaN;9;34.889;1;6.12233;1;0;1;19.5;1;1.303;1;30.835;1;0;14.97;0.63
18HU14007_083;HL_19;38.2342;-57.9267;401018;4710.9;19-may-14;16:05:00;4710.906;34.8849;2.2887;5.86868;NaN;9;34.886;1;6.076;1;0;1;19.74;1;1.3335;1;33.175;1;0;14.80;0.60
18HU14007_083;HL_19;38.2342;-57.9267;401017;4960.16;19-may-14;16:00:00;4960.162;34.8822;2.2916;5.86403;NaN;9;34.884;1;6.05;1;0;1;19.97;1;1.349;1;34.62;1;0;14.80;0.58
18HU14007_083;HL_19;38.2342;-57.9267;401016;5168.19;19-may-14;15:56:00;5168.198;34.8792;2.2926;5.85682;NaN;9;34.88;1;6.044;1;0;1;20.215;1;1.3745;1;36.61;1;4;14.71;0.55
18HU14007_083;HL_19;38.2342;-57.9267;401015;5297.49;19-may-14;15:53:00;5297.495;34.8745;2.2678;5.83586;NaN;9;34.874;1;5.999;1;0.055;1;20.83;1;1.4445;1;39.745;1;4;14.42;0.52
18HU14007_084;HL_18.5;38.5215;-58.1753;401056;1.92;19-may-14;22:12:00;1.928;36.2208;18.3517;5.55178;NaN;9;NaN;9;NaN;9;NaN;9;NaN;9;NaN;9;NaN;9;0;NaN;NaN
18HU14007_084;HL_18.5;38.5215;-58.1753;401055;2.63;19-may-14;22:12:00;2.639;36.2204;18.2881;5.55644;1.5799;1;NaN;9;NaN;9;0.08;1;0.67;1;0.086;1;0.395;1;0;7.79;1.70
18HU14007_084;HL_18.5;38.5215;-58.1753;401054;8.72;19-may-14;22:11:00;8.725;36.2117;17.5959;5.62756;1.47252;1;NaN;9;NaN;9;0.07;1;0.08;1;0.0635;1;0.51;1;0;1.26;0.16
18HU14007_084;HL_18.5;38.5215;-58.1753;401053;18.48;19-may-14;22:10:00;18.481;36.2161;17.4629;5.5523;1.7793;1;NaN;9;5.744;1;0.07;1;0.115;1;0.0535;1;0.33;1;0;2.15;0.35
18HU14007_084;HL_18.5;38.5215;-58.1753;401052;28.94;19-may-14;22:10:00;28.943;36.1849;17.2599;5.47424;1.64125;1;NaN;9;NaN;9;0.115;1;0.46;1;0.061;1;0.43;1;0;7.54;1.07
18HU14007_084;HL_18.5;38.5215;-58.1753;401051;39.07;19-may-14;22:09:00;39.07;36.1744;17.1608;5.39739;1.18109;1;NaN;9;5.543;1;0.18;1;0.67;1;0.0845;1;0.49;1;0;7.93;1.37
18HU14007_084;HL_18.5;38.5215;-58.1753;401050;50.22;19-may-14;22:09:00;50.222;36.1594;17.0945;5.32653;0.62889;1;NaN;9;NaN;9;0.275;1;1.325;1;0.1075;1;0.535;1;0;12.33;2.48
18HU14007_084;HL_18.5;38.5215;-58.1753;401049;59.18;19-may-14;22:08:00;59.18;35.9356;15.9375;5.10343;0.14402;1;NaN;9;5.242;1;0.69;1;4.845;1;0.2965;1;0.955;1;0;16.34;5.07
18HU14007_084;HL_18.5;38.5215;-58.1753;401048;80.28;19-may-14;22:07:00;80.283;35.8104;15.0964;5.02247;0.05908;1;NaN;9;NaN;9;0.285;1;6.235;1;0.3925;1;1.285;1;0;15.89;4.85
18HU14007_084;HL_18.5;38.5215;-58.1753;401047;98.98;19-may-14;22:06:00;98.98;35.7457;14.6623;4.94307;0.03508;1;NaN;9;5.102;1;0.105;1;6.985;1;0.4645;1;1.64;1;0;15.04;4.26
18HU14007_084;HL_18.5;38.5215;-58.1753;401046;148.49;19-may-14;22:05:00;148.493;35.7874;14.4477;4.82917;NaN;9;NaN;9;4.978;1;0.04;1;8.46;1;0.5105;1;2.86;1;0;16.57;2.96
18HU14007_084;HL_18.5;38.5215;-58.1753;401045;200.51;19-may-14;22:03:00;200.519;35.7625;14.1643;4.75563;NaN;9;NaN;9;4.877;1;0;1;9.8;1;0.6075;1;3.855;1;0;16.13;2.54
18HU14007_084;HL_18.5;38.5215;-58.1753;401044;501.88;19-may-14;21:58:00;501.889;35.2752;10.1199;3.27291;NaN;9;NaN;9;3.336;1;0;1;22.945;1;1.4485;1;11.94;1;0;15.84;1.92
18HU14007_084;HL_18.5;38.5215;-58.1753;401043;750.51;19-may-14;21:54:00;750.517;35.0706;6.5021;4.40037;NaN;9;NaN;9;4.495;1;0;1;22.085;1;1.423;1;13.305;1;0;15.52;1.66
18HU14007_084;HL_18.5;38.5215;-58.1753;401042;1001.43;19-may-14;21:49:00;1001.435;35.0175;5.0438;5.36482;NaN;9;NaN;9;5.515;1;0;1;19.39;1;1.2655;1;11.73;1;0;15.32;1.65
18HU14007_084;HL_18.5;38.5215;-58.1753;401041;1499.15;19-may-14;21:42:00;1499.15;34.9788;4.2434;5.74198;NaN;9;NaN;9;5.947;1;0;1;18.455;1;1.2095;1;11.81;1;0;15.26;1.56
18HU14007_084;HL_18.5;38.5215;-58.1753;401040;2000.41;19-may-14;21:35:00;2000.415;34.9567;3.7288;5.84968;NaN;9;NaN;9;6.063;1;0;1;18.74;1;1.2185;1;13.54;1;0;15.38;1.38
18HU14007_084;HL_18.5;38.5215;-58.1753;401039;2500.02;19-may-14;21:27:00;2500.026;34.9439;3.3167;5.93352;NaN;9;NaN;9;6.13;1;0;1;18.76;1;1.2165;1;16.37;1;0;15.42;1.15
18HU14007_085;HL_18;38.7998;-58.417;401080;3.43;20-may-14;03:32:00;3.436;36.5049;22.6436;4.83114;0.15325;1;36.503;1;4.907;1;0.03;1;0.11;1;0.0315;1;0.43;1;0;3.49;0.26
18HU14007_085;HL_18;38.7998;-58.417;401079;49.63;20-may-14;03:31:00;49.636;36.3709;19.096;4.96992;0.45134;1;36.342;1;5.004;1;0.385;1;1.74;1;0.1115;1;0.86;1;0;15.61;2.02
18HU14007_085;HL_18;38.7998;-58.417;401078;100.51;20-may-14;03:30:00;100.511;36.1923;17.7307;4.54355;0.14587;1;36.196;1;4.63;1;0.51;1;4.915;1;0.309;1;1.685;1;0;15.91;2.92
18HU14007_085;HL_18;38.7998;-58.417;401077;194.42;20-may-14;03:28:00;194.425;36.3984;17.6743;4.78383;NaN;9;36.39;1;4.864;1;0.195;1;4.06;1;0.2135;1;1.395;1;0;19.02;2.91
18HU14007_085;HL_18;38.7998;-58.417;401076;329.39;20-may-14;03:26:00;329.392;36.1916;16.2178;4.16333;NaN;9;36.189;1;4.278;1;0.11;1;9.01;1;0.5035;1;3.155;1;0;17.89;2.86
18HU14007_085;HL_18;38.7998;-58.417;401075;480.01;20-may-14;03:23:00;480.016;35.7261;13.5912;4.00192;NaN;9;35.724;1;4.067;1;0;1;14.355;1;0.8655;1;5.995;1;0;16.59;2.39
18HU14007_085;HL_18;38.7998;-58.417;401074;651.91;20-may-14;03:20:00;651.916;35.2577;9.841;3.15648;NaN;9;35.257;1;3.15;1;0;1;25.025;1;1.558;1;13.93;1;0;16.06;1.80
18HU14007_085;HL_18;38.7998;-58.417;401073;902.18;20-may-14;03:16:00;902.185;35.0555;6.1176;4.68434;NaN;9;35.054;1;4.755;1;0;1;21.43;1;1.3735;1;13.38;1;0;15.60;1.60
18HU14007_085;HL_18;38.7998;-58.417;401072;1149.68;20-may-14;03:12:00;1149.68;35.008;4.8859;5.51718;NaN;9;35.007;1;5.631;1;0;1;19.08;1;1.2335;1;11.85;1;0;15.47;1.61
18HU14007_085;HL_18;38.7998;-58.417;401071;1409.88;20-may-14;03:07:00;1409.887;34.9886;4.4156;5.74434;NaN;9;34.988;1;5.868;1;0;1;18.535;1;1.1855;1;11.88;1;0;15.63;1.56
18HU14007_085;HL_18;38.7998;-58.417;401070;1691.85;20-may-14;03:03:00;1691.85;34.9723;4.0435;5.83863;NaN;9;34.97;1;5.988;1;0;1;18.5;1;1.202;1;12.655;1;0;15.39;1.46
18HU14007_085;HL_18;38.7998;-58.417;401069;1982.96;20-may-14;02:58:00;1982.963;34.9595;3.7895;5.88975;NaN;9;34.959;1;6.077;1;0;1;18.515;1;1.1995;1;13.49;1;0;15.44;1.37
18HU14007_085;HL_18;38.7998;-58.417;401068;2280.34;20-may-14;02:54:00;2280.347;34.9461;3.5158;5.93579;NaN;9;34.945;1;6.125;1;0;1;18.26;1;1.198;1;14.595;1;0;15.24;1.25
18HU14007_085;HL_18;38.7998;-58.417;401067;2580.93;20-may-14;02:49:00;2580.931;34.9395;3.2662;5.95162;NaN;9;34.939;1;6.14933;1;0;1;18.205;1;1.2005;1;16.32;1;0;15.16;1.12
18HU14007_085;HL_18;38.7998;-58.417;401066;2890.3;20-may-14;02:44:00;2890.301;34.9366;3.0422;5.90044;NaN;9;34.936;1;6.111;1;0;1;18.545;1;1.221;1;19.3;1;0;15.19;0.96
18HU14007_085;HL_18;38.7998;-58.417;401065;3201.35;20-may-14;02:40:00;3201.35;34.9232;2.7845;5.97629;NaN;9;34.923;1;6.194;1;0;1;18.15;1;1.2055;1;20.08;1;0;15.06;0.90
18HU14007_085;HL_18;38.7998;-58.417;401064;3520.04;20-may-14;02:35:00;3520.042;34.9122;2.5734;5.97524;NaN;9;34.911;1;6.209;1;0;1;18.405;1;1.2215;1;22.97;1;0;15.07;0.80
18HU14007_085;HL_18;38.7998;-58.417;401063;3819.94;20-may-14;02:29:00;3819.941;34.9008;2.397;5.9903;NaN;9;34.9;1;6.175;1;0;1;18.485;1;1.242;1;25.89;1;0;14.88;0.71
18HU14007_085;HL_18;38.7998;-58.417;401062;4128.27;20-may-14;02:23:00;4128.27;34.8928;2.3032;5.95307;NaN;9;34.892;1;6.155;1;0;1;18.89;1;1.2705;1;28.43;1;0;14.87;0.66
18HU14007_085;HL_18;38.7998;-58.417;401061;4428.03;20-may-14;02:18:00;4428.038;34.8873;2.2685;5.92459;NaN;9;34.886;1;6.11933;1;0;1;19.585;1;1.3135;1;31.35;1;0;14.91;0.62
18HU14007_085;HL_18;38.7998;-58.417;401060;4709.15;20-may-14;02:14:00;4709.153;34.8832;2.2579;5.91017;NaN;9;34.882;1;6.077;1;0;1;19.84;1;1.3435;1;34.205;1;0;14.77;0.58
18HU14007_085;HL_18;38.7998;-58.417;401059;4958.32;20-may-14;02:10:00;4958.322;34.8783;2.2463;5.82652;NaN;9;34.877;1;6.02;1;0;1;20.355;1;1.386;1;37.02;1;0;14.69;0.55
18HU14007_085;HL_18;38.7998;-58.417;401058;5148.66;20-may-14;02:07:00;5148.666;34.8742;2.2363;5.81368;NaN;9;34.874;1;5.977;1;0.025;1;20.87;1;1.414;1;39.77;1;4;14.76;0.52
18HU14007_085;HL_18;38.7998;-58.417;401057;5291.43;20-may-14;02:04:00;5291.439;34.8734;2.2469;5.83404;NaN;9;34.873;1;5.981;1;0.06;1;21.12;1;1.407;1;39.92;1;4;15.01;0.53
18HU14007_087;HL_17;39.2455;-58.8007;401104;2.19;20-may-14;13:04:00;2.193;36.5482;22.5496;4.80039;0.0997;1;36.546;1;4.909;1;0.055;1;0;1;0;1;0;1;0;NaN;NaN
18HU14007_087;HL_17;39.2455;-58.8007;401103;50.28;20-may-14;13:02:00;50.285;36.545;21.5284;4.90106;0.70558;1;36.543;1;5.015;1;0.035;1;0;1;0;1;0;1;0;NaN;NaN
18HU14007_087;HL_17;39.2455;-58.8007;401102;100.18;20-may-14;13:01:00;100.186;36.5315;20.5957;4.72893;0.96634;1;36.53;1;NaN;9;0.205;1;0.865;1;0;1;0;1;0;NaN;NaN
18HU14007_087;HL_17;39.2455;-58.8007;401101;196.08;20-may-14;12:59:00;196.083;36.5571;19.3466;4.64284;NaN;9;36.554;1;4.785;1;0.05;1;1.825;1;0;1;0.4;1;0;NaN;4.56
18HU14007_087;HL_17;39.2455;-58.8007;401100;330.09;20-may-14;12:56:00;330.096;36.5575;18.4117;4.44319;NaN;9;36.554;1;4.583;1;0.04;1;4.01;1;0.2025;1;1.185;1;0;19.80;3.38
18HU14007_087;HL_17;39.2455;-58.8007;401099;601.64;20-may-14;12:52:00;601.642;36.0401;15.2565;3.69945;NaN;9;36.038;1;3.811;1;0.055;1;12.92;1;0.751;1;4.46;1;0;17.20;2.90
18HU14007_087;HL_17;39.2455;-58.8007;401098;801;20-may-14;12:48:00;801.007;35.2751;10.2467;2.99719;NaN;9;35.276;1;3.03;1;0.025;1;25.69;1;1.589;1;13.545;1;0;16.17;1.90
18HU14007_087;HL_17;39.2455;-58.8007;401097;1021.33;20-may-14;12:44:00;1021.33;35.0561;6.2022;4.61283;NaN;9;35.057;1;4.732;1;0.045;1;21.67;1;1.4005;1;13.145;1;0;15.47;1.65
18HU14007_087;HL_17;39.2455;-58.8007;401096;1262.32;20-may-14;12:39:00;1262.324;35.001;4.8947;5.52928;NaN;9;35.001;1;5.7;1;0.02;1;18.85;1;1.225;1;11.265;1;0;15.39;1.67
18HU14007_087;HL_17;39.2455;-58.8007;401095;1479.08;20-may-14;12:35:00;1479.081;34.9796;4.4286;5.74117;NaN;9;34.978;1;5.939;1;0;1;18.285;1;1.2035;1;11.25;1;0;15.19;1.63
18HU14007_087;HL_17;39.2455;-58.8007;401094;1710.59;20-may-14;12:31:00;1710.592;34.9672;4.1454;5.83944;NaN;9;34.965;1;6.025;1;0.02;1;18.22;1;1.1995;1;11.64;1;0;15.19;1.57
18HU14007_087;HL_17;39.2455;-58.8007;401093;1990.22;20-may-14;12:26:00;1990.229;34.9573;3.833;5.89014;NaN;9;34.956;1;6.105;1;0;1;18.1;1;1.2205;1;12.725;1;0;14.83;1.42
18HU14007_087;HL_17;39.2455;-58.8007;401092;2280.14;20-may-14;12:21:00;2280.147;34.9531;3.5942;5.92083;NaN;9;34.951;1;5.918;1;0;1;18.175;1;1.2165;1;14.285;1;0;14.94;1.27
18HU14007_087;HL_17;39.2455;-58.8007;401091;2580.28;20-may-14;12:16:00;2580.282;34.947;3.3792;5.91613;NaN;9;34.946;1;6.149;1;0;1;18.215;1;1.251;1;16.075;1;0;14.56;1.13
18HU14007_087;HL_17;39.2455;-58.8007;401090;2891.12;20-may-14;12:10:00;2891.123;34.94;3.1292;5.90716;NaN;9;34.939;1;6.137;1;0.03;1;18.285;1;1.2595;1;18.565;1;0;14.52;0.98
18HU14007_087;HL_17;39.2455;-58.8007;401089;3201;20-may-14;12:05:00;3201.009;34.9294;2.8827;5.93496;NaN;9;34.92916;1;6.151;1;0;1;18.245;1;1.2565;1;20.49;1;0;14.52;0.89
18HU14007_087;HL_17;39.2455;-58.8007;401088;3513.17;20-may-14;11:59:00;3513.173;34.9156;2.6312;5.9776;NaN;9;34.913;1;6.212;1;0;1;18.19;1;1.248;1;22.385;1;0;14.58;0.81
18HU14007_087;HL_17;39.2455;-58.8007;401087;3819.49;20-may-14;11:54:00;3819.491;34.9025;2.4244;5.9811;NaN;9;34.901;1;6.202;1;0;1;18.3;1;1.2675;1;25.52;1;0;14.44;0.72
18HU14007_087;HL_17;39.2455;-58.8007;401086;4130.5;20-may-14;11:48:00;4130.507;34.8937;2.3152;5.98814;NaN;9;34.892;1;6.175;1;0;1;18.69;1;1.279;1;28.19;1;0;14.61;0.66
18HU14007_087;HL_17;39.2455;-58.8007;401085;4430.76;20-may-14;11:43:00;4430.762;34.8873;2.2711;5.9389;NaN;9;34.887;1;6.126;1;0;1;19.16;1;1.334;1;30.95;1;0;14.36;0.62
18HU14007_087;HL_17;39.2455;-58.8007;401084;4710.37;20-may-14;11:37:00;4710.378;34.8841;2.2631;5.92281;NaN;9;34.882;1;6.116;1;0;1;19.395;1;1.3235;1;32.315;1;0;14.65;0.60
18HU14007_087;HL_17;39.2455;-58.8007;401083;4960.03;20-may-14;11:33:00;4960.031;34.8803;2.2563;5.91198;NaN;9;34.879;1;6.057;1;0;1;19.725;1;1.3525;1;34.76;1;0;14.58;0.57
18HU14007_087;HL_17;39.2455;-58.8007;401082;5170.24;20-may-14;11:23:00;5170.243;34.8767;2.2523;5.86114;NaN;9;34.876;1;6.041;1;0;1;20.195;1;1.3865;1;36.94;1;4;14.57;0.55
18HU14007_087;HL_17;39.2455;-58.8007;401081;5268.91;20-may-14;11:21:00;5268.914;34.8753;2.2579;5.87828;NaN;9;34.874;1;6.017;1;0.025;1;20.375;1;1.4035;1;38.095;1;4;14.52;0.53
18HU14007_089;HL_16;39.6888;-59.182;401133;3.49;20-may-14;20:54:00;3.497;36.4801;22.1816;4.83364;0.14956;1;34.875;7;4.946;1;0.045;1;0;1;0;1;0;1;256;NaN;NaN
18HU14007_089;HL_16;39.6888;-59.182;401132;50.75;20-may-14;20:53:00;50.755;36.5043;21.778;4.77408;0.34648;1;36.503;1;4.915;1;0.025;1;0;1;0;1;0;1;0;NaN;NaN
18HU14007_089;HL_16;39.6888;-59.182;401131;100.7;20-may-14;20:51:00;100.704;36.6304;20.6518;4.34642;0.1034;1;36.628;1;4.446;1;0.08;1;1.87;1;0;1;0.855;1;0;NaN;2.19
18HU14007_089;HL_16;39.6888;-59.182;401130;195.12;20-may-14;20:49:00;195.128;36.5311;18.2686;4.11202;NaN;9;36.521;1;4.194;1;0.065;1;5.64;1;0.3;1;1.71;1;0;18.80;3.30
18HU14007_089;HL_16;39.6888;-59.182;401129;330.38;20-may-14;20:46:00;330.381;35.6532;13.8701;4.90536;NaN;9;35.655;1;5.055;1;0.055;1;9.285;1;0.6125;1;3.64;1;0;15.16;2.55
18HU14007_089;HL_16;39.6888;-59.182;401128;560.2;20-may-14;20:41:00;560.2;35.2777;10.0667;3.06991;NaN;9;35.276;1;3.113;1;0.045;1;24.585;1;1.611;1;13.5;1;0;15.26;1.82
18HU14007_089;HL_16;39.6888;-59.182;401127;732.81;20-may-14;20:38:00;732.819;35.0963;7.3053;3.9773;NaN;9;35.098;1;4.04;1;0.025;1;23.2;1;1.5345;1;14.1;1;0;15.12;1.65
18HU14007_089;HL_16;39.6888;-59.182;401126;961.71;20-may-14;20:33:00;961.712;35.0247;5.308;5.15935;NaN;9;35.004;1;5.304;1;0.02;1;19.635;1;1.3175;1;12.175;1;0;14.90;1.61
18HU14007_089;HL_16;39.6888;-59.182;401125;1152.91;20-may-14;20:29:00;1152.911;35.0063;4.8022;5.49882;NaN;9;35.006;1;5.658;1;0;1;18.6;1;1.2875;1;11.935;1;0;14.45;1.56
18HU14007_089;HL_16;39.6888;-59.182;401124;1401.84;20-may-14;20:24:00;1401.846;34.9829;4.341;5.71435;NaN;9;34.982;1;5.907;1;0.02;1;18.35;1;1.2415;1;11.88;1;0;14.78;1.54
18HU14007_089;HL_16;39.6888;-59.182;401123;1652.09;20-may-14;20:19:00;1652.099;34.965;4.0189;5.83874;NaN;9;34.965;1;5.89133;1;0;1;18.095;1;1.2255;1;12.225;1;0;14.77;1.48
18HU14007_089;HL_16;39.6888;-59.182;401122;1911.71;20-may-14;20:14:00;1911.715;34.9604;3.8057;5.86936;NaN;9;NaN;9;6.043;1;0;1;17.89;1;1.236;1;13.24;1;0;14.47;1.35
18HU14007_089;HL_16;39.6888;-59.182;401121;2181.46;20-may-14;20:09:00;2181.46;34.9526;3.5867;5.89989;NaN;9;34.952;1;6.086;1;0;1;18.12;1;1.246;1;14.485;1;0;14.54;1.25
18HU14007_089;HL_16;39.6888;-59.182;401120;2480.73;20-may-14;20:04:00;2480.737;34.9443;3.3489;5.93525;NaN;9;34.945;1;6.136;1;0.025;1;18.1;1;1.2305;1;15.885;1;0;14.71;1.14
18HU14007_089;HL_16;39.6888;-59.182;401119;2781.05;20-may-14;19:58:00;2781.054;34.9403;3.1322;5.90324;NaN;9;34.94;1;6.101;1;0.02;1;17.92;1;1.266;1;18.34;1;0;14.15;0.98
18HU14007_089;HL_16;39.6888;-59.182;401118;3101.42;20-may-14;19:52:00;3101.422;34.9304;2.9004;5.93087;NaN;9;34.933;1;6.14;1;0;1;18.19;1;1.238;1;20.295;1;0;14.69;0.90
18HU14007_089;HL_16;39.6888;-59.182;401117;3401.61;20-may-14;19:47:00;3401.616;34.919;2.6832;5.95925;NaN;9;34.918;1;6.171;1;0;1;18.26;1;1.2625;1;22.285;1;0;14.46;0.82
18HU14007_089;HL_16;39.6888;-59.182;401116;3752.66;20-may-14;19:40:00;3752.669;34.9032;2.4339;5.99899;NaN;9;34.903;1;6.135;1;0;1;18.41;1;1.2965;1;25.28;1;0;14.20;0.73
18HU14007_089;HL_16;39.6888;-59.182;401115;4100.04;20-may-14;19:34:00;4100.044;34.8936;2.3165;5.9936;NaN;9;34.893;1;6.152;1;0;1;18.775;1;1.2985;1;28.525;1;0;14.46;0.66
18HU14007_089;HL_16;39.6888;-59.182;401114;4401.67;20-may-14;19:28:00;4401.678;34.8881;2.2797;5.9986;NaN;9;34.888;1;6.108;1;0;1;19.165;1;1.3405;1;31.19;1;0;14.30;0.61
18HU14007_089;HL_16;39.6888;-59.182;401113;4661.58;20-may-14;19:23:00;4661.589;34.8848;2.275;5.88253;NaN;9;34.884;1;6.079;1;0;1;19.465;1;1.369;1;33.06;1;0;14.22;0.59
18HU14007_089;HL_16;39.6888;-59.182;401112;4879.96;20-may-14;19:18:00;4879.966;34.8816;2.2764;5.85527;NaN;9;34.882;1;6.036;1;0;1;20.01;1;1.369;1;34.765;1;0;14.62;0.58
18HU14007_089;HL_16;39.6888;-59.182;401111;5020.61;20-may-14;19:15:00;5020.618;34.8801;2.2784;5.84951;NaN;9;34.881;1;6.034;1;0;1;20.08;1;1.3705;1;35.905;1;4;14.65;0.56
18HU14007_089;HL_16;39.6888;-59.182;401110;5239.32;20-may-14;19:11:00;5239.329;34.8751;2.263;5.82222;NaN;9;34.877;1;5.818;1;0.02;1;20.855;1;1.4135;1;39.16;1;4;14.75;0.53
18HU14007_092;HL_15;40.1335;-59.568;401162;2.33;21-may-14;05:00:00;2.334;36.1633;19.2058;5.3809;0.36927;1;36.165;1;5.513;1;0.12;1;0;1;0;1;0;1;0;NaN;NaN
18HU14007_092;HL_15;40.1335;-59.568;401161;49.73;21-may-14;04:59:00;49.731;35.8875;16.0264;4.91658;0.08863;1;35.899;1;5.013;1;0.19;1;5.17;1;0.213;1;1.23;1;0;24.27;4.20
18HU14007_092;HL_15;40.1335;-59.568;401160;98.84;21-may-14;04:58:00;98.849;35.565;13.7643;4.8224;0.04062;1;35.56;1;4.945;1;0.145;1;8.35;1;0.4945;1;2.68;1;0;16.89;3.12
18HU14007_092;HL_15;40.1335;-59.568;401159;194.93;21-may-14;04:56:00;194.931;35.6072;12.8281;4.10068;NaN;9;35.604;1;4.205;1;0.095;1;14.95;1;0.927;1;6.36;1;0;16.13;2.35
18HU14007_092;HL_15;40.1335;-59.568;401158;339.78;21-may-14;04:54:00;339.781;35.2428;9.7671;3.06785;NaN;9;35.242;1;3.098;1;0.07;1;25.23;1;1.702;1;14.335;1;0;14.82;1.76
18HU14007_092;HL_15;40.1335;-59.568;401157;511.67;21-may-14;04:51:00;511.677;35.0988;7.2915;3.97127;NaN;9;35.097;1;4.017;1;0.065;1;23.42;1;1.596;1;14.475;1;0;14.67;1.62
18HU14007_092;HL_15;40.1335;-59.568;401156;729.27;21-may-14;04:47:00;729.272;35.0325;5.3969;5.108;NaN;9;35.031;1;5.203;1;0.08;1;19.955;1;1.3655;1;13.385;1;0;14.61;1.49
18HU14007_092;HL_15;40.1335;-59.568;401155;960.5;21-may-14;04:44:00;960.503;34.9999;4.6644;5.58186;NaN;9;34.998;1;5.726;1;0.05;1;18.715;1;1.2745;1;12.045;1;0;14.68;1.55
18HU14007_092;HL_15;40.1335;-59.568;401154;1198.9;21-may-14;04:40:00;1198.904;34.9833;4.3195;5.74213;NaN;9;34.98206;1;5.9;1;0;1;18.24;1;1.256;1;12.04;1;0;14.52;1.51
18HU14007_092;HL_15;40.1335;-59.568;401153;1449.99;21-may-14;04:36:00;1449.999;34.9681;4.0473;5.83882;NaN;9;34.947;1;6.005;1;0.04;1;18.16;1;1.237;1;12.245;1;0;14.68;1.48
18HU14007_092;HL_15;40.1335;-59.568;401152;1720.35;21-may-14;04:32:00;1720.357;34.9606;3.7924;5.87259;NaN;9;34.959;1;6.044;1;0;1;18.28;1;1.2635;1;13.385;1;0;14.47;1.37
18HU14007_092;HL_15;40.1335;-59.568;401151;2000.05;21-may-14;04:28:00;2000.055;34.9519;3.5665;5.9028;NaN;9;34.95;1;6.096;1;0.02;1;18.18;1;1.2595;1;14.63;1;0;14.43;1.24
18HU14007_092;HL_15;40.1335;-59.568;401150;2280.79;21-may-14;04:24:00;2280.799;34.9469;3.3659;5.9154;NaN;9;34.946;1;6.096;1;0;1;18.14;1;1.261;1;16.01;1;0;14.39;1.13
18HU14007_092;HL_15;40.1335;-59.568;401149;2571.25;21-may-14;04:19:00;2571.254;34.942;3.1726;5.89913;NaN;9;34.942;1;NaN;9;0;1;18.23;1;1.289;1;18.005;1;0;14.14;1.01
18HU14007_092;HL_15;40.1335;-59.568;401148;2882.14;21-may-14;04:15:00;2882.149;34.9349;2.97;5.90305;NaN;9;34.934;1;6.097;1;0;1;18.445;1;1.2685;1;20.08;1;0;14.54;0.92
18HU14007_092;HL_15;40.1335;-59.568;401147;3179.83;21-may-14;04:10:00;3179.834;34.924;2.7475;5.9307;NaN;9;34.92405;1;6.129;1;0;1;18.315;1;1.261;1;21.875;1;0;14.52;0.84
18HU14007_092;HL_15;40.1335;-59.568;401146;3470.37;21-may-14;04:06:00;3470.372;34.9106;2.5339;5.95699;NaN;9;34.909;1;6.1745;1;0;1;18.355;1;1.272;1;23.28;1;0;14.43;0.79
18HU14007_092;HL_15;40.1335;-59.568;401145;3750.25;21-may-14;04:02:00;3750.256;34.9008;2.3873;5.97201;NaN;9;34.9;1;6.158;1;0;1;18.5;1;1.3115;1;25.645;1;0;14.11;0.72
18HU14007_092;HL_15;40.1335;-59.568;401144;4000.6;21-may-14;03:58:00;4000.602;34.8944;2.3124;5.94751;NaN;9;34.893;1;6.14;1;0;1;18.865;1;1.3295;1;28.215;1;0;14.19;0.67
18HU14007_092;HL_15;40.1335;-59.568;401143;4249.73;21-may-14;03:55:00;4249.737;34.8895;2.281;5.9083;NaN;9;34.889;1;6.118;1;0;1;19.095;1;1.3655;1;30.39;1;0;13.98;0.63
18HU14007_092;HL_15;40.1335;-59.568;401142;4498.69;21-may-14;03:51:00;4498.699;34.8865;2.2691;5.90089;NaN;9;34.885;1;6.109;1;0;1;19.16;1;1.376;1;31.585;1;0;13.92;0.61
18HU14007_092;HL_15;40.1335;-59.568;401141;4749.81;21-may-14;03:47:00;4749.817;34.8833;2.2673;5.87089;NaN;9;34.882;1;6.075;1;0;1;19.51;1;1.3825;1;33.285;1;0;14.11;0.59
18HU14007_092;HL_15;40.1335;-59.568;401140;4999.86;21-may-14;03:43:00;4999.867;34.8794;2.2645;5.83831;NaN;9;34.879;1;6.045;1;0;1;20.015;1;1.4035;1;35.64;1;0;14.26;0.56
18HU14007_092;HL_15;40.1335;-59.568;401139;5174.09;21-may-14;03:39:00;5174.093;34.8751;2.2539;5.80267;NaN;9;36.481;7;5.976;1;0;1;22.68;1;1.457;1;39.01;1;260;15.57;0.58
18HU14007_094;HL_14;40.5783;-59.9537;401191;1.98;21-may-14;11:52:00;1.981;36.0842;19.7116;5.26165;0.3328;1;36.084;1;5.359;1;0;1;0.125;1;0.0515;1;0.535;1;0;2.43;0.23
18HU14007_094;HL_14;40.5783;-59.9537;401190;50.38;21-may-14;11:51:00;50.389;35.8763;16.2777;5.16159;0.26442;1;35.906;1;5.233;1;0.86;1;3.585;1;0.237;1;0.84;1;0;15.13;4.27
18HU14007_094;HL_14;40.5783;-59.9537;401189;101.77;21-may-14;11:50:00;101.778;35.4262;13.4987;5.04857;0.02585;1;35.423;1;5.148;1;0;1;8.14;1;0.5255;1;2.295;1;0;15.49;3.55
18HU14007_094;HL_14;40.5783;-59.9537;401188;196.58;21-may-14;11:48:00;196.582;35.4863;12.6775;4.7439;NaN;9;35.483;1;4.856;1;0;1;11.68;1;0.73;1;4.385;1;0;16.00;2.66
18HU14007_094;HL_14;40.5783;-59.9537;401187;380.28;21-may-14;11:44:00;380.285;35.2452;9.7433;3.11717;NaN;9;35.243;1;3.129;1;0;1;24.575;1;1.562;1;13.67;1;0;15.73;1.80
18HU14007_094;HL_14;40.5783;-59.9537;401186;516.4;21-may-14;11:42:00;516.402;35.0989;7.3931;3.922;NaN;9;35.097;1;3.976;1;0;1;23.32;1;1.509;1;14.09;1;0;15.45;1.66
18HU14007_094;HL_14;40.5783;-59.9537;401185;739.81;21-may-14;11:38:00;739.817;35.0381;5.4833;5.05424;NaN;9;35.036;1;5.153;1;0;1;19.795;1;1.3055;1;12.36;1;0;15.16;1.60
18HU14007_094;HL_14;40.5783;-59.9537;401184;960.61;21-may-14;11:34:00;960.615;35.0016;4.6766;5.56712;NaN;9;34.999;1;5.728;1;0;1;18.595;1;1.2075;1;11.71;1;0;15.40;1.59
18HU14007_094;HL_14;40.5783;-59.9537;401183;1199.67;21-may-14;11:30:00;1199.676;34.9827;4.3107;5.7228;NaN;9;34.98;1;5.907;1;0;1;18.095;1;1.196;1;11.87;1;0;15.13;1.52
18HU14007_094;HL_14;40.5783;-59.9537;401182;1449.23;21-may-14;11:26:00;1449.236;34.9736;4.0716;5.79194;NaN;9;34.971;1;5.981;1;0;1;18.04;1;1.1955;1;12.4;1;0;15.09;1.45
18HU14007_094;HL_14;40.5783;-59.9537;401181;1719.11;21-may-14;11:21:00;1719.118;34.9628;3.8122;5.8496;NaN;9;34.96;1;6.027;1;0;1;18.13;1;1.1945;1;13.24;1;0;15.18;1.37
18HU14007_094;HL_14;40.5783;-59.9537;401180;1999.16;21-may-14;11:16:00;1999.162;34.9543;3.5953;5.8857;NaN;9;34.951;1;6.083;1;0;1;18.12;1;1.194;1;14.43;1;0;15.18;1.26
18HU14007_094;HL_14;40.5783;-59.9537;401179;2279.72;21-may-14;11:11:00;2279.721;34.9486;3.4008;5.90184;NaN;9;34.947;1;6.097;1;0;1;18.17;1;1.2035;1;15.855;1;0;15.10;1.15
18HU14007_094;HL_14;40.5783;-59.9537;401178;2569.71;21-may-14;11:06:00;2569.718;34.9426;3.1534;5.87705;NaN;9;34.94;1;6.092;1;0;1;18.32;1;1.2115;1;18.21;1;0;15.12;1.01
18HU14007_094;HL_14;40.5783;-59.9537;401177;2879.91;21-may-14;11:01:00;2879.917;34.9304;2.8833;5.91787;NaN;9;34.928;1;6.1265;1;0;1;18.19;1;1.211;1;20.005;1;0;15.02;0.91
18HU14007_094;HL_14;40.5783;-59.9537;401176;3181.28;21-may-14;10:56:00;3181.281;34.9186;2.6548;5.94;NaN;9;34.917;1;6.17;1;0.025;1;18.195;1;1.208;1;22.09;1;0;15.06;0.82
18HU14007_094;HL_14;40.5783;-59.9537;401175;3469.82;21-may-14;10:51:00;3469.824;34.9077;2.4755;5.94874;NaN;9;34.886;1;6.107;1;0;1;18.53;1;1.2415;1;24.315;1;0;14.93;0.76
18HU14007_094;HL_14;40.5783;-59.9537;401174;3750.57;21-may-14;10:46:00;3750.578;34.8986;2.3534;5.94441;NaN;9;34.897;1;6.158;1;0;1;18.685;1;1.265;1;26.98;1;0;14.77;0.69
18HU14007_094;HL_14;40.5783;-59.9537;401173;3999.65;21-may-14;10:42:00;3999.659;34.8932;2.2974;5.94834;NaN;9;34.891;1;6.132;1;0;1;18.8;1;1.2765;1;28.57;1;0;14.73;0.66
18HU14007_094;HL_14;40.5783;-59.9537;401172;4249.53;21-may-14;10:37:00;4249.538;34.8896;2.2691;5.95313;NaN;9;34.888;1;6.165;1;0;1;18.925;1;1.273;1;28.545;1;0;14.87;0.66
18HU14007_094;HL_14;40.5783;-59.9537;401171;4399.97;21-may-14;10:34:00;4399.97;34.8872;2.261;5.90938;NaN;9;34.886;1;6.126;1;0;1;19.145;1;1.313;1;30.53;1;0;14.58;0.63
18HU14007_094;HL_14;40.5783;-59.9537;401170;4730.34;21-may-14;10:29:00;4730.346;34.8809;2.246;5.84961;NaN;9;34.88;1;6.031;1;0;1;19.95;1;1.363;1;35.04;1;0;14.64;0.57
18HU14007_094;HL_14;40.5783;-59.9537;401169;4930.78;21-may-14;10:25:00;4930.789;34.8764;2.228;5.80613;NaN;9;34.875;1;5.617;1;0;1;20.395;1;1.379;1;37.705;1;0;14.79;0.54
18HU14007_094;HL_14;40.5783;-59.9537;401168;5070.83;21-may-14;10:22:00;5070.835;34.8747;2.2358;5.82136;NaN;9;34.875;1;5.959;1;0;1;20.56;1;1.404;1;38.885;1;4;14.64;0.53
18HU14007_096;HL_13;41.0197;-60.3357;401220;2.97;21-may-14;18:42:00;2.971;35.4526;16.3495;5.83749;0.81295;1;35.605;1;5.969;1;0;1;0.075;1;0.0765;1;0.425;1;0;0.98;0.18
18HU14007_096;HL_13;41.0197;-60.3357;401219;50.88;21-may-14;18:41:00;50.885;34.9886;12.5645;5.79809;0.49237;1;34.966;1;6.04;1;0.31;1;2.615;1;0.312;1;1.69;1;0;8.38;1.55
18HU14007_096;HL_13;41.0197;-60.3357;401218;99.8;21-may-14;18:40:00;99.803;35.6639;14.262;5.10878;0.0757;1;35.659;1;5.253;1;0.195;1;6.65;1;0.424;1;1.865;1;0;15.68;3.57
18HU14007_096;HL_13;41.0197;-60.3357;401217;195.02;21-may-14;18:38:00;195.026;35.3894;12.3946;5.0412;NaN;9;35.383;1;5.184;1;0.05;1;10.59;1;0.682;1;3.67;1;0;15.53;2.89
18HU14007_096;HL_13;41.0197;-60.3357;401216;371.05;21-may-14;18:34:00;371.055;35.3403;10.5996;3.10681;NaN;9;35.33915;1;3.178;1;0.03;1;23.46;1;1.4735;1;12.005;1;0;15.92;1.95
18HU14007_096;HL_13;41.0197;-60.3357;401215;516.87;21-may-14;18:31:00;516.873;35.1168;7.8251;3.67904;NaN;9;35.115;1;3.744;1;0;1;24.195;1;1.5625;1;14.525;1;0;15.48;1.67
18HU14007_096;HL_13;41.0197;-60.3357;401214;729.11;21-may-14;18:27:00;729.113;35.0392;5.5027;5.04321;NaN;9;35.039;1;5.148;1;0;1;19.97;1;1.317;1;12.41;1;0;15.16;1.61
18HU14007_096;HL_13;41.0197;-60.3357;401213;1019.46;21-may-14;18:21:00;1019.461;34.9974;4.5809;5.62201;NaN;9;34.99439;1;5.788;1;0;1;18.415;1;1.204;1;11.675;1;0;15.29;1.58
18HU14007_096;HL_13;41.0197;-60.3357;401212;1199.34;21-may-14;18:18:00;1199.346;34.9846;4.3269;5.72661;NaN;9;34.983;1;5.9;1;0;1;18.185;1;1.2025;1;11.835;1;0;15.12;1.54
18HU14007_096;HL_13;41.0197;-60.3357;401211;1450.43;21-may-14;18:13:00;1450.433;34.9721;4.0384;5.80133;NaN;9;34.972;1;5.994;1;0;1;18.52;1;1.197;1;12.375;1;0;15.47;1.50
18HU14007_096;HL_13;41.0197;-60.3357;401210;1719.62;21-may-14;18:09:00;1719.628;34.9614;3.7853;5.85714;NaN;9;34.96;1;6.04933;1;0;1;18.22;1;1.196;1;13.3;1;0;15.23;1.37
18HU14007_096;HL_13;41.0197;-60.3357;401209;2000.13;21-may-14;18:04:00;2000.139;34.9528;3.5512;5.90326;NaN;9;34.952;1;6.047;1;0;1;18.14;1;1.1955;1;14.575;1;0;15.17;1.24
18HU14007_096;HL_13;41.0197;-60.3357;401208;2281.71;21-may-14;17:59:00;2281.719;34.9483;3.3576;5.89677;NaN;9;34.948;1;6.101;1;0;1;18.2;1;1.211;1;16.27;1;0;15.03;1.12
18HU14007_096;HL_13;41.0197;-60.3357;401207;2571.59;21-may-14;17:54:00;2571.594;34.942;3.1163;5.88752;NaN;9;34.93909;1;6.103;1;0;1;18.35;1;1.2175;1;18.69;1;0;15.07;0.98
18HU14007_096;HL_13;41.0197;-60.3357;401206;2880.49;21-may-14;17:48:00;2880.494;34.9295;2.8535;5.92948;NaN;9;34.929;1;6.12;1;0;1;18.155;1;1.217;1;20.315;1;0;14.92;0.89
18HU14007_096;HL_13;41.0197;-60.3357;401205;3179.34;21-may-14;17:43:00;3179.346;34.9159;2.5951;5.95972;NaN;9;34.916;1;6.163;1;0;1;18.255;1;1.2165;1;22.615;1;0;15.01;0.81
18HU14007_096;HL_13;41.0197;-60.3357;401204;3470.9;21-may-14;17:38:00;3470.905;34.9052;2.4296;5.98108;NaN;9;34.904;1;NaN;9;0;1;18.195;1;1.2445;1;24.485;1;0;14.62;0.74
18HU14007_096;HL_13;41.0197;-60.3357;401203;3750.96;21-may-14;17:33:00;3750.963;34.896;2.3141;5.95186;NaN;9;34.895;1;6.148;1;0;1;18.555;1;1.2655;1;27.715;1;0;14.66;0.67
18HU14007_096;HL_13;41.0197;-60.3357;401202;4000.28;21-may-14;17:28:00;4000.28;34.891;2.2696;5.92226;NaN;9;34.89;1;5.908;1;0;1;18.76;1;1.2855;1;29.695;1;0;14.59;0.63
18HU14007_096;HL_13;41.0197;-60.3357;401201;4250.72;21-may-14;17:24:00;4250.726;34.8872;2.2508;5.89752;NaN;9;34.886;1;6.09833;1;0;1;19.095;1;1.3175;1;31.6;1;0;14.49;0.60
18HU14007_096;HL_13;41.0197;-60.3357;401200;4499.92;21-may-14;17:19:00;4499.929;34.8835;2.2386;5.87743;NaN;9;34.882;1;6.066;1;0;1;19.545;1;1.3315;1;34.045;1;0;14.68;0.57
18HU14007_096;HL_13;41.0197;-60.3357;401199;4730.31;21-may-14;17:15:00;4730.315;34.8806;2.2411;5.84131;NaN;9;34.87782;1;6.028;1;0;1;19.795;1;1.348;1;35.865;1;0;14.68;0.55
18HU14007_096;HL_13;41.0197;-60.3357;401198;4898.98;21-may-14;17:12:00;4898.983;34.8757;2.2185;5.8087;NaN;9;34.874;1;5.978;1;0;1;20.32;1;1.3965;1;38.945;1;0;14.55;0.52
18HU14007_096;HL_13;41.0197;-60.3357;401197;4941.06;21-may-14;17:11:00;4941.066;34.8756;2.2246;5.83522;NaN;9;34.874;1;5.968;1;0;1;20.42;1;1.3885;1;38.945;1;0;14.71;0.52
18HU14007_098;HL_12;41.4088;-60.6648;401249;3.35;22-may-14;01:13:00;3.359;34.6601;13.4304;6.39975;1.90201;1;34.72;1;6.547;1;0.065;1;0.11;1;0.1575;1;1.47;1;0;0.70;0.07
18HU14007_098;HL_12;41.4088;-60.6648;401248;49.39;22-may-14;01:12:00;49.394;35.9092;15.7758;5.14982;0.08863;1;35.909;1;5.402;1;0.705;1;4.76;1;0.2825;1;1.36;1;0;16.85;3.50
18HU14007_098;HL_12;41.4088;-60.6648;401247;100.38;22-may-14;01:11:00;100.38;35.441;13.2909;5.30155;0.09601;1;35.422;1;5.461;1;0.16;1;6.545;1;0.443;1;2.635;1;0;14.77;2.48
18HU14007_098;HL_12;41.4088;-60.6648;401246;194.58;22-may-14;01:09:00;194.585;35.549;12.7628;4.80055;NaN;9;35.546;1;4.904;1;0.045;1;11.82;1;0.741;1;4.965;1;0;15.95;2.38
18HU14007_098;HL_12;41.4088;-60.6648;401245;329.31;22-may-14;01:07:00;329.315;35.2503;9.9415;3.20977;NaN;9;35.24436;1;3.259;1;0;1;23.77;1;1.5085;1;12.905;1;0;15.76;1.84
18HU14007_098;HL_12;41.4088;-60.6648;401244;514.66;22-may-14;01:04:00;514.662;35.0341;6.6352;4.25917;NaN;9;35.032;1;4.324;1;0;1;22.28;1;1.456;1;14.03;1;0;15.30;1.59
18HU14007_098;HL_12;41.4088;-60.6648;401243;730.63;22-may-14;01:00:00;730.634;35.0194;5.2654;5.21641;NaN;9;35.018;1;5.361;1;0;1;19.43;1;1.279;1;12.085;1;0;15.19;1.61
18HU14007_098;HL_12;41.4088;-60.6648;401242;960.32;22-may-14;00:57:00;960.325;34.9873;4.6373;5.67492;NaN;9;34.986;1;5.824;1;0;1;18.27;1;1.202;1;11.19;1;0;15.20;1.63
18HU14007_098;HL_12;41.4088;-60.6648;401241;1200.82;22-may-14;00:53:00;1200.826;34.9852;4.3439;5.71931;NaN;9;34.98396;1;5.894;1;0;1;18.365;1;1.2105;1;11.925;1;0;15.17;1.54
18HU14007_098;HL_12;41.4088;-60.6648;401240;1450.58;22-may-14;00:49:00;1450.584;34.9749;4.0969;5.7869;NaN;9;34.973;1;5.984;1;0;1;18.23;1;1.204;1;12.35;1;0;15.14;1.48
18HU14007_098;HL_12;41.4088;-60.6648;401239;1720.22;22-may-14;00:45:00;1720.222;34.9631;3.8231;5.85325;NaN;9;34.962;1;6.03867;1;0;1;18.205;1;1.2005;1;13.12;1;0;15.16;1.39
18HU14007_098;HL_12;41.4088;-60.6648;401238;2000.44;22-may-14;00:40:00;2000.445;34.9535;3.5899;5.90214;NaN;9;34.952;1;6.087;1;0;1;18.47;1;1.205;1;14.54;1;0;15.33;1.27
18HU14007_098;HL_12;41.4088;-60.6648;401237;2280.15;22-may-14;00:36:00;2280.152;34.9428;3.3476;5.92329;NaN;9;34.94146;1;6.139;1;0;1;18.035;1;1.2015;1;15.46;1;0;15.01;1.17
18HU14007_098;HL_12;41.4088;-60.6648;401236;2568.54;22-may-14;00:32:00;2568.548;34.9408;3.1792;5.91528;NaN;9;34.939;1;6.116;1;0;1;18.165;1;1.207;1;17.335;1;0;15.05;1.05
18HU14007_098;HL_12;41.4088;-60.6648;401235;2879.43;22-may-14;00:27:00;2879.432;34.9344;2.955;5.89548;NaN;9;34.933;1;6.108;1;0;1;18.41;1;1.225;1;20.91;1;0;15.03;0.88
18HU14007_098;HL_12;41.4088;-60.6648;401234;3181.5;22-may-14;00:23:00;3181.504;34.9192;2.6966;5.98207;NaN;9;34.92;1;6.207;1;0;1;17.86;1;1.194;1;20.14;1;0;14.96;0.89
18HU14007_098;HL_12;41.4088;-60.6648;401233;3469.42;22-may-14;00:19:00;3469.428;34.9069;2.4853;6.08101;NaN;9;34.906;1;6.317;1;0;1;17.325;1;1.163;1;19.085;1;0;14.90;0.91
18HU14007_098;HL_12;41.4088;-60.6648;401232;3750.24;22-may-14;00:14:00;3750.24;34.899;2.3533;6.01928;NaN;9;34.89768;1;6.256;1;0;1;17.91;1;1.2145;1;23.425;1;0;14.75;0.76
18HU14007_098;HL_12;41.4088;-60.6648;401231;3950.25;22-may-14;00:11:00;3950.258;34.8949;2.2982;6.01162;NaN;9;34.893;1;6.236;1;0;1;18.145;1;1.2215;1;24.91;1;0;14.85;0.73
18HU14007_098;HL_12;41.4088;-60.6648;401230;4151.35;22-may-14;00:08:00;4151.352;34.8927;2.2718;6.04005;NaN;9;34.891;1;6.27;1;0;1;17.965;1;1.2125;1;24.29;1;0;14.82;0.74
18HU14007_098;HL_12;41.4088;-60.6648;401229;4350.25;22-may-14;00:05:00;4350.257;34.8889;2.25;6.01309;NaN;9;34.88824;1;6.238;1;0;1;18.325;1;1.2435;1;26.92;1;0;14.74;0.68
18HU14007_098;HL_12;41.4088;-60.6648;401228;4501.37;22-may-14;00:02:00;4501.377;34.8833;2.2203;5.90258;NaN;9;34.882;1;6.111;1;0;1;19.14;1;1.314;1;32.19;1;0;14.57;0.59
18HU14007_098;HL_12;41.4088;-60.6648;401227;4629.9;22-may-14;00:00:00;4629.906;34.8784;2.1996;5.83728;NaN;9;34.876;1;6.028;1;0;1;19.905;1;1.3745;1;36.675;1;0;14.48;0.54
18HU14007_098;HL_12;41.4088;-60.6648;401226;4709.74;21-may-14;23:58:00;4709.748;34.8778;2.208;5.82699;NaN;9;34.876;1;5.998;1;0;1;20.095;1;1.385;1;37.125;1;0;14.51;0.54
18HU14007_100;HL_11;41.777;-60.9098;401278;3.13;22-may-14;07:04:00;3.134;33.696;11.1178;7.51748;1.96337;1;33.723;1;7.604;1;0;1;0;1;0.181;1;1.445;1;0;0.00;0.00
18HU14007_100;HL_11;41.777;-60.9098;401277;49.66;22-may-14;07:03:00;49.661;34.6233;10.7541;5.67511;0.15879;1;34.663;1;5.79;1;0.075;1;6.365;1;0.4955;1;2.595;1;0;12.85;2.45
18HU14007_100;HL_11;41.777;-60.9098;401276;100.38;22-may-14;07:02:00;100.38;35.3468;12.1881;4.69965;0.03508;1;35.347;1;4.83;1;0;1;11.92;1;0.768;1;5.445;1;0;15.52;2.19
18HU14007_100;HL_11;41.777;-60.9098;401275;231.55;22-may-14;07:00:00;231.55;35.2896;10.1934;3.27289;NaN;9;35.286;1;3.324;1;0;1;23.075;1;1.441;1;12.625;1;0;16.01;1.83
18HU14007_100;HL_11;41.777;-60.9098;401274;350.66;22-may-14;06:58:00;350.664;35.0413;7.406;3.89402;NaN;9;35.0493;1;3.931;1;0;1;23.2;1;1.4935;1;14.28;1;0;15.53;1.62
18HU14007_100;HL_11;41.777;-60.9098;401273;532.22;22-may-14;06:55:00;532.224;35.0207;5.7958;4.79219;NaN;9;35.018;1;4.912;1;0;1;20.475;1;1.333;1;12.915;1;0;15.36;1.59
18HU14007_100;HL_11;41.777;-60.9098;401272;730.1;22-may-14;06:52:00;730.107;35.0085;5.0247;5.35842;NaN;9;35.006;1;5.501;1;0;1;19.01;1;1.234;1;11.975;1;0;15.41;1.59
18HU14007_100;HL_11;41.777;-60.9098;401271;961.02;22-may-14;06:48:00;961.023;34.9867;4.5256;5.67515;NaN;9;34.983;1;5.833;1;0;1;18.275;1;1.205;1;11.51;1;0;15.17;1.59
18HU14007_100;HL_11;41.777;-60.9098;401270;1200.48;22-may-14;06:44:00;1200.489;34.9739;4.2493;5.79112;NaN;9;34.972;1;5.975;1;0;1;18.06;1;1.179;1;11.825;1;0;15.32;1.53
18HU14007_100;HL_11;41.777;-60.9098;401269;1451.14;22-may-14;06:41:00;1451.147;34.9723;4.0404;5.81421;NaN;9;34.97;1;6.01;1;0;1;18.14;1;1.1795;1;12.39;1;0;15.38;1.46
18HU14007_100;HL_11;41.777;-60.9098;401268;1721.92;22-may-14;06:37:00;1721.926;34.9655;3.819;5.85692;NaN;9;34.963;1;6.04967;1;0;1;18.095;1;1.176;1;13.27;1;0;15.39;1.36
18HU14007_100;HL_11;41.777;-60.9098;401267;2000.06;22-may-14;06:33:00;2000.06;34.9521;3.5742;5.9077;NaN;9;34.95041;1;6.1;1;0;1;18.055;1;1.187;1;14.36;1;0;15.21;1.26
18HU14007_100;HL_11;41.777;-60.9098;401266;2281.06;22-may-14;06:28:00;2281.068;34.9443;3.3802;5.93193;NaN;9;34.943;1;6.127;1;0;1;18.02;1;1.1945;1;15.545;1;0;15.09;1.16
18HU14007_100;HL_11;41.777;-60.9098;401265;2570.44;22-may-14;06:24:00;2570.443;34.9366;3.1594;5.94978;NaN;9;34.935;1;6.156;1;0;1;17.945;1;1.1815;1;16.86;1;0;15.19;1.06
18HU14007_100;HL_11;41.777;-60.9098;401264;2879.57;22-may-14;06:20:00;2879.578;34.9285;2.9146;5.97331;NaN;9;34.927;1;6.214;1;0;1;17.74;1;1.1885;1;18.305;1;0;14.93;0.97
18HU14007_100;HL_11;41.777;-60.9098;401263;3180.2;22-may-14;06:15:00;3180.208;34.9174;2.6772;6.02729;NaN;9;34.91578;1;6.027;1;0;1;17.665;1;1.1725;1;19.31;1;0;15.07;0.91
18HU14007_100;HL_11;41.777;-60.9098;401262;3469.27;22-may-14;06:11:00;3469.27;34.9069;2.4789;6.08538;NaN;9;34.906;1;6.317;1;0;1;17.595;1;1.1565;1;19.815;1;0;15.21;0.89
18HU14007_100;HL_11;41.777;-60.9098;401261;3750.88;22-may-14;06:06:00;3750.888;34.8983;2.3235;6.07632;NaN;9;34.897;1;6.306;1;0;1;17.425;1;1.163;1;21.89;1;0;14.98;0.80
18HU14007_100;HL_11;41.777;-60.9098;401260;3950.61;22-may-14;06:03:00;3950.611;34.8939;2.2742;6.05283;NaN;9;34.893;1;6.281;1;0;1;17.71;1;1.183;1;24.075;1;0;14.97;0.74
18HU14007_100;HL_11;41.777;-60.9098;401259;4100.67;22-may-14;06:00:00;4100.671;34.8912;2.2446;6.03409;NaN;9;34.88991;1;6.263;1;0;1;17.945;1;1.2145;1;25.565;1;0;14.78;0.70
18HU14007_100;HL_11;41.777;-60.9098;401258;4221.21;22-may-14;05:58:00;4221.21;34.8864;2.208;5.97419;NaN;9;34.885;1;6.178;1;0.02;1;18.465;1;1.2545;1;29.37;2;2048;14.72;0.63
18HU14007_100;HL_11;41.777;-60.9098;401257;4320.6;22-may-14;05:56:00;4320.604;34.8814;2.1825;5.86808;NaN;9;34.881;1;6.082;1;0.04;1;19.465;1;1.3215;1;34.11;2;2048;14.73;0.57
18HU14007_100;HL_11;41.777;-60.9098;401256;4421.44;22-may-14;05:54:00;4421.443;34.8773;2.1687;5.81524;NaN;9;34.87683;1;6.018;1;0.05;1;20.135;1;1.377;1;37.665;2;2048;14.62;0.53
18HU14007_100;HL_11;41.777;-60.9098;401255;4499;22-may-14;05:52:00;4499.007;34.8774;2.1788;5.84708;NaN;9;34.87703;1;6.015;1;0.055;1;20.115;1;1.387;1;37.55;2;2048;14.50;0.54
18HU14007_103;HL_10;42.03;-61.0667;401307;2.09;22-may-14;12:17:00;2.099;33.2268;10.383;7.34423;3.69297;1;33.221;1;7.486;1;0.025;1;0;1;0.174;1;1.11;1;0;0.00;0.00
18HU14007_103;HL_10;42.03;-61.0667;401306;10.96;22-may-14;12:17:00;10.967;33.2653;10.2753;7.34172;1.16575;1;33.318;1;7.548;1;0;1;0;1;0.1885;1;1.1;1;0;0.00;0.00
18HU14007_103;HL_10;42.03;-61.0667;401305;50.13;22-may-14;12:16:00;50.136;34.7491;11.1449;5.68583;0.22711;1;34.81;1;5.804;1;0.13;1;5.71;1;0.4675;1;2.04;1;0;12.21;2.80
18HU14007_103;HL_10;42.03;-61.0667;401304;101.06;22-may-14;12:14:00;101.069;35.5901;13.3631;5.09959;0.12002;1;35.585;1;5.233;1;0;1;8.82;1;0.556;1;3.315;1;0;15.86;2.66
18HU14007_103;HL_10;42.03;-61.0667;401303;194.31;22-may-14;12:12:00;194.312;35.3494;11.3337;3.57381;NaN;9;35.353;1;3.661;1;0;1;18.51;1;1.153;1;8.87;1;0;16.05;2.09
18HU14007_103;HL_10;42.03;-61.0667;401302;331.03;22-may-14;12:10:00;331.03;35.1499;8.6204;3.32011;NaN;9;35.147;1;3.38;1;0;1;25.005;2;1.58;1;14.705;1;2048;15.83;1.70
18HU14007_103;HL_10;42.03;-61.0667;401301;500.23;22-may-14;12:07:00;500.237;35.0317;6.3774;4.41747;NaN;9;35.034;1;4.513;1;0.02;1;21.74;1;1.398;1;13.57;1;0;15.55;1.60
18HU14007_103;HL_10;42.03;-61.0667;401300;649.26;22-may-14;12:04:00;649.265;35.0333;5.4421;5.07133;NaN;9;35.032;1;5.2;1;0;1;19.89;1;1.2795;1;12.31;1;0;15.55;1.62
18HU14007_103;HL_10;42.03;-61.0667;401299;850.26;22-may-14;12:00:00;850.261;34.9958;4.7299;5.55169;NaN;9;34.996;1;5.698;1;0;1;18.445;1;1.2085;1;11.55;1;0;15.26;1.60
18HU14007_103;HL_10;42.03;-61.0667;401298;1051.19;22-may-14;11:56:00;1051.194;34.9657;4.3595;5.80228;NaN;9;34.965;1;5.968;1;0;1;17.975;1;1.1685;1;11.115;1;0;15.38;1.62
18HU14007_103;HL_10;42.03;-61.0667;401297;1272.32;22-may-14;11:52:00;1272.329;34.9698;4.1974;5.79956;NaN;9;34.97;1;5.973;1;0;1;18.24;1;1.1775;1;11.785;1;0;15.49;1.55
18HU14007_103;HL_10;42.03;-61.0667;401296;1510.13;22-may-14;11:48:00;1510.134;34.9625;3.9802;5.84495;NaN;9;34.962;1;6.039;1;0;1;18.145;1;1.173;1;12.3;1;0;15.47;1.48
18HU14007_103;HL_10;42.03;-61.0667;401295;1761.23;22-may-14;11:44:00;1761.232;34.956;3.7752;5.89159;NaN;9;34.956;1;6.086;1;0;1;18.15;1;1.1795;1;13.06;1;0;15.39;1.39
18HU14007_103;HL_10;42.03;-61.0667;401294;2021.09;22-may-14;11:39:00;2021.098;34.9444;3.5018;5.93614;NaN;9;34.944;1;6.135;1;0;1;18.115;1;1.1795;1;14.205;1;0;15.36;1.28
18HU14007_103;HL_10;42.03;-61.0667;401293;2280.01;22-may-14;11:35:00;2280.011;34.9406;3.2891;5.94201;NaN;9;34.94;1;6.15;1;0;1;17.96;1;1.1755;1;15.71;1;0;15.28;1.14
18HU14007_103;HL_10;42.03;-61.0667;401292;2531.3;22-may-14;11:30:00;2531.304;34.9327;3.0404;5.96886;NaN;9;34.935;1;6.172;1;0;1;17.875;1;1.168;1;17.015;1;0;15.30;1.05
18HU14007_103;HL_10;42.03;-61.0667;401291;2771.96;22-may-14;11:26:00;2771.962;34.9237;2.8088;6.00518;NaN;9;34.923;1;6.229;1;0;1;17.85;1;1.1625;1;18.09;1;0;15.35;0.99
18HU14007_103;HL_10;42.03;-61.0667;401290;3150.92;22-may-14;11:19:00;3150.929;34.9085;2.4841;6.1012;NaN;9;34.909;1;6.31;1;0;1;17.425;1;1.148;1;18.96;1;0;15.18;0.92
18HU14007_103;HL_10;42.03;-61.0667;401289;3220.81;22-may-14;11:17:00;3220.819;34.906;2.4354;6.13363;NaN;9;34.907;1;6.363;1;0;1;17.095;1;1.1185;1;17.95;1;0;15.28;0.95
18HU14007_103;HL_10;42.03;-61.0667;401288;3325.51;22-may-14;11:14:00;3325.512;34.9026;2.3678;6.10758;NaN;9;34.902;1;5.944;1;0;1;17.225;1;1.1405;1;19.56;1;0;15.10;0.88
18HU14007_103;HL_10;42.03;-61.0667;401287;3600.78;22-may-14;11:09:00;3600.789;34.8949;2.2587;6.03249;NaN;9;34.895;1;6.25467;1;0;1;17.86;1;1.202;1;24.635;1;0;14.86;0.72
18HU14007_103;HL_10;42.03;-61.0667;401286;3760.22;22-may-14;11:06:00;3760.221;34.8926;2.228;6.04441;NaN;9;34.893;1;6.264;1;0;1;17.92;1;1.2005;1;24.89;1;0;14.93;0.72
18HU14007_103;HL_10;42.03;-61.0667;401285;3902.53;22-may-14;11:03:00;3902.535;34.8881;2.195;5.97429;NaN;9;34.888;1;6.193;1;0;1;18.64;1;1.2495;1;28.715;2;2048;14.92;0.65
18HU14007_103;HL_10;42.03;-61.0667;401284;4144.25;22-may-14;10:59:00;4144.257;34.8799;2.1509;5.87577;NaN;9;34.88;1;6.04;1;0;1;19.515;1;1.3175;1;35.3;2;2048;14.81;0.55
18HU14007_105;HL_09.5;42.1338;-61.1443;401323;1.62;22-may-14;16:28:00;1.626;33.6089;11.8567;7.15624;2.97136;1;NaN;9;NaN;9;0.02;1;0.675;1;0.186;1;1.66;1;0;3.63;0.41
18HU14007_105;HL_09.5;42.1338;-61.1443;401322;10.26;22-may-14;16:27:00;10.261;33.9314;11.2991;7.2012;2.08608;1;NaN;9;7.375;1;0.02;1;0.045;1;0.172;1;1.485;1;0;0.26;0.03
18HU14007_105;HL_09.5;42.1338;-61.1443;401321;20.24;22-may-14;16:26:00;20.241;34.0625;10.1601;6.77219;2.10142;1;NaN;9;NaN;9;0.07;1;0.16;1;0.227;1;1.71;1;0;0.70;0.09
18HU14007_105;HL_09.5;42.1338;-61.1443;401320;30.3;22-may-14;16:25:00;30.3;34.185;10.01;6.21266;0.98168;1;NaN;9;NaN;9;0.17;1;0.38;1;0.3035;1;1.6;1;0;1.25;0.24
18HU14007_105;HL_09.5;42.1338;-61.1443;401319;40.2;22-may-14;16:24:00;40.205;34.3069;10.1856;6.03383;0.6749;1;NaN;9;NaN;9;0.335;1;1.56;1;0.354;1;1.65;1;0;4.41;0.95
18HU14007_105;HL_09.5;42.1338;-61.1443;401318;49.55;22-may-14;16:23:00;49.555;34.7814;11.3347;5.7628;0.21603;1;NaN;9;5.861;1;0.305;1;5.245;1;0.4385;1;2.015;1;0;11.96;2.60
18HU14007_105;HL_09.5;42.1338;-61.1443;401317;60.72;22-may-14;16:23:00;60.727;34.8676;11.3105;5.43082;0.14587;1;NaN;9;NaN;9;0.085;1;7.485;1;0.5675;1;2.91;1;0;13.19;2.57
18HU14007_105;HL_09.5;42.1338;-61.1443;401316;80.34;22-may-14;16:22:00;80.34;35.3331;12.6657;5.1822;0.10155;1;NaN;9;NaN;9;0.04;1;8.21;1;0.557;1;3.22;1;0;14.74;2.55
18HU14007_105;HL_09.5;42.1338;-61.1443;401315;99.81;22-may-14;16:21:00;99.814;35.4084;12.722;5.0888;0.08493;1;NaN;9;5.226;1;0.025;1;8.965;1;0.602;1;3.7;1;0;14.89;2.42
18HU14007_105;HL_09.5;42.1338;-61.1443;401314;149.66;22-may-14;16:19:00;149.662;35.5077;12.5878;4.44888;NaN;9;NaN;9;4.602;1;0;1;13.155;1;0.833;1;5.845;1;0;15.79;2.25
18HU14007_105;HL_09.5;42.1338;-61.1443;401313;200.54;22-may-14;16:17:00;200.549;35.3704;11.381;3.55884;NaN;9;NaN;9;3.632;1;0;1;19.08;1;1.198;1;9.59;1;0;15.93;1.99
18HU14007_106;HL_09;42.2177;-61.2158;401347;2.31;22-may-14;19:33:00;2.311;33.6329;11.0908;7.4404;2.43887;1;33.581;1;7.677;1;0.04;1;0;1;0.1605;1;1.15;1;0;0.00;0.00
18HU14007_106;HL_09;42.2177;-61.2158;401346;50.05;22-may-14;19:31:00;50.05;34.7112;11.1981;5.77791;0.23081;1;34.767;1;5.922;1;0.455;1;4.795;1;0.404;1;1.8;1;0;11.87;2.66
18HU14007_106;HL_09;42.2177;-61.2158;401345;100.67;22-may-14;19:30:00;100.676;35.6166;13.5158;4.96229;0.13479;1;35.583;1;5.109;1;0.065;1;9.33;1;0.5975;1;3.57;1;0;15.62;2.61
18HU14007_106;HL_09;42.2177;-61.2158;401344;230;22-may-14;19:27:00;230.004;35.3998;11.2655;3.32174;NaN;9;35.398;1;3.38;1;0.02;1;20.995;1;1.309;1;10.35;1;0;16.04;2.03
18HU14007_106;HL_09;42.2177;-61.2158;401343;330.3;22-may-14;19:25:00;330.307;35.1116;8.8489;3.48465;NaN;9;35.106;1;3.549;1;0;1;23.125;1;1.476;1;13.045;1;0;15.67;1.77
18HU14007_106;HL_09;42.2177;-61.2158;401342;509.83;22-may-14;19:22:00;509.83;35.0525;6.4012;4.42705;NaN;9;35.052;1;4.519;1;0.045;1;21.745;1;1.4105;1;13.335;1;0;15.42;1.63
18HU14007_106;HL_09;42.2177;-61.2158;401341;710.66;22-may-14;19:19:00;710.664;35.013;5.1176;5.29856;NaN;9;35.012;1;5.436;1;0.045;1;19.345;1;1.2555;1;11.835;1;0;15.41;1.63
18HU14007_106;HL_09;42.2177;-61.2158;401340;910.31;22-may-14;19:15:00;910.31;34.9964;4.6656;5.58286;NaN;9;34.995;1;5.746;1;0;1;18.715;1;1.228;1;11.505;1;0;15.24;1.63
18HU14007_106;HL_09;42.2177;-61.2158;401339;1109.43;22-may-14;19:11:00;1109.433;34.9803;4.3187;5.74148;NaN;9;34.98;1;5.9;1;0.02;1;18.25;1;1.1855;1;11.56;1;0;15.39;1.58
18HU14007_106;HL_09;42.2177;-61.2158;401338;1310.58;22-may-14;19:07:00;1310.582;34.9706;4.0994;5.7998;NaN;9;34.97;1;5.98;1;0;1;18.405;1;1.1855;1;11.94;1;0;15.53;1.54
18HU14007_106;HL_09;42.2177;-61.2158;401337;1510.72;22-may-14;19:03:00;1510.721;34.9636;3.9229;5.84722;NaN;9;34.963;1;6.02667;1;0.04;1;18.36;1;1.1845;1;12.625;1;0;15.50;1.45
18HU14007_106;HL_09;42.2177;-61.2158;401336;1720.53;22-may-14;18:59:00;1720.535;34.9566;3.7331;5.88437;NaN;9;34.956;1;6.07;1;0;1;18.16;1;1.1845;1;13.2;1;0;15.33;1.38
18HU14007_106;HL_09;42.2177;-61.2158;401335;1940.6;22-may-14;18:55:00;1940.609;34.9456;3.5289;5.93469;NaN;9;34.944;1;6.129;1;0.02;1;18.075;1;1.1775;1;14.01;1;0;15.35;1.29
18HU14007_106;HL_09;42.2177;-61.2158;401334;2160.51;22-may-14;18:51:00;2160.512;34.9409;3.3454;5.94104;NaN;9;34.939;1;6.151;1;0.025;1;17.925;1;1.176;1;14.97;1;0;15.24;1.20
18HU14007_106;HL_09;42.2177;-61.2158;401333;2380.55;22-may-14;18:47:00;2380.558;34.9369;3.1735;5.96148;NaN;9;34.935;1;6.169;1;0.05;1;17.915;1;1.1795;1;16.205;1;0;15.19;1.11
18HU14007_106;HL_09;42.2177;-61.2158;401332;2600.89;22-may-14;18:43:00;2600.898;34.926;2.9611;6.01233;NaN;9;34.927;1;6.216;1;0.045;1;17.575;1;1.1505;1;16.22;1;0;15.28;1.08
18HU14007_106;HL_09;42.2177;-61.2158;401331;2810.41;22-may-14;18:40:00;2810.417;34.9183;2.7535;6.07069;NaN;9;34.918;1;6.299;1;0.025;1;17.24;1;1.133;1;16.745;1;0;15.22;1.03
18HU14007_106;HL_09;42.2177;-61.2158;401330;3000.74;22-may-14;18:36:00;3000.747;34.9127;2.5985;6.10269;NaN;9;34.912;1;6.33;1;0;1;17.01;1;1.1235;1;16.885;1;0;15.14;1.01
18HU14007_106;HL_09;42.2177;-61.2158;401329;3170.2;22-may-14;18:33:00;3170.205;34.9071;2.4678;6.12897;NaN;9;34.906;1;6.367;1;0;1;17.025;1;1.1185;1;17.695;1;0;15.22;0.96
18HU14007_106;HL_09;42.2177;-61.2158;401328;3329.63;22-may-14;18:30:00;3329.638;34.9033;2.3857;6.1313;NaN;9;34.902;1;6.355;1;0.04;1;16.98;1;1.14;1;18.61;1;0;14.89;0.91
18HU14007_106;HL_09;42.2177;-61.2158;401327;3469.84;22-may-14;18:27:00;3469.843;34.9001;2.3255;6.12561;NaN;9;34.899;1;6.358;1;0.04;1;17.05;1;1.142;1;19.66;1;0;14.93;0.87
18HU14007_106;HL_09;42.2177;-61.2158;401326;3600.53;22-may-14;18:25:00;3600.533;34.8975;2.2823;6.10973;NaN;9;34.898;1;6.34;1;0;1;17.235;1;1.1485;1;20.915;1;0;15.01;0.82
18HU14007_106;HL_09;42.2177;-61.2158;401325;3719.13;22-may-14;18:22:00;3719.132;34.8959;2.2612;6.11497;NaN;9;34.895;1;6.33;1;0;1;17.605;1;1.1685;1;21.83;1;0;15.07;0.81
18HU14007_106;HL_09;42.2177;-61.2158;401324;3876.27;22-may-14;18:19:00;3876.276;34.8941;2.2472;6.12607;NaN;9;34.893;1;6.305;1;0;1;18.2;1;1.173;1;22.675;1;0;15.52;0.80
18HU14007_112;HL_08;42.3605;-61.3515;401376;2.36;23-may-14;05:35:00;2.369;33.5181;11.7403;7.33632;3.86276;1;33.549;1;7.552;1;0;1;0.04;1;0.155;1;1.21;1;0;0.26;0.03
18HU14007_112;HL_08;42.3605;-61.3515;401375;50.34;23-may-14;05:34:00;50.349;34.9924;11.8578;5.55713;0.24558;1;35.002;1;5.698;1;0.085;1;5.825;1;0.4605;1;1.85;1;0;12.65;3.15
18HU14007_112;HL_08;42.3605;-61.3515;401374;100.55;23-may-14;05:33:00;100.555;35.5748;13.2613;5.00115;0.048;1;35.584;1;5.127;1;0;1;9.425;1;0.6065;1;3.825;1;0;15.54;2.46
18HU14007_112;HL_08;42.3605;-61.3515;401373;195.16;23-may-14;05:31:00;195.16;35.4644;12.274;4.18848;NaN;9;35.466;1;NaN;9;0;1;14.695;1;0.9265;1;6.83;1;0;15.86;2.15
18HU14007_112;HL_08;42.3605;-61.3515;401372;295.56;23-may-14;05:29:00;295.564;35.2603;9.9312;3.15357;NaN;9;35.255;1;3.184;1;0;1;23.865;1;1.5195;1;13.175;1;0;15.71;1.81
18HU14007_112;HL_08;42.3605;-61.3515;401371;490.36;23-may-14;05:26:00;490.36;34.9856;6.213;4.46895;NaN;9;34.975;1;4.62;1;0;1;21.1;1;1.378;1;13.475;1;0;15.31;1.57
18HU14007_112;HL_08;42.3605;-61.3515;401370;650.25;23-may-14;05:23:00;650.255;35.0139;5.3573;5.12658;NaN;9;35.011;1;5.252;1;0;1;19.43;1;1.2805;1;12.165;1;0;15.17;1.60
18HU14007_112;HL_08;42.3605;-61.3515;401369;815.22;23-may-14;05:20:00;815.223;34.9782;4.7458;5.58417;NaN;9;34.98;1;5.719;1;0;1;18.33;1;1.194;1;11.295;1;0;15.35;1.62
18HU14007_112;HL_08;42.3605;-61.3515;401368;980.79;23-may-14;05:18:00;980.797;34.9586;4.3838;5.82104;NaN;9;34.958;1;5.987;1;0;1;17.67;1;1.1635;1;10.785;1;0;15.19;1.64
18HU14007_112;HL_08;42.3605;-61.3515;401367;1151.61;23-may-14;05:15:00;1151.617;34.9561;4.2175;5.85791;NaN;9;34.954;1;6.056;1;0;1;17.545;1;1.1635;1;11.15;1;0;15.08;1.57
18HU14007_112;HL_08;42.3605;-61.3515;401366;1321.57;23-may-14;05:13:00;1321.579;34.9733;4.1794;5.78068;NaN;9;34.957;1;5.951;1;0;1;17.945;1;1.1875;1;11.86;1;0;15.11;1.51
18HU14007_112;HL_08;42.3605;-61.3515;401365;1489.03;23-may-14;05:10:00;1489.035;34.9582;3.976;5.85135;NaN;9;34.957;1;6.0355;1;0;1;17.89;1;1.186;1;12.12;1;0;15.08;1.48
18HU14007_112;HL_08;42.3605;-61.3515;401364;1659.43;23-may-14;05:07:00;1659.43;34.9595;3.8399;5.85781;NaN;9;34.957;1;6.04;1;0;1;17.985;1;1.1985;1;12.76;1;0;15.01;1.41
18HU14007_112;HL_08;42.3605;-61.3515;401363;1830.48;23-may-14;05:04:00;1830.488;34.953;3.6932;5.88736;NaN;9;34.951;1;6.08;1;0;1;18.11;1;1.2165;1;13.355;1;0;14.89;1.36
18HU14007_112;HL_08;42.3605;-61.3515;401362;1999.09;23-may-14;05:01:00;1999.097;34.9484;3.5577;5.90644;NaN;9;34.94618;1;6.113;1;0;1;17.96;1;1.1975;1;14.15;1;0;15.00;1.27
18HU14007_112;HL_08;42.3605;-61.3515;401361;2159.61;23-may-14;04:58:00;2159.611;34.9421;3.381;5.92568;NaN;9;34.94;1;5.909;1;0;1;17.795;1;1.1875;1;14.945;1;0;14.99;1.19
18HU14007_112;HL_08;42.3605;-61.3515;401360;2320.26;23-may-14;04:56:00;2320.267;34.9402;3.2747;5.92275;NaN;9;34.938;1;6.131;1;0;1;17.925;1;1.1915;1;15.91;1;0;15.04;1.13
18HU14007_112;HL_08;42.3605;-61.3515;401359;2480.58;23-may-14;04:53:00;2480.584;34.9375;3.1471;5.91589;NaN;9;34.934;1;6.14;1;0;1;18.04;1;1.2135;1;16.825;1;0;14.87;1.07
18HU14007_112;HL_08;42.3605;-61.3515;401358;2639.24;23-may-14;04:50:00;2639.24;34.9315;3.0342;5.95632;NaN;9;34.929;1;6.174;1;0;1;17.855;1;1.261;1;16.825;1;0;14.16;1.06
18HU14007_112;HL_08;42.3605;-61.3515;401357;2849.76;23-may-14;04:46:00;2849.766;34.9211;2.8311;6.03262;NaN;9;34.92;1;6.259;1;0;1;17.26;1;1.1705;1;16.395;1;0;14.75;1.05
18HU14007_112;HL_08;42.3605;-61.3515;401356;3049.88;23-may-14;04:43:00;3049.884;34.9167;2.7264;6.0528;NaN;9;34.916;1;6.317;1;0;1;17.1;1;1.153;1;16.465;1;0;14.83;1.04
18HU14007_112;HL_08;42.3605;-61.3515;401355;3249.77;23-may-14;04:40:00;3249.774;34.9128;2.6365;6.09224;NaN;9;34.911;1;6.327;1;0;1;16.855;1;1.176;1;16.935;1;0;14.33;1.00
18HU14007_112;HL_08;42.3605;-61.3515;401354;3400.7;23-may-14;04:37:00;3400.7;34.9099;2.5792;6.09693;NaN;9;34.909;1;6.331;1;0;1;16.865;1;1.167;1;17.34;1;0;14.45;0.97
18HU14007_112;HL_08;42.3605;-61.3515;401353;3516.36;23-may-14;04:35:00;3516.363;34.9045;2.4432;6.14437;NaN;9;34.903;1;6.357;1;0;1;17.005;1;1.1705;1;18.35;1;0;14.53;0.93
18HU14007_115;HL_07;42.4795;-61.4328;401410;2.03;23-may-14;08:59:00;2.038;33.7419;12.0467;6.87201;4.96641;1;NaN;9;7.066;1;0;1;0;1;0.17;1;1;1;0;0.00;0.00
18HU14007_115;HL_07;42.4795;-61.4328;401409;9.96;23-may-14;08:58:00;9.962;33.8112;11.6698;6.99406;2.50023;1;NaN;9;7.212;1;0.02;1;0;1;0.1655;1;0.985;1;0;0.00;0.00
18HU14007_115;HL_07;42.4795;-61.4328;401408;19.77;23-may-14;08:57:00;19.779;33.8362;11.2987;7.06137;0.88965;1;NaN;9;NaN;9;0.02;1;0;1;0.171;1;0.88;1;0;0.00;0.00
18HU14007_115;HL_07;42.4795;-61.4328;401407;30.2;23-may-14;08:56:00;30.205;34.053;10.1743;6.47949;1.99505;1;34.168;1;6.617;1;0.08;1;0.26;1;0.2615;1;0.99;1;0;0.99;0.26
18HU14007_115;HL_07;42.4795;-61.4328;401406;39.76;23-may-14;08:55:00;39.763;34.607;10.9509;5.87652;0.74767;1;NaN;9;NaN;9;0.22;1;3.99;1;0.383;1;1.925;1;0;10.42;2.07
18HU14007_115;HL_07;42.4795;-61.4328;401405;48.89;23-may-14;08:55:00;48.896;35.263;12.6424;5.4195;0.09417;1;35.376;1;5.175;1;0.02;1;6.455;1;0.4455;1;2.1;1;0;14.49;3.07
18HU14007_115;HL_07;42.4795;-61.4328;401404;59.11;23-may-14;08:54:00;59.119;35.5809;13.6175;5.30426;0.08309;1;35.598;1;NaN;9;0;1;6.565;1;0.4385;1;2.085;1;0;14.97;3.15
18HU14007_115;HL_07;42.4795;-61.4328;401403;79.97;23-may-14;08:53:00;79.97;35.6656;13.8376;5.18054;0.05908;1;35.664;1;5.356;1;0;1;7.005;1;0.456;1;2.275;1;0;15.36;3.08
18HU14007_115;HL_07;42.4795;-61.4328;401402;100.14;23-may-14;08:52:00;100.148;35.6394;13.6056;5.07494;0.05354;1;35.638;1;5.243;1;0;1;8.135;1;0.524;1;2.75;1;0;15.52;2.96
18HU14007_115;HL_07;42.4795;-61.4328;401401;150.69;23-may-14;08:51:00;150.694;35.6612;13.4113;5.07032;NaN;9;35.66;1;5.222;1;0;1;9.745;1;0.6165;1;3.915;1;0;15.81;2.49
18HU14007_115;HL_07;42.4795;-61.4328;401400;199.73;23-may-14;08:50:00;199.733;35.4178;11.9109;3.96409;NaN;9;35.425;1;4.097;1;0;1;15.855;1;1.0155;1;7.575;1;0;15.61;2.09
18HU14007_115;HL_07;42.4795;-61.4328;401399;350.22;23-may-14;08:47:00;350.224;35.0307;8.4508;3.72997;NaN;9;35.028;1;3.8175;1;0;1;21.435;1;1.4225;1;12.44;1;0;15.07;1.72
18HU14007_115;HL_07;42.4795;-61.4328;401398;500.85;23-may-14;08:44:00;500.859;34.9867;6.3014;4.43152;NaN;9;34.986;1;4.534;1;0;1;21.235;1;1.438;1;13.465;1;0;14.77;1.58
18HU14007_115;HL_07;42.4795;-61.4328;401397;698.98;23-may-14;08:41:00;698.982;34.9703;5.0968;5.28783;NaN;9;34.969;1;5.447;1;0;1;18.91;1;1.259;1;11.835;1;0;15.02;1.60
18HU14007_115;HL_07;42.4795;-61.4328;401396;1001.09;23-may-14;08:36:00;1001.09;34.9604;4.4485;5.7793;NaN;9;34.95906;1;5.966;1;0;1;17.775;1;1.1805;1;12.17;1;0;15.06;1.46
18HU14007_115;HL_07;42.4795;-61.4328;401395;1301.07;23-may-14;08:32:00;1301.079;34.9548;4.1594;5.85892;NaN;9;34.954;1;6.069;1;0;1;17.685;1;1.1825;1;11.45;1;0;14.96;1.54
18HU14007_115;HL_07;42.4795;-61.4328;401394;1548.71;23-may-14;08:28:00;1548.71;34.9614;3.9734;5.81903;NaN;9;34.96;1;6.033;1;0;1;18.1;1;1.201;1;12.165;1;0;15.07;1.49
18HU14007_115;HL_07;42.4795;-61.4328;401393;1799.57;23-may-14;08:25:00;1799.57;34.9547;3.7448;5.86232;NaN;9;34.953;1;6.087;1;0;1;18.135;1;1.21;1;13.155;1;0;14.99;1.38
18HU14007_115;HL_07;42.4795;-61.4328;401392;2022.02;23-may-14;08:21:00;2022.022;34.9463;3.5395;5.8958;NaN;9;34.945;1;6.121;1;0;1;18.045;1;1.198;1;13.795;1;0;15.06;1.31
18HU14007_115;HL_07;42.4795;-61.4328;401391;2220.23;23-may-14;08:18:00;2220.23;34.9429;3.3912;5.91115;NaN;9;34.942;1;6.149;1;0;1;18.065;1;1.2115;1;14.85;1;0;14.91;1.22
18HU14007_115;HL_07;42.4795;-61.4328;401390;2400.21;23-may-14;08:15:00;2400.218;34.9343;3.2054;5.93815;NaN;9;34.934;1;6.181;1;0;1;17.76;1;1.193;1;15.445;1;0;14.89;1.15
18HU14007_115;HL_07;42.4795;-61.4328;401389;2551.86;23-may-14;08:13:00;2551.867;34.9307;3.0933;5.95826;NaN;9;34.93;1;6.201;1;0;1;17.71;1;1.226;1;15.97;1;0;14.45;1.11
18HU14007_115;HL_07;42.4795;-61.4328;401388;2680.93;23-may-14;08:10:00;2680.936;34.9267;2.9872;5.99102;NaN;9;34.926;1;6.222;1;0;1;17.665;1;1.172;1;16.32;1;0;15.07;1.08
18HU14007_115;HL_07;42.4795;-61.4328;401387;2764.58;23-may-14;08:08:00;2764.587;34.9211;2.8222;6.04178;NaN;9;34.92;1;6.245;1;0;1;17.445;1;1.1585;1;17.01;1;0;15.06;1.03
18HU14007_122;HL_06;42.83;-61.7333;401429;1.69;23-may-14;17:43:00;1.699;32.8166;8.6333;7.18093;0.96634;1;NaN;9;7.456;1;0;1;0;2;0.2705;1;1.755;1;2048;0.00;0.00
18HU14007_122;HL_06;42.83;-61.7333;401428;9.81;23-may-14;17:43:00;9.819;32.9022;8.1134;7.26469;1.08905;1;NaN;9;7.468;1;0;1;0;2;0.28;1;1.855;1;2048;0.00;0.00
18HU14007_122;HL_06;42.83;-61.7333;401427;20.14;23-may-14;17:42:00;20.143;33.0776;7.4069;7.03507;2.27014;1;33.056;1;7.284;1;0.055;1;0.4;1;0.3465;1;2.07;1;0;1.15;0.19
18HU14007_122;HL_06;42.83;-61.7333;401426;29.29;23-may-14;17:41:00;29.299;33.6409;8.474;6.37516;1.28846;1;NaN;9;6.626;1;0.19;1;3.14;1;0.4525;1;2.73;1;0;6.94;1.15
18HU14007_122;HL_06;42.83;-61.7333;401425;39.37;23-may-14;17:41:00;39.376;34.6795;11.9173;6.30491;0.59266;1;NaN;9;6.47;1;0.085;1;0.675;1;0.234;1;1.57;1;0;2.88;0.43
18HU14007_122;HL_06;42.83;-61.7333;401424;49.51;23-may-14;17:40:00;49.511;34.8846;12.1923;6.09261;0.40575;1;NaN;9;6.3;1;0.205;1;1.42;1;0.2535;1;1.455;1;0;5.60;0.98
18HU14007_122;HL_06;42.83;-61.7333;401423;60.24;23-may-14;17:39:00;60.242;34.9894;12.1446;5.81182;0.30545;1;NaN;9;6.021;1;0.495;1;3.74;1;0.343;1;1.55;1;0;10.90;2.41
18HU14007_122;HL_06;42.83;-61.7333;401422;80.35;23-may-14;17:38:00;80.354;35.3207;12.6685;5.29068;0.08493;1;35.347;1;5.394;1;0;1;7.5;1;0.5005;1;2.18;1;0;14.99;3.44
18HU14007_122;HL_06;42.83;-61.7333;401421;100.04;23-may-14;17:38:00;100.048;35.4391;12.6886;4.96395;0.10525;1;35.441;1;5.12;1;0;1;9.98;1;0.6305;1;3.615;1;0;15.83;2.76
18HU14007_122;HL_06;42.83;-61.7333;401420;149.69;23-may-14;17:36:00;149.696;35.5334;12.6674;5.02849;NaN;9;35.537;1;5.185;1;0;1;10.67;1;0.658;1;4.23;1;0;16.22;2.52
18HU14007_122;HL_06;42.83;-61.7333;401419;199.51;23-may-14;17:35:00;199.515;35.4953;12.0662;3.84731;NaN;9;35.487;1;3.906;1;0.05;1;17.3;1;1.0725;1;8.32;1;0;16.13;2.08
18HU14007_122;HL_06;42.83;-61.7333;401418;300.77;23-may-14;17:33:00;300.771;35.1699;9.026;3.23457;NaN;9;35.176;1;3.276;1;0;1;24.44;1;1.546;1;14.235;1;0;15.81;1.72
18HU14007_122;HL_06;42.83;-61.7333;401417;399.68;23-may-14;17:30:00;399.684;35.0625;7.1821;3.96475;NaN;9;35.065;1;4.043;1;0;1;22.685;1;1.471;1;13.96;1;0;15.42;1.62
18HU14007_122;HL_06;42.83;-61.7333;401416;499.89;23-may-14;17:28:00;499.89;34.9883;5.974;4.60079;NaN;9;34.98425;1;4.746;1;0;1;20.365;1;1.346;1;13.075;1;0;15.13;1.56
18HU14007_122;HL_06;42.83;-61.7333;401415;621.73;23-may-14;17:26:00;621.738;34.9738;5.2341;5.17357;NaN;9;NaN;9;5.335;1;0;1;18.915;1;1.2455;1;11.79;1;0;15.19;1.60
18HU14007_122;HL_06;42.83;-61.7333;401414;720.22;23-may-14;17:23:00;720.228;34.9659;4.8541;5.47707;NaN;9;34.968;1;5.6705;1;0;1;18.32;1;1.1995;1;11.115;1;0;15.27;1.65
18HU14007_122;HL_06;42.83;-61.7333;401413;869.69;23-may-14;17:20:00;869.694;34.9566;4.5324;5.73357;NaN;9;34.959;1;5.926;1;0;1;17.525;1;1.158;1;10.7;1;0;15.13;1.64
18HU14007_122;HL_06;42.83;-61.7333;401412;1001.1;23-may-14;17:18:00;1001.104;34.9573;4.3918;5.80318;NaN;9;34.96;1;5.989;1;0;1;17.865;1;1.154;1;10.81;1;0;15.48;1.65
18HU14007_122;HL_06;42.83;-61.7333;401411;1105.89;23-may-14;17:15:00;1105.893;34.9626;4.328;5.76797;NaN;9;34.965;1;5.956;1;0;1;17.9;1;1.174;1;11.635;1;0;15.25;1.54
18HU14007_129;HL_05;43.1773;-62.0978;401443;1.97;23-may-14;22:35:00;1.976;33.9063;11.5841;7.25211;2.74565;1;NaN;9;7.502;1;0;1;0;1;0.1555;1;1.13;1;0;0.00;0.00
18HU14007_129;HL_05;43.1773;-62.0978;401442;10.2;23-may-14;22:35:00;10.207;33.9219;11.1216;7.09318;1.90201;1;33.956;1;7.32;1;0;1;0;1;0.1675;2;1.18;1;2048;0.00;0.00
18HU14007_129;HL_05;43.1773;-62.0978;401441;20.26;23-may-14;22:34:00;20.268;34.1873;10.6468;6.43126;0.90499;1;NaN;9;NaN;9;0.13;1;0.71;1;0.289;1;1.485;1;0;2.46;0.48
18HU14007_129;HL_05;43.1773;-62.0978;401440;30.95;23-may-14;22:33:00;30.957;34.1751;9.5006;5.84935;0.64423;1;NaN;9;NaN;9;0.3;1;3.065;1;0.423;1;2.2;1;0;7.25;1.39
18HU14007_129;HL_05;43.1773;-62.0978;401439;40.34;23-may-14;22:33:00;40.347;34.3332;9.7966;5.66138;0.2105;1;NaN;9;NaN;9;0.165;1;6;1;0.5165;1;2.82;1;0;11.62;2.13
18HU14007_129;HL_05;43.1773;-62.0978;401438;49.87;23-may-14;22:32:00;49.878;34.5423;10.3462;5.49765;0.15695;1;NaN;9;5.65;1;0.105;1;6.675;1;0.5305;1;3.205;1;0;12.58;2.08
18HU14007_129;HL_05;43.1773;-62.0978;401437;61.27;23-may-14;22:31:00;61.272;34.7877;10.7802;5.00181;0.15141;1;NaN;9;NaN;9;0.045;1;9.405;1;0.682;1;5.96;1;0;13.79;1.58
18HU14007_129;HL_05;43.1773;-62.0978;401436;79.62;23-may-14;22:31:00;79.621;34.8179;10.7904;4.90924;0.08309;1;NaN;9;NaN;9;0.05;1;9.745;1;0.706;1;5.79;1;0;13.80;1.68
18HU14007_129;HL_05;43.1773;-62.0978;401435;94.1;23-may-14;22:29:00;94.103;34.8111;10.7536;4.89381;0.07201;1;34.81;1;5.02;1;0.04;1;10.2;1;0.7265;1;6.02;1;0;14.04;1.69
18HU14007_132;HL_04;43.4787;-62.4503;401452;1.73;24-may-14;01:28:00;1.737;32.3963;8.8503;7.1357;1.2271;1;NaN;9;7.35;1;0;1;0;1;0.261;1;1.15;1;0;0.00;0.00
18HU14007_132;HL_04;43.4787;-62.4503;401451;10.18;24-may-14;01:27:00;10.182;33.0742;8.6694;7.40116;0.98168;1;35.135;7;7.591;1;0;1;0;1;0.225;2;1.475;1;2304;0.00;0.00
18HU14007_132;HL_04;43.4787;-62.4503;401450;20.46;24-may-14;01:27:00;20.466;33.1025;7.4013;7.1005;2.20879;1;NaN;9;NaN;9;0;1;0.205;1;0.316;1;1.605;1;0;0.65;0.13
18HU14007_132;HL_04;43.4787;-62.4503;401449;30.13;24-may-14;01:26:00;30.136;33.1117;6.698;6.63068;1.5032;1;NaN;9;NaN;9;0.19;1;2.95;1;0.5115;1;2.135;1;0;5.77;1.38
18HU14007_132;HL_04;43.4787;-62.4503;401448;40.59;24-may-14;01:25:00;40.598;33.8633;8.7347;6.02226;0.38347;1;NaN;9;NaN;9;0.17;1;1.31;1;0.4175;1;2.185;1;0;3.14;0.60
18HU14007_132;HL_04;43.4787;-62.4503;401447;50.83;24-may-14;01:25:00;50.838;34.0421;8.8042;5.68933;0.37298;1;NaN;9;5.8;1;0.145;1;6.375;1;0.583;1;3.485;1;0;10.93;1.83
18HU14007_132;HL_04;43.4787;-62.4503;401446;59.94;24-may-14;01:24:00;59.944;34.2522;9.2706;5.21799;0.16064;1;NaN;9;NaN;9;0.05;1;8.545;1;0.6955;1;5.405;1;0;12.29;1.58
18HU14007_132;HL_04;43.4787;-62.4503;401445;75;24-may-14;01:23:00;75.002;34.3381;9.4165;5.00169;0.08863;1;NaN;9;NaN;9;0.06;1;10.195;1;0.794;1;6.985;1;0;12.84;1.46
18HU14007_132;HL_04;43.4787;-62.4503;401444;77.94;24-may-14;01:20:00;77.945;34.3452;9.4262;4.944;0.08124;1;34.35;1;5.056;1;0.07;1;10.38;1;0.805;1;7.165;1;0;12.89;1.45
18HU14007_135;HL_03;43.8783;-62.8852;401464;2.53;24-may-14;05:14:00;2.539;32.4961;9.1821;7.00115;0.90499;1;NaN;9;NaN;9;0;1;0;1;0.254;1;0.86;1;0;0.00;0.00
18HU14007_135;HL_03;43.8783;-62.8852;401463;9.63;24-may-14;05:14:00;9.632;32.5956;8.9243;7.07985;0.65957;1;32.719;1;7.393;1;0;1;0;1;0.2565;1;1.155;1;0;0.00;0.00
18HU14007_135;HL_03;43.8783;-62.8852;401462;19.92;24-may-14;05:13:00;19.928;32.9771;8.0736;7.35155;1.19643;1;NaN;9;NaN;9;0;1;0;1;0.255;1;1.435;1;0;0.00;0.00
18HU14007_135;HL_03;43.8783;-62.8852;401461;30.35;24-may-14;05:12:00;30.352;33.1999;7.5986;7.0891;2.89904;1;NaN;9;NaN;9;0;1;0;1;0.3195;1;1.755;1;0;0.00;0.00
18HU14007_135;HL_03;43.8783;-62.8852;401460;40.43;24-may-14;05:12:00;40.434;33.3134;7.108;6.42013;0.84363;1;NaN;9;NaN;9;0.145;1;1.48;1;0.466;1;2.14;1;0;3.18;0.69
18HU14007_135;HL_03;43.8783;-62.8852;401459;50.19;24-may-14;05:11:00;50.199;33.4118;7.0378;6.15432;0.56075;1;NaN;9;6.32;1;0.28;1;4.285;1;0.5845;1;3.015;1;0;7.33;1.42
18HU14007_135;HL_03;43.8783;-62.8852;401458;59.82;24-may-14;05:10:00;59.828;33.4476;6.3423;5.16254;0.05354;1;NaN;9;NaN;9;0;1;10.92;1;0.9525;1;6.625;1;0;11.46;1.65
18HU14007_135;HL_03;43.8783;-62.8852;401457;80.3;24-may-14;05:09:00;80.306;34.3411;9.1836;4.25141;0.04062;1;NaN;9;NaN;9;0;1;14.4;1;1.08;1;8.73;1;0;13.33;1.65
18HU14007_135;HL_03;43.8783;-62.8852;401456;99.83;24-may-14;05:08:00;99.836;34.764;10.1511;3.6227;0.02031;1;NaN;9;3.723;1;0;1;16.94;1;1.2085;1;11.195;1;0;14.02;1.51
18HU14007_135;HL_03;43.8783;-62.8852;401455;150.05;24-may-14;05:07:00;150.05;35.2379;11.2395;3.39813;NaN;9;NaN;9;3.513;1;0;1;18.625;1;1.2325;1;10.615;1;0;15.11;1.75
18HU14007_135;HL_03;43.8783;-62.8852;401454;200.99;24-may-14;05:06:00;200.995;35.246;10.8367;3.37519;NaN;9;NaN;9;3.474;1;0;1;19.57;1;1.302;1;13.395;1;0;15.03;1.46
18HU14007_135;HL_03;43.8783;-62.8852;401453;262.47;24-may-14;05:04:00;262.47;35.2384;10.415;3.00798;NaN;9;35.238;1;NaN;9;0;1;21.565;1;1.4745;1;17.585;1;0;14.63;1.23
18HU14007_139;HL_02;44.265;-63.3192;401474;1.5;24-may-14;08:41:00;1.502;31.2276;6.0582;7.51355;0.69296;1;31.214;1;7.605;1;0;1;0.1;1;0.427;1;0;1;0;0.23;NaN
18HU14007_139;HL_02;44.265;-63.3192;401473;5.17;24-may-14;08:40:00;5.171;31.2304;5.1148;7.65683;0.24163;1;NaN;9;NaN;9;0;1;0.15;1;0.455;1;0.06;1;0;0.33;2.50
18HU14007_139;HL_02;44.265;-63.3192;401472;10.6;24-may-14;08:40:00;10.607;31.2307;2.4559;8.10419;0.36016;1;31.281;1;8.261;1;0;1;0.525;1;0.516;1;0.21;1;0;1.02;2.50
18HU14007_139;HL_02;44.265;-63.3192;401471;20.19;24-may-14;08:39:00;20.193;31.6591;1.7849;7.89116;0.38037;1;NaN;9;NaN;9;0;1;1.36;1;0.5945;1;0.525;1;0;2.29;2.59
18HU14007_139;HL_02;44.265;-63.3192;401470;30.26;24-may-14;08:38:00;30.265;31.7396;1.9923;7.82913;0.13109;1;NaN;9;NaN;9;0;1;1.065;1;0.543;1;0.455;1;0;1.96;2.34
18HU14007_139;HL_02;44.265;-63.3192;401469;39.44;24-may-14;08:38:00;39.442;31.8237;1.9081;7.72723;0.14771;1;31.826;1;7.887;1;0;1;1.325;1;0.589;1;0.55;1;0;2.25;2.41
18HU14007_139;HL_02;44.265;-63.3192;401468;50.48;24-may-14;08:37:00;50.481;31.9084;2.09;7.54704;0.11078;1;NaN;9;7.743;1;0;1;1.665;1;0.601;1;1.095;1;0;2.77;1.52
18HU14007_139;HL_02;44.265;-63.3192;401467;75.01;24-may-14;08:36:00;75.012;32.2134;2.0349;7.00571;0.01846;1;NaN;9;NaN;9;0.095;1;5.975;1;0.8805;1;4.295;1;0;6.79;1.39
18HU14007_139;HL_02;44.265;-63.3192;401466;100.2;24-may-14;08:35:00;100.206;32.8757;3.9299;5.85199;0.04616;1;32.806;1;6.066;1;0.12;1;9.89;1;1.061;1;6.95;1;0;9.32;1.42
18HU14007_139;HL_02;44.265;-63.3192;401465;151.07;24-may-14;08:33:00;151.071;34.2314;8.3586;3.85579;0.02216;1;34.27;1;3.8335;1;0;1;17.445;1;1.299;1;14.29;1;0;13.43;1.22
