CTD;CTD;CTD;CTD;CTD;CTD;CTD;CTD;labo;labo;terrain;labo;labo;labo;labo;calc;calc
Fichier;Station;Latitude;Longitude;Echantillon;zbouteille;Date;Heure;OXYM_01;Q_OXYM;TEMP_XX;Q_TEMP_RT;Si_01;Q_Si;QCFF;N_P;N_Si
(nom);(nom/no);(degres);(degres);(no_unique);(dbar);(jj-mmm-yyyy);(GMT);(mmol/m**3);((none));(celsius);((none));(mmol/m**3);((none));((none));((none));((none))
181064009_182;26;38;-48.43;-591;0;13-jun-64;12:36:00;NaN;9;20.7;1;NaN;9;0;NaN;NaN
181064009_182;26;38;-48.43;-592;50;13-jun-64;12:36:00;5.14995297805643;1;20.18;1;3;1;0;NaN;NaN
181064009_182;26;38;-48.43;-593;99;13-jun-64;12:36:00;4.72995745633677;1;17.9;1;4;1;0;NaN;NaN
181064009_182;26;38;-48.43;-594;149;13-jun-64;12:36:00;4.9299552171966;1;17.56;1;3;1;0;NaN;NaN
181064009_182;26;38;-48.43;-595;199;13-jun-64;12:36:00;5.0099552171966;1;17.4;1;3;1;0;NaN;NaN
181064009_182;26;38;-48.43;-596;249;13-jun-64;12:36:00;5.14995297805643;1;17.31;1;2;1;0;NaN;NaN
181064009_182;26;38;-48.43;-597;299;13-jun-64;12:36:00;5.1199552171966;1;17.28;1;3;1;0;NaN;NaN
181064009_182;26;38;-48.43;-598;398;13-jun-64;12:36:00;5.0099552171966;1;17.12;1;2;1;0;NaN;NaN
181064009_182;26;38;-48.43;-599;498;13-jun-64;12:36:00;5.0199552171966;1;16.91;1;2;1;0;NaN;NaN
181064009_182;26;38;-48.43;-600;597;13-jun-64;12:36:00;4.68995745633677;1;15.62;1;4;1;0;NaN;NaN
181064009_182;26;38;-48.43;-601;696;13-jun-64;12:36:00;4.82995745633677;1;13.45;1;7;1;0;NaN;NaN
181064009_182;26;38;-48.43;-602;795;13-jun-64;12:36:00;3.79996641289745;1;11.97;1;10;1;0;NaN;NaN
181064009_182;26;38;-48.43;-603;896;13-jun-64;12:36:00;3.31997089117779;1;9.61;1;16;1;0;NaN;NaN
181064009_182;26;38;-48.43;-604;996;13-jun-64;12:36:00;3.95996417375728;1;7.25;1;17;1;0;NaN;NaN
181064009_182;26;38;-48.43;-605;1196;13-jun-64;12:36:00;5.14995297805643;1;5.23;1;NaN;9;0;NaN;NaN
181064009_182;26;38;-48.43;-606;1558;13-jun-64;14:12:00;5.85994626063592;1;4.2;1;NaN;9;0;NaN;NaN
181064009_182;26;38;-48.43;-607;2054;13-jun-64;14:12:00;6.05994626063592;1;3.77;1;NaN;9;0;NaN;NaN
181064009_182;26;38;-48.43;-608;2542;13-jun-64;14:12:00;6.03994626063592;1;3.44;1;NaN;9;0;NaN;NaN
181064009_182;26;38;-48.43;-609;3045;13-jun-64;14:12:00;6.05994626063592;1;3.04;1;NaN;9;0;NaN;NaN
181064009_182;26;38;-48.43;-610;3543;13-jun-64;14:12:00;6.04994626063592;1;2.63;1;NaN;9;0;NaN;NaN
181064009_182;26;38;-48.43;-611;4040;13-jun-64;14:12:00;6.05994626063592;1;2.38;1;NaN;9;0;NaN;NaN
181064009_182;26;38;-48.43;-612;4543;13-jun-64;14:12:00;6.06994402149575;1;2.3;1;NaN;9;0;NaN;NaN
181064009_182;26;38;-48.43;-613;4743;13-jun-64;14:12:00;6.01994626063592;1;2.3;1;NaN;9;0;NaN;NaN
181064009_182;26;38;-48.43;-614;4945;13-jun-64;14:12:00;6.01994626063592;1;2.25;1;NaN;9;0;NaN;NaN
181064009_193;27;38.0683;-49.9316;-615;0;13-jun-64;22:12:00;NaN;9;20.7;1;NaN;9;0;NaN;NaN
181064009_193;27;38.0683;-49.9316;-616;10;13-jun-64;22:12:00;5.19995297805643;1;20.39;1;NaN;9;0;NaN;NaN
181064009_193;27;38.0683;-49.9316;-617;50;13-jun-64;23:06:00;5.28995297805643;1;19.78;1;3;1;0;NaN;NaN
181064009_193;27;38.0683;-49.9316;-618;99;13-jun-64;23:06:00;4.79995745633677;1;17.93;1;4;1;0;NaN;NaN
181064009_193;27;38.0683;-49.9316;-619;150;13-jun-64;23:36:00;5.0799552171966;1;17.6;1;3;1;0;NaN;NaN
181064009_193;27;38.0683;-49.9316;-620;200;13-jun-64;23:36:00;5.13995297805643;1;17.58;1;2;1;0;NaN;NaN
181064009_193;27;38.0683;-49.9316;-621;250;13-jun-64;23:36:00;5.23995297805643;1;17.42;1;2;1;0;NaN;NaN
181064009_193;27;38.0683;-49.9316;-622;300;13-jun-64;23:36:00;5.09995297805643;1;17.38;1;3;1;0;NaN;NaN
181064009_193;27;38.0683;-49.9316;-623;400;14-jun-64;00:12:00;5.24995297805643;1;17.35;1;2;1;0;NaN;NaN
181064009_193;27;38.0683;-49.9316;-624;500;14-jun-64;00:12:00;5.14995297805643;1;17.23;1;2;1;0;NaN;NaN
181064009_193;27;38.0683;-49.9316;-625;600;14-jun-64;00:12:00;4.54995969547694;1;16.22;1;4;1;0;NaN;NaN
181064009_193;27;38.0683;-49.9316;-626;695;14-jun-64;01:00:00;3.87996417375728;1;14.28;1;6;1;0;NaN;NaN
181064009_193;27;38.0683;-49.9316;-627;790;14-jun-64;01:00:00;3.34996865203762;1;12.36;1;10;1;0;NaN;NaN
181064009_193;27;38.0683;-49.9316;-628;898;14-jun-64;01:54:00;3.91996417375728;1;9.94;1;16;1;0;NaN;NaN
181064009_193;27;38.0683;-49.9316;-629;996;14-jun-64;01:54:00;4.19996193461711;1;7.56;1;18;1;0;NaN;NaN
181064009_193;27;38.0683;-49.9316;-630;1194;14-jun-64;02:42:00;5.14995297805643;1;5.31;1;15;1;0;NaN;NaN
181064009_193;27;38.0683;-49.9316;-631;1492;14-jun-64;02:42:00;5.88994626063592;1;4.34;1;14;1;0;NaN;NaN
181064009_193;27;38.0683;-49.9316;-632;1995;14-jun-64;05:24:00;6.09994626063592;1;3.87;1;14;1;0;NaN;NaN
181064009_193;27;38.0683;-49.9316;-633;2430;14-jun-64;05:24:00;6.20994402149575;1;3.59;1;16;1;0;NaN;NaN
181064009_193;27;38.0683;-49.9316;-634;2975;14-jun-64;08:36:00;6.07994626063592;1;3.19;1;21;1;0;NaN;NaN
181064009_193;27;38.0683;-49.9316;-635;3474;14-jun-64;08:36:00;6.00994626063592;1;2.79;1;25;1;0;NaN;NaN
181064009_193;27;38.0683;-49.9316;-636;3973;14-jun-64;08:36:00;5.99994626063592;1;2.45;1;30;1;0;NaN;NaN
181064009_193;27;38.0683;-49.9316;-637;4471;14-jun-64;08:36:00;6.12994402149575;1;2.32;1;35;1;0;NaN;NaN
181064009_193;27;38.0683;-49.9316;-638;4970;14-jun-64;08:36:00;5.98994626063592;1;2.3;1;39;1;0;NaN;NaN
181064009_193;27;38.0683;-49.9316;-640;5170;13-jun-64;08:36:00;5.98994626063592;1;2.29;1;38;1;4;NaN;NaN
181064009_193;27;38.0683;-49.9316;-639;5370;14-jun-64;08:36:00;5.88994626063592;1;2.27;1;42;1;4;NaN;NaN
181064009_204;28;38.5083;-49.9716;-641;0;14-jun-64;13:36:00;NaN;9;20.6;1;2;1;0;NaN;NaN
181064009_204;28;38.5083;-49.9716;-642;49;14-jun-64;13:36:00;5.10995297805643;1;20.21;1;2;1;0;NaN;NaN
181064009_204;28;38.5083;-49.9716;-643;98;14-jun-64;13:36:00;5.06995297805643;1;18.4;1;3;1;0;NaN;NaN
181064009_204;28;38.5083;-49.9716;-644;147;14-jun-64;13:36:00;4.83995745633677;1;17.84;1;2;1;0;NaN;NaN
181064009_204;28;38.5083;-49.9716;-645;196;14-jun-64;13:36:00;4.82995745633677;1;17.6;1;4;1;0;NaN;NaN
181064009_204;28;38.5083;-49.9716;-646;293;14-jun-64;13:36:00;4.9499552171966;1;17.3;1;3;1;0;NaN;NaN
181064009_204;28;38.5083;-49.9716;-647;390;14-jun-64;13:36:00;4.9899552171966;1;17.32;1;4;1;0;NaN;NaN
181064009_204;28;38.5083;-49.9716;-648;485;14-jun-64;13:36:00;4.82995745633677;1;17.04;1;4;1;0;NaN;NaN
181064009_204;28;38.5083;-49.9716;-649;581;14-jun-64;13:36:00;4.67995745633677;1;16.38;1;6;1;0;NaN;NaN
181064009_204;28;38.5083;-49.9716;-650;678;14-jun-64;13:36:00;4.21996193461711;1;14.58;1;9;1;0;NaN;NaN
181064009_204;28;38.5083;-49.9716;-651;770;14-jun-64;13:36:00;3.99996417375728;1;13.06;1;14;1;0;NaN;NaN
181064009_204;28;38.5083;-49.9716;-652;858;14-jun-64;13:36:00;3.38996865203762;1;10.69;1;17;1;0;NaN;NaN
181064009_204;28;38.5083;-49.9716;-653;952;14-jun-64;13:36:00;3.43996865203762;1;8.58;1;NaN;9;0;NaN;NaN
181064009_204;28;38.5083;-49.9716;-654;1135;14-jun-64;13:36:00;4.9999552171966;1;5.32;1;NaN;9;0;NaN;NaN
181064009_204;28;38.5083;-49.9716;-655;1426;14-jun-64;13:36:00;5.79994849977609;1;4.44;1;NaN;9;0;NaN;NaN
181064009_204;28;38.5083;-49.9716;-656;1624;14-jun-64;15:12:00;5.92994626063592;1;4.18;1;NaN;9;0;NaN;NaN
181064009_204;28;38.5083;-49.9716;-657;1825;14-jun-64;15:12:00;6.01994626063592;1;3.98;1;NaN;9;0;NaN;NaN
181064009_204;28;38.5083;-49.9716;-658;2020;14-jun-64;15:12:00;6.06994402149575;1;3.82;1;NaN;9;0;NaN;NaN
181064009_204;28;38.5083;-49.9716;-659;2223;14-jun-64;15:12:00;6.06994402149575;1;3.7;1;NaN;9;0;NaN;NaN
181064009_204;28;38.5083;-49.9716;-660;2445;14-jun-64;15:12:00;5.99994626063592;1;3.59;1;NaN;9;0;NaN;NaN
181064009_204;28;38.5083;-49.9716;-661;2665;14-jun-64;15:12:00;6.01994626063592;1;3.44;1;NaN;9;0;NaN;NaN
181064009_204;28;38.5083;-49.9716;-662;3125;14-jun-64;15:12:00;5.96994626063592;1;3.12;1;NaN;9;0;NaN;NaN
181064009_204;28;38.5083;-49.9716;-663;3585;14-jun-64;15:12:00;6.04994626063592;1;2.72;1;NaN;9;0;NaN;NaN
181064009_204;28;38.5083;-49.9716;-664;4065;14-jun-64;15:12:00;6.01994626063592;1;2.43;1;NaN;9;0;NaN;NaN
181064009_204;28;38.5083;-49.9716;-665;4930;14-jun-64;15:12:00;5.90994626063592;1;2.32;1;NaN;9;0;NaN;NaN
181064009_215;29;38.9916;-49.9266;-666;0;14-jun-64;20:30:00;NaN;9;22.8;1;NaN;9;0;NaN;NaN
181064009_215;29;38.9916;-49.9266;-667;48;14-jun-64;20:30:00;5.63994849977609;1;20;1;4;1;0;NaN;NaN
181064009_215;29;38.9916;-49.9266;-668;97;14-jun-64;20:30:00;5.47995073891626;1;18.46;1;6;1;0;NaN;NaN
181064009_215;29;38.9916;-49.9266;-669;145;14-jun-64;20:30:00;5.44995073891626;1;18.01;1;6;1;0;NaN;NaN
181064009_215;29;38.9916;-49.9266;-670;193;14-jun-64;20:30:00;4.9699552171966;1;17.76;1;5;1;0;NaN;NaN
181064009_215;29;38.9916;-49.9266;-671;241;14-jun-64;20:30:00;5.0199552171966;1;17.68;1;3;1;0;NaN;NaN
181064009_215;29;38.9916;-49.9266;-672;290;14-jun-64;20:30:00;5.1199552171966;1;17.62;1;4;1;0;NaN;NaN
181064009_215;29;38.9916;-49.9266;-673;387;14-jun-64;20:30:00;5.0499552171966;1;17.38;1;4;1;0;NaN;NaN
181064009_215;29;38.9916;-49.9266;-674;486;14-jun-64;20:30:00;4.52995969547694;1;16.18;1;5;1;0;NaN;NaN
181064009_215;29;38.9916;-49.9266;-675;581;14-jun-64;20:30:00;4.07996417375728;1;14;1;8;1;0;NaN;NaN
181064009_215;29;38.9916;-49.9266;-676;673;14-jun-64;20:30:00;3.36996865203762;1;11.46;1;14;1;0;NaN;NaN
181064009_215;29;38.9916;-49.9266;-677;761;14-jun-64;20:30:00;3.45996865203762;1;9.04;1;17;1;0;NaN;NaN
181064009_215;29;38.9916;-49.9266;-678;854;14-jun-64;20:30:00;4.22996193461711;1;6.76;1;18;1;0;NaN;NaN
181064009_215;29;38.9916;-49.9266;-679;945;14-jun-64;20:30:00;4.8599552171966;1;5.69;1;17;1;0;NaN;NaN
181064009_215;29;38.9916;-49.9266;-680;1137;14-jun-64;20:30:00;5.69994849977609;1;4.66;1;15;1;0;NaN;NaN
181064009_215;29;38.9916;-49.9266;-681;1771;14-jun-64;22:12:00;6.00994626063592;1;3.85;1;15;1;0;NaN;NaN
181064009_215;29;38.9916;-49.9266;-682;2268;14-jun-64;22:12:00;5.98994626063592;1;3.57;1;17;1;0;NaN;NaN
181064009_215;29;38.9916;-49.9266;-683;2745;14-jun-64;22:12:00;5.94994626063592;1;3.22;1;19;1;0;NaN;NaN
181064009_215;29;38.9916;-49.9266;-684;3211;14-jun-64;22:12:00;5.98994626063592;1;2.92;1;23;1;0;NaN;NaN
181064009_215;29;38.9916;-49.9266;-685;3693;14-jun-64;22:12:00;5.91994626063592;1;2.58;1;27;1;0;NaN;NaN
181064009_215;29;38.9916;-49.9266;-686;4182;14-jun-64;22:12:00;5.93994626063592;1;2.36;1;34;1;0;NaN;NaN
181064009_215;29;38.9916;-49.9266;-687;4656;14-jun-64;22:12:00;5.95994626063592;1;2.31;1;36;1;0;NaN;NaN
181064009_215;29;38.9916;-49.9266;-688;4845;14-jun-64;22:12:00;6.00994626063592;1;2.31;1;37;1;0;NaN;NaN
181064009_215;29;38.9916;-49.9266;-689;5125;14-jun-64;22:12:00;5.90994626063592;1;2.31;1;37;1;4;NaN;NaN
181064009_215;29;38.9916;-49.9266;-690;5324;14-jun-64;22:12:00;5.92994626063592;1;2.3;1;40;1;4;NaN;NaN
181064009_226;30;39.5016;-49.985;-691;0;15-jun-64;04:24:00;NaN;9;19;1;NaN;9;0;NaN;NaN
181064009_226;30;39.5016;-49.985;-692;50;15-jun-64;04:24:00;5.55995073891626;1;16.3;1;4;1;0;NaN;NaN
181064009_226;30;39.5016;-49.985;-693;100;15-jun-64;04:24:00;5.09995297805643;1;12.95;1;8;1;0;NaN;NaN
181064009_226;30;39.5016;-49.985;-694;150;15-jun-64;04:24:00;4.83995745633677;1;12.63;1;9;1;0;NaN;NaN
181064009_226;30;39.5016;-49.985;-695;200;15-jun-64;04:24:00;4.70995745633677;1;12.16;1;9;1;0;NaN;NaN
181064009_226;30;39.5016;-49.985;-696;250;15-jun-64;04:24:00;4.48995969547694;1;11.88;1;10;1;0;NaN;NaN
181064009_226;30;39.5016;-49.985;-697;300;15-jun-64;04:24:00;3.84996641289745;1;11.43;1;12;1;0;NaN;NaN
181064009_226;30;39.5016;-49.985;-698;401;15-jun-64;04:24:00;3.34996865203762;1;9.75;1;16;1;0;NaN;NaN
181064009_226;30;39.5016;-49.985;-699;497;15-jun-64;04:24:00;3.59996865203762;1;8.24;1;19;1;0;NaN;NaN
181064009_226;30;39.5016;-49.985;-700;601;15-jun-64;04:24:00;4.22996193461711;1;6.82;1;17;1;0;NaN;NaN
181064009_226;30;39.5016;-49.985;-701;698;15-jun-64;04:24:00;4.83995745633677;1;5.57;1;16;1;0;NaN;NaN
181064009_226;30;39.5016;-49.985;-702;799;15-jun-64;04:24:00;5.29995297805643;1;5.09;1;16;1;0;NaN;NaN
181064009_226;30;39.5016;-49.985;-703;900;15-jun-64;04:24:00;5.54995073891626;1;4.81;1;15;1;0;NaN;NaN
181064009_226;30;39.5016;-49.985;-704;999;15-jun-64;04:24:00;5.77994849977609;1;4.5;1;15;1;0;NaN;NaN
181064009_226;30;39.5016;-49.985;-705;1196;15-jun-64;04:24:00;6.02994626063592;1;4.2;1;NaN;9;0;NaN;NaN
181064009_226;30;39.5016;-49.985;-706;1476;15-jun-64;06:00:00;6.11994402149575;1;3.91;1;NaN;9;0;NaN;NaN
181064009_226;30;39.5016;-49.985;-707;1978;15-jun-64;06:00:00;6.11994402149575;1;3.64;1;NaN;9;0;NaN;NaN
181064009_226;30;39.5016;-49.985;-708;2473;15-jun-64;06:00:00;6.08994626063592;1;3.35;1;NaN;9;0;NaN;NaN
181064009_226;30;39.5016;-49.985;-709;2970;15-jun-64;06:00:00;6.06994402149575;1;2.97;1;NaN;9;0;NaN;NaN
181064009_226;30;39.5016;-49.985;-710;3466;15-jun-64;06:00:00;5.98994626063592;1;2.63;1;NaN;9;0;NaN;NaN
181064009_226;30;39.5016;-49.985;-711;3960;15-jun-64;06:00:00;6.01994626063592;1;2.37;1;NaN;9;0;NaN;NaN
181064009_226;30;39.5016;-49.985;-712;4456;15-jun-64;06:00:00;6.05994626063592;1;2.29;1;NaN;9;0;NaN;NaN
181064009_226;30;39.5016;-49.985;-713;4955;15-jun-64;06:00:00;5.98994626063592;1;2.3;1;NaN;9;0;NaN;NaN
181064009_226;30;39.5016;-49.985;-714;5353;15-jun-64;06:00:00;6.16994402149575;1;2.32;1;NaN;9;4;NaN;NaN
181064009_237;31;39.825;-49.9633;-715;0;15-jun-64;11:12:00;NaN;9;21.4;1;NaN;9;0;NaN;NaN
181064009_237;31;39.825;-49.9633;-716;47;15-jun-64;11:12:00;5.50995073891626;1;16.71;1;3;1;0;NaN;NaN
181064009_237;31;39.825;-49.9633;-717;93;15-jun-64;11:12:00;5.0499552171966;1;17.76;1;3;1;0;NaN;NaN
181064009_237;31;39.825;-49.9633;-718;141;15-jun-64;11:12:00;4.37996193461711;1;17;1;5;1;0;NaN;NaN
181064009_237;31;39.825;-49.9633;-719;188;15-jun-64;11:12:00;4.52995969547694;1;16.33;1;5;1;0;NaN;NaN
181064009_237;31;39.825;-49.9633;-720;234;15-jun-64;11:12:00;4.63995745633677;1;15;1;5;1;0;NaN;NaN
181064009_237;31;39.825;-49.9633;-721;281;15-jun-64;11:12:00;4.43995969547694;1;14.03;1;7;1;0;NaN;NaN
181064009_237;31;39.825;-49.9633;-722;373;15-jun-64;11:12:00;4.05996417375728;1;12.28;1;10;1;0;NaN;NaN
181064009_237;31;39.825;-49.9633;-723;465;15-jun-64;11:12:00;3.41996865203762;1;10.99;1;14;1;0;NaN;NaN
181064009_237;31;39.825;-49.9633;-724;555;15-jun-64;11:12:00;4.75995745633677;1;7.09;1;14;1;0;NaN;NaN
181064009_237;31;39.825;-49.9633;-725;642;15-jun-64;11:12:00;4.56995969547694;1;6.14;1;16;1;0;NaN;NaN
181064009_237;31;39.825;-49.9633;-726;725;15-jun-64;11:12:00;4.9599552171966;1;5.47;1;16;1;0;NaN;NaN
181064009_237;31;39.825;-49.9633;-727;814;15-jun-64;11:12:00;4.9999552171966;1;5.73;1;15;1;0;NaN;NaN
181064009_237;31;39.825;-49.9633;-728;900;15-jun-64;11:12:00;5.55995073891626;1;4.9;1;14;1;0;NaN;NaN
181064009_237;31;39.825;-49.9633;-729;1175;15-jun-64;12:48:00;5.88994626063592;1;4.31;1;14;1;0;NaN;NaN
181064009_237;31;39.825;-49.9633;-730;1450;15-jun-64;12:48:00;6.08994626063592;1;3.92;1;14;1;0;NaN;NaN
181064009_237;31;39.825;-49.9633;-731;1923;15-jun-64;12:48:00;6.02994626063592;1;3.62;1;16;1;0;NaN;NaN
181064009_237;31;39.825;-49.9633;-732;2414;15-jun-64;12:48:00;6.02994626063592;1;3.32;1;19;1;0;NaN;NaN
181064009_237;31;39.825;-49.9633;-733;2965;15-jun-64;12:48:00;6.03994626063592;1;2.88;1;24;1;0;NaN;NaN
181064009_237;31;39.825;-49.9633;-734;3465;15-jun-64;12:48:00;5.97994626063592;1;2.47;1;28;1;0;NaN;NaN
181064009_237;31;39.825;-49.9633;-735;3962;15-jun-64;12:48:00;5.95994626063592;1;2.3;1;34;1;0;NaN;NaN
181064009_237;31;39.825;-49.9633;-736;4462;15-jun-64;12:48:00;5.98994626063592;1;2.25;1;36;1;0;NaN;NaN
181064009_237;31;39.825;-49.9633;-737;4766;15-jun-64;12:48:00;5.94994626063592;1;2.27;1;38;1;0;NaN;NaN
181064009_237;31;39.825;-49.9633;-738;4960;15-jun-64;12:48:00;5.94994626063592;1;2.28;1;38;1;0;NaN;NaN
181064009_237;31;39.825;-49.9633;-739;5160;15-jun-64;12:48:00;6.08994626063592;1;2.29;1;30;1;4;NaN;NaN
181064009_239;32;40.3;-50.055;-740;0;15-jun-64;17:30:00;NaN;9;20.1;1;NaN;9;0;NaN;NaN
181064009_239;32;40.3;-50.055;-741;46;15-jun-64;17:30:00;5.33995073891626;1;19.42;1;3;1;0;NaN;NaN
181064009_239;32;40.3;-50.055;-742;92;15-jun-64;17:30:00;4.9499552171966;1;18.15;1;4;1;0;NaN;NaN
181064009_239;32;40.3;-50.055;-743;140;15-jun-64;17:30:00;4.8999552171966;1;17.82;1;4;1;0;NaN;NaN
181064009_239;32;40.3;-50.055;-744;188;15-jun-64;17:30:00;4.9499552171966;1;17.62;1;4;1;0;NaN;NaN
181064009_239;32;40.3;-50.055;-745;233;15-jun-64;17:30:00;5.0199552171966;1;17.52;1;3;1;0;NaN;NaN
181064009_239;32;40.3;-50.055;-746;281;15-jun-64;17:30:00;5.06995297805643;1;17.19;1;4;1;0;NaN;NaN
181064009_239;32;40.3;-50.055;-747;378;15-jun-64;17:30:00;4.45995969547694;1;14.09;1;6;1;0;NaN;NaN
181064009_239;32;40.3;-50.055;-748;472;15-jun-64;17:30:00;3.72996641289745;1;12.42;1;10;1;0;NaN;NaN
181064009_239;32;40.3;-50.055;-749;573;15-jun-64;17:30:00;3.42996865203762;1;10.31;1;22;1;0;NaN;NaN
181064009_239;32;40.3;-50.055;-750;667;15-jun-64;17:30:00;3.63996641289745;1;8.06;1;19;1;0;NaN;NaN
181064009_239;32;40.3;-50.055;-751;759;15-jun-64;17:30:00;4.53995969547694;1;6.35;1;17;1;0;NaN;NaN
181064009_239;32;40.3;-50.055;-752;862;15-jun-64;17:30:00;5.68994849977609;1;4.48;1;15;1;0;NaN;NaN
181064009_239;32;40.3;-50.055;-753;958;15-jun-64;17:30:00;5.56995073891626;1;4.74;1;15;1;0;NaN;NaN
181064009_239;32;40.3;-50.055;-754;1155;15-jun-64;19:00:00;5.89994626063592;1;4.34;1;NaN;9;0;NaN;NaN
181064009_239;32;40.3;-50.055;-755;1469;15-jun-64;19:00:00;6.06994402149575;1;3.99;1;NaN;9;0;NaN;NaN
181064009_239;32;40.3;-50.055;-756;1957;15-jun-64;19:00:00;6.21994402149575;1;3.59;1;NaN;9;0;NaN;NaN
181064009_239;32;40.3;-50.055;-757;2454;15-jun-64;19:00:00;6.16994402149575;1;3.29;1;NaN;9;0;NaN;NaN
181064009_239;32;40.3;-50.055;-758;2936;15-jun-64;19:00:00;6.23994402149575;1;2.9;1;NaN;9;0;NaN;NaN
181064009_239;32;40.3;-50.055;-759;3448;15-jun-64;19:00:00;6.39994178235558;1;2.43;1;NaN;9;0;NaN;NaN
181064009_239;32;40.3;-50.055;-760;3650;15-jun-64;19:00:00;6.32994402149575;1;2.26;1;NaN;9;0;NaN;NaN
181064009_239;32;40.3;-50.055;-761;3843;15-jun-64;19:00:00;6.21994402149575;1;2.19;1;NaN;9;0;NaN;NaN
181064009_243;33;40.535;-49.9883;-762;0;15-jun-64;22:12:00;NaN;9;20;1;NaN;9;0;NaN;NaN
181064009_243;33;40.535;-49.9883;-763;50;15-jun-64;22:12:00;4.82995745633677;1;18.28;1;4;1;0;NaN;NaN
181064009_243;33;40.535;-49.9883;-764;99;15-jun-64;22:12:00;4.64995745633677;1;17.53;1;4;1;0;NaN;NaN
181064009_243;33;40.535;-49.9883;-765;149;15-jun-64;22:12:00;4.9299552171966;1;17.54;1;4;1;0;NaN;NaN
181064009_243;33;40.535;-49.9883;-766;199;15-jun-64;22:12:00;4.9899552171966;1;17.52;1;4;1;0;NaN;NaN
181064009_243;33;40.535;-49.9883;-767;248;15-jun-64;22:12:00;4.82995745633677;1;17.2;1;4;1;0;NaN;NaN
181064009_243;33;40.535;-49.9883;-768;298;15-jun-64;22:12:00;4.54995969547694;1;15.7;1;5;1;0;NaN;NaN
181064009_243;33;40.535;-49.9883;-769;398;15-jun-64;22:12:00;4.62995969547694;1;13.65;1;7;1;0;NaN;NaN
181064009_243;33;40.535;-49.9883;-770;497;15-jun-64;22:12:00;3.58996865203762;1;11.36;1;11;1;0;NaN;NaN
181064009_243;33;40.535;-49.9883;-771;596;15-jun-64;22:12:00;3.58996865203762;1;8.59;1;17;1;0;NaN;NaN
181064009_243;33;40.535;-49.9883;-772;696;15-jun-64;22:12:00;4.9299552171966;1;5.75;1;15;1;0;NaN;NaN
181064009_243;33;40.535;-49.9883;-773;795;15-jun-64;22:12:00;5.33995073891626;1;5.01;1;15;1;0;NaN;NaN
181064009_243;33;40.535;-49.9883;-774;862;15-jun-64;23:36:00;5.97994626063592;1;4.25;1;14;1;0;NaN;NaN
181064009_243;33;40.535;-49.9883;-775;895;15-jun-64;22:12:00;6.03994626063592;1;4.52;1;14;1;0;NaN;NaN
181064009_243;33;40.535;-49.9883;-776;1054;15-jun-64;23:36:00;5.93994626063592;1;4.35;1;14;1;0;NaN;NaN
181064009_243;33;40.535;-49.9883;-777;1571;15-jun-64;23:36:00;6.18994402149575;1;3.84;1;14;1;0;NaN;NaN
181064009_243;33;40.535;-49.9883;-778;2044;15-jun-64;23:36:00;6.18994402149575;1;3.58;1;15;1;0;NaN;NaN
181064009_243;33;40.535;-49.9883;-779;2512;15-jun-64;23:36:00;6.24994402149575;1;3.23;1;18;1;0;NaN;NaN
181064009_243;33;40.535;-49.9883;-780;3035;15-jun-64;23:36:00;6.25994402149575;1;2.75;1;20;1;0;NaN;NaN
181064009_243;33;40.535;-49.9883;-781;3232;15-jun-64;23:36:00;6.33994178235558;1;2.54;1;19;1;0;NaN;NaN
181064009_243;33;40.535;-49.9883;-782;3440;15-jun-64;23:36:00;6.36994178235558;1;2.34;1;21;1;0;NaN;NaN
181064009_243;33;40.535;-49.9883;-783;3634;15-jun-64;23:36:00;6.30994402149575;1;2.18;1;24;1;0;NaN;NaN
181064009_244;34;40.925;-49.9033;-784;0;16-jun-64;03:36:00;NaN;9;18.5;1;NaN;9;0;NaN;NaN
181064009_244;34;40.925;-49.9033;-785;45;16-jun-64;03:36:00;5.25995297805643;1;16.74;1;3;1;0;NaN;NaN
181064009_244;34;40.925;-49.9033;-786;91;16-jun-64;03:36:00;4.79995745633677;1;17.2;1;4;1;0;NaN;NaN
181064009_244;34;40.925;-49.9033;-787;138;16-jun-64;03:36:00;4.9199552171966;1;14.18;1;5;1;0;NaN;NaN
181064009_244;34;40.925;-49.9033;-788;184;16-jun-64;03:36:00;5.09995297805643;1;14.21;1;5;1;0;NaN;NaN
181064009_244;34;40.925;-49.9033;-789;230;16-jun-64;03:36:00;4.9399552171966;1;12.65;1;7;1;0;NaN;NaN
181064009_244;34;40.925;-49.9033;-790;278;16-jun-64;03:36:00;5.18995297805643;1;12.25;1;6;1;0;NaN;NaN
181064009_244;34;40.925;-49.9033;-791;369;16-jun-64;03:36:00;3.44996865203762;1;11.44;1;13;1;0;NaN;NaN
181064009_244;34;40.925;-49.9033;-792;466;16-jun-64;03:36:00;3.30997089117779;1;9.11;1;NaN;9;0;NaN;NaN
181064009_244;34;40.925;-49.9033;-793;556;16-jun-64;03:36:00;4.08996193461711;1;6.98;1;18;1;0;NaN;NaN
181064009_244;34;40.925;-49.9033;-794;641;16-jun-64;03:36:00;5.73994849977609;1;4.16;1;13;1;0;NaN;NaN
181064009_244;34;40.925;-49.9033;-795;735;16-jun-64;03:36:00;5.73994849977609;1;4.5;1;14;1;0;NaN;NaN
181064009_244;34;40.925;-49.9033;-796;829;16-jun-64;03:36:00;5.94994626063592;1;4.33;1;13;1;0;NaN;NaN
181064009_244;34;40.925;-49.9033;-797;918;16-jun-64;03:36:00;5.63994849977609;1;4.73;1;14;1;0;NaN;NaN
181064009_244;34;40.925;-49.9033;-798;1118;16-jun-64;03:36:00;5.95994626063592;1;4.25;1;NaN;9;0;NaN;NaN
181064009_244;34;40.925;-49.9033;-799;1539;16-jun-64;05:24:00;6.22994402149575;1;3.74;1;NaN;9;0;NaN;NaN
181064009_244;34;40.925;-49.9033;-800;2025;16-jun-64;05:24:00;6.16994402149575;1;3.5;1;NaN;9;0;NaN;NaN
181064009_244;34;40.925;-49.9033;-801;2490;16-jun-64;05:24:00;6.11994402149575;1;3.2;1;NaN;9;0;NaN;NaN
181064009_244;34;40.925;-49.9033;-802;2955;16-jun-64;05:24:00;6.24994402149575;1;2.78;1;NaN;9;0;NaN;NaN
181064009_244;34;40.925;-49.9033;-803;3143;16-jun-64;05:24:00;6.05994626063592;1;2.61;1;NaN;9;0;NaN;NaN
181064009_244;34;40.925;-49.9033;-804;3320;16-jun-64;05:24:00;6.12994402149575;1;2.39;1;NaN;9;0;NaN;NaN
181064009_244;34;40.925;-49.9033;-805;3518;16-jun-64;05:24:00;NaN;9;2.2;1;NaN;9;0;NaN;NaN
181064009_247;35;41.3266;-49.8366;-806;0;16-jun-64;09:48:00;NaN;9;16.1;1;NaN;9;0;NaN;NaN
181064009_247;35;41.3266;-49.8366;-807;46;16-jun-64;09:48:00;5.22995297805643;1;14.7;1;4;1;0;NaN;NaN
181064009_247;35;41.3266;-49.8366;-808;91;16-jun-64;09:48:00;5.16995297805643;1;13.62;1;6;1;0;NaN;NaN
181064009_247;35;41.3266;-49.8366;-809;137;16-jun-64;09:48:00;4.8799552171966;1;13.06;1;7;1;0;NaN;NaN
181064009_247;35;41.3266;-49.8366;-810;182;16-jun-64;09:48:00;4.51995969547694;1;12.59;1;8;1;0;NaN;NaN
181064009_247;35;41.3266;-49.8366;-811;228;16-jun-64;09:48:00;4.08996193461711;1;11.79;1;11;1;0;NaN;NaN
181064009_247;35;41.3266;-49.8366;-812;273;16-jun-64;09:48:00;3.35996865203762;1;10.67;1;14;1;0;NaN;NaN
181064009_247;35;41.3266;-49.8366;-813;367;16-jun-64;09:48:00;5.18995297805643;1;6.22;1;14;1;0;NaN;NaN
181064009_247;35;41.3266;-49.8366;-814;455;16-jun-64;09:48:00;5.10995297805643;1;5.38;1;15;1;0;NaN;NaN
181064009_247;35;41.3266;-49.8366;-815;555;16-jun-64;09:48:00;4.78995745633677;1;5.98;1;16;1;0;NaN;NaN
181064009_247;35;41.3266;-49.8366;-816;654;16-jun-64;09:48:00;5.88994626063592;1;4.31;1;13;1;0;NaN;NaN
181064009_247;35;41.3266;-49.8366;-817;753;16-jun-64;09:48:00;6.27994402149575;1;4.05;1;13;1;0;NaN;NaN
181064009_247;35;41.3266;-49.8366;-818;852;16-jun-64;09:48:00;6.19994402149575;1;4.19;1;12;1;0;NaN;NaN
181064009_247;35;41.3266;-49.8366;-819;939;16-jun-64;11:12:00;5.94994626063592;1;4.33;1;14;1;0;NaN;NaN
181064009_247;35;41.3266;-49.8366;-820;1138;16-jun-64;11:12:00;6.11994402149575;1;4.12;1;14;1;0;NaN;NaN
181064009_247;35;41.3266;-49.8366;-821;1439;16-jun-64;11:12:00;6.21994402149575;1;3.79;1;14;1;0;NaN;NaN
181064009_247;35;41.3266;-49.8366;-822;1936;16-jun-64;11:12:00;6.23994402149575;1;3.48;1;15;1;0;NaN;NaN
181064009_247;35;41.3266;-49.8366;-823;2429;16-jun-64;11:12:00;6.23994402149575;1;3.16;1;19;1;0;NaN;NaN
181064009_247;35;41.3266;-49.8366;-824;2729;16-jun-64;11:12:00;6.30994402149575;1;2.92;1;18;1;0;NaN;NaN
181064009_247;35;41.3266;-49.8366;-825;2929;16-jun-64;11:12:00;6.27994402149575;1;2.72;1;20;1;0;NaN;NaN
181064009_247;35;41.3266;-49.8366;-826;3126;16-jun-64;11:12:00;6.31994402149575;1;2.39;1;20;1;0;NaN;NaN
181064009_253;36;41.6966;-49.7966;-827;0;16-jun-64;15:06:00;NaN;9;12.2;1;NaN;9;0;NaN;NaN
181064009_253;36;41.6966;-49.7966;-828;47;16-jun-64;15:06:00;6.62993954321541;1;7.02;1;5;1;0;NaN;NaN
181064009_253;36;41.6966;-49.7966;-829;91;16-jun-64;15:06:00;5.66994849977609;1;7.62;1;7;1;0;NaN;NaN
181064009_253;36;41.6966;-49.7966;-830;137;16-jun-64;15:06:00;5.38995073891626;1;7.08;1;10;1;0;NaN;NaN
181064009_253;36;41.6966;-49.7966;-831;183;16-jun-64;15:06:00;4.75995745633677;1;7.13;1;14;1;0;NaN;NaN
181064009_253;36;41.6966;-49.7966;-832;229;16-jun-64;15:06:00;4.26996193461711;1;6.9;1;16;1;0;NaN;NaN
181064009_253;36;41.6966;-49.7966;-833;277;16-jun-64;15:06:00;5.0299552171966;1;5.26;1;15;1;0;NaN;NaN
181064009_253;36;41.6966;-49.7966;-834;370;16-jun-64;15:06:00;6.00994626063592;1;3.66;1;13;1;0;NaN;NaN
181064009_253;36;41.6966;-49.7966;-835;462;16-jun-64;15:06:00;5.76994849977609;1;4.48;1;15;1;0;NaN;NaN
181064009_253;36;41.6966;-49.7966;-836;563;16-jun-64;15:06:00;6.11994402149575;1;4.18;1;13;1;0;NaN;NaN
181064009_253;36;41.6966;-49.7966;-837;653;16-jun-64;15:06:00;5.73994849977609;1;4.56;1;14;1;0;NaN;NaN
181064009_253;36;41.6966;-49.7966;-838;749;16-jun-64;15:06:00;6.24994402149575;1;4.1;1;12;1;0;NaN;NaN
181064009_253;36;41.6966;-49.7966;-839;850;16-jun-64;15:06:00;6.16994402149575;1;4.14;1;14;1;0;NaN;NaN
181064009_253;36;41.6966;-49.7966;-840;1024;16-jun-64;16:30:00;6.03994626063592;1;4.05;1;14;1;0;NaN;NaN
181064009_253;36;41.6966;-49.7966;-841;1221;16-jun-64;16:30:00;6.14994626063592;1;3.92;1;NaN;9;0;NaN;NaN
181064009_253;36;41.6966;-49.7966;-842;1509;16-jun-64;16:30:00;6.33994178235558;1;3.66;1;NaN;9;0;NaN;NaN
181064009_253;36;41.6966;-49.7966;-843;1996;16-jun-64;16:30:00;6.23994402149575;1;3.39;1;NaN;9;0;NaN;NaN
181064009_253;36;41.6966;-49.7966;-844;2240;16-jun-64;16:30:00;6.21994402149575;1;3.26;1;NaN;9;0;NaN;NaN
181064009_253;36;41.6966;-49.7966;-845;2472;16-jun-64;16:30:00;6.23994402149575;1;3.08;1;NaN;9;0;NaN;NaN
181064009_253;36;41.6966;-49.7966;-846;2720;16-jun-64;16:30:00;6.31994402149575;1;2.88;1;NaN;9;0;NaN;NaN
181064009_253;36;41.6966;-49.7966;-847;2956;16-jun-64;16:30:00;NaN;9;2.71;1;NaN;9;0;NaN;NaN
181064009_253;36;41.6966;-49.7966;-848;3146;16-jun-64;16:30:00;6.34994178235558;1;2.51;1;NaN;9;0;NaN;NaN
181064009_253;36;41.6966;-49.7966;-849;3293;16-jun-64;16:30:00;6.35994178235558;1;2.41;1;NaN;9;0;NaN;NaN
181064009_257;37;41.8333;-49.9583;-850;0;16-jun-64;19:30:00;NaN;9;11.7;1;NaN;9;0;NaN;NaN
181064009_257;37;41.8333;-49.9583;-851;50;16-jun-64;19:30:00;7.91992834751456;1;2.64;1;2;1;0;NaN;NaN
181064009_257;37;41.8333;-49.9583;-852;99;16-jun-64;19:30:00;6.19994402149575;1;5.29;1;8;1;0;NaN;NaN
181064009_257;37;41.8333;-49.9583;-853;149;16-jun-64;19:30:00;5.83994626063592;1;4.86;1;11;1;0;NaN;NaN
181064009_257;37;41.8333;-49.9583;-854;199;16-jun-64;19:30:00;6.21994402149575;1;3.75;1;12;1;0;NaN;NaN
181064009_257;37;41.8333;-49.9583;-855;249;16-jun-64;19:30:00;4.35996193461711;1;6.55;1;17;1;0;NaN;NaN
181064009_257;37;41.8333;-49.9583;-856;299;16-jun-64;19:30:00;5.42995073891626;1;4.68;1;17;1;0;NaN;NaN
181064009_257;37;41.8333;-49.9583;-857;398;16-jun-64;19:30:00;5.52995073891626;1;4.83;1;16;1;0;NaN;NaN
181064009_257;37;41.8333;-49.9583;-858;497;16-jun-64;19:30:00;6.17994402149575;1;4.02;1;14;1;0;NaN;NaN
181064009_257;37;41.8333;-49.9583;-859;597;16-jun-64;19:30:00;5.98994626063592;1;4.38;1;14;1;0;NaN;NaN
181064009_257;37;41.8333;-49.9583;-860;697;16-jun-64;19:30:00;6.30994402149575;1;4.06;1;13;1;0;NaN;NaN
181064009_257;37;41.8333;-49.9583;-861;797;16-jun-64;19:30:00;6.01994626063592;1;4.26;1;15;1;0;NaN;NaN
181064009_257;37;41.8333;-49.9583;-862;896;16-jun-64;20:48:00;6.00994626063592;1;4.23;1;15;1;0;NaN;NaN
181064009_257;37;41.8333;-49.9583;-863;955;16-jun-64;20:48:00;6.04994626063592;1;4.12;1;15;1;0;NaN;NaN
181064009_257;37;41.8333;-49.9583;-864;1155;16-jun-64;20:48:00;NaN;9;3.92;1;8;1;0;NaN;NaN
181064009_257;37;41.8333;-49.9583;-865;1455;16-jun-64;20:48:00;6.24994402149575;1;3.7;1;17;1;0;NaN;NaN
181064009_257;37;41.8333;-49.9583;-866;1959;16-jun-64;20:48:00;6.22994402149575;1;3.44;1;17;1;0;NaN;NaN
181064009_257;37;41.8333;-49.9583;-867;2450;16-jun-64;20:48:00;6.27994402149575;1;3.08;1;19;1;0;NaN;NaN
181064009_257;37;41.8333;-49.9583;-868;2953;16-jun-64;20:48:00;6.33994178235558;1;2.71;1;20;1;0;NaN;NaN
181064009_257;37;41.8333;-49.9583;-869;3256;16-jun-64;20:48:00;6.35994178235558;1;2.41;1;22;1;0;NaN;NaN
181064009_257;37;41.8333;-49.9583;-870;3449;16-jun-64;20:48:00;6.32994402149575;1;2.29;1;26;1;0;NaN;NaN
181064009_257;37;41.8333;-49.9583;-871;3646;16-jun-64;20:48:00;6.31994402149575;1;2.17;1;28;1;0;NaN;NaN
181064009_261;38;42.1583;-49.9833;-872;0;17-jun-64;00:30:00;NaN;9;9.8;1;NaN;9;0;NaN;NaN
181064009_261;38;42.1583;-49.9833;-873;49;17-jun-64;00:30:00;6.73993954321541;1;4.28;1;7;1;0;NaN;NaN
181064009_261;38;42.1583;-49.9833;-874;98;17-jun-64;00:30:00;6.10994402149575;1;4.3;1;12;1;0;NaN;NaN
181064009_261;38;42.1583;-49.9833;-875;148;17-jun-64;00:30:00;6.06994402149575;1;3.78;1;13;1;0;NaN;NaN
181064009_261;38;42.1583;-49.9833;-876;197;17-jun-64;00:30:00;5.57995073891626;1;4.46;1;18;1;0;NaN;NaN
181064009_261;38;42.1583;-49.9833;-877;246;17-jun-64;00:30:00;6.19994402149575;1;3.5;1;16;1;0;NaN;NaN
181064009_261;38;42.1583;-49.9833;-878;295;17-jun-64;00:30:00;5.94994626063592;1;4.02;1;20;1;0;NaN;NaN
181064009_261;38;42.1583;-49.9833;-879;393;17-jun-64;00:30:00;5.72994849977609;1;4.66;1;15;1;0;NaN;NaN
181064009_261;38;42.1583;-49.9833;-880;492;17-jun-64;00:30:00;6.00994626063592;1;4.3;1;14;1;0;NaN;NaN
181064009_261;38;42.1583;-49.9833;-881;589;17-jun-64;00:30:00;6.21994402149575;1;4.14;1;19;1;0;NaN;NaN
181064009_261;38;42.1583;-49.9833;-882;686;17-jun-64;00:30:00;6.38994178235558;1;3.99;1;13;1;0;NaN;NaN
181064009_261;38;42.1583;-49.9833;-883;781;17-jun-64;01:12:00;6.43994178235558;1;3.87;1;13;1;0;NaN;NaN
181064009_261;38;42.1583;-49.9833;-884;912;17-jun-64;01:12:00;6.51994178235558;1;3.74;1;12;1;0;NaN;NaN
181064009_261;38;42.1583;-49.9833;-885;1008;17-jun-64;01:12:00;6.52994178235558;1;3.68;1;13;1;0;NaN;NaN
181064009_261;38;42.1583;-49.9833;-886;1205;17-jun-64;01:12:00;6.56993954321541;1;3.57;1;NaN;9;0;NaN;NaN
181064009_261;38;42.1583;-49.9833;-887;1500;17-jun-64;01:12:00;6.40994178235558;1;3.58;1;NaN;9;0;NaN;NaN
181064009_261;38;42.1583;-49.9833;-888;1753;17-jun-64;03:00:00;6.37994178235558;1;3.48;1;NaN;9;0;NaN;NaN
181064009_261;38;42.1583;-49.9833;-889;1995;17-jun-64;03:00:00;6.26994402149575;1;3.41;1;NaN;9;0;NaN;NaN
181064009_261;38;42.1583;-49.9833;-890;2225;17-jun-64;03:00:00;6.31994402149575;1;3.22;1;NaN;9;0;NaN;NaN
181064009_261;38;42.1583;-49.9833;-891;2470;17-jun-64;03:00:00;6.27994402149575;1;3.05;1;NaN;9;0;NaN;NaN
181064009_261;38;42.1583;-49.9833;-892;2960;17-jun-64;03:00:00;6.32994402149575;1;2.62;1;NaN;9;0;NaN;NaN
181064009_261;38;42.1583;-49.9833;-893;3163;17-jun-64;03:00:00;6.40994178235558;1;2.37;1;NaN;9;0;NaN;NaN
181064009_261;38;42.1583;-49.9833;-894;3360;17-jun-64;03:00:00;6.42994178235558;1;2.2;1;NaN;9;0;NaN;NaN
181064009_263;39;42.4833;-49.9916;-895;0;17-jun-64;06:54:00;NaN;9;8.7;1;NaN;9;0;NaN;NaN
181064009_263;39;42.4833;-49.9916;-896;46;17-jun-64;06:54:00;6.75993954321541;1;4.56;1;7;1;0;NaN;NaN
181064009_263;39;42.4833;-49.9916;-897;91;17-jun-64;06:54:00;6.06994402149575;1;4.24;1;13;1;0;NaN;NaN
181064009_263;39;42.4833;-49.9916;-898;139;17-jun-64;06:54:00;6.70993954321541;1;2.83;1;11;1;0;NaN;NaN
181064009_263;39;42.4833;-49.9916;-899;185;17-jun-64;06:54:00;6.34994178235558;1;3.61;1;14;1;0;NaN;NaN
181064009_263;39;42.4833;-49.9916;-900;233;17-jun-64;06:54:00;6.65993954321541;1;3.28;1;13;1;0;NaN;NaN
181064009_263;39;42.4833;-49.9916;-901;281;17-jun-64;06:54:00;6.91993730407524;1;3.1;1;12;1;0;NaN;NaN
181064009_263;39;42.4833;-49.9916;-902;379;17-jun-64;06:54:00;6.60994178235558;1;3.74;1;12;1;0;NaN;NaN
181064009_263;39;42.4833;-49.9916;-903;475;17-jun-64;06:54:00;6.79993954321541;1;3.66;1;12;1;0;NaN;NaN
181064009_263;39;42.4833;-49.9916;-904;577;17-jun-64;06:54:00;6.68993954321541;1;3.78;1;12;1;0;NaN;NaN
181064009_263;39;42.4833;-49.9916;-905;672;17-jun-64;06:54:00;6.55994178235558;1;3.84;1;12;1;0;NaN;NaN
181064009_263;39;42.4833;-49.9916;-906;769;17-jun-64;06:54:00;6.66993954321541;1;3.74;1;13;1;0;NaN;NaN
181064009_263;39;42.4833;-49.9916;-907;869;17-jun-64;06:54:00;6.70993954321541;1;3.68;1;13;1;0;NaN;NaN
181064009_263;39;42.4833;-49.9916;-908;1045;17-jun-64;08:00:00;6.67993954321541;1;3.64;1;12;1;0;NaN;NaN
181064009_263;39;42.4833;-49.9916;-909;1250;17-jun-64;08:00:00;6.70993954321541;1;3.59;1;12;1;0;NaN;NaN
181064009_263;39;42.4833;-49.9916;-910;1543;17-jun-64;08:00:00;6.68993954321541;1;3.54;1;13;1;0;NaN;NaN
181064009_263;39;42.4833;-49.9916;-911;1838;17-jun-64;08:00:00;6.43994178235558;1;3.51;1;15;1;0;NaN;NaN
181064009_263;39;42.4833;-49.9916;-912;2035;17-jun-64;08:00:00;6.47994178235558;1;3.42;1;15;1;0;NaN;NaN
181064009_263;39;42.4833;-49.9916;-913;2232;17-jun-64;08:00:00;6.42994178235558;1;3.29;1;16;1;0;NaN;NaN
181064009_263;39;42.4833;-49.9916;-914;2430;17-jun-64;08:00:00;6.38994178235558;1;3;1;17;1;0;NaN;NaN
181064009_263;39;42.4833;-49.9916;-915;2630;17-jun-64;08:00:00;6.43994178235558;1;2.98;1;18;1;0;NaN;NaN
181064009_265;40;42.8333;-50;-916;0;17-jun-64;11:24:00;NaN;9;0.8;1;NaN;9;0;NaN;NaN
181064009_265;40;42.8333;-50;-917;10;17-jun-64;11:24:00;8.31992386923421;1;3.78;1;3;1;0;NaN;NaN
181064009_265;40;42.8333;-50;-918;30;17-jun-64;11:48:00;8.68992163009404;1;0.21;1;2;1;0;NaN;NaN
181064009_265;40;42.8333;-50;-919;48;17-jun-64;11:24:00;7.51993282579489;1;-0.75;1;NaN;9;0;NaN;NaN
181064009_265;40;42.8333;-50;-920;73;17-jun-64;11:24:00;7.46993282579489;1;-0.74;1;6;1;0;NaN;NaN
181064009_265;40;42.8333;-50;-921;97;17-jun-64;11:24:00;7.33993506493506;1;-0.41;1;9;1;0;NaN;NaN
181064009_265;40;42.8333;-50;-922;145;17-jun-64;11:24:00;7.16993506493507;1;0.42;1;12;1;0;NaN;NaN
181064009_275;41;43.1666;-50;-926;0;17-jun-64;13:48:00;NaN;9;8.8;1;NaN;9;0;NaN;NaN
181064009_275;41;43.1666;-50;-923;10;17-jun-64;13:48:00;7.4099328257949;1;7.42;1;NaN;9;0;NaN;NaN
181064009_275;41;43.1666;-50;-924;30;17-jun-64;13:48:00;9.02991939095388;1;2.59;1;NaN;9;0;NaN;NaN
181064009_275;41;43.1666;-50;-925;50;17-jun-64;13:48:00;8.19992610837438;1;0.66;1;NaN;9;0;NaN;NaN
181064009_276;42;44.5933;-48.5866;-927;0;21-jun-64;07:18:00;NaN;9;8.8;1;NaN;9;0;NaN;NaN
181064009_276;42;44.5933;-48.5866;-928;10;21-jun-64;08:30:00;6.89993730407524;1;9.33;1;NaN;9;0;NaN;NaN
181064009_276;42;44.5933;-48.5866;-929;49;21-jun-64;08:30:00;7.00993730407524;1;5.75;1;9;1;0;NaN;NaN
181064009_276;42;44.5933;-48.5866;-930;98;21-jun-64;08:30:00;5.49995073891626;1;5.18;1;15;1;0;NaN;NaN
181064009_276;42;44.5933;-48.5866;-931;147;21-jun-64;08:30:00;5.79994849977609;1;4.43;1;15;1;0;NaN;NaN
181064009_276;42;44.5933;-48.5866;-932;196;21-jun-64;08:30:00;4.66995745633677;1;5.98;1;19;1;0;NaN;NaN
181064009_276;42;44.5933;-48.5866;-933;243;21-jun-64;08:30:00;5.0399552171966;1;5.48;1;18;1;0;NaN;NaN
181064009_276;42;44.5933;-48.5866;-934;292;21-jun-64;08:30:00;5.24995297805643;1;5.55;1;17;1;0;NaN;NaN
181064009_276;42;44.5933;-48.5866;-935;395;21-jun-64;08:30:00;5.87994626063592;1;4.52;1;14;1;0;NaN;NaN
181064009_276;42;44.5933;-48.5866;-936;485;21-jun-64;08:30:00;5.72994849977609;1;4.76;1;15;1;0;NaN;NaN
181064009_276;42;44.5933;-48.5866;-937;585;21-jun-64;08:30:00;6.18994402149575;1;4.23;1;16;1;0;NaN;NaN
181064009_276;42;44.5933;-48.5866;-938;675;21-jun-64;08:30:00;6.31994402149575;1;4.07;1;15;1;0;NaN;NaN
181064009_276;42;44.5933;-48.5866;-939;773;21-jun-64;10:06:00;6.38994178235558;1;3.98;1;14;1;0;NaN;NaN
181064009_276;42;44.5933;-48.5866;-940;882;21-jun-64;10:06:00;6.44994178235558;1;3.86;1;15;1;0;NaN;NaN
181064009_276;42;44.5933;-48.5866;-941;976;21-jun-64;10:06:00;6.53994178235558;1;3.72;1;14;1;0;NaN;NaN
181064009_276;42;44.5933;-48.5866;-942;1170;21-jun-64;08:30:00;6.49994178235558;1;3.59;1;14;1;0;NaN;NaN
181064009_276;42;44.5933;-48.5866;-943;1444;21-jun-64;10:06:00;6.55994178235558;1;3.54;1;14;1;0;NaN;NaN
181064009_276;42;44.5933;-48.5866;-944;1955;21-jun-64;10:06:00;6.36994178235558;1;3.41;1;NaN;9;0;NaN;NaN
181064009_276;42;44.5933;-48.5866;-945;2460;21-jun-64;10:06:00;6.49994178235558;1;3.1;1;17;1;0;NaN;NaN
181064009_277;43;38.9033;-48.0833;-958;0;22-jun-64;14:48:00;NaN;9;21.9;1;NaN;9;0;NaN;NaN
181064009_277;43;38.9033;-48.0833;-946;49;22-jun-64;14:48:00;5.22995297805643;1;20.5;1;NaN;9;0;NaN;NaN
181064009_277;43;38.9033;-48.0833;-947;98;22-jun-64;14:48:00;5.17995297805643;1;18.08;1;NaN;9;0;NaN;NaN
181064009_277;43;38.9033;-48.0833;-948;148;22-jun-64;14:48:00;4.9899552171966;1;17.72;1;NaN;9;0;NaN;NaN
181064009_277;43;38.9033;-48.0833;-949;197;22-jun-64;14:48:00;5.09995297805643;1;17.63;1;NaN;9;0;NaN;NaN
181064009_277;43;38.9033;-48.0833;-950;247;22-jun-64;14:48:00;5.06995297805643;1;17.46;1;NaN;9;0;NaN;NaN
181064009_277;43;38.9033;-48.0833;-951;296;22-jun-64;14:48:00;5.0499552171966;1;17.39;1;NaN;9;0;NaN;NaN
181064009_277;43;38.9033;-48.0833;-952;395;22-jun-64;14:48:00;5.15995297805643;1;17.38;1;NaN;9;0;NaN;NaN
181064009_277;43;38.9033;-48.0833;-953;494;22-jun-64;14:48:00;5.14995297805643;1;17.26;1;NaN;9;0;NaN;NaN
181064009_277;43;38.9033;-48.0833;-954;593;22-jun-64;14:48:00;4.51995969547694;1;16.23;1;NaN;9;0;NaN;NaN
181064009_277;43;38.9033;-48.0833;-955;693;22-jun-64;14:48:00;4.17996193461711;1;14;1;NaN;9;0;NaN;NaN
181064009_277;43;38.9033;-48.0833;-956;892;22-jun-64;14:48:00;3.31997089117779;1;9.29;1;NaN;9;0;NaN;NaN
181064009_277;43;38.9033;-48.0833;-957;992;22-jun-64;14:48:00;4.28996193461711;1;6.79;1;NaN;9;0;NaN;NaN
