CTD;CTD;CTD;CTD;CTD;CTD;CTD;CTD;CTD;CTD;CTD;CTD;labo;labo;labo;CTD;labo;labo;labo;labo;labo;labo;labo;labo;labo;calc;calc
Fichier;Station;Latitude;Longitude;Echantillon;zbouteille;Date;Heure;PSAL;TE90;DOXY;PHPH;OXYM_01;CHL_01;CHL_03;FLOR;NO2_01;Q_NO2;NOx_01;Q_NOX;PO4_01;Q_PO4;Si_01;Q_Si;QCFF;N_P;N_Si
(nom);(nom/no);(degres);(degres);(no_unique);(dbar);(jj-mmm-yyyy);(GMT);(psu);(celsius);(ml/l);((none));(mmol/m**3);(mg/m**3);(mg/m**3);(mg/m**3);(mmol/m**3);((none));(mmol/m**3);((none));(mmol/m**3);((none));(mmol/m**3);((none));((none));((none));((none))
18TL09037_1020;391;47.58417;-59.34267;342300;1.78;12-jun-09;15:49:00;31.16;7.23;324.4549;8.68;7.3075;0.56;NaN;1.234;0.005;1;0.045;1;0.315;1;0;2;2304;0.14;NaN
18TL09037_1020;391;47.58417;-59.34267;342299;5.85;12-jun-09;15:49:00;31.16;7.23;324.36558;8.668;NaN;0.6;NaN;1.147;0.01;1;0.065;1;0.21;1;0;2;2048;0.31;NaN
18TL09037_1020;391;47.58417;-59.34267;342298;15.67;12-jun-09;15:49:00;31.21;6.92;327.49178;8.653;NaN;0.42;NaN;1.003;0.01;1;0.2;1;0.3;1;0;1;0;0.67;NaN
18TL09037_1020;391;47.58417;-59.34267;342297;25.98;12-jun-09;15:49:00;31.85;4.12;348.83926;8.661;NaN;0.19;NaN;0.513;0.01;1;0.145;1;0.3;1;0;1;0;0.48;NaN
18TL09037_1020;391;47.58417;-59.34267;342296;49.77;12-jun-09;15:49:00;32.13;1.83;351.20624;8.605;NaN;0.2;NaN;0.67;0.05;1;2.335;1;0.535;1;1.5;1;0;4.36;1.56
18TL09037_1020;391;47.58417;-59.34267;342295;101.52;12-jun-09;15:49:00;32.69;1.13;322.08792;8.564;NaN;0.05;NaN;0.295;0.07;1;5.055;1;0.65;2;3.365;1;2048;7.78;1.50
18TL09037_1020;391;47.58417;-59.34267;342294;197.54;12-jun-09;15:49:00;34.12;4.8;215.35052;8.5;NaN;NaN;NaN;0.253;0.035;1;10.87;1;1.005;1;9.525;1;0;10.82;1.14
18TL09037_1020;391;47.58417;-59.34267;342293;243.01;12-jun-09;15:49:00;34.47;5.43;195.34284;8.486;4.3915;NaN;NaN;0.248;0.09;1;12.84;1;1.05;1;10.665;1;256;12.23;1.20
18TL09037_1021;401;47.4335;-59.55917;342310;1.78;12-jun-09;18:45:00;31.16;7.25;325.08014;8.672;7.3195;1.25;NaN;1.705;0.005;1;0.045;1;0.28;1;0.015;1;256;0.16;3.00
18TL09037_1021;401;47.4335;-59.55917;342309;5.35;12-jun-09;18:45:00;31.18;7.25;324.05296;8.657;NaN;0.84;NaN;1.67;0.01;1;0.075;1;0.25;1;0.005;1;0;0.30;15.00
18TL09037_1021;401;47.4335;-59.55917;342308;15.97;12-jun-09;18:45:00;31.65;4.38;359.37902;8.652;NaN;0.5;NaN;0.875;0.03;1;0.115;1;0.335;1;0;1;0;0.34;NaN
18TL09037_1021;401;47.4335;-59.55917;342307;25.09;12-jun-09;18:45:00;31.84;2.11;363.13046;8.624;NaN;0.19;NaN;0.568;0.03;1;1.165;1;0.43;1;0.49;1;0;2.71;2.38
18TL09037_1021;401;47.4335;-59.55917;342306;49.87;12-jun-09;18:45:00;32.26;-0.08;341.73832;8.541;NaN;0.13;NaN;0.487;0.09;1;5.955;1;0.78;1;4.08;1;0;7.63;1.46
18TL09037_1021;401;47.4335;-59.55917;342305;99.74;12-jun-09;18:45:00;33.09;1.3;257.50956;8.44;NaN;0.01;NaN;0.292;0.025;1;8.095;1;0.895;1;10.38;1;0;9.04;0.78
18TL09037_1021;401;47.4335;-59.55917;342304;200.02;12-jun-09;18:45:00;34.25;4.79;162.87502;8.381;NaN;NaN;NaN;0.26;0.01;1;19.105;1;1.44;1;21.02;1;0;13.27;0.91
18TL09037_1021;401;47.4335;-59.55917;342303;299.26;12-jun-09;18:45:00;34.67;5.39;148.2712;8.383;NaN;NaN;NaN;0.253;0.005;1;17.89;1;1.43;1;20.3;1;0;12.51;0.88
18TL09037_1021;401;47.4335;-59.55917;342302;409.15;12-jun-09;18:45:00;34.84;5.07;176.94292;8.438;NaN;NaN;NaN;0.247;0.01;1;21.85;1;1.39;1;25.715;1;0;15.72;0.85
18TL09037_1021;401;47.4335;-59.55917;342301;461.99;12-jun-09;18:45:00;34.84;5.04;177.56816;8.437;4.0275;NaN;NaN;0.253;0.005;1;16.09;1;1.225;1;22.57667;1;256;13.13;0.71
18TL09037_1022;411;47.27183;-59.7835;342319;1.09;12-jun-09;21:24:00;30.61;8.07;318.55978;8.677;7.2355;1.73;NaN;2.499;0.005;1;0.045;1;0.275;1;0.45;1;256;0.16;0.10
18TL09037_1022;411;47.27183;-59.7835;342318;6.25;12-jun-09;21:24:00;30.62;8.04;318.29182;8.645;NaN;2.37;NaN;2.555;0.01;1;0.07;1;0.275;1;0.395;1;0;0.25;0.18
18TL09037_1022;411;47.27183;-59.7835;342317;16.46;12-jun-09;21:24:00;31.58;3.24;368.40034;8.642;NaN;0.6;NaN;1.608;0.025;1;0.38;1;0.375;1;0.33;1;0;1.01;1.15
18TL09037_1022;411;47.27183;-59.7835;342316;51.16;12-jun-09;21:24:00;32.13;-0.09;347.72276;8.547;NaN;0.42;NaN;0.628;0.115;1;6.155;1;0.845;1;5.51;1;0;7.28;1.12
18TL09037_1022;411;47.27183;-59.7835;342315;102.02;12-jun-09;21:24:00;33.12;1.38;254.65132;8.428;NaN;0.03;NaN;0.294;0.03;1;13.4;1;1.18;1;13.2;1;0;11.36;1.02
18TL09037_1022;411;47.27183;-59.7835;342314;206.86;12-jun-09;21:24:00;34.15;4.48;165.86724;8.361;NaN;NaN;NaN;0.27;0.015;1;19.795;1;1.525;1;22.425;1;0;12.98;0.88
18TL09037_1022;411;47.27183;-59.7835;342313;303.13;12-jun-09;21:24:00;34.58;5.33;157.02456;8.384;NaN;NaN;NaN;0.248;0.025;1;21.525;1;1.525;1;21.63;1;0;14.11;1.00
18TL09037_1022;411;47.27183;-59.7835;342312;399.45;12-jun-09;21:24:00;34.82;5.12;172.47692;8.416;NaN;NaN;NaN;0.252;0;1;19.985;1;1.47;1;23;1;0;13.60;0.87
18TL09037_1022;411;47.27183;-59.7835;342311;434.98;12-jun-09;21:24:00;34.84;5.06;175.15652;8.422;3.9855;NaN;NaN;0.256;0.01;1;21.415;1;1.505;1;27.67;1;256;14.23;0.77
18TL09037_1023;421;47.10033;-59.992;342329;1.98;13-jun-09;00:09:00;30.16;8.42;314.6297;8.681;7.0905;NaN;0.845;1.767;0.005;1;0.075;1;0.21;1;0;1;256;0.36;NaN
18TL09037_1023;421;47.10033;-59.992;342328;6.64;13-jun-09;00:09:00;30.15;8.43;314.36174;8.656;NaN;0.57;NaN;1.765;0.005;1;0.085;1;0.24;1;0;1;0;0.35;NaN
18TL09037_1023;421;47.10033;-59.992;342327;16.36;13-jun-09;00:09:00;30.55;4.79;343.882;8.647;NaN;0.36;NaN;1.084;0.02;1;0.28;1;0.3;1;0.135;1;0;0.93;2.07
18TL09037_1023;421;47.10033;-59.992;342326;26.38;13-jun-09;00:09:00;31.01;3.85;356.92272;8.643;NaN;0.42;NaN;1.151;0.025;1;0.3;1;0.375;1;0.045;1;0;0.80;6.67
18TL09037_1023;421;47.10033;-59.992;342325;50.67;13-jun-09;00:09:00;31.89;1.45;356.11884;8.584;NaN;0.84;NaN;1.225;0.07;1;2.965;1;0.61;1;2.765;1;0;4.86;1.07
18TL09037_1023;421;47.10033;-59.992;342324;99.74;13-jun-09;00:09:00;32.75;0.86;292.9696;8.479;NaN;0.16;NaN;0.357;0.115;1;10.415;1;0.98;1;10.475;1;0;10.63;0.99
18TL09037_1023;421;47.10033;-59.992;342323;194.18;13-jun-09;00:09:00;34.16;4.55;169.52936;8.378;NaN;NaN;NaN;0.28;0.015;1;19.39;1;1.305;1;21.245;1;0;14.86;0.91
18TL09037_1023;421;47.10033;-59.992;342322;291.35;13-jun-09;00:09:00;34.6;5.32;156.7566;8.395;NaN;NaN;NaN;0.276;0.02;1;20.7;1;1.325;1;24.56;1;0;15.62;0.84
18TL09037_1023;421;47.10033;-59.992;342321;313.23;13-jun-09;00:09:00;34.62;5.29;162.07114;8.412;3.6795;NaN;NaN;0.276;0.04;1;21.775;1;1.435;1;21.98;1;256;15.17;0.99
18TL09037_1024;431;47.02367;-60.116;342336;2.08;13-jun-09;01:56:00;30.19;8.3;318.33648;8.683;7.129;NaN;1.17;1.957;0.01;1;0.1;1;0.255;1;0.05;1;256;0.39;2.00
18TL09037_1024;431;47.02367;-60.116;342335;6.45;13-jun-09;01:56:00;30.2;8.27;318.15784;8.661;NaN;NaN;1.2;1.975;0.015;1;0.105;1;0.225;1;0;1;0;0.47;NaN
18TL09037_1024;431;47.02367;-60.116;342334;16.46;13-jun-09;01:56:00;30.63;5.94;344.3286;8.663;NaN;NaN;0.575;1.317;0.01;1;0.105;1;0.265;1;0;1;0;0.40;NaN
18TL09037_1024;431;47.02367;-60.116;342333;26.18;13-jun-09;01:56:00;31.07;3.36;353.61788;8.638;NaN;NaN;0.325;0.606;0.025;1;0.68;1;0.4;1;0.285;1;0;1.70;2.39
18TL09037_1024;431;47.02367;-60.116;342332;48.98;13-jun-09;01:56:00;31.65;0.57;340.04124;8.553;NaN;NaN;0.245;0.769;0.07;1;4.18;1;0.78;1;3.555;1;0;5.36;1.18
18TL09037_1024;431;47.02367;-60.116;342331;99.64;13-jun-09;01:56:00;32.68;0.74;307.52876;8.518;NaN;NaN;0.045;0.32;0.105;1;9.24;1;0.93;1;8.435;1;0;9.94;1.10
18TL09037_1024;431;47.02367;-60.116;342330;175.36;13-jun-09;01:56:00;34.17;4.54;193.42246;8.44;4.3155;NaN;NaN;0.284;0.07;1;17.65;1;1.335;1;15.25;1;256;13.22;1.16
18TL09037_1025;441;46.9585;-60.21683;342342;2.28;13-jun-09;03:11:00;30.21;8.33;318.78308;8.686;7.1325;0.55;NaN;1.448;0.01;1;0.03;1;0.255;1;0;1;256;0.12;NaN
18TL09037_1025;441;46.9585;-60.21683;342341;6.45;13-jun-09;03:11:00;30.26;8.2;320.83744;8.671;NaN;0.51;NaN;1.436;0.005;1;0.065;1;0.25;1;0;1;0;0.26;NaN
18TL09037_1025;441;46.9585;-60.21683;342340;16.56;13-jun-09;03:11:00;30.65;6.03;341.649;8.664;NaN;0.41;NaN;1.228;0.01;1;0.255;1;0.305;1;0.12;1;0;0.84;2.13
18TL09037_1025;441;46.9585;-60.21683;342339;25.68;13-jun-09;03:11:00;31.09;3.65;348.97324;8.637;NaN;0.25;NaN;0.739;0.02;1;0.76;1;0.365;1;0.375;1;0;2.08;2.03
18TL09037_1025;441;46.9585;-60.21683;342338;48.59;13-jun-09;03:11:00;31.91;1.3;329.27818;8.565;NaN;NaN;0.18;0.519;0.09;1;5.21;1;0.745;1;4.705;1;0;6.99;1.11
18TL09037_1025;441;46.9585;-60.21683;342337;75.65;13-jun-09;03:11:00;32.76;1.18;284.43954;8.507;6.2285;NaN;0.095;0.36;0.125;1;11.145;1;1.07;1;11.375;1;256;10.42;0.98
18TL09037_1026;451;46.74383;-61.00117;342348;1.39;13-jun-09;08:10:00;29.4;10.22;307.17148;8.757;6.9135;1.28;NaN;2.445;0.01;1;0.025;1;0.155;1;0.18;1;256;0.16;0.14
18TL09037_1026;451;46.74383;-61.00117;342347;6.05;13-jun-09;08:10:00;29.4;10.21;307.30546;8.747;NaN;0.62;NaN;2.68;0.01;1;0.03;1;0.165;1;0.065;1;0;0.18;0.46
18TL09037_1026;451;46.74383;-61.00117;342346;15.17;13-jun-09;08:10:00;29.44;10.23;306.8142;8.717;NaN;1.145;NaN;2.329;0.01;1;0.025;1;0.17;1;0.205;1;0;0.15;0.12
18TL09037_1026;451;46.74383;-61.00117;342345;25.19;13-jun-09;08:10:00;29.76;8.71;310.74428;8.667;NaN;0.57;NaN;1.088;0.015;1;0.075;1;0.2;1;0.07;1;0;0.37;1.07
18TL09037_1026;451;46.74383;-61.00117;342344;50.08;13-jun-09;08:10:00;32.04;-0.02;299.6686;8.509;NaN;0.08;NaN;0.43;0.13;1;8.15;1;1.065;1;7.25;1;0;7.65;1.12
18TL09037_1026;451;46.74383;-61.00117;342343;53.74;13-jun-09;08:10:00;32.12;0.07;293.68416;8.526;6.4305;0.1;NaN;0.403;0.135;1;8.44;1;1.105;1;7.315;1;256;7.64;1.15
18TL09037_1027;461;46.8315;-61.24867;342354;1.98;13-jun-09;09:50:00;29.93;9.84;309.35982;8.754;6.937;1.08;NaN;2.454;0.01;1;0.035;1;0.205;1;0.33;1;256;0.17;0.11
18TL09037_1027;461;46.8315;-61.24867;342353;5.95;13-jun-09;09:50:00;29.93;9.84;309.2705;8.734;NaN;1.02;NaN;2.528;0.01;1;0.055;1;0.19;1;0.155;1;0;0.29;0.35
18TL09037_1027;461;46.8315;-61.24867;342352;15.77;13-jun-09;09:50:00;30.42;9.2;318.8724;8.694;NaN;1.135;NaN;2.939;0.01;1;0.015;1;0.26;1;0.185;1;0;0.06;0.08
18TL09037_1027;461;46.8315;-61.24867;342351;25.58;13-jun-09;09:50:00;30.95;2.21;371.1246;8.686;NaN;0.61;NaN;1.491;0.02;1;0.325;1;0.44;1;0.475;1;0;0.74;0.68
18TL09037_1027;461;46.8315;-61.24867;342350;51.07;13-jun-09;09:50:00;31.68;-0.26;315.2996;8.503;NaN;0.11;NaN;0.501;0.1;1;6.22;1;1.01;1;5.495;1;0;6.16;1.13
18TL09037_1027;461;46.8315;-61.24867;342349;58.4;13-jun-09;09:50:00;31.8;-0.23;305.34042;8.503;6.674;0.16;NaN;0.509;0.105;1;6.82;1;1.05;1;6.9;1;256;6.50;0.99
18TL09037_1028;471;46.90183;-61.49967;342359;1.88;13-jun-09;13:09:00;30.53;8.94;324.2316;8.759;7.2355;1.33;NaN;1.669;0.01;1;0.03;1;0.215;1;0;1;256;0.14;NaN
18TL09037_1028;471;46.90183;-61.49967;342358;5.65;13-jun-09;13:09:00;30.53;8.93;324.0083;8.75;NaN;1.29;NaN;1.82;0.01;1;0.02;1;0.27;1;0.29;1;0;0.07;0.07
18TL09037_1028;471;46.90183;-61.49967;342357;15.07;13-jun-09;13:09:00;30.57;8.67;329.32284;8.726;NaN;1.5;NaN;3.862;0.01;1;0.045;1;0.28;1;0.23;1;0;0.16;0.20
18TL09037_1028;471;46.90183;-61.49967;342356;25.88;13-jun-09;13:09:00;31.22;2.9;381.70902;8.718;NaN;0.91;NaN;2.483;0.01;1;0.125;1;0.41;1;0.37;1;0;0.30;0.34
18TL09037_1028;471;46.90183;-61.49967;342355;51.46;13-jun-09;13:09:00;31.61;-0.77;327.49178;8.542;7.107;0.18;NaN;0.574;0.07;1;5.52;1;0.975;1;5.08;1;256;5.66;1.09
18TL09037_1029;481;46.99917;-61.74917;342364;2.18;13-jun-09;14:44:00;30.87;7.98;322.71316;8.716;7.2365;0.93;NaN;0.967;0.005;1;0.04;1;0.355;1;0.215;1;256;0.11;0.19
18TL09037_1029;481;46.99917;-61.74917;342363;5.55;13-jun-09;14:44:00;30.87;7.99;322.84714;8.71;NaN;0.74;NaN;1.206;0.01;1;0.04;1;0.35;1;0.125;1;0;0.11;0.32
18TL09037_1029;481;46.99917;-61.74917;342362;15.97;13-jun-09;14:44:00;30.89;7.88;323.87432;8.697;NaN;1;NaN;1.931;0.01;1;0.04;1;0.36;1;0.165;1;0;0.11;0.24
18TL09037_1029;481;46.99917;-61.74917;342361;25.29;13-jun-09;14:44:00;31.27;2.58;346.96354;8.66;NaN;0.7;NaN;1.473;0.015;1;0.425;1;0.415;1;0.285;1;0;1.02;1.49
18TL09037_1029;481;46.99917;-61.74917;342360;36.39;13-jun-09;14:44:00;31.37;1.21;353.2606;8.678;7.7305;0.59;NaN;1.357;0.05;1;2.325;1;0.68;1;2.555;1;256;3.42;0.91
18TL09037_1030;491;47.17117;-62.2515;342369;1.88;13-jun-09;17:47:00;30.58;9.03;319.67628;8.754;7.1685;0.94;NaN;1.596;0.01;1;0.03;1;0.255;1;0.41;1;256;0.12;0.07
18TL09037_1030;491;47.17117;-62.2515;342368;5.06;13-jun-09;17:47:00;30.57;9.13;319.40832;8.743;NaN;0.84;NaN;1.918;0;1;0.03;1;0.27;1;0.385;1;0;0.11;0.08
18TL09037_1030;491;47.17117;-62.2515;342367;15.57;13-jun-09;17:47:00;30.73;8.28;328.87624;8.72;NaN;0.92;NaN;2.093;0.01;1;0.06;1;0.285;1;0.485;1;0;0.21;0.12
18TL09037_1030;491;47.17117;-62.2515;342366;25.19;13-jun-09;17:47:00;31.33;1.91;389.39054;8.714;NaN;1.46;NaN;3.823;0.02;1;0.295;1;0.49;1;0.9;1;0;0.60;0.33
18TL09037_1030;491;47.17117;-62.2515;342365;36.09;13-jun-09;17:47:00;31.57;0.17;336.9597;8.574;7.393;0.53;NaN;1.217;0.075;1;4.08;1;0.87;1;4.025;1;256;4.69;1.01
18TL09037_1031;501;47.32967;-62.75133;342374;1.49;13-jun-09;20:30:00;30.09;8.53;332.0471;8.776;7.4475;2;NaN;3.897;0.015;1;0.07;1;0.235;1;1.53;1;256;0.30;0.05
18TL09037_1031;501;47.32967;-62.75133;342373;5.95;13-jun-09;20:30:00;30.14;8.29;330.43934;8.75;7.755;1.81;NaN;4.596;0.015;1;0.08;1;0.25;1;1.53;1;256;0.32;0.05
18TL09037_1031;501;47.32967;-62.75133;342372;15.37;13-jun-09;20:30:00;30.81;5.34;353.0373;8.728;NaN;0.68;NaN;1.691;0.035;1;0.795;1;0.425;1;0.915;1;0;1.87;0.87
18TL09037_1031;501;47.32967;-62.75133;342371;25.39;13-jun-09;20:30:00;30.93;4.48;354.95768;8.695;NaN;0.5;NaN;1.207;0.045;1;1.47;1;0.48;1;1.37;1;0;3.06;1.07
18TL09037_1031;501;47.32967;-62.75133;342370;46.11;13-jun-09;20:30:00;31.5;0.02;335.88786;8.547;7.3715;0.24;NaN;0.594;0.095;1;6.76;1;1.04;1;9.47;1;256;6.50;0.71
18TL09037_1032;511;47.4975;-63.25017;342380;2.18;13-jun-09;23:37:00;28.55;10.04;329.01022;8.785;7.564;1.77;NaN;4.136;0.01;1;0.07;1;0.105;1;3.9;1;256;0.67;0.02
18TL09037_1032;511;47.4975;-63.25017;342379;6.74;13-jun-09;23:37:00;28.51;9.87;328.4743;8.77;NaN;1.69;NaN;4.137;0.015;1;0.14;1;0.12;1;3.915;1;0;1.17;0.04
18TL09037_1032;511;47.4975;-63.25017;342378;16.56;13-jun-09;23:37:00;30.08;6.24;344.3286;8.732;NaN;1.115;NaN;2.376;0.045;1;1.53;1;0.335;1;1.91;1;0;4.57;0.80
18TL09037_1032;511;47.4975;-63.25017;342377;26.67;13-jun-09;23:37:00;31.11;2.81;370.05276;8.644;NaN;0.47;NaN;1.072;0.06;1;2.44;1;0.615;1;2;1;0;3.97;1.22
18TL09037_1032;511;47.4975;-63.25017;342376;51.66;13-jun-09;23:37:00;31.63;-1;317.9792;8.451;NaN;0.18;NaN;0.487;0.09;1;7.215;1;1.135;1;8.695;1;0;6.36;0.83
18TL09037_1032;511;47.4975;-63.25017;342375;71.19;13-jun-09;23:37:00;31.68;-0.99;304.53654;8.436;6.65;0.16;NaN;0.458;0.09;1;5.385;1;1.145;1;7.8;1;256;4.70;0.69
18TL09037_1033;521;47.66;-63.7505;342386;1.49;14-jun-09;02:03:00;28.17;11.04;324.9015;8.77;7.3235;1.91;NaN;4.427;0.015;1;0.065;1;0.08;1;4.65;1;256;0.81;0.01
18TL09037_1033;521;47.66;-63.7505;342385;6.94;14-jun-09;02:03:00;28.19;10.61;326.55392;8.739;NaN;1.89;NaN;4.331;0.025;1;0.23;1;0.1;1;4.42;1;0;2.30;0.05
18TL09037_1033;521;47.66;-63.7505;342384;16.76;14-jun-09;02:03:00;29.87;3.2;354.6004;8.652;NaN;0.59;NaN;1.483;0.115;1;4.19;1;0.665;1;3.425;1;0;6.30;1.22
18TL09037_1033;521;47.66;-63.7505;342383;26.38;14-jun-09;02:03:00;30.83;1.1;358.03922;8.581;NaN;0.22;NaN;0.684;0.13;1;6.415;1;0.91;1;5.72;1;0;7.05;1.12
18TL09037_1033;521;47.66;-63.7505;342382;51.26;14-jun-09;02:03:00;31.56;-0.28;337.00436;8.518;NaN;0.06;NaN;0.382;0.13;1;8.435;1;1.095;1;9.525;1;0;7.70;0.89
18TL09037_1033;521;47.66;-63.7505;342381;61.67;14-jun-09;02:03:00;31.91;-0.34;290.7366;8.449;6.369;0.16;NaN;0.454;0.19;1;11.905;1;1.345;1;19.485;1;256;8.85;0.61
18TL09037_1034;531;47.7395;-63.99983;342392;1.59;14-jun-09;03:47:00;27.63;11.04;353.4839;8.816;7.9705;0.78;NaN;8.884;0.01;1;0.045;1;0.045;1;1.405;1;1280;1.00;0.03
18TL09037_1034;531;47.7395;-63.99983;342391;7.44;14-jun-09;03:47:00;28.17;9.42;355.85088;8.794;NaN;0.77;NaN;7.437;0.01;1;0.11;1;0.05;1;1.325;1;0;2.20;0.08
18TL09037_1034;531;47.7395;-63.99983;342390;16.16;14-jun-09;03:47:00;29.3;4.28;343.56938;8.645;NaN;0.22;NaN;1.03;0.1;1;4.09;1;0.565;1;5.495;1;0;7.24;0.74
18TL09037_1034;531;47.7395;-63.99983;342389;26.87;14-jun-09;03:47:00;30.42;2.93;367.06054;8.665;NaN;0.29;NaN;0.797;0.2;1;9.655;1;1.15;1;12.955;1;0;8.40;0.75
18TL09037_1034;531;47.7395;-63.99983;342388;51.06;14-jun-09;03:47:00;31.38;-0.08;336.11116;8.502;NaN;0.06;NaN;0.387;0.2;1;13.68;1;1.54;1;26.67;1;0;8.88;0.51
18TL09037_1034;531;47.7395;-63.99983;342387;76.24;14-jun-09;03:47:00;32.29;0.07;253.80278;8.374;5.576;0.08;NaN;0.397;0.08;1;3.25;1;0.555;1;3.15;1;256;5.86;1.03
18TL09037_1035;541;47.82933;-64.2475;342397;1.39;14-jun-09;06:20:00;27.49;10.83;327.71508;8.814;7.325;0.4;NaN;1.88;0.005;1;0.07;1;0.035;1;0;1;256;2.00;NaN
18TL09037_1035;541;47.82933;-64.2475;342396;6.15;14-jun-09;06:20:00;27.5;10.47;329.90342;8.792;NaN;0.5;NaN;1.81;0.015;1;0.29;1;0.05;1;0;1;0;5.80;NaN
18TL09037_1035;541;47.82933;-64.2475;342395;16.66;14-jun-09;06:20:00;28.24;6.41;329.45682;8.656;NaN;0.37;NaN;1.985;0.11;1;5.47;1;0.51;1;8.33;1;0;10.73;0.66
18TL09037_1035;541;47.82933;-64.2475;342394;26.57;14-jun-09;06:20:00;29.26;3.96;329.72478;8.635;NaN;0.17;NaN;1.077;0.085;1;3.445;1;0.545;1;6.72667;1;0;6.32;0.51
18TL09037_1035;541;47.82933;-64.2475;342393;37.18;14-jun-09;06:20:00;30.96;0.81;336.11116;8.601;7.428;0.06;NaN;0.69;0.18;1;7.675;1;0.955;1;10.93;1;256;8.04;0.70
18TL09037_1036;561;47.93083;-65.24333;342409;1.49;14-jun-09;13:47:00;27;10.45;324.05296;8.788;7.2585;0.78;NaN;1.442;0.025;1;0.155;1;0.055;1;1.105;1;256;2.82;0.14
18TL09037_1036;561;47.93083;-65.24333;342408;5.65;14-jun-09;13:47:00;27;10.43;323.38306;8.755;NaN;0.77;NaN;1.746;0.025;1;0.38;1;0.075;1;1.305;1;0;5.07;0.29
18TL09037_1036;561;47.93083;-65.24333;342407;15.27;14-jun-09;13:47:00;28.2;5.8;329.90342;8.609;NaN;0.31;NaN;1.216;0.125;1;4.725;1;0.535;1;6.27;1;0;8.83;0.75
18TL09037_1036;561;47.93083;-65.24333;342406;24.89;14-jun-09;13:47:00;29.76;2.2;341.55968;8.534;NaN;0.11;NaN;0.802;0.21;1;7.585;1;0.965;1;11.795;1;0;7.86;0.64
18TL09037_1036;561;47.93083;-65.24333;342405;50.67;14-jun-09;13:47:00;31.16;-0.46;296.58706;8.389;NaN;0.07;NaN;0.53;0.23;1;12.4;1;1.435;1;22.27;1;0;8.64;0.56
18TL09037_1036;561;47.93083;-65.24333;342404;69.9;14-jun-09;13:47:00;31.82;-0.22;289.48612;8.427;NaN;0.09;NaN;0.516;0.135;1;8.96;1;1.17;1;19.115;1;0;7.66;0.47
18TL09037_1037;611;47.499;-64.66667;342417;1.19;15-jun-09;08:21:00;27.38;11.67;311.99476;8.804;7.029;1.19;NaN;1.974;0.015;1;0.075;1;0.04;1;0.345;1;256;1.88;0.22
18TL09037_1037;611;47.499;-64.66667;342416;6.64;15-jun-09;08:21:00;27.38;11.69;311.41418;8.788;NaN;1.09;NaN;1.992;0.01;1;0.05;1;0.045;1;0.31;1;0;1.11;0.16
18TL09037_1037;611;47.499;-64.66667;342415;21.52;15-jun-09;08:21:00;28.51;5.43;285.10944;8.58;6.453;1.41;NaN;1.708;0.07;1;1.17;1;0.41;1;1.3;1;256;2.85;0.90
18TL09037_1038;621;47.50033;-64.2475;342421;5.65;15-jun-09;10:52:00;27.58;9.99;347.09752;8.804;NaN;NaN;0.415;1.916;0.015;1;0.085;1;0.03;1;0;1;0;2.83;NaN
18TL09037_1038;621;47.50033;-64.2475;342422;13.49;15-jun-09;10:52:00;27.68;8.24;328.9209;8.768;NaN;NaN;3.615;14.233;NaN;9;NaN;9;NaN;9;NaN;9;0;NaN;NaN
18TL09037_1038;621;47.50033;-64.2475;342420;15.47;15-jun-09;10:52:00;27.88;6.89;321.95394;8.64;NaN;NaN;0.52;2.001;0.095;1;3.855;1;0.4;1;3.68;1;0;9.64;1.05
18TL09037_1038;621;47.50033;-64.2475;342419;24.99;15-jun-09;10:52:00;28.45;5.26;332.40438;8.62;NaN;0.14;NaN;0.829;0.12;1;4.785;1;0.53;1;6.745;1;0;9.03;0.71
18TL09037_1038;621;47.50033;-64.2475;342418;56.12;15-jun-09;10:52:00;31.62;-0.03;282.6978;8.387;7.0845;2.23;NaN;0.45;0.2;1;9.445;1;1.22;1;13.03;1;256;7.74;0.72
18TL09037_1039;631;47.5;-63.74983;342428;1.49;15-jun-09;13:38:00;28.01;10.91;320.74812;8.792;7.1925;NaN;0.69;1.63;0.01;1;0.045;1;0.11;1;3;1;256;0.41;0.01
18TL09037_1039;631;47.5;-63.74983;342427;5.75;15-jun-09;13:38:00;28.24;10.93;316.59474;8.764;NaN;NaN;1.13;2.471;0.015;1;0.235;1;0.055;1;2.365;1;0;4.27;0.10
18TL09037_1039;631;47.5;-63.74983;342426;13.39;15-jun-09;13:38:00;28.87;7.12;326.10732;8.704;NaN;NaN;1.43;2.995;0.04;1;0.73;1;0.25;1;1.25;1;0;2.92;0.58
18TL09037_1039;631;47.5;-63.74983;342425;25.58;15-jun-09;13:38:00;30.6;1.08;332.18108;8.495;NaN;NaN;0.15;0.687;0.155;1;7.25;1;0.99;1;6.615;1;0;7.32;1.10
18TL09037_1039;631;47.5;-63.74983;342424;50.87;15-jun-09;13:38:00;31.42;-0.66;329.23352;8.475;NaN;NaN;0.105;0.383;0.185;1;8.75;1;1.14;1;12.415;1;0;7.68;0.70
18TL09037_1039;631;47.5;-63.74983;342423;66.23;15-jun-09;13:38:00;31.77;-0.59;284.2609;8.392;6.429;NaN;0.115;0.397;0.22;1;11.11;1;1.34;1;18.845;1;256;8.29;0.59
18TL09037_1040;671;46.57083;-62.25017;342432;6.25;16-jun-09;02:04:00;28.45;10.93;313.87048;8.761;NaN;NaN;0.53;2.139;0.01;1;0.04;1;0.1;1;0.315;1;0;0.40;0.13
18TL09037_1040;671;46.57083;-62.25017;342431;15.87;16-jun-09;02:04:00;29.19;7.84;330.0374;8.747;NaN;NaN;0.905;2.189;0.01;1;0.05;1;0.165;1;0;1;0;0.30;NaN
18TL09037_1040;671;46.57083;-62.25017;342430;26.08;16-jun-09;02:04:00;30.11;3.6;353.7072;8.671;NaN;NaN;0.3;0.828;0.08;1;1.87;1;0.59;1;1.495;1;0;3.17;1.25
18TL09037_1040;671;46.57083;-62.25017;342429;41.55;16-jun-09;02:04:00;31.05;0.37;314.09378;8.496;6.874;NaN;0.22;0.405;0.115;1;4.15;1;1.055;1;3.92;1;256;3.93;1.06
18TL09037_1041;701;47.17083;-62.7455;342438;1.49;16-jun-09;09:34:00;30.42;10.2;314.36174;8.745;7.0245;NaN;0.315;1.4;0.005;1;0.025;1;0.25;1;1.11;1;256;0.10;0.02
18TL09037_1041;701;47.17083;-62.7455;342437;6.35;16-jun-09;09:34:00;30.42;10.25;313.69184;8.724;NaN;NaN;0.34;1.55;0.01;1;0.05;1;0.26;1;0.99;1;0;0.19;0.05
18TL09037_1041;701;47.17083;-62.7455;342436;16.76;16-jun-09;09:34:00;30.69;6.17;347.27616;8.737;NaN;NaN;1.035;3.041;0.01;1;0.13;1;0.355;1;0.925;1;0;0.37;0.14
18TL09037_1041;701;47.17083;-62.7455;342435;26.18;16-jun-09;09:34:00;31.15;5.61;352.01012;8.687;NaN;NaN;0.89;2.791;0.005;1;0.075;1;0.445;1;1.46;1;0;0.17;0.05
18TL09037_1041;701;47.17083;-62.7455;342434;61.08;16-jun-09;09:34:00;32;-0.68;305.74236;8.461;6.732;NaN;0.195;0.457;0.205;1;9.13;1;1.14;1;16.625;1;256;8.01;0.55
18TL09037_1042;711;47.17167;-63.255;342444;1.79;16-jun-09;12:25:00;28.49;10.48;325.1248;8.778;7.3035;NaN;1.115;2.001;0.01;1;0.025;1;0.105;1;3.56;1;256;0.24;0.01
18TL09037_1042;711;47.17167;-63.255;342443;5.65;16-jun-09;12:25:00;28.42;10.48;325.08014;8.749;NaN;NaN;0.915;1.854;0.01;1;0.04;1;0.13;1;3.34;1;0;0.31;0.01
18TL09037_1042;711;47.17167;-63.255;342442;15.67;16-jun-09;12:25:00;29.9;6.12;344.73054;8.693;NaN;NaN;1.97;7.002;0.04;1;1.585;1;0.375;1;2.48;1;0;4.23;0.64
18TL09037_1042;711;47.17167;-63.255;342441;25.58;16-jun-09;12:25:00;30.95;1.07;362.81784;8.615;NaN;NaN;0.235;0.671;0.1;1;4.68;1;0.775;1;4.29;1;0;6.04;1.09
18TL09037_1042;711;47.17167;-63.255;342440;51.66;16-jun-09;12:25:00;31.44;-0.9;323.1151;8.448;NaN;NaN;0.105;0.448;0.14;1;8.24;1;1.15;1;11.745;1;0;7.17;0.70
18TL09037_1042;711;47.17167;-63.255;342439;62.27;16-jun-09;12:25:00;31.46;-1;319.5423;8.462;6.951;NaN;0.14;0.462;0.13;1;8.25;1;1.18;1;12.15;1;256;6.99;0.68
18TL09037_1043;731;46.50117;-63.24733;342448;1.69;16-jun-09;17:28:00;28.19;13.52;299.35598;8.745;6.756;NaN;0.275;0.711;0.015;1;0.05;1;0.115;1;0.65;1;256;0.43;0.08
18TL09037_1043;731;46.50117;-63.24733;342447;5.95;16-jun-09;17:28:00;28.37;10.64;310.6103;8.728;NaN;NaN;0.71;1.327;0.01;1;0.05;1;0.13;1;0.7;1;0;0.38;0.07
18TL09037_1043;731;46.50117;-63.24733;342446;15.77;16-jun-09;17:28:00;29.12;6.43;294.39872;8.652;NaN;NaN;0.255;1.297;0.11;1;1.745;1;0.505;1;3.56;1;0;3.46;0.49
18TL09037_1043;731;46.50117;-63.24733;342445;23.6;16-jun-09;17:28:00;29.79;4.38;277.29394;8.553;6.225;NaN;0.205;0.745;0.165;1;3.245;1;0.75;1;7.145;1;256;4.33;0.45
18TL09037_1044;741;46.83667;-63.74867;342453;1.69;16-jun-09;20:56:00;28.07;12.41;305.83168;8.771;6.911;NaN;0.67;2.331;0.01;1;0.025;1;0.085;1;0.43;1;256;0.29;0.06
18TL09037_1044;741;46.83667;-63.74867;342452;5.55;16-jun-09;20:56:00;28.08;12.2;305.74236;8.758;NaN;NaN;0.745;2.626;0.01;1;0.025;1;0.085;1;0.3;1;0;0.29;0.08
18TL09037_1044;741;46.83667;-63.74867;342451;16.36;16-jun-09;20:56:00;28.83;8.51;320.92676;8.718;NaN;NaN;1.135;3.486;0.015;1;0.145;1;0.185;1;0.535;1;0;0.78;0.27
18TL09037_1044;741;46.83667;-63.74867;342450;25.78;16-jun-09;20:56:00;29.46;3.93;287.74438;8.504;NaN;NaN;0.295;0.875;0.105;1;3.71;1;0.75;1;3.925;1;0;4.95;0.95
18TL09037_1044;741;46.83667;-63.74867;342449;31.83;16-jun-09;20:56:00;30.44;1.5;277.60656;8.396;6.344;NaN;0.12;0.588;0.155;1;6.71;1;1.145;1;7.135;1;256;5.86;0.94
18TL09037_1045;901;46.49783;-61.75017;342457;6.35;18-jun-09;08:08:00;29.15;10.37;310.6103;8.673;NaN;NaN;0.83;2.598;0.01;1;0.19;1;0.155;1;0.71;1;0;1.23;0.27
18TL09037_1045;901;46.49783;-61.75017;342456;16.16;18-jun-09;08:08:00;29.75;7.05;324.54422;8.655;NaN;NaN;0.93;2.771;0.015;1;0.11;1;0.25;1;0.54;1;0;0.44;0.20
18TL09037_1045;901;46.49783;-61.75017;342455;26.58;18-jun-09;08:08:00;30.85;2.04;331.73448;8.518;NaN;NaN;0.235;0.732;0.105;1;2.69;1;0.765;1;2.59;1;0;3.52;1.04
18TL09037_1045;901;46.49783;-61.75017;342454;41.15;18-jun-09;08:08:00;31.17;1.03;333.69952;8.516;7.377;NaN;0.11;0.486;0.09;1;2.98;1;0.83;1;4.11;1;256;3.59;0.73
18TL09037_1046;921;46.83167;-60.92017;342464;1.69;18-jun-09;13:48:00;29.21;11.53;304.62586;8.73;6.879;NaN;0.485;1.519;0.005;1;0.05;1;0.135;1;0.37;1;256;0.37;0.14
18TL09037_1046;921;46.83167;-60.92017;342463;4.96;18-jun-09;13:48:00;29.21;11.52;304.53654;8.723;NaN;NaN;0.635;1.38;0.005;1;0.05;1;0.135;1;0.375;1;0;0.37;0.13
18TL09037_1046;921;46.83167;-60.92017;342462;15.17;18-jun-09;13:48:00;29.3;11.3;306.45692;8.69;NaN;NaN;0.51;2.763;0.01;1;0.05;1;0.13;1;0.4;1;0;0.38;0.13
18TL09037_1046;921;46.83167;-60.92017;342461;26.28;18-jun-09;13:48:00;29.76;8.66;307.12682;8.625;NaN;NaN;0.625;1.794;0.01;1;0.06;1;0.235;1;0.53;1;0;0.26;0.11
18TL09037_1046;921;46.83167;-60.92017;342460;50.67;18-jun-09;13:48:00;31.87;-0.08;317.26464;8.474;NaN;NaN;0.51;0.439;0.11;1;6.31;1;0.95;1;4.84;1;0;6.64;1.30
18TL09037_1046;921;46.83167;-60.92017;342459;100.63;18-jun-09;13:48:00;33.36;2.29;234.28636;8.41;5.2175;NaN;0.07;0.326;0.225;1;15.025;1;1.315;1;16.32;1;256;11.43;0.92
18TL09037_1047;951;47.16917;-61.7435;342468;2.98;18-jun-09;20:42:00;30.56;11.14;308.3773;8.707;6.9845;NaN;0.25;0.727;0.005;1;0.035;1;0.28;1;0.335;1;256;0.13;0.10
18TL09037_1047;951;47.16917;-61.7435;342467;5.06;18-jun-09;20:42:00;30.56;11.38;307.0375;8.69;NaN;NaN;0.24;0.778;0.005;1;0.025;1;0.29;1;0.385;1;0;0.09;0.06
18TL09037_1047;951;47.16917;-61.7435;342466;15.47;18-jun-09;20:42:00;30.93;7.68;336.82572;8.684;NaN;NaN;0.165;0.801;0.005;1;0.03;1;0.37;1;0;1;0;0.08;NaN
18TL09037_1047;951;47.16917;-61.7435;342465;26.18;18-jun-09;20:42:00;31.23;3.41;349.9111;8.661;7.787;NaN;0.39;1.998;0.025;1;0.85;1;0.56;1;1.725;1;256;1.52;0.49
18TL09037_1048;961;47.50267;-61.245;342472;1.49;19-jun-09;00:00:00;30.8;9.88;318.55978;8.699;7.2135;NaN;0.3;1.636;0.005;1;0.03;1;0.335;1;0;1;256;0.09;NaN
18TL09037_1048;961;47.50267;-61.245;342471;5.95;19-jun-09;00:00:00;30.8;9.89;318.6491;8.684;NaN;NaN;0.265;1.72;0.01;1;0.035;1;0.335;1;0;1;0;0.10;NaN
18TL09037_1048;961;47.50267;-61.245;342470;15.37;19-jun-09;00:00:00;30.98;5.98;352.54604;8.708;NaN;NaN;0.75;5.221;0.015;1;0.04;1;0.35;1;0;1;0;0.11;NaN
18TL09037_1048;961;47.50267;-61.245;342469;26.77;19-jun-09;00:00:00;31.14;4.66;339.1927;8.662;7.548;NaN;2.635;3.539;0.05;1;0.94;1;0.495;1;1.46;1;256;1.90;0.64
18TL09037_1049;971;47.4995;-60.74583;342477;1.49;19-jun-09;02:26:00;30.93;9.6;314.13844;8.674;7.077;NaN;0.23;0.902;0.005;1;0.025;1;0.305;1;0.87;1;256;0.08;0.03
18TL09037_1049;971;47.4995;-60.74583;342476;6.54;19-jun-09;02:26:00;30.93;9.6;314.13844;8.659;NaN;NaN;0.24;0.886;0.005;1;0.025;1;0.28;1;0.68;1;0;0.09;0.04
18TL09037_1049;971;47.4995;-60.74583;342475;16.36;19-jun-09;02:26:00;31.42;6.58;336.0665;8.646;NaN;NaN;0.235;0.868;0.015;1;0.13;1;0.37;1;0.35;1;0;0.35;0.37
18TL09037_1049;971;47.4995;-60.74583;342474;25.98;19-jun-09;02:26:00;31.74;2.19;365.05084;8.644;NaN;NaN;0.135;0.527;0.04;1;1.425;1;0.5;1;0.84;1;0;2.85;1.70
18TL09037_1049;971;47.4995;-60.74583;342473;51.46;19-jun-09;02:26:00;32.17;0.41;352.68002;8.604;7.735;NaN;0.18;0.579;0.105;1;4.78;1;0.705;1;3.84;1;256;6.78;1.24
18TL09037_1016;1031;47.82717;-61.75067;342501;2.18;19-jun-09;19:07:00;29.33;11.84;309.67244;8.741;7.024;NaN;0.81;1.675;0.01;1;0.04;1;0.07;1;2.17;1;256;0.57;0.02
18TL09037_1016;1031;47.82717;-61.75067;342500;5.85;19-jun-09;19:07:00;29.33;11.82;309.22584;8.717;NaN;NaN;0.75;2.277;0.005;1;0.06;1;0.075;1;2.095;1;0;0.80;0.03
18TL09037_1016;1031;47.82717;-61.75067;342499;16.76;19-jun-09;19:07:00;30.79;4.9;358.35184;8.676;NaN;NaN;0.72;2.29;0.03;1;0.605;1;0.385;1;1;1;0;1.57;0.60
18TL09037_1016;1031;47.82717;-61.75067;342498;25.48;19-jun-09;19:07:00;31.02;3.29;360.98678;8.64;NaN;NaN;0.985;3.294;0.055;1;2.09;1;0.51;1;1.64;1;0;4.10;1.27
18TL09037_1016;1031;47.82717;-61.75067;342497;48.98;19-jun-09;19:07:00;31.88;0.25;331.33254;8.51;7.285;NaN;0.17;0.5;0.145;1;7.39;1;1;1;11.31;1;256;7.39;0.65
18TL09037_1017;1081;47.83217;-62.24633;342523;1.69;20-jun-09;07:06:00;29.17;12.26;303.77732;8.747;NaN;NaN;0.94;3.383;0.01;1;0.035;1;0.025;1;2.62;1;0;1.40;0.01
18TL09037_1017;1081;47.83217;-62.24633;342522;17.06;20-jun-09;07:06:00;30.9;3.34;363.71104;8.633;NaN;NaN;2.265;4.268;0.07;1;2.285;1;0.43;1;2;1;0;5.31;1.14
18TL09037_1017;1081;47.83217;-62.24633;342521;26.87;20-jun-09;07:06:00;31.43;1.2;360.58484;8.554;NaN;NaN;0.35;0.898;0.09;1;4.82;1;0.795;1;4.71;1;0;6.06;1.02
18TL09037_1017;1081;47.83217;-62.24633;342520;56.71;20-jun-09;07:06:00;32.05;-0.3;320.25686;8.48;7.01;NaN;0.135;0.391;0.18;1;9.175;1;1.095;1;13.525;1;256;8.38;0.68
18TL09037_1018;1091;47.83217;-62.74667;342530;2.48;20-jun-09;09:42:00;28.59;11.46;321.28404;8.748;NaN;NaN;1.305;3.475;0.01;1;0.03;1;0.05;1;5.44;1;0;0.60;0.01
18TL09037_1018;1091;47.83217;-62.74667;342529;7.14;20-jun-09;09:42:00;28.53;11.61;318.8724;8.729;NaN;NaN;1.195;3.64;0.015;1;0.035;1;0.06;1;5.785;1;0;0.58;0.01
18TL09037_1018;1091;47.83217;-62.74667;342528;16.36;20-jun-09;09:42:00;30.03;8.06;346.42762;8.691;NaN;NaN;1.54;5.712;0.025;1;0.42;1;0.13;1;1.175;1;0;3.23;0.36
18TL09037_1018;1091;47.83217;-62.74667;342527;25.98;20-jun-09;09:42:00;30.82;2.47;363.17512;8.606;NaN;NaN;0.25;0.826;0.11;1;3.77;1;0.66;1;3.475;1;0;5.71;1.08
18TL09037_1018;1091;47.83217;-62.74667;342525;56.81;20-jun-09;09:42:00;31.89;-0.38;313.37922;8.443;NaN;NaN;0.125;0.369;0.14;1;7.075;1;0.98;1;12.375;1;0;7.22;0.57
18TL09037_1019;1151;47.83233;-63.25233;342551;2.68;20-jun-09;23:57:00;28.59;11.71;325.25878;8.767;7.346;NaN;1.23;3.727;0.01;1;0.03;1;0.06;1;6.02;1;256;0.50;0.00
18TL09037_1019;1151;47.83233;-63.25233;342550;6.74;20-jun-09;23:57:00;28.59;11.68;324.05296;8.741;NaN;NaN;1.19;3.883;0.01;1;0.035;1;0.065;1;6.155;1;0;0.54;0.01
18TL09037_1019;1151;47.83233;-63.25233;342549;16.46;20-jun-09;23:57:00;29.17;6.9;336.7364;8.645;NaN;NaN;2.085;2.995;0.07;1;2.51;1;0.35;1;4.695;1;0;7.17;0.53
18TL09037_1019;1151;47.83233;-63.25233;342548;26.47;20-jun-09;23:57:00;30.53;3.28;361.03144;8.637;NaN;NaN;0.225;0.639;0.085;1;3.15;1;0.585;1;3.215;1;0;5.38;0.98
18TL09037_1019;1151;47.83233;-63.25233;342547;51.26;20-jun-09;23:57:00;31.49;0.44;338.43348;8.493;NaN;NaN;0.11;0.415;0.145;1;7.42;1;1.005;1;9.815;1;0;7.38;0.76
18TL09037_1019;1151;47.83233;-63.25233;342546;81.59;20-jun-09;23:57:00;32.07;-0.19;269.88038;8.344;5.9065;NaN;0.18;0.415;0.215;1;12.645;1;1.41;1;22.13;1;256;8.97;0.57
