CTD;CTD;CTD;CTD;CTD;CTD;CTD;CTD;labo;labo;labo;labo;labo;labo;labo;labo;labo;labo;labo;calc;calc
Fichier;Station;Latitude;Longitude;Echantillon;zbouteille;Date;Heure;PSAL_BS;Q_PSAL;OXYM_01;Q_OXYM;NOx_01;Q_NOX;PO4_01;Q_PO4;Si_01;Q_Si;QCFF;N_P;N_Si
(nom);(nom/no);(degres);(degres);(no_unique);(dbar);(jj-mmm-yyyy);(GMT);(PSU);((none));(mmol/m**3);((none));(mmol/m**3);((none));(mmol/m**3);((none));(mmol/m**3);((none));((none));((none));((none))
18HU76020_284;5;42.6667;-64;-26;10;30-jun-76;22:33:00;31.46;1;6.3;1;2.15;1;0.27;1;0.21;1;0;7.96;10.24
18HU76020_284;5;42.6667;-64;-27;20;30-jun-76;22:33:00;31.71;1;6.4;1;1.81;1;0.34;1;0.6;1;0;5.32;3.02
18HU76020_284;5;42.6667;-64;-28;30;30-jun-76;22:33:00;32.24;1;6.8;1;1.45;1;0.34;1;0.15;1;0;4.26;9.67
18HU76020_284;5;42.6667;-64;-29;50;30-jun-76;22:33:00;32.47;1;6.8;1;6.18;1;0.84;1;6.53;1;0;7.36;0.95
18HU76020_284;5;42.6667;-64;-30;75;30-jun-76;22:33:00;32.69;1;6.1;1;9.12;1;0.94;1;8.53;1;0;9.70;1.07
18HU76020_284;5;42.6667;-64;-31;100;30-jun-76;22:33:00;33.17;1;5.5;1;13.35;1;1.19;1;14.26;1;0;11.22;0.94
18HU76020_284;5;42.6667;-64;-32;125;30-jun-76;22:33:00;33.91;1;4.5;1;13.2;1;1.37;1;18.12;1;0;9.64;0.73
18HU76020_284;5;42.6667;-64;-33;150;30-jun-76;22:33:00;34.62;1;3.9;1;13.45;1;1.23;1;17.05;1;0;10.93;0.79
18HU76020_304;6;42.71;-64.0083;-18;10;01-jul-76;00:27:00;31.37;1;6.4;1;1.9;1;0.32;1;0.28;1;0;5.94;6.79
18HU76020_304;6;42.71;-64.0083;-19;20;01-jul-76;00:27:00;31.52;1;6.5;1;1.98;1;0.3;1;0.09;1;0;6.60;22.00
18HU76020_304;6;42.71;-64.0083;-20;30;01-jul-76;00:27:00;32;1;6.5;1;1.34;1;0.32;1;0.18;1;0;4.19;7.44
18HU76020_304;6;42.71;-64.0083;-21;50;01-jul-76;00:27:00;32.42;1;6.7;1;3.55;1;0.63;1;3.86;1;0;5.63;0.92
18HU76020_304;6;42.71;-64.0083;-22;75;01-jul-76;00:27:00;33.09;1;5.7;1;12.44;1;1.12;1;11.77;1;0;11.11;1.06
18HU76020_304;6;42.71;-64.0083;-23;100;01-jul-76;00:27:00;33.57;1;5;1;13.6;1;1.21;2;13.42;2;2048;11.24;1.01
18HU76020_304;6;42.71;-64.0083;-24;125;01-jul-76;00:27:00;34.18;1;4.3;1;14.41;1;1.33;1;16.69;1;0;10.83;0.86
18HU76020_304;6;42.71;-64.0083;-25;150;01-jul-76;00:27:00;34.71;1;3.8;1;14.5;1;1.41;1;18.73;1;0;10.28;0.77
18HU76020_326;8;42.795;-64;-11;10;01-jul-76;02:35:00;31.44;1;6;1;2.07;1;0.22;1;0.1;1;0;9.41;20.70
18HU76020_326;8;42.795;-64;-12;20;01-jul-76;02:35:00;31.64;1;6;1;1.55;1;0.34;1;0.14;1;0;4.56;11.07
18HU76020_326;8;42.795;-64;-13;30;01-jul-76;02:35:00;32.1;1;6.8;1;2.82;1;0.62;1;1.22;1;0;4.55;2.31
18HU76020_326;8;42.795;-64;-14;50;01-jul-76;02:35:00;31.99;1;6.3;1;7.85;1;0.79;1;6.58;1;0;9.94;1.19
18HU76020_326;8;42.795;-64;-15;75;01-jul-76;02:35:00;32.32;1;5.7;1;11.65;1;1.04;1;10.42;1;0;11.20;1.12
18HU76020_326;8;42.795;-64;-16;100;01-jul-76;02:35:00;33.81;1;4.6;1;13.9;1;1.15;1;13.93;1;0;12.09;1.00
18HU76020_326;8;42.795;-64;-17;125;01-jul-76;02:35:00;34.34;1;4.2;1;13.46;1;1.37;1;16.86;1;0;9.82;0.80
18HU76020_003;10;42.9167;-64;-6;10;01-jul-76;04:09:00;31.46;1;6.1;1;2.3;1;0.22;1;0.09;1;0;10.45;25.56
18HU76020_003;10;42.9167;-64;-7;20;01-jul-76;04:09:00;31.47;1;6.1;1;1.66;1;0.3;1;0.17;1;0;5.53;9.76
18HU76020_003;10;42.9167;-64;-8;30;01-jul-76;04:09:00;31.79;1;6.2;1;1.59;1;0.38;1;0.18;1;0;4.18;8.83
18HU76020_003;10;42.9167;-64;-9;50;01-jul-76;04:09:00;32.15;1;6.8;1;6.4;1;0.82;1;7.36;1;0;7.80;0.87
18HU76020_003;10;42.9167;-64;-10;75;01-jul-76;04:09:00;32.18;1;6.3;1;7.07;1;0.8;1;6;1;0;8.84;1.18
18HU76020_014;11;43;-64;-1;10;01-jul-76;04:56:00;31.66;1;5.9;1;1.58;1;0.37;1;0.1;1;0;4.27;15.80
18HU76020_014;11;43;-64;-2;20;01-jul-76;04:56:00;32.27;1;6.3;1;2.66;1;0.62;1;2.14;1;0;4.29;1.24
18HU76020_014;11;43;-64;-3;30;01-jul-76;04:56:00;31.8;1;6.8;1;5.55;1;0.9;1;7.09;1;0;6.17;0.78
18HU76020_014;11;43;-64;-4;50;01-jul-76;04:56:00;32;1;6.6;1;9.31;1;1.18;1;9.51;1;0;7.89;0.98
18HU76020_014;11;43;-64;-5;75;01-jul-76;04:56:00;32.52;1;5.7;1;9.46;1;0.95;1;9.53;1;0;9.96;0.99
18HU76020_036;13;43;-63.8333;-34;10;01-jul-76;06:22:00;31.5;1;6;1;2.01;1;0.18;1;0.45;1;0;11.17;4.47
18HU76020_036;13;43;-63.8333;-35;20;01-jul-76;06:22:00;31.58;1;6;1;1.57;1;0.28;1;0.22;1;0;5.61;7.14
18HU76020_036;13;43;-63.8333;-36;30;01-jul-76;06:22:00;31.75;1;6.6;1;3.06;1;0.59;1;1.15;1;0;5.19;2.66
18HU76020_036;13;43;-63.8333;-37;50;01-jul-76;06:22:00;32.16;1;6.3;1;9.72;1;1.07;1;9.93;1;0;9.08;0.98
18HU76020_036;13;43;-63.8333;-38;75;01-jul-76;06:22:00;32.68;1;5.1;1;11.33;1;1.01;1;10.39;1;0;11.22;1.09
18HU76020_036;13;43;-63.8333;-39;100;01-jul-76;06:22:00;33.3;1;4.7;1;13.22;1;NaN;9;9.65;1;0;NaN;1.37
18HU76020_058;15;43;-63.6667;-40;10;01-jul-76;08:37:00;31.41;1;6;1;2.2;1;0.27;1;0.14;1;0;8.15;15.71
18HU76020_058;15;43;-63.6667;-41;20;01-jul-76;08:37:00;31.64;1;6.4;1;1.68;1;0.57;1;0.07;1;0;2.95;24.00
18HU76020_058;15;43;-63.6667;-42;30;01-jul-76;08:37:00;31.9;1;6.7;1;4.05;1;0.66;1;3.57;1;0;6.14;1.13
18HU76020_058;15;43;-63.6667;-43;50;01-jul-76;08:37:00;31.98;1;6.3;1;3.7;1;0.84;1;4.7;1;0;4.40;0.79
18HU76020_058;15;43;-63.6667;-44;75;01-jul-76;08:37:00;32.67;1;5.8;1;9.94;1;1.29;1;9.48;1;0;7.71;1.05
18HU76020_058;15;43;-63.6667;-45;100;01-jul-76;08:37:00;33.69;1;4.8;1;18.22;1;1.37;1;14.34;1;0;13.30;1.27
18HU76020_058;15;43;-63.6667;-46;125;01-jul-76;08:37:00;34.47;1;3.6;1;18.27;1;1.43;1;15.42;1;0;12.78;1.18
18HU76020_058;15;43;-63.6667;-47;150;01-jul-76;08:37:00;34.77;1;3;1;19.26;1;1.41;1;19.94;1;0;13.66;0.97
18HU76020_080;17;42.9967;-63.505;-48;10;01-jul-76;11:03:00;31.4;1;5.8;1;1.48;1;0.4;1;0.28;1;0;3.70;5.29
18HU76020_080;17;42.9967;-63.505;-49;20;01-jul-76;11:03:00;31.5;1;5.9;1;1.57;1;0.31;1;0.3;1;0;5.06;5.23
18HU76020_080;17;42.9967;-63.505;-50;30;01-jul-76;11:03:00;31.67;1;6.2;1;1.74;1;0.38;1;0.12;1;0;4.58;14.50
18HU76020_080;17;42.9967;-63.505;-51;50;01-jul-76;11:03:00;32.05;1;6.7;1;1.76;1;0.53;1;0.54;1;0;3.32;3.26
18HU76020_080;17;42.9967;-63.505;-52;75;01-jul-76;11:03:00;33;1;5.9;1;3.16;1;0.55;1;1.82;1;0;5.75;1.74
18HU76020_080;17;42.9967;-63.505;-53;100;01-jul-76;11:03:00;34.39;1;4.5;1;9.11;1;1.13;1;9.63;1;0;8.06;0.95
18HU76020_080;17;42.9967;-63.505;-54;125;01-jul-76;11:03:00;34.99;1;3.8;1;11.36;1;1.19;1;12.67;1;0;9.55;0.90
18HU76020_080;17;42.9967;-63.505;-55;150;01-jul-76;11:03:00;35.05;1;3.6;1;15.32;1;1.3;1;16.79;1;0;11.78;0.91
18HU76020_102;19;43.0083;-63.5083;-56;10;01-jul-76;23:41:00;NaN;9;NaN;9;1.61;1;0.32;1;0.12;1;0;5.03;13.42
18HU76020_102;19;43.0083;-63.5083;-57;20;01-jul-76;23:41:00;31.66;1;6.9;1;1.66;1;0.25;1;0.09;1;0;6.64;18.44
18HU76020_102;19;43.0083;-63.5083;-58;30;01-jul-76;23:41:00;31.89;1;7.2;1;2.32;1;0.36;1;0.29;1;0;6.44;8.00
18HU76020_102;19;43.0083;-63.5083;-59;50;01-jul-76;23:41:00;31.98;1;6.8;1;2.98;1;0.64;1;3.74;1;0;4.66;0.80
18HU76020_102;19;43.0083;-63.5083;-60;75;01-jul-76;23:41:00;32.8;1;5.9;1;6.58;1;0.84;1;8.84;1;0;7.83;0.74
18HU76020_102;19;43.0083;-63.5083;-61;100;01-jul-76;23:41:00;34.19;1;4.9;1;11.26;1;1.02;1;13.18;1;0;11.04;0.85
18HU76020_102;19;43.0083;-63.5083;-62;125;01-jul-76;23:41:00;34.8;1;3.9;1;15.16;1;1.46;1;18.31;1;0;10.38;0.83
18HU76020_102;19;43.0083;-63.5083;-63;150;01-jul-76;23:41:00;35.01;1;4;1;14.55;1;1.2;1;18.24;1;0;12.13;0.80
18HU76020_127;21;43.005;-63.3333;-64;10;02-jul-76;01:30:00;31.28;1;5.8;1;1.62;1;0.25;1;0.13;1;0;6.48;12.46
18HU76020_127;21;43.005;-63.3333;-65;20;02-jul-76;01:30:00;31.34;1;5.9;1;1.82;1;0.25;1;0.06;1;0;7.28;30.33
18HU76020_127;21;43.005;-63.3333;-66;30;02-jul-76;01:30:00;31.23;1;6.6;1;2.18;1;0.31;1;0.25;1;0;7.03;8.72
18HU76020_127;21;43.005;-63.3333;-67;50;02-jul-76;01:30:00;32.04;1;6.6;1;3.77;1;0.55;1;3.04;1;0;6.85;1.24
18HU76020_127;21;43.005;-63.3333;-68;75;02-jul-76;01:30:00;33;1;6.3;1;10.26;1;0.89;1;10.89;1;0;11.53;0.94
18HU76020_127;21;43.005;-63.3333;-69;100;02-jul-76;01:30:00;34;1;4.4;1;15.11;1;1.27;1;16.86;1;0;11.90;0.90
18HU76020_149;23;43;-63.1667;-70;10;02-jul-76;03:13:00;31;1;6;1;1.41;1;0.27;1;0.09;1;0;5.22;15.67
18HU76020_149;23;43;-63.1667;-71;20;02-jul-76;03:13:00;31.92;1;6;1;1.89;1;0.31;1;0.14;1;0;6.10;13.50
18HU76020_149;23;43;-63.1667;-72;30;02-jul-76;03:13:00;32.07;1;6.4;1;2.01;1;0.31;1;0.09;1;0;6.48;22.33
18HU76020_149;23;43;-63.1667;-73;50;02-jul-76;03:13:00;32.69;1;6.3;1;5.19;1;0.69;1;5.42;1;0;7.52;0.96
18HU76020_149;23;43;-63.1667;-74;75;02-jul-76;03:13:00;34.27;1;5.1;1;8.38;1;0.76;1;10.27;1;0;11.03;0.82
18HU76020_171;25;42.9975;-63;-75;10;02-jul-76;05:24:00;NaN;9;6;1;2.04;1;0.27;1;0.09;1;0;7.56;22.67
18HU76020_171;25;42.9975;-63;-76;20;02-jul-76;05:24:00;NaN;9;6.2;1;1.83;1;0.34;1;0.48;1;0;5.38;3.81
18HU76020_171;25;42.9975;-63;-77;30;02-jul-76;05:24:00;NaN;9;6.6;1;2.72;1;0.47;1;0.77;1;0;5.79;3.53
18HU76020_171;25;42.9975;-63;-78;50;02-jul-76;05:24:00;NaN;9;6.2;1;6.65;1;0.85;1;7.62;1;0;7.82;0.87
18HU76020_239;32;42.6675;-63.5;-119;10;04-jul-76;01:55:00;32.02;1;5.7;1;1.22;1;0.31;1;0.26;1;0;3.94;4.69
18HU76020_239;32;42.6675;-63.5;-120;30;04-jul-76;01:55:00;32.94;1;6.1;1;2.19;1;0.33;1;0.17;1;0;6.64;12.88
18HU76020_239;32;42.6675;-63.5;-121;40;04-jul-76;01:55:00;33.42;1;5.9;1;2.36;1;0.34;1;0.17;1;0;6.94;13.88
18HU76020_239;32;42.6675;-63.5;-122;50;04-jul-76;01:55:00;33.69;1;5.6;1;4.07;1;0.4;1;2.7;1;0;10.18;1.51
18HU76020_239;32;42.6675;-63.5;-123;75;04-jul-76;01:55:00;34.17;1;5.1;1;7.2;1;0.78;1;9.03;1;0;9.23;0.80
18HU76020_239;32;42.6675;-63.5;-124;100;04-jul-76;01:55:00;34.89;1;4.4;1;7.96;1;1.01;1;9.51;1;0;7.88;0.84
18HU76020_239;32;42.6675;-63.5;-125;125;04-jul-76;01:55:00;35.17;1;4.1;1;9.33;1;1.07;1;9.86;1;0;8.72;0.95
18HU76020_239;32;42.6675;-63.5;-126;150;04-jul-76;01:55:00;35.2;1;3.7;1;10.62;1;1.2;1;14.85;1;0;8.85;0.72
18HU76020_243;33;42.75;-63.5058;-127;10;04-jul-76;04:26:00;31.54;1;NaN;9;1.19;1;0.32;1;0.19;1;0;3.72;6.26
18HU76020_243;33;42.75;-63.5058;-128;30;04-jul-76;04:26:00;32.85;1;NaN;9;3.89;1;0.26;1;0.15;1;0;14.96;25.93
18HU76020_243;33;42.75;-63.5058;-129;40;04-jul-76;04:26:00;32.76;1;NaN;9;3.95;1;0.5;1;1.91;1;0;7.90;2.07
18HU76020_243;33;42.75;-63.5058;-130;50;04-jul-76;04:26:00;33.56;1;NaN;9;5.5;1;0.6;1;3.67;1;0;9.17;1.50
18HU76020_243;33;42.75;-63.5058;-131;75;04-jul-76;04:26:00;34.23;1;NaN;9;6.64;1;0.78;1;9.58;1;0;8.51;0.69
18HU76020_243;33;42.75;-63.5058;-132;100;04-jul-76;04:26:00;34.9;1;NaN;9;9.22;1;1.01;1;10.45;1;0;9.13;0.88
18HU76020_243;33;42.75;-63.5058;-133;125;04-jul-76;04:26:00;35.06;1;NaN;9;10.9;1;1.18;1;15.3;1;0;9.24;0.71
18HU76020_243;33;42.75;-63.5058;-134;150;04-jul-76;04:26:00;35.07;1;NaN;9;12.2;1;1.36;1;17.09;1;0;8.97;0.71
18HU76020_247;35;42.835;-63.505;-135;10;04-jul-76;06:28:00;31.41;1;5.8;1;1.56;1;0.22;1;0.17;1;0;7.09;9.18
18HU76020_247;35;42.835;-63.505;-136;30;04-jul-76;06:28:00;31.76;1;6.2;1;1.83;1;0.3;1;0.06;1;0;6.10;30.50
18HU76020_247;35;42.835;-63.505;-137;40;04-jul-76;06:28:00;32.16;1;6.6;1;2.42;1;0.5;1;1.11;1;0;4.84;2.18
18HU76020_247;35;42.835;-63.505;-138;50;04-jul-76;06:28:00;32.61;1;6.4;1;6.24;1;0.82;1;5.64;1;0;7.61;1.11
18HU76020_247;35;42.835;-63.505;-139;75;04-jul-76;06:28:00;34.02;1;5.1;1;7.44;1;0.84;1;9.43;1;0;8.86;0.79
18HU76020_247;35;42.835;-63.505;-140;100;04-jul-76;06:28:00;34.79;1;4.7;1;7.93;1;0.92;1;12.09;1;0;8.62;0.66
18HU76020_247;35;42.835;-63.505;-141;125;04-jul-76;06:28:00;35;1;4.3;1;10.99;1;1.14;1;9.55;1;0;9.64;1.15
18HU76020_247;35;42.835;-63.505;-142;150;04-jul-76;06:28:00;35.08;1;3.8;1;12.3;1;1.21;1;17.08;1;0;10.17;0.72
18HU76020_253;36;42.9217;-63.5017;-143;10;04-jul-76;07:40:00;31.61;1;5.8;1;1.45;1;0.23;1;0.01;1;0;6.30;145.00
18HU76020_253;36;42.9217;-63.5017;-144;30;04-jul-76;07:40:00;32.17;1;6.2;1;1.72;1;0.38;1;0.21;1;0;4.53;8.19
18HU76020_253;36;42.9217;-63.5017;-145;40;04-jul-76;07:40:00;31.94;1;6.5;1;2.06;1;0.59;1;0.81;1;0;3.49;2.54
18HU76020_253;36;42.9217;-63.5017;-146;50;04-jul-76;07:40:00;32.19;1;6.4;1;3.35;1;0.58;1;2.55;1;0;5.78;1.31
18HU76020_253;36;42.9217;-63.5017;-147;75;04-jul-76;07:40:00;NaN;9;4.8;1;11.75;1;1.11;1;7.67;1;0;10.59;1.53
18HU76020_253;36;42.9217;-63.5017;-148;100;04-jul-76;07:40:00;NaN;9;4.4;1;8.97;1;0.94;1;8.65;1;0;9.54;1.04
18HU76020_253;36;42.9217;-63.5017;-149;125;04-jul-76;07:40:00;NaN;9;4.1;1;9.88;1;1.04;1;13.68;1;0;9.50;0.72
18HU76020_253;36;42.9217;-63.5017;-150;150;04-jul-76;07:40:00;35.1;1;4;1;12.98;1;1.28;1;16.91;1;0;10.14;0.77
18HU76020_257;37;43;-63.5;-151;10;04-jul-76;08:37:00;31.49;1;6;1;1.89;1;0.24;1;0.23;1;0;7.88;8.22
18HU76020_257;37;43;-63.5;-152;30;04-jul-76;08:37:00;31.97;1;6.4;1;2.41;1;0.64;1;1.04;1;0;3.77;2.32
18HU76020_257;37;43;-63.5;-153;40;04-jul-76;08:37:00;32.1;1;6.1;1;4;1;0.73;1;4.86;1;0;5.48;0.82
18HU76020_257;37;43;-63.5;-154;50;04-jul-76;08:37:00;32.71;1;5.5;1;8.66;1;0.96;1;8.41;1;0;9.02;1.03
18HU76020_257;37;43;-63.5;-155;75;04-jul-76;08:37:00;33.13;1;4.9;1;12.62;1;1.17;1;11.19;1;0;10.79;1.13
18HU76020_257;37;43;-63.5;-156;100;04-jul-76;08:37:00;34.07;1;4.1;1;13.22;1;1.17;1;11.19;1;0;11.30;1.18
18HU76020_257;37;43;-63.5;-157;125;04-jul-76;08:37:00;34.66;1;3.7;1;16.42;1;1.28;1;16.74;1;0;12.83;0.98
18HU76020_257;37;43;-63.5;-158;150;04-jul-76;08:37:00;34.97;1;3.5;1;15.98;1;1.36;1;9.78;1;0;11.75;1.63
18HU76020_265;40;41.9925;-63.4933;-79;10;05-jul-76;00:34:00;31.56;1;5.5;1;2.8;1;0.45;1;0.25;1;0;6.22;11.20
18HU76020_265;40;41.9925;-63.4933;-80;30;05-jul-76;00:34:00;33.25;1;6.3;1;2.75;1;0.3;1;0.12;1;0;9.17;22.92
18HU76020_265;40;41.9925;-63.4933;-81;40;05-jul-76;00:34:00;32.73;1;6.3;1;1.5;1;0.29;1;0.12;1;0;5.17;12.50
18HU76020_265;40;41.9925;-63.4933;-82;50;05-jul-76;00:34:00;33.06;1;6.1;1;3.94;1;0.6;1;4.19;1;0;6.57;0.94
18HU76020_265;40;41.9925;-63.4933;-83;75;05-jul-76;00:34:00;33.99;1;5;1;7.46;1;0.69;1;8.51;1;0;10.81;0.88
18HU76020_265;40;41.9925;-63.4933;-84;100;05-jul-76;00:34:00;34.73;1;4.5;1;7.06;1;0.77;1;11.03;1;0;9.17;0.64
18HU76020_265;40;41.9925;-63.4933;-85;125;05-jul-76;00:34:00;35;1;4.2;1;6.25;1;0.87;1;12.5;1;0;7.18;0.50
18HU76020_265;40;41.9925;-63.4933;-86;150;05-jul-76;00:34:00;35.13;1;4.3;1;10.21;1;0.97;1;16.06;1;0;10.53;0.64
18HU76020_275;41;42.1717;-63.4983;-87;10;05-jul-76;02:47:00;31.66;1;5.5;1;NaN;9;NaN;9;0.1;1;0;NaN;NaN
18HU76020_275;41;42.1717;-63.4983;-88;30;05-jul-76;02:47:00;33.1;1;5.8;1;NaN;9;NaN;9;0.06;1;0;NaN;NaN
18HU76020_275;41;42.1717;-63.4983;-89;40;05-jul-76;02:47:00;33.39;1;5.8;1;4.92;1;0.37;1;3.95;1;0;13.30;1.25
18HU76020_275;41;42.1717;-63.4983;-90;50;05-jul-76;02:47:00;33.96;1;5.4;1;5.83;1;0.58;1;7.2;1;0;10.05;0.81
18HU76020_275;41;42.1717;-63.4983;-91;75;05-jul-76;02:47:00;34.08;1;4.8;1;8.42;1;0.95;1;10.74;1;0;8.86;0.78
18HU76020_275;41;42.1717;-63.4983;-92;100;05-jul-76;02:47:00;34.81;1;4.2;1;7.62;1;0.9;1;13.87;2;2048;8.47;0.55
18HU76020_275;41;42.1717;-63.4983;-93;125;05-jul-76;02:47:00;35;1;3.8;1;10.12;1;1.09;1;16.94;1;0;9.28;0.60
18HU76020_275;41;42.1717;-63.4983;-94;150;05-jul-76;02:47:00;35.21;1;3.4;1;NaN;9;1.33;1;19.32;1;0;NaN;NaN
18HU76020_276;42;42.3367;-63.5017;-95;10;05-jul-76;05:02:00;31.76;1;5.6;1;0.8;1;0.25;1;0.49;1;0;3.20;1.63
18HU76020_276;42;42.3367;-63.5017;-96;30;05-jul-76;05:02:00;32.71;1;5.8;1;2.23;1;0.26;1;0.25;1;0;8.58;8.92
18HU76020_276;42;42.3367;-63.5017;-97;40;05-jul-76;05:02:00;32.78;1;6;1;2.33;1;0.19;1;0.24;1;0;12.26;9.71
18HU76020_276;42;42.3367;-63.5017;-98;50;05-jul-76;05:02:00;33.77;1;5.8;1;1.67;1;0.42;1;1.3;1;0;3.98;1.28
18HU76020_276;42;42.3367;-63.5017;-99;75;05-jul-76;05:02:00;33.69;1;5.2;1;NaN;9;0.74;1;7.72;1;0;NaN;NaN
18HU76020_276;42;42.3367;-63.5017;-100;100;05-jul-76;05:02:00;34.29;1;4.7;1;6.96;1;0.82;1;10.36;1;0;8.49;0.67
18HU76020_276;42;42.3367;-63.5017;-101;125;05-jul-76;05:02:00;34.05;1;4.3;1;9.62;1;0.84;1;13.73;1;0;11.45;0.70
18HU76020_276;42;42.3367;-63.5017;-102;150;05-jul-76;05:02:00;35.2;1;3.8;1;8.63;1;0.88;1;13.28;1;0;9.81;0.65
18HU76020_277;43;42.5;-63.4967;-103;10;05-jul-76;06:45:00;31.98;1;5.4;1;1.67;1;0.26;1;0.02;1;0;6.42;83.50
18HU76020_277;43;42.5;-63.4967;-104;30;05-jul-76;06:45:00;32.91;1;5.9;1;2.83;1;0.24;1;0.11;1;0;11.79;25.73
18HU76020_277;43;42.5;-63.4967;-105;40;05-jul-76;06:45:00;33.42;1;5.9;1;5;1;0.34;1;1.09;1;0;14.71;4.59
18HU76020_277;43;42.5;-63.4967;-106;50;05-jul-76;06:45:00;33.32;1;5.9;1;4.91;1;0.56;1;3.14;1;0;8.77;1.56
18HU76020_277;43;42.5;-63.4967;-107;75;05-jul-76;06:45:00;34.05;1;4.9;1;8.73;1;0.82;1;6.9;1;0;10.65;1.27
18HU76020_277;43;42.5;-63.4967;-108;100;05-jul-76;06:45:00;34.57;1;4.4;1;9.43;1;0.96;1;8.76;1;0;9.82;1.08
18HU76020_277;43;42.5;-63.4967;-109;125;05-jul-76;06:45:00;35;1;4;1;NaN;9;0.92;1;10.82;1;0;NaN;NaN
18HU76020_277;43;42.5;-63.4967;-110;150;05-jul-76;06:45:00;35.09;1;3.6;1;11.53;1;1.11;1;15.95;1;0;10.39;0.72
18HU76020_278;44;42.6667;-63.4858;-111;10;05-jul-76;11:28:00;31.7;1;5.6;1;2.31;1;0.3;1;0.04;1;0;7.70;57.75
18HU76020_278;44;42.6667;-63.4858;-112;30;05-jul-76;11:28:00;32.7;1;5.8;1;2.12;1;0.2;1;0.04;1;0;10.60;53.00
18HU76020_278;44;42.6667;-63.4858;-113;40;05-jul-76;11:28:00;33.26;1;5.8;1;2.62;1;0.22;1;0.1;1;0;11.91;26.20
18HU76020_278;44;42.6667;-63.4858;-114;50;05-jul-76;11:28:00;33.59;1;5.7;1;4.54;1;0.47;1;2.63;1;0;9.66;1.73
18HU76020_278;44;42.6667;-63.4858;-115;75;05-jul-76;11:28:00;34.23;1;5;1;7.24;1;0.72;1;8.99;1;0;10.06;0.81
18HU76020_278;44;42.6667;-63.4858;-116;100;05-jul-76;11:28:00;35.07;1;4.3;1;7.57;1;0.85;1;11.08;1;0;8.91;0.68
18HU76020_278;44;42.6667;-63.4858;-117;125;05-jul-76;11:28:00;35.21;1;4.3;1;9.03;1;1.03;1;13.08;1;0;8.77;0.69
18HU76020_278;44;42.6667;-63.4858;-118;150;05-jul-76;11:28:00;35.2;1;3.7;1;11.85;1;1.23;1;14.52;1;0;9.63;0.82
18HU76020_280;46;42;-63.4917;-159;10;07-jul-76;05:05:00;31.93;1;5.7;1;1.48;1;0.27;1;0.16;1;0;5.48;9.25
18HU76020_280;46;42;-63.4917;-160;30;07-jul-76;05:05:00;32.61;1;5.9;1;3.38;1;0.54;1;0.26;1;0;6.26;13.00
18HU76020_280;46;42;-63.4917;-161;40;07-jul-76;05:05:00;32.51;1;6.2;1;2.31;1;0.52;1;1.38;1;0;4.44;1.67
18HU76020_280;46;42;-63.4917;-162;50;07-jul-76;05:05:00;32.45;1;6.5;1;7.39;1;0.62;1;6.17;1;0;11.92;1.20
18HU76020_280;46;42;-63.4917;-163;75;07-jul-76;05:05:00;NaN;9;NaN;9;7.22;1;0.86;1;6.23;1;0;8.40;1.16
18HU76020_280;46;42;-63.4917;-164;100;07-jul-76;05:05:00;NaN;9;NaN;9;9.61;1;1;1;9.66;1;0;9.61;0.99
18HU76020_280;46;42;-63.4917;-165;125;07-jul-76;05:05:00;34.72;1;4.2;1;12.1;1;1.08;1;11.27;1;0;11.20;1.07
18HU76020_280;46;42;-63.4917;-166;150;07-jul-76;05:05:00;34.86;1;3.8;1;9.1;1;1.14;1;15.62;1;0;7.98;0.58
18HU76020_281;47;41.8333;-63.4967;-167;10;07-jul-76;06:44:00;33.81;1;5.2;1;2.51;1;0.1;1;0;1;0;25.10;NaN
18HU76020_281;47;41.8333;-63.4967;-168;30;07-jul-76;06:44:00;34.64;1;5.5;1;1.95;1;0.04;1;0;1;0;48.75;NaN
18HU76020_281;47;41.8333;-63.4967;-169;40;07-jul-76;06:44:00;35.81;1;4.9;1;NaN;9;NaN;9;2.27;1;0;NaN;NaN
18HU76020_281;47;41.8333;-63.4967;-170;50;07-jul-76;06:44:00;35.87;1;4.3;1;4.94;1;0.5;1;4.72;1;0;9.88;1.05
18HU76020_281;47;41.8333;-63.4967;-171;75;07-jul-76;06:44:00;35.63;1;4.2;1;NaN;9;NaN;9;7.36;1;0;NaN;NaN
18HU76020_281;47;41.8333;-63.4967;-172;100;07-jul-76;06:44:00;35.64;1;4.2;1;NaN;9;NaN;9;NaN;9;0;NaN;NaN
18HU76020_281;47;41.8333;-63.4967;-173;125;07-jul-76;06:44:00;35.62;1;4.3;1;6.15;1;0.76;1;7.89;1;0;8.09;0.78
18HU76020_281;47;41.8333;-63.4967;-174;150;07-jul-76;06:44:00;35.55;1;3.8;1;8.19;1;0.9;1;13;1;0;9.10;0.63
18HU76020_282;48;41.6667;-63.5;-175;10;07-jul-76;08:30:00;NaN;9;NaN;9;2.06;1;0.03;1;0.03;1;0;68.67;68.67
18HU76020_282;48;41.6667;-63.5;-176;30;07-jul-76;08:30:00;35.88;1;4.6;1;2.37;1;0.07;1;0.04;1;0;33.86;59.25
18HU76020_282;48;41.6667;-63.5;-177;40;07-jul-76;08:30:00;36.21;1;4.4;1;NaN;9;NaN;9;1.62;1;0;NaN;NaN
18HU76020_282;48;41.6667;-63.5;-178;50;07-jul-76;08:30:00;36.4;1;4;1;3.86;1;0.31;1;4.22;1;0;12.45;0.91
18HU76020_282;48;41.6667;-63.5;-179;75;07-jul-76;08:30:00;36.53;1;3.3;1;4.59;1;0.45;1;8.11;1;0;10.20;0.57
18HU76020_282;48;41.6667;-63.5;-180;100;07-jul-76;08:30:00;36.25;1;3.6;1;5.29;1;0.54;1;7.5;1;0;9.80;0.71
18HU76020_282;48;41.6667;-63.5;-181;125;07-jul-76;08:30:00;36.22;1;3.7;1;5.15;1;0.6;1;9;1;0;8.58;0.57
18HU76020_282;48;41.6667;-63.5;-182;150;07-jul-76;08:30:00;NaN;9;NaN;9;6.34;1;0.67;1;10.54;1;0;9.46;0.60
18HU76020_283;49;41.5;-63.5;-183;10;07-jul-76;10:21:00;35.82;1;4.6;1;1.91;1;0.03;1;0.01;1;0;63.67;191.00
18HU76020_283;49;41.5;-63.5;-184;30;07-jul-76;10:21:00;35.91;1;4.5;1;1.89;1;NaN;9;0.12;1;0;NaN;15.75
18HU76020_283;49;41.5;-63.5;-185;40;07-jul-76;10:21:00;35.87;1;4.5;1;1.58;1;NaN;9;0.23;1;0;NaN;6.87
18HU76020_283;49;41.5;-63.5;-186;50;07-jul-76;10:21:00;36.06;1;4.6;1;2.75;1;0.16;1;1.2;1;0;17.19;2.29
18HU76020_283;49;41.5;-63.5;-187;75;07-jul-76;10:21:00;36.32;1;3.5;1;7.19;1;0.52;1;6.99;1;0;13.83;1.03
18HU76020_283;49;41.5;-63.5;-188;100;07-jul-76;10:21:00;36.07;1;3.6;1;5.54;1;0.52;1;7.45;1;0;10.65;0.74
18HU76020_283;49;41.5;-63.5;-189;125;07-jul-76;10:21:00;36.08;1;3.4;1;6.41;1;0.7;1;11.16;1;0;9.16;0.57
18HU76020_283;49;41.5;-63.5;-190;150;07-jul-76;10:21:00;36.01;1;3.6;1;6.75;1;0.71;1;13.67;1;0;9.51;0.49
18HU76020_285;50;41.505;-63.3067;-191;10;07-jul-76;11:53:00;35.91;1;4.2;1;2.71;1;0.02;1;0.06;1;0;135.50;45.17
18HU76020_285;50;41.505;-63.3067;-192;30;07-jul-76;11:53:00;35.96;1;4.3;1;2.06;1;0.02;1;0.03;1;0;103.00;68.67
18HU76020_285;50;41.505;-63.3067;-193;40;07-jul-76;11:53:00;36;1;4.1;1;2.4;1;0.04;1;0.04;1;0;60.00;60.00
18HU76020_285;50;41.505;-63.3067;-194;50;07-jul-76;11:53:00;36.47;1;4.4;1;1.67;1;0.03;1;0.04;1;0;55.67;41.75
18HU76020_285;50;41.505;-63.3067;-195;75;07-jul-76;11:53:00;35.72;1;4;1;3.44;1;0.27;1;4.7;1;0;12.74;0.73
18HU76020_285;50;41.505;-63.3067;-196;100;07-jul-76;11:53:00;36.26;1;3.3;1;6.41;1;0.61;1;8;1;0;10.51;0.80
18HU76020_285;50;41.505;-63.3067;-197;125;07-jul-76;11:53:00;36.09;1;3.5;1;6.7;1;0.66;1;8.88;1;0;10.15;0.75
18HU76020_285;50;41.505;-63.3067;-198;150;07-jul-76;11:53:00;36.13;1;3.3;1;7.77;1;0.72;1;9.28;1;0;10.79;0.84
18HU76020_295;51;43.005;-63;-199;10;07-jul-76;21:14:00;31.64;1;5.4;1;1.36;1;0.43;1;0.07;1;0;3.16;19.43
18HU76020_295;51;43.005;-63;-200;30;07-jul-76;21:14:00;33.34;1;5.9;1;1.85;1;0.42;1;0.05;1;0;4.40;37.00
18HU76020_295;51;43.005;-63;-201;40;07-jul-76;21:14:00;32.46;1;6.4;1;2.35;1;0.44;1;0.45;1;0;5.34;5.22
18HU76020_295;51;43.005;-63;-202;50;07-jul-76;21:14:00;32.66;1;5.9;1;6.56;1;1;1;6.45;1;0;6.56;1.02
18HU76020_295;51;43.005;-63;-203;75;07-jul-76;21:14:00;32.2;1;4.8;1;7.09;1;0.84;1;8.75;1;0;8.44;0.81
18HU76020_295;51;43.005;-63;-204;100;07-jul-76;21:14:00;34.65;1;4.3;1;9.6;1;0.99;1;8.21;1;0;9.70;1.17
18HU76020_295;51;43.005;-63;-205;125;07-jul-76;21:14:00;NaN;9;NaN;9;11.09;1;1.14;1;11.71;1;0;9.73;0.95
18HU76020_296;52;42.9167;-63;-206;10;07-jul-76;22:11:00;31.42;1;5.6;1;1.95;1;0.38;1;0.1;1;0;5.13;19.50
18HU76020_296;52;42.9167;-63;-207;30;07-jul-76;22:11:00;32.59;1;6.2;1;2.59;1;0.4;1;0.13;1;0;6.47;19.92
18HU76020_296;52;42.9167;-63;-208;40;07-jul-76;22:11:00;33.29;1;6.1;1;5.11;1;0.65;1;3.4;1;0;7.86;1.50
18HU76020_296;52;42.9167;-63;-209;50;07-jul-76;22:11:00;34.05;1;5.1;1;5.83;1;0.65;1;6.24;1;0;8.97;0.93
18HU76020_296;52;42.9167;-63;-210;75;07-jul-76;22:11:00;34.46;1;4.6;1;7.88;1;0.86;1;9.54;1;0;9.16;0.83
18HU76020_296;52;42.9167;-63;-211;100;07-jul-76;22:11:00;34.95;1;4.2;1;9.74;1;1.04;1;10.95;1;0;9.37;0.89
18HU76020_296;52;42.9167;-63;-212;125;07-jul-76;22:11:00;35.03;1;3.8;1;11.39;1;1.15;1;9.74;1;0;9.90;1.17
18HU76020_297;53;42.8367;-63.0033;-213;10;07-jul-76;23:07:00;31.72;1;5.2;1;2.05;1;0.42;1;0.16;1;0;4.88;12.81
18HU76020_297;53;42.8367;-63.0033;-214;30;07-jul-76;23:07:00;32.72;1;6;1;2.44;1;0.35;1;0.1;1;0;6.97;24.40
18HU76020_297;53;42.8367;-63.0033;-215;40;07-jul-76;23:07:00;33.45;1;5.8;1;3.15;1;0.33;1;0.72;1;0;9.55;4.38
18HU76020_297;53;42.8367;-63.0033;-216;50;07-jul-76;23:07:00;33.62;1;5.5;1;3.99;1;0.64;1;4.87;1;0;6.23;0.82
18HU76020_297;53;42.8367;-63.0033;-217;75;07-jul-76;23:07:00;34.16;1;4.9;1;6.96;1;0.73;1;7.68;1;0;9.53;0.91
18HU76020_297;53;42.8367;-63.0033;-218;100;07-jul-76;23:07:00;34.91;1;4;1;9.98;1;1.07;1;9.93;1;0;9.33;1.01
18HU76020_297;53;42.8367;-63.0033;-219;125;07-jul-76;23:07:00;35.23;1;3.5;1;12.95;1;1.26;1;14.1;1;0;10.28;0.92
18HU76020_298;54;42.7467;-62.985;-220;10;08-jul-76;00:32:00;31.72;1;5.2;1;1.83;1;0.25;1;0.19;1;0;7.32;9.63
18HU76020_298;54;42.7467;-62.985;-221;30;08-jul-76;00:32:00;32.76;1;5.5;1;2.29;1;0.31;1;0.45;1;0;7.39;5.09
18HU76020_298;54;42.7467;-62.985;-222;40;08-jul-76;00:32:00;33.43;1;5.6;1;2.62;1;0.24;1;0.21;1;0;10.92;12.48
18HU76020_298;54;42.7467;-62.985;-223;50;08-jul-76;00:32:00;33.38;1;5.7;1;3.32;1;0.36;1;0.32;1;0;9.22;10.38
18HU76020_298;54;42.7467;-62.985;-224;75;08-jul-76;00:32:00;34.04;1;4.6;1;5.33;1;0.6;1;4.71;1;0;8.88;1.13
18HU76020_298;54;42.7467;-62.985;-225;100;08-jul-76;00:32:00;34.69;1;4.2;1;8.96;1;0.9;1;6.93;1;0;9.96;1.29
18HU76020_298;54;42.7467;-62.985;-226;125;08-jul-76;00:32:00;35.08;1;3.7;1;9.33;1;NaN;9;10.35;1;0;NaN;0.90
18HU76020_298;54;42.7467;-62.985;-227;150;08-jul-76;00:32:00;35.13;1;3.5;1;10.81;1;1.13;1;10.21;1;0;9.57;1.06
18HU76020_299;55;42.6717;-63.0033;-228;10;08-jul-76;01:34:00;32.23;1;5.1;1;2.19;1;0.19;1;0.28;1;0;11.53;7.82
18HU76020_299;55;42.6717;-63.0033;-229;30;08-jul-76;01:34:00;33.07;1;5.5;1;2.64;1;0.16;1;0.12;1;0;16.50;22.00
18HU76020_299;55;42.6717;-63.0033;-230;40;08-jul-76;01:34:00;33.51;1;5.7;1;4.21;1;0.55;1;1.68;1;0;7.65;2.51
18HU76020_299;55;42.6717;-63.0033;-231;50;08-jul-76;01:34:00;33.43;1;5.7;1;6.18;1;0.73;1;6.54;1;0;8.47;0.94
18HU76020_299;55;42.6717;-63.0033;-232;75;08-jul-76;01:34:00;33.85;1;5.1;1;8.29;1;0.9;1;10.76;1;0;9.21;0.77
18HU76020_299;55;42.6717;-63.0033;-233;100;08-jul-76;01:34:00;34.34;1;4.6;1;10.87;1;0.98;1;10.3;1;0;11.09;1.06
18HU76020_299;55;42.6717;-63.0033;-234;125;08-jul-76;01:34:00;34.73;1;4.2;1;12.57;1;1.35;1;17.42;1;0;9.31;0.72
18HU76020_299;55;42.6717;-63.0033;-235;150;08-jul-76;01:34:00;35.07;1;3.5;1;14.95;1;1.47;1;19.56;1;0;10.17;0.76
18HU76020_300;56;42.5833;-63.005;-236;10;08-jul-76;02:47:00;32.28;1;5.2;1;NaN;9;NaN;9;NaN;9;0;NaN;NaN
18HU76020_300;56;42.5833;-63.005;-237;30;08-jul-76;02:47:00;32.86;1;5.8;1;2.8;1;0.29;1;0.31;1;0;9.66;9.03
18HU76020_300;56;42.5833;-63.005;-238;40;08-jul-76;02:47:00;33.19;1;5.7;1;4.44;1;0.44;1;2.6;1;0;10.09;1.71
18HU76020_300;56;42.5833;-63.005;-239;50;08-jul-76;02:47:00;33.55;1;5.7;1;4.9;1;0.6;1;5.04;1;0;8.17;0.97
18HU76020_300;56;42.5833;-63.005;-240;75;08-jul-76;02:47:00;34.17;1;4.9;1;8.47;1;1.03;1;6.21;1;0;8.22;1.36
18HU76020_300;56;42.5833;-63.005;-241;100;08-jul-76;02:47:00;34.58;1;4.3;1;10.3;1;1.08;1;12.1;2;2048;9.54;0.85
18HU76020_300;56;42.5833;-63.005;-242;125;08-jul-76;02:47:00;35.05;1;3.8;1;11.72;1;1.14;1;12.35;1;0;10.28;0.95
18HU76020_300;56;42.5833;-63.005;-243;150;08-jul-76;02:47:00;35.15;1;3.5;1;12.93;1;1.32;1;12.61;1;0;9.80;1.03
18HU76020_301;57;42.5;-63.0017;-244;10;08-jul-76;04:07:00;32.53;1;5.4;1;1.82;1;0.2;1;0.19;1;0;9.10;9.58
18HU76020_301;57;42.5;-63.0017;-245;30;08-jul-76;04:07:00;33.08;1;5.6;1;2.3;1;0.23;1;0.35;1;0;10.00;6.57
18HU76020_301;57;42.5;-63.0017;-246;40;08-jul-76;04:07:00;33.41;1;5.7;1;3.11;1;0.32;1;0.26;1;0;9.72;11.96
18HU76020_301;57;42.5;-63.0017;-247;50;08-jul-76;04:07:00;33.95;1;5.4;1;3.81;1;0.4;1;1.6;1;0;9.53;2.38
18HU76020_301;57;42.5;-63.0017;-248;75;08-jul-76;04:07:00;34.16;1;5;1;5.35;1;0.7;1;6.08;1;0;7.64;0.88
18HU76020_301;57;42.5;-63.0017;-249;100;08-jul-76;04:07:00;34.65;1;4.1;1;9.39;1;1.01;1;11.33;1;0;9.30;0.83
18HU76020_301;57;42.5;-63.0017;-250;125;08-jul-76;04:07:00;34.97;1;3.7;1;12.13;1;1.17;1;16.45;1;0;10.37;0.74
18HU76020_301;57;42.5;-63.0017;-251;150;08-jul-76;04:07:00;35.05;1;3.3;1;12.71;1;1.38;1;17.64;1;0;9.21;0.72
18HU76020_302;58;42.5;-63.1667;-252;10;08-jul-76;05:13:00;32.46;1;5.3;1;1.98;1;0.21;1;0.02;1;0;9.43;99.00
18HU76020_302;58;42.5;-63.1667;-253;30;08-jul-76;05:13:00;32.79;1;5.5;1;1.83;1;0.24;1;0.11;1;0;7.63;16.64
18HU76020_302;58;42.5;-63.1667;-254;40;08-jul-76;05:13:00;33.33;1;5.6;1;2.18;1;0.29;1;0.02;1;0;7.52;109.00
18HU76020_302;58;42.5;-63.1667;-255;50;08-jul-76;05:13:00;33.64;1;5.7;1;3.49;1;0.55;1;2.91;1;0;6.35;1.20
18HU76020_302;58;42.5;-63.1667;-256;75;08-jul-76;05:13:00;34.19;1;5;1;6.5;1;0.8;1;5.08;1;0;8.13;1.28
18HU76020_302;58;42.5;-63.1667;-257;100;08-jul-76;05:13:00;34.46;1;4.5;1;7.53;1;0.93;1;10.49;1;0;8.10;0.72
18HU76020_302;58;42.5;-63.1667;-258;125;08-jul-76;05:13:00;35;1;4.1;1;10.26;1;1.07;1;12.09;1;0;9.59;0.85
18HU76020_302;58;42.5;-63.1667;-259;150;08-jul-76;05:13:00;35.15;1;3.7;1;12.05;1;1.27;1;11.49;1;0;9.49;1.05
18HU76020_303;59;42.5;-63.3367;-260;10;08-jul-76;06:26:00;31.67;1;5.1;1;1.64;1;0.28;1;0.18;1;0;5.86;9.11
18HU76020_303;59;42.5;-63.3367;-261;30;08-jul-76;06:26:00;32.62;1;5.5;1;1.78;1;0.22;1;0.12;1;0;8.09;14.83
18HU76020_303;59;42.5;-63.3367;-262;40;08-jul-76;06:26:00;32.68;1;5.6;1;2.93;1;0.33;1;0.22;1;0;8.88;13.32
18HU76020_303;59;42.5;-63.3367;-263;50;08-jul-76;06:26:00;33.13;1;5.6;1;3.94;1;0.52;1;3.13;1;0;7.58;1.26
18HU76020_303;59;42.5;-63.3367;-264;75;08-jul-76;06:26:00;33.51;1;5.3;1;5.52;1;0.73;1;5.33;1;0;7.56;1.04
18HU76020_303;59;42.5;-63.3367;-265;100;08-jul-76;06:26:00;34.17;1;4.8;1;8.28;1;0.91;1;12.09;2;2048;9.10;0.68
18HU76020_303;59;42.5;-63.3367;-266;125;08-jul-76;06:26:00;34.69;1;4.2;1;9.91;1;1.03;1;12.22;1;0;9.62;0.81
18HU76020_303;59;42.5;-63.3367;-267;150;08-jul-76;06:26:00;34.95;1;3.8;1;11.84;1;1.26;1;17.68;1;0;9.40;0.67
18HU76020_305;60;42.5;-63.5;-268;10;08-jul-76;07:55:00;31.39;1;5.3;1;1.39;1;0.36;1;0.05;1;0;3.86;27.80
18HU76020_305;60;42.5;-63.5;-269;30;08-jul-76;07:55:00;32.52;1;5.7;1;3.17;1;0.37;1;0.15;1;0;8.57;21.13
18HU76020_305;60;42.5;-63.5;-270;40;08-jul-76;07:55:00;33.03;1;5.8;1;1.91;1;0.29;1;0.01;1;0;6.59;191.00
18HU76020_305;60;42.5;-63.5;-271;50;08-jul-76;07:55:00;33.49;1;5.7;1;4.78;1;0.56;1;0.16;1;0;8.54;29.88
18HU76020_305;60;42.5;-63.5;-272;75;08-jul-76;07:55:00;34.17;1;4.8;1;7.77;1;0.89;1;8.26;1;0;8.73;0.94
18HU76020_305;60;42.5;-63.5;-273;100;08-jul-76;07:55:00;34.44;1;4.4;1;8.49;1;0.88;1;10.62;1;0;9.65;0.80
18HU76020_305;60;42.5;-63.5;-274;125;08-jul-76;07:55:00;34.74;1;4.1;1;9.9;1;1.09;1;14.44;1;0;9.08;0.69
18HU76020_305;60;42.5;-63.5;-275;150;08-jul-76;07:55:00;35.07;1;3.7;1;11.43;1;1.16;1;15.45;1;0;9.85;0.74
18HU76020_306;61;42.5;-63.6667;-276;10;08-jul-76;09:20:00;31.64;1;5.3;1;1.52;1;0.29;1;0.03;1;0;5.24;50.67
18HU76020_306;61;42.5;-63.6667;-277;30;08-jul-76;09:20:00;32.6;1;5.7;1;2.48;1;0.19;1;0;1;0;13.05;NaN
18HU76020_306;61;42.5;-63.6667;-278;40;08-jul-76;09:20:00;33.11;1;5.7;1;4.1;1;0.49;1;1.56;1;0;8.37;2.63
18HU76020_306;61;42.5;-63.6667;-279;50;08-jul-76;09:20:00;33.6;1;5.5;1;4.78;1;0.57;1;3.34;1;0;8.39;1.43
18HU76020_306;61;42.5;-63.6667;-280;75;08-jul-76;09:20:00;34.55;1;4.6;1;7.34;1;0.75;1;11.23;1;0;9.79;0.65
18HU76020_306;61;42.5;-63.6667;-281;100;08-jul-76;09:20:00;35.15;1;4.1;1;7.97;1;0.93;1;12.48;2;2048;8.57;0.64
18HU76020_306;61;42.5;-63.6667;-282;125;08-jul-76;09:20:00;35.19;1;3.8;1;10.24;1;1.05;1;15.85;1;0;9.75;0.65
18HU76020_306;61;42.5;-63.6667;-283;150;08-jul-76;09:20:00;35.21;1;3.4;1;12.56;1;1.28;1;18.07;1;0;9.81;0.70
18HU76020_307;62;42.5;-63.8333;-284;10;08-jul-76;10:28:00;31.35;1;5.5;1;1.83;1;0.28;1;0.06;1;0;6.54;30.50
18HU76020_307;62;42.5;-63.8333;-285;30;08-jul-76;10:28:00;32.79;1;6;1;1.51;1;0.24;1;0.31;1;0;6.29;4.87
18HU76020_307;62;42.5;-63.8333;-286;40;08-jul-76;10:28:00;33.6;1;5.8;1;2.72;1;0.33;1;0.26;1;0;8.24;10.46
18HU76020_307;62;42.5;-63.8333;-287;50;08-jul-76;10:28:00;33.48;1;5.3;1;4.09;1;0.51;1;4.1;1;0;8.02;1.00
18HU76020_307;62;42.5;-63.8333;-288;75;08-jul-76;10:28:00;34.47;1;4.5;1;7.92;1;0.88;1;11.06;1;0;9.00;0.72
18HU76020_307;62;42.5;-63.8333;-289;100;08-jul-76;10:28:00;35.08;1;4;1;8.29;1;0.96;1;11.83;2;2048;8.64;0.70
18HU76020_307;62;42.5;-63.8333;-290;125;08-jul-76;10:28:00;35.07;1;3.7;1;11.38;1;1.11;1;17.18;1;0;10.25;0.66
18HU76020_307;62;42.5;-63.8333;-291;150;08-jul-76;10:28:00;35.13;1;3.4;1;12.92;1;1.24;1;12.57;1;0;10.42;1.03
18HU76020_308;63;42.5017;-64.0083;-292;10;08-jul-76;12:01:00;31.59;1;6;1;1.37;1;0.28;1;0.17;1;0;4.89;8.06
18HU76020_308;63;42.5017;-64.0083;-293;30;08-jul-76;12:01:00;31.98;1;6.4;1;2.12;1;0.48;1;1.28;1;0;4.42;1.66
18HU76020_308;63;42.5017;-64.0083;-294;40;08-jul-76;12:01:00;32.13;1;6;1;3.86;1;0.73;1;4.9;1;0;5.29;0.79
18HU76020_308;63;42.5017;-64.0083;-295;50;08-jul-76;12:01:00;32.34;1;5.7;1;8.14;1;0.93;1;8.88;1;0;8.75;0.92
18HU76020_308;63;42.5017;-64.0083;-296;75;08-jul-76;12:01:00;34.51;1;4.4;1;7.62;1;0.71;1;9.59;1;0;10.73;0.79
18HU76020_308;63;42.5017;-64.0083;-297;100;08-jul-76;12:01:00;NaN;9;NaN;9;7.75;1;0.72;1;12;2;2048;10.76;0.65
18HU76020_308;63;42.5017;-64.0083;-298;125;08-jul-76;12:01:00;NaN;9;NaN;9;9.09;1;0.89;1;14.27;1;0;10.21;0.64
18HU76020_308;63;42.5017;-64.0083;-299;150;08-jul-76;12:01:00;35.54;1;3.6;1;10.72;1;1.03;1;15.37;1;0;10.41;0.70
18HU76020_317;71;43.5;-63.3333;-300;10;10-jul-76;05:30:00;31.3;1;5.7;1;1.76;1;0.29;1;0.02;1;0;6.07;88.00
18HU76020_317;71;43.5;-63.3333;-301;30;10-jul-76;05:30:00;31.99;1;7.3;1;1.22;1;0.46;1;0.33;1;0;2.65;3.70
18HU76020_317;71;43.5;-63.3333;-302;40;10-jul-76;05:30:00;31.92;1;6.9;1;2.99;1;0.71;1;2.02;1;0;4.21;1.48
18HU76020_317;71;43.5;-63.3333;-303;50;10-jul-76;05:30:00;NaN;9;NaN;9;4.1;1;0.83;1;3.42;1;0;4.94;1.20
18HU76020_317;71;43.5;-63.3333;-304;75;10-jul-76;05:30:00;NaN;9;NaN;9;10.9;1;1.05;1;8.59;1;0;10.38;1.27
18HU76020_317;71;43.5;-63.3333;-305;100;10-jul-76;05:30:00;33.04;1;4.2;1;16.92;1;1.33;1;13.7;1;0;12.72;1.24
18HU76020_317;71;43.5;-63.3333;-306;125;10-jul-76;05:30:00;34.69;1;3.6;1;16.1;1;1.37;1;15.18;1;0;11.75;1.06
18HU76020_317;71;43.5;-63.3333;-307;150;10-jul-76;05:30:00;34.89;1;3.4;1;16.75;1;1.44;1;14.69;1;0;11.63;1.14
18HU76020_318;72;43.3333;-63.33;-308;10;10-jul-76;07:27:00;31.34;1;6.1;1;1.49;1;0.28;1;0.05;1;0;5.32;29.80
18HU76020_318;72;43.3333;-63.33;-309;30;10-jul-76;07:27:00;32.06;1;7.1;1;1.05;1;0.44;1;0.3;1;0;2.39;3.50
18HU76020_318;72;43.3333;-63.33;-310;40;10-jul-76;07:27:00;31.96;1;7;1;2.2;1;0.83;1;0.96;1;0;2.65;2.29
18HU76020_318;72;43.3333;-63.33;-311;50;10-jul-76;07:27:00;32.13;1;6.7;1;NaN;9;NaN;9;NaN;9;0;NaN;NaN
18HU76020_318;72;43.3333;-63.33;-312;75;10-jul-76;07:27:00;32.77;1;5.9;1;9.76;1;1.14;1;10.39;1;0;8.56;0.94
18HU76020_318;72;43.3333;-63.33;-313;100;10-jul-76;07:27:00;33.65;1;4.8;1;13.36;1;1.23;1;11.74;1;0;10.86;1.14
18HU76020_318;72;43.3333;-63.33;-314;125;10-jul-76;07:27:00;34.46;1;4;1;14.51;1;1.43;1;13.85;1;0;10.15;1.05
18HU76020_318;72;43.3333;-63.33;-315;150;10-jul-76;07:27:00;34.81;1;3.4;1;17.62;1;1.48;1;14.54;1;0;11.91;1.21
18HU76020_319;73;43.1667;-63.33;-316;10;10-jul-76;09:00:00;31.6;1;6.1;1;1.76;1;0.31;1;0.03;1;0;5.68;58.67
18HU76020_319;73;43.1667;-63.33;-317;30;10-jul-76;09:00:00;31.84;1;6.9;1;2.32;1;0.52;1;0.36;1;0;4.46;6.44
18HU76020_319;73;43.1667;-63.33;-318;40;10-jul-76;09:00:00;32.08;1;6.8;1;3.27;1;0.8;1;3.08;1;0;4.09;1.06
18HU76020_319;73;43.1667;-63.33;-319;50;10-jul-76;09:00:00;32.13;1;6.5;1;6.52;1;0.99;1;4.17;1;0;6.59;1.56
18HU76020_319;73;43.1667;-63.33;-320;75;10-jul-76;09:00:00;32.89;1;5.9;1;10.93;1;1.08;1;8.12;1;0;10.12;1.35
18HU76020_319;73;43.1667;-63.33;-321;100;10-jul-76;09:00:00;34.05;1;4.7;1;12.24;1;0.81;1;12.59;1;0;15.11;0.97
18HU76020_319;73;43.1667;-63.33;-322;125;10-jul-76;09:00:00;34.96;1;3.7;1;14.47;1;1.42;1;16.22;1;0;10.19;0.89
18HU76020_319;73;43.1667;-63.33;-323;150;10-jul-76;09:00:00;35.08;1;3.9;1;13.18;1;1.29;1;16.8;1;0;10.22;0.78
18HU76020_320;74;43.0133;-63.3317;-324;10;10-jul-76;10:40:00;31.5;1;6.3;1;1.56;1;0.26;1;0.06;1;0;6.00;26.00
18HU76020_320;74;43.0133;-63.3317;-325;30;10-jul-76;10:40:00;31.96;1;6.8;1;1.53;1;0.25;1;0.15;1;0;6.12;10.20
18HU76020_320;74;43.0133;-63.3317;-326;40;10-jul-76;10:40:00;32.13;1;7;1;4.09;1;0.63;1;1;1;0;6.49;4.09
18HU76020_320;74;43.0133;-63.3317;-327;50;10-jul-76;10:40:00;32.2;1;6.9;1;4.8;1;0.85;1;4.27;1;0;5.65;1.12
18HU76020_320;74;43.0133;-63.3317;-328;75;10-jul-76;10:40:00;33.34;1;5;1;14.3;1;1.25;1;11.01;1;0;11.44;1.30
18HU76020_320;74;43.0133;-63.3317;-329;100;10-jul-76;10:40:00;34.31;1;4.6;1;10.38;1;1.13;1;11.39;1;0;9.19;0.91
18HU76020_320;74;43.0133;-63.3317;-330;125;10-jul-76;10:40:00;34.72;1;4;1;12.97;1;1.37;1;13.41;1;0;9.47;0.97
18HU76020_320;74;43.0133;-63.3317;-331;150;10-jul-76;10:40:00;35.01;1;3.8;1;14.11;1;1.37;1;13.46;1;0;10.30;1.05
18HU76020_321;75;42.8383;-63.335;-332;10;10-jul-76;11:13:00;31.4;1;5.8;1;1.48;1;0.3;1;0.06;1;0;4.93;24.67
18HU76020_321;75;42.8383;-63.335;-333;30;10-jul-76;11:13:00;31.91;1;6.3;1;2.77;1;0.36;1;0.13;1;0;7.69;21.31
18HU76020_321;75;42.8383;-63.335;-334;40;10-jul-76;11:13:00;32.45;1;6.6;1;2.62;1;0.44;1;0.39;1;0;5.95;6.72
18HU76020_321;75;42.8383;-63.335;-335;50;10-jul-76;11:13:00;32.59;1;6.8;1;NaN;9;NaN;9;NaN;9;0;NaN;NaN
18HU76020_321;75;42.8383;-63.335;-336;75;10-jul-76;11:13:00;33.57;1;5.7;1;7.71;1;0.88;1;10.06;1;0;8.76;0.77
18HU76020_321;75;42.8383;-63.335;-337;100;10-jul-76;11:13:00;34.45;1;4.9;1;8.67;1;0.96;1;9.06;1;0;9.03;0.96
18HU76020_321;75;42.8383;-63.335;-338;125;10-jul-76;11:13:00;35;1;4.2;1;10.9;1;1.08;1;14.8;1;0;10.09;0.74
18HU76020_321;75;42.8383;-63.335;-339;150;10-jul-76;11:13:00;35.11;1;4.1;1;12.25;1;1.27;1;13.5;1;0;9.65;0.91
18HU76020_322;76;42.6667;-63.3317;-340;10;10-jul-76;13:21:00;31.55;1;5.5;1;1.29;1;0.33;1;0;1;0;3.91;NaN
18HU76020_322;76;42.6667;-63.3317;-341;30;10-jul-76;13:21:00;32.36;1;6.4;1;1.91;1;0.31;1;0.3;1;0;6.16;6.37
18HU76020_322;76;42.6667;-63.3317;-342;40;10-jul-76;13:21:00;32.68;1;6.8;1;1.91;1;0.42;1;0.11;1;0;4.55;17.36
18HU76020_322;76;42.6667;-63.3317;-343;50;10-jul-76;13:21:00;33.21;1;6.6;1;2.14;1;0.41;1;0.19;1;0;5.22;11.26
18HU76020_322;76;42.6667;-63.3317;-344;75;10-jul-76;13:21:00;33.92;1;5.4;1;8.67;1;0.95;1;8.52;1;0;9.13;1.02
18HU76020_322;76;42.6667;-63.3317;-345;100;10-jul-76;13:21:00;34.45;1;5;1;6.25;1;0.76;1;10.41;1;0;8.22;0.60
18HU76020_322;76;42.6667;-63.3317;-346;125;10-jul-76;13:21:00;34.84;1;4.4;1;10.15;1;1.07;1;13.36;1;0;9.49;0.76
18HU76020_322;76;42.6667;-63.3317;-347;150;10-jul-76;13:21:00;35.11;1;3.8;1;11.44;1;1.16;1;16.15;1;0;9.86;0.71
