CTD;CTD;CTD;CTD;CTD;CTD;CTD;CTD;CTD;CTD;CTD;labo;labo;CTD;labo;labo;labo;labo;labo;labo;labo;labo;labo;calc;calc
Fichier;Station;Latitude;Longitude;Echantillon;zbouteille;Date;Heure;PSAL;TE90;DOXY;OXYM_01;CHL_03;FLOR;NO2_01;Q_NO2;NOx_01;Q_NOX;PO4_01;Q_PO4;Si_01;Q_Si;QCFF;N_P;N_Si
(nom);(nom/no);(degres);(degres);(no_unique);(dbar);(jj-mmm-yyyy);(GMT);(psu);(celsius);(ml/l);(mmol/m**3);(mg/m**3);(mg/m**3);(mmol/m**3);((none));(mmol/m**3);((none));(mmol/m**3);((none));(mmol/m**3);((none));((none));((none));((none))
18HU07049_940;571;47.82783;-64.25;292728;3.77;05-nov-07;00:53:00;30.12;7.38;302.92878;6.753;1.03;1.631;0.135;1;1.48;1;0.44;1;2.615;1;256;3.36;0.57
18HU07049_940;571;47.82783;-64.25;292727;5.26;05-nov-07;00:53:00;30.12;7.38;303.06276;6.7575;1.045;1.665;0.14;1;1.475;1;0.44;1;2.62;1;256;3.35;0.56
18HU07049_940;571;47.82783;-64.25;292726;15.47;05-nov-07;00:53:00;30.13;7.38;303.0181;6.777;1.095;1.624;0.135;1;1.51;1;0.435;1;2.595;1;256;3.47;0.58
18HU07049_940;571;47.82783;-64.25;292725;25.38;05-nov-07;00:53:00;30.19;7.28;301.81228;6.777;1.08;1.612;0.135;1;1.595;1;0.445;1;2.645;1;256;3.58;0.60
18HU07049_940;571;47.82783;-64.25;292724;32.52;05-nov-07;00:53:00;30.6;6.35;291.89776;6.735;0.86;1.189;0.155;1;2.715;1;0.535;1;3.455;1;256;5.07;0.79
18HU07049_941;581;47.741;-63.99983;292734;2.88;05-nov-07;02:39:00;30.25;6.99;305.51906;6.8135;0.82;1.62;0.15;1;1.8;1;0.45;1;2.6;1;256;4.00;0.69
18HU07049_941;581;47.741;-63.99983;292733;6.05;05-nov-07;02:39:00;30.25;6.99;305.51906;6.818;0.85;1.6;0.15;1;1.8;1;0.45;1;2.445;1;256;4.00;0.74
18HU07049_941;581;47.741;-63.99983;292732;14.87;05-nov-07;02:39:00;30.25;6.99;305.83168;6.811;0.76;1.595;0.15;1;1.835;1;0.455;1;2.43;1;256;4.03;0.76
18HU07049_941;581;47.741;-63.99983;292731;25.88;05-nov-07;02:39:00;30.28;6.95;305.16178;6.842;0.82;1.603;0.15;1;1.905;1;0.47;1;2.46;1;256;4.05;0.77
18HU07049_941;581;47.741;-63.99983;292730;50.17;05-nov-07;02:39:00;31.4;4.73;283.8143;6.526;0.215;0.492;0.28;1;4.97;1;0.745;1;4.485;1;256;6.67;1.11
18HU07049_941;581;47.741;-63.99983;292729;72.97;05-nov-07;02:39:00;32.2;1.43;222.8534;5.2325;0.26;0.46;0.18;1;14.5;1;1.6;1;27.27;1;256;9.06;0.53
18HU07049_942;591;47.66083;-63.75067;292740;2.18;05-nov-07;04:19:00;30.47;6.79;307.35012;6.838;0.99;1.771;0.115;1;1.87;1;0.445;1;2.23;1;256;4.20;0.84
18HU07049_942;591;47.66083;-63.75067;292739;6.05;05-nov-07;04:19:00;30.47;6.8;307.21614;6.864;1.045;1.758;0.115;1;1.905;1;0.45;1;2.46;1;256;4.23;0.77
18HU07049_942;591;47.66083;-63.75067;292738;16.16;05-nov-07;04:19:00;30.47;6.79;307.52876;6.849;1.105;1.793;0.115;1;1.92;1;0.455;1;2.22;1;256;4.22;0.86
18HU07049_942;591;47.66083;-63.75067;292737;25.19;05-nov-07;04:19:00;30.47;6.81;307.4841;6.841;0.995;1.813;0.115;1;1.905;1;0.46;1;2.28;1;256;4.14;0.84
18HU07049_942;591;47.66083;-63.75067;292736;51.06;05-nov-07;04:19:00;32;1.75;253.80278;5.373;0.165;0.46;0.125;1;13.365;1;1.385;1;20.955;1;256;9.65;0.64
18HU07049_942;591;47.66083;-63.75067;292735;55.23;05-nov-07;04:19:00;32.05;1.55;241.34264;5.2245;0.22;0.472;0.14;1;14.205;1;1.45;1;23.48;1;256;9.80;0.60
18HU07049_943;601;47.50033;-63.24917;292746;1.98;05-nov-07;06:55:00;30.38;8.01;295.6492;6.609;0.935;1.905;0.11;1;1.385;1;0.44;1;2.575;1;256;3.15;0.54
18HU07049_943;601;47.50033;-63.24917;292745;5.55;05-nov-07;06:55:00;30.38;7.98;295.33658;6.613;0.945;1.905;0.1;1;1.39;1;0.44;1;2.035;1;256;3.16;0.68
18HU07049_943;601;47.50033;-63.24917;292744;15.07;05-nov-07;06:55:00;30.38;7.98;295.55988;6.642;0.945;1.909;0.1;1;1.365;1;0.425;1;2.38;1;256;3.21;0.57
18HU07049_943;601;47.50033;-63.24917;292743;25.78;05-nov-07;06:55:00;30.38;7.99;295.69386;6.626;1.05;1.913;0.095;1;1.355;1;0.43;1;2.58;1;256;3.15;0.53
18HU07049_943;601;47.50033;-63.24917;292742;49.87;05-nov-07;06:55:00;31.34;3.33;261.57362;5.889;0.145;0.546;0.12;1;8.37;1;1.115;1;13.495;1;256;7.51;0.62
18HU07049_943;601;47.50033;-63.24917;292741;69.7;05-nov-07;06:55:00;32.14;0.68;217.85148;4.816;0.11;0.455;0.07;1;17.06;1;1.64;1;30.25;1;256;10.40;0.56
18HU07049_944;611;47.3295;-62.74983;292751;2.28;05-nov-07;09:24:00;30.73;7.06;302.30354;6.77;0.97;1.738;0.135;1;1.865;1;0.48;1;2.43667;1;256;3.89;0.77
18HU07049_944;611;47.3295;-62.74983;292750;6.15;05-nov-07;09:24:00;30.73;7.05;302.39286;6.745;1.04;1.798;0.13;1;1.865;1;0.48;1;2.685;1;256;3.89;0.69
18HU07049_944;611;47.3295;-62.74983;292749;14.78;05-nov-07;09:24:00;30.84;6.79;301.41034;6.721;1.165;1.752;0.1;1;2.46;1;0.735;1;3.615;1;256;3.35;0.68
18HU07049_944;611;47.3295;-62.74983;292748;24.99;05-nov-07;09:24:00;30.87;6.7;300.69578;6.709;1.1;1.678;0.145;1;2.70667;1;0.52;1;3.125;1;256;5.21;0.87
18HU07049_944;611;47.3295;-62.74983;292747;43.73;05-nov-07;09:24:00;31.01;5.91;295.91716;6.614;0.705;1.256;0.15;1;3.52;1;0.605;1;5.275;1;256;5.82;0.67
18HU07049_945;621;47.1705;-62.256;292756;1.29;05-nov-07;12:04:00;30.66;7.58;301.14238;NaN;NaN;2.376;NaN;9;NaN;9;NaN;9;NaN;9;0;NaN;NaN
18HU07049_945;621;47.1705;-62.256;292755;5.55;05-nov-07;12:04:00;30.68;7.54;300.91908;6.767;1.96;2.771;0.1;1;1.2;1;0.39;1;1.5;1;256;3.08;0.80
18HU07049_945;621;47.1705;-62.256;292754;14.87;05-nov-07;12:04:00;30.7;7.52;301.18704;6.756;1.815;2.566;0.105;1;1.255;1;0.4;1;1.57;1;256;3.14;0.80
18HU07049_945;621;47.1705;-62.256;292753;25.29;05-nov-07;12:04:00;30.76;7.43;301.6783;6.762;1.625;2.414;0.11;1;1.32;1;0.415;1;1.77333;1;256;3.18;0.74
18HU07049_945;621;47.1705;-62.256;292752;32.92;05-nov-07;12:04:00;30.81;7.24;300.60646;6.752;1.47;2.048;0.105;1;1.48;1;0.43;1;2.09333;1;256;3.44;0.71
18HU07049_946;631;47.0025;-61.75617;292761;2.78;05-nov-07;14:56:00;30.86;6.95;297.6589;6.6875;2.745;4.292;0.105;1;3.075;1;0.745;1;5.95;1;256;4.13;0.52
18HU07049_946;631;47.0025;-61.75617;292760;5.36;05-nov-07;14:56:00;30.86;6.95;297.2123;6.683;2.965;4.071;0.085;1;2.895;1;0.605;1;5.175;1;256;4.79;0.56
18HU07049_946;631;47.0025;-61.75617;292759;15.57;05-nov-07;14:56:00;30.87;6.93;296.58706;6.647;2.685;3.311;0.09;1;2.95;1;0.615;1;5.14;1;256;4.80;0.57
18HU07049_946;631;47.0025;-61.75617;292758;24.89;05-nov-07;14:56:00;30.91;6.67;293.46086;6.635;2.59;3.188;0.095;1;3.13;1;0.62;1;5.775;1;256;5.05;0.54
18HU07049_946;631;47.0025;-61.75617;292757;31.73;05-nov-07;14:56:00;30.98;6.2;292.43368;6.564;2.485;2.902;0.095;1;3.94;1;0.69;1;7.135;1;256;5.71;0.55
18HU07049_947;641;46.90133;-61.49983;292766;1.79;05-nov-07;16:37:00;30.88;5.91;NaN;6.58;1.35;1.793;0.095;1;4.48;1;0.72;1;7.39;1;0;6.22;0.61
18HU07049_947;641;46.90133;-61.49983;292765;5.65;05-nov-07;16:37:00;30.89;5.85;292.83562;6.578;1.415;2.258;0.1;1;4.435;1;0.72;1;7.485;1;256;6.16;0.59
18HU07049_947;641;46.90133;-61.49983;292764;14.97;05-nov-07;16:37:00;30.94;5.72;291.27252;6.557;1.195;2.066;0.1;1;4.56;1;0.745;1;7.89;1;256;6.12;0.58
18HU07049_947;641;46.90133;-61.49983;292763;25.29;05-nov-07;16:37:00;31;5.59;290.87058;6.552;1.29;2.068;0.095;1;4.82;1;0.785;1;8.22;1;256;6.14;0.59
18HU07049_947;641;46.90133;-61.49983;292762;44.32;05-nov-07;16:37:00;31.63;1.46;265.77166;5.8935;0.275;0.729;0.095;1;11.44;1;1.355;1;20.405;1;256;8.44;0.56
18HU07049_948;651;46.82917;-61.24767;292771;2.28;05-nov-07;18:08:00;30.64;7.75;298.28414;6.6865;2.7;3.744;0.07;1;2.355;1;0.52;1;4.19;1;256;4.53;0.56
18HU07049_948;651;46.82917;-61.24767;292770;5.55;05-nov-07;18:08:00;30.64;7.75;297.92686;6.582;2.75;3.641;0.07;1;2.485;1;0.535;1;4.36;1;256;4.64;0.57
18HU07049_948;651;46.82917;-61.24767;292769;15.57;05-nov-07;18:08:00;30.64;7.58;293.68416;6.504;2.655;3.973;0.08;1;2.765;1;0.57;1;4.735;1;256;4.85;0.58
18HU07049_948;651;46.82917;-61.24767;292768;25.49;05-nov-07;18:08:00;30.68;7.38;291.45116;5.955;0.285;3.001;0.1;1;10.525;1;1.26;1;17.33;1;256;8.35;0.61
18HU07049_948;651;46.82917;-61.24767;292767;52.95;05-nov-07;18:08:00;32.09;1.62;270.77358;5.9885;0.19;0.541;0.1;1;10.835;1;1.26;1;17.47;1;256;8.60;0.62
18HU07049_949;661;46.74517;-60.99883;292776;1.88;05-nov-07;19:45:00;29.7;10.57;286.22594;6.431;2.065;3.263;0.04;1;0.47;1;0.31;1;1.17667;1;256;1.52;0.40
18HU07049_949;661;46.74517;-60.99883;292775;5.85;05-nov-07;19:45:00;29.71;10.57;285.42206;6.433;2.19;3.562;0.05;1;0.505;1;0.375;1;1.22;1;256;1.35;0.41
18HU07049_949;661;46.74517;-60.99883;292774;16.16;05-nov-07;19:45:00;29.86;10.35;282.74246;6.36;2.28;3.006;0.04;1;0.485;1;0.31;1;1.00333;1;256;1.56;0.48
18HU07049_949;661;46.74517;-60.99883;292773;24.39;05-nov-07;19:45:00;29.89;10.25;282.16188;6.335;1.965;2.392;0.045;1;0.54;1;0.325;1;1.02;1;256;1.66;0.53
18HU07049_949;661;46.74517;-60.99883;292772;52.75;05-nov-07;19:45:00;30.87;6.47;271.35416;6.103;1.355;1.446;0.09;1;4.165;1;0.69;1;7.25;1;256;6.04;0.57
18HU07049_950;671;46.95783;-60.21567;292782;1.88;06-nov-07;00:18:00;30.28;9.29;287.74438;6.481;0.915;1.686;0.06;1;1.345;1;0.395;1;2.435;1;256;3.41;0.55
18HU07049_950;671;46.95783;-60.21567;292781;6.05;06-nov-07;00:18:00;30.3;9.25;287.29778;6.469;0.915;1.631;0.06;1;1.315;1;0.405;1;2.45;1;256;3.25;0.54
18HU07049_950;671;46.95783;-60.21567;292780;15.07;06-nov-07;00:18:00;30.29;9.25;289.57544;6.466;0.93;1.621;0.06;1;1.38;1;0.41;1;2.545;1;256;3.37;0.54
18HU07049_950;671;46.95783;-60.21567;292779;25.78;06-nov-07;00:18:00;30.49;8.71;290.69194;6.55;0.82;1.587;0.07;1;1.715;1;0.445;1;2.795;1;256;3.85;0.61
18HU07049_950;671;46.95783;-60.21567;292778;49.68;06-nov-07;00:18:00;30.7;8.02;292.16572;6.545;0.68;1.33;0.09;1;2.3;1;0.495;1;3.325;1;256;4.65;0.69
18HU07049_950;671;46.95783;-60.21567;292777;72.48;06-nov-07;00:18:00;31.29;6.12;291.71912;6.5815;0.5;1.018;0.105;1;3.87;1;0.63;1;5.22;1;256;6.14;0.74
18HU07049_951;681;47.02183;-60.1155;292789;1.59;06-nov-07;01:36:00;30.18;9.47;286.18128;6.421;0.99;1.721;0.05;1;1.27;1;0.395;1;2.53;1;256;3.22;0.50
18HU07049_951;681;47.02183;-60.1155;292788;5.16;06-nov-07;01:36:00;30.19;9.46;286.2706;6.414;1.06;1.668;0.06;1;1.275;1;0.4;1;2.405;1;256;3.19;0.53
18HU07049_951;681;47.02183;-60.1155;292787;15.57;06-nov-07;01:36:00;30.29;9.26;286.2706;6.433;0.86;1.531;0.06;1;1.345;1;0.42;1;2.565;1;256;3.20;0.52
18HU07049_951;681;47.02183;-60.1155;292786;25.19;06-nov-07;01:36:00;30.44;8.93;289.3968;6.486;0.765;1.451;0.06;1;1.51;1;0.44;1;2.86;1;256;3.43;0.53
18HU07049_951;681;47.02183;-60.1155;292785;50.77;06-nov-07;01:36:00;31.17;6.21;293.4162;6.615;0.55;1.159;0.1;1;4.04;1;0.645;1;5.155;1;256;6.26;0.78
18HU07049_951;681;47.02183;-60.1155;292784;99.74;06-nov-07;01:36:00;32.98;1.2;291.6298;6.556;0.065;0.349;0.025;1;9.93;1;1.03;1;8.915;1;256;9.64;1.11
18HU07049_951;681;47.02183;-60.1155;292783;169.41;06-nov-07;01:36:00;34.51;5.3;149.96828;3.349;NaN;0.328;0.03;1;21.66;1;1.62;1;28.055;1;256;13.37;0.77
18HU07049_952;691;47.09833;-59.98967;292798;1.88;06-nov-07;03:11:00;30.97;7.62;301.2317;6.78;0.61;1.72;0.085;1;1.51;1;0.44;1;2.225;1;256;3.43;0.68
18HU07049_952;691;47.09833;-59.98967;292797;5.65;06-nov-07;03:11:00;30.97;7.61;300.87442;6.6755;0.59;1.728;0.085;1;1.515;1;0.45;1;2.19;1;256;3.37;0.69
18HU07049_952;691;47.09833;-59.98967;292796;15.07;06-nov-07;03:11:00;31.04;7.21;300.20452;6.575;0.52;1.434;0.08;1;6.37;2;0.82;1;7.075;1;2304;7.77;0.90
18HU07049_952;691;47.09833;-59.98967;292795;25.48;06-nov-07;03:11:00;31.41;5.8;300.1152;6.737;0.485;1.107;0.1;1;3.645;1;0.62;1;4.165;1;256;5.88;0.88
18HU07049_952;691;47.09833;-59.98967;292794;51.16;06-nov-07;03:11:00;32.32;1.66;303.64334;6.71;0.49;0.487;0.1;1;3.75;1;0.63;1;4.465;1;256;5.95;0.84
18HU07049_952;691;47.09833;-59.98967;292793;99.84;06-nov-07;03:11:00;32.87;0.71;317.35396;7.186;0.04;0.31;0.03;1;7.315;1;0.9;1;4.3;1;256;8.13;1.70
18HU07049_952;691;47.09833;-59.98967;292792;199.13;06-nov-07;03:11:00;34.38;5.37;147.69062;3.872;NaN;0.285;0.01;1;20.185;1;1.48;1;20.82;1;256;13.64;0.97
18HU07049_952;691;47.09833;-59.98967;292791;304.92;06-nov-07;03:11:00;34.77;5.43;145.05568;3.216;NaN;0.299;0.01;1;22.98;1;1.69;1;32.9;1;256;13.60;0.70
18HU07049_952;691;47.09833;-59.98967;292790;320.66;06-nov-07;03:11:00;34.81;5.31;152.42458;3.4465;NaN;0.302;0.02;1;22.23;1;1.65;1;33.8;1;256;13.47;0.66
18HU07049_953;701;47.26817;-59.78217;292808;2.98;06-nov-07;05:48:00;31.15;6.84;306.76954;6.851;0.715;1.754;0.09;1;2.235;1;0.51;1;3.19;1;256;4.38;0.70
18HU07049_953;701;47.26817;-59.78217;292807;5.75;06-nov-07;05:48:00;31.15;6.84;306.8142;6.847;0.89;1.742;0.09;1;2.24;1;0.5;1;3.205;1;256;4.48;0.70
18HU07049_953;701;47.26817;-59.78217;292806;15.77;06-nov-07;05:48:00;31.39;6.32;311.19088;6.908;1.015;2.027;0.095;1;2.305;1;0.515;1;3.13667;1;256;4.48;0.73
18HU07049_953;701;47.26817;-59.78217;292805;25.88;06-nov-07;05:48:00;31.72;5.75;316.01416;7.037;0.885;2.213;0.095;1;1.99;1;0.495;1;2.26333;1;256;4.02;0.88
18HU07049_953;701;47.26817;-59.78217;292804;52.65;06-nov-07;05:48:00;32.06;4.27;315.79086;7.189;0.55;1.419;0.1;1;2.72;1;0.555;1;2.27333;1;256;4.90;1.20
18HU07049_953;701;47.26817;-59.78217;292803;102.61;06-nov-07;05:48:00;33.19;1.56;275.15026;6.336;0.03;0.29;0.02;1;10.995;1;1.07;1;9.175;1;256;10.28;1.20
18HU07049_953;701;47.26817;-59.78217;292802;202.2;06-nov-07;05:48:00;34.27;4.99;169.61868;3.497;NaN;0.279;0.01;1;20.6;1;1.585;1;25.43;1;256;13.00;0.81
18HU07049_953;701;47.26817;-59.78217;292801;298.97;06-nov-07;05:48:00;34.71;5.43;175.87108;3.988;NaN;0.257;0.01;1;21.07;1;1.48;1;21.84;1;256;14.24;0.96
18HU07049_953;701;47.26817;-59.78217;292800;395.99;06-nov-07;05:48:00;34.84;5.15;166.49248;3.742;NaN;0.274;0.01;1;21.785;1;1.615;1;32.595;1;256;13.49;0.67
18HU07049_953;701;47.26817;-59.78217;292799;449.73;06-nov-07;05:48:00;34.84;5.03;174.97788;3.9395;NaN;0.281;0.01;1;21.175;1;1.57;1;32.115;1;256;13.49;0.66
18HU07049_954;711;47.433;-59.55967;292818;2.78;06-nov-07;08:40:00;32.22;4.74;324.76752;7.238;0.825;1.985;0.105;1;2;1;0.505;1;1.83;1;256;3.96;1.09
18HU07049_954;711;47.433;-59.55967;292817;5.35;06-nov-07;08:40:00;32.22;4.74;324.85684;7.235;0.85;1.964;0.1;1;1.98;1;0.5;1;1.84;1;256;3.96;1.08
18HU07049_954;711;47.433;-59.55967;292816;15.57;06-nov-07;08:40:00;32.23;4.69;324.54422;7.24;0.835;1.9;0.11;1;2.005;1;0.505;1;1.79;1;256;3.97;1.12
18HU07049_954;711;47.433;-59.55967;292815;25.38;06-nov-07;08:40:00;32.23;4.66;323.42772;7.219;0.665;1.771;0.12;1;2.09;1;0.505;1;1.84;1;256;4.14;1.14
18HU07049_954;711;47.433;-59.55967;292814;50.07;06-nov-07;08:40:00;32.46;2.96;328.34032;7.335;0.345;1.086;0.16;1;3.375;1;0.63;1;2.43;1;256;5.36;1.39
18HU07049_954;711;47.433;-59.55967;292813;99.84;06-nov-07;08:40:00;33.04;0.41;314.36174;7.338;0.345;0.292;0.155;1;3.28;1;0.615;1;2.28;1;256;5.33;1.44
18HU07049_954;711;47.433;-59.55967;292812;198.83;06-nov-07;08:40:00;34.36;5.49;187.52734;4.203;NaN;0.26;0.015;1;18.385;1;1.365;1;16.92;1;256;13.47;1.09
18HU07049_954;711;47.433;-59.55967;292811;300.95;06-nov-07;08:40:00;34.66;5.47;172.74488;3.877;NaN;0.26;0.015;1;20.545;1;1.48;1;22.04;1;256;13.88;0.93
18HU07049_954;711;47.433;-59.55967;292810;401.23;06-nov-07;08:40:00;34.83;5.05;180.873;4.064;NaN;0.263;0.01;1;21.015;1;1.515;1;27.945;1;256;13.87;0.75
18HU07049_954;711;47.433;-59.55967;292809;462.48;06-nov-07;08:40:00;34.84;4.86;184.40114;4.1605;NaN;0.279;0.015;1;20.575;1;1.555;1;31.905;1;256;13.23;0.64
18HU07049_955;721;47.58133;-59.3425;292826;1.39;06-nov-07;11:19:00;31.77;5.89;326.82188;7.3015;1.315;2.006;0.11;1;1.505;1;0.435;1;1.695;1;256;3.46;0.89
18HU07049_955;721;47.58133;-59.3425;292825;5.65;06-nov-07;11:19:00;31.73;5.86;327.75974;7.315;1.42;1.989;0.115;1;1.51;1;0.425;1;1.63;1;256;3.55;0.93
18HU07049_955;721;47.58133;-59.3425;292824;15.17;06-nov-07;11:19:00;32.09;5.92;317.21998;7.114;0.72;1.458;0.11;1;1.415;1;0.43;1;1.53;1;256;3.29;0.92
18HU07049_955;721;47.58133;-59.3425;292823;24.89;06-nov-07;11:19:00;32.13;5.8;316.1928;7.07;0.615;1.325;0.11;1;1.46;1;0.435;1;1.415;1;256;3.36;1.03
18HU07049_955;721;47.58133;-59.3425;292822;49.58;06-nov-07;11:19:00;32.14;5.26;320.52482;7.163;0.485;1.154;0.13;1;1.825;1;0.48;1;1.725;1;256;3.80;1.06
18HU07049_955;721;47.58133;-59.3425;292821;100.13;06-nov-07;11:19:00;32.56;2.28;326.33062;7.352;0.225;0.71;0.16;1;4.1;1;0.685;1;3.215;1;256;5.99;1.28
18HU07049_955;721;47.58133;-59.3425;292820;198.83;06-nov-07;11:19:00;34.08;4.34;215.30586;4.745;NaN;0.258;0.035;1;16.77;1;1.31;1;15.94;1;256;12.80;1.05
18HU07049_955;721;47.58133;-59.3425;292819;252.42;06-nov-07;11:19:00;34.51;5.26;189.71568;4.225;NaN;0.249;0.035;1;19.47;1;1.405;1;19.565;1;256;13.86;1.00
18HU07049_956;731;47.67;-59.86817;292836;2.97;06-nov-07;19:04:00;32.31;4.07;326.4646;7.4065;0.74;1.642;0.14;1;2.47;1;0.525;1;1.78;1;256;4.70;1.39
18HU07049_956;731;47.67;-59.86817;292835;5.26;06-nov-07;19:04:00;32.31;4.09;326.28596;7.387;0.81;1.78;0.135;1;2.41;1;0.52;1;1.945;1;256;4.63;1.24
18HU07049_956;731;47.67;-59.86817;292834;15.47;06-nov-07;19:04:00;32.36;3.55;331.86846;7.455;0.635;1.546;0.15;1;2.85;1;0.56;1;2.085;1;256;5.09;1.37
18HU07049_956;731;47.67;-59.86817;292833;25.09;06-nov-07;19:04:00;32.37;3.45;331.33254;7.437;0.58;1.559;0.155;1;3.015;1;0.57;1;2.145;1;256;5.29;1.41
18HU07049_956;731;47.67;-59.86817;292832;49.58;06-nov-07;19:04:00;32.47;2.63;334.54806;7.454;0.265;0.918;0.16;1;3.61;1;0.635;1;2.525;1;256;5.69;1.43
18HU07049_956;731;47.67;-59.86817;292831;100.13;06-nov-07;19:04:00;32.74;0.71;337.98688;NaN;NaN;0.341;NaN;9;NaN;9;NaN;9;NaN;9;0;NaN;NaN
18HU07049_956;731;47.67;-59.86817;292830;200.51;06-nov-07;19:04:00;33.94;4.24;216.86896;4.795;NaN;0.264;0.02;1;16.29;1;1.29;1;16.065;1;256;12.63;1.01
18HU07049_956;731;47.67;-59.86817;292829;295;06-nov-07;19:04:00;34.58;5.51;170.33324;3.879;NaN;0.263;0.02;1;20.525;1;1.455;1;21.77;1;256;14.11;0.94
18HU07049_956;731;47.67;-59.86817;292828;400.13;06-nov-07;19:04:00;34.79;5.2;182.52542;4.129;NaN;0.257;0.02;1;21.01;1;1.465;1;24.38;1;256;14.34;0.86
18HU07049_956;731;47.67;-59.86817;292827;510.16;06-nov-07;19:04:00;34.84;4.87;183.95454;4.361;NaN;0.276;0.03;1;20.52;1;1.51;1;31.725;1;256;13.59;0.65
