CTD;CTD;CTD;CTD;CTD;CTD;CTD;CTD;CTD;CTD;labo;labo;labo;CTD;labo;labo;labo;labo;labo;labo;labo;labo;labo;calc;calc
Fichier;Station;Latitude;Longitude;Echantillon;zbouteille;Date;Heure;PSAL;TE90;OXYM_01;CHL_01;CHL_03;FLOR;NO2_01;Q_NO2;NOx_01;Q_NOX;PO4_01;Q_PO4;Si_01;Q_Si;QCFF;N_P;N_Si
(nom);(nom/no);(degres);(degres);(no_unique);(dbar);(jj-mmm-yyyy);(GMT);(psu);(celsius);(mmol/m**3);(mg/m**3);(mg/m**3);(mg/m**3);(mmol/m**3);((none));(mmol/m**3);((none));(mmol/m**3);((none));(mmol/m**3);((none));((none));((none));((none))
18MF01015_572;421;47.58333;-59.34317;217698;2.48;05-jun-01;10:54:00;31.43;7.17;7.66;0.63;0.4;3.193;0.01;1;0.145;1;0.15;2;0.51;1;2048;0.97;0.28
18MF01015_572;421;47.58333;-59.34317;217697;5.45;05-jun-01;10:54:00;31.32;7.2;NaN;0.795;0.555;3.32;0.01;1;0.27;1;0.19;1;0.355;1;0;1.42;0.76
18MF01015_572;421;47.58333;-59.34317;217696;14.77;05-jun-01;10:54:00;31.35;7.19;NaN;0.765;0.49;3.177;0.015;1;0.17;1;0.235;1;0.45;1;0;0.72;0.38
18MF01015_572;421;47.58333;-59.34317;217695;25.29;05-jun-01;10:54:00;31.65;6.9;NaN;0.435;0.28;2.881;0.005;1;0.17;1;0.25;1;0.385;1;0;0.68;0.44
18MF01015_572;421;47.58333;-59.34317;217694;49.77;05-jun-01;10:54:00;31.85;4.43;NaN;0.4;0.36;2.64;0.025;1;0.77;1;0.37;1;0.62;1;0;2.08;1.24
18MF01015_572;421;47.58333;-59.34317;217693;100.63;05-jun-01;10:54:00;32.57;0.69;NaN;0.37;0.335;2.388;0.085;1;5.405;1;0.8;1;3.745;1;0;6.76;1.44
18MF01015_572;421;47.58333;-59.34317;217692;199.82;05-jun-01;10:54:00;34.2;5.3;NaN;NaN;NaN;2.158;0.1;1;17.075;1;1.29;1;14.515;1;0;13.24;1.18
18MF01015_572;421;47.58333;-59.34317;217691;250.83;05-jun-01;10:54:00;34.64;6.17;3.975;NaN;NaN;2.112;0.07;1;20.76;1;1.44;1;18.88;1;0;14.42;1.10
18MF01015_573;431;47.434;-59.558;217708;2.68;05-jun-01;12:53:00;31.93;6.19;7.765;0.43;0.255;2.038;0.01;1;0.06;1;0.295;1;0.48667;1;0;0.20;0.12
18MF01015_573;431;47.434;-59.558;217707;4.86;05-jun-01;12:53:00;32.06;3.37;NaN;0.805;0.625;2.522;0.02;1;0.58;1;0.38;1;0.615;1;0;1.53;0.94
18MF01015_573;431;47.434;-59.558;217706;15.07;05-jun-01;12:53:00;32.16;1.68;NaN;0.5;0.32;2.587;0.035;1;1.12;1;0.465;1;0.68;1;0;2.41;1.65
18MF01015_573;431;47.434;-59.558;217705;25.29;05-jun-01;12:53:00;32.2;1.37;NaN;0.575;0.435;2.483;0.035;1;1.295;1;0.505;1;0.835;1;0;2.56;1.55
18MF01015_573;431;47.434;-59.558;217704;51.76;05-jun-01;12:53:00;32.29;0.68;NaN;0.99;0.795;3.261;0.04;1;1.655;1;0.575;1;0.35;1;0;2.88;4.73
18MF01015_573;431;47.434;-59.558;217703;99.34;05-jun-01;12:53:00;32.51;0.07;NaN;0.735;0.615;2.505;0.075;1;4.785;1;0.805;1;2.83;1;0;5.94;1.69
18MF01015_573;431;47.434;-59.558;217702;200.61;05-jun-01;12:53:00;34.13;5.46;NaN;NaN;NaN;2.097;0.07;1;16.405;1;1.225;1;13.645;1;0;13.39;1.20
18MF01015_573;431;47.434;-59.558;217701;299.26;05-jun-01;12:53:00;34.76;5.85;NaN;NaN;NaN;2.115;0.015;1;21.545;1;1.48;1;20.26;1;0;14.56;1.06
18MF01015_573;431;47.434;-59.558;217700;399.84;05-jun-01;12:53:00;34.87;5.03;NaN;NaN;NaN;2.073;0.01;1;20.35;1;1.4;1;24.81;1;0;14.54;0.82
18MF01015_573;431;47.434;-59.558;217699;463.28;05-jun-01;12:53:00;34.87;5.04;4.745;NaN;NaN;2.138;0.01;1;20.335;1;1.33;1;23.07;1;0;15.29;0.88
18MF01015_574;441;47.2715;-59.78333;217718;2.88;05-jun-01;14:33:00;31.67;6.53;7.705;0.415;0.275;1.97;0.015;1;0.035;1;0.335;1;0.435;1;0;0.10;0.08
18MF01015_574;441;47.2715;-59.78333;217717;4.86;05-jun-01;14:33:00;31.66;6.51;NaN;0.375;0.23;1.909;0.01;1;0.055;1;0.34;1;0.425;1;0;0.16;0.13
18MF01015_574;441;47.2715;-59.78333;217716;14.48;05-jun-01;14:33:00;31.96;4.84;NaN;0.485;0.31;2.252;0.015;1;0.055;1;0.31;1;0.54;1;0;0.18;0.10
18MF01015_574;441;47.2715;-59.78333;217715;24.69;05-jun-01;14:33:00;32.14;1.4;NaN;1.1;0.92;4.964;0.035;1;0.955;1;0.48;1;1.06;1;0;1.99;0.90
18MF01015_574;441;47.2715;-59.78333;217714;49.48;05-jun-01;14:33:00;32.41;0.39;NaN;1.58;1.28;3.864;0.065;1;4.21;1;0.78;1;1.47;1;0;5.40;2.86
18MF01015_574;441;47.2715;-59.78333;217713;100.83;05-jun-01;14:33:00;32.69;0.44;NaN;0.265;0.215;2.433;0.075;1;4.595;1;0.835;1;3.88;1;0;5.50;1.18
18MF01015_574;441;47.2715;-59.78333;217712;200.32;05-jun-01;14:33:00;34.36;5.98;NaN;NaN;NaN;2.045;0.04;1;18.83;1;1.425;1;19.32;1;0;13.21;0.97
18MF01015_574;441;47.2715;-59.78333;217711;300.06;05-jun-01;14:33:00;34.71;5.44;NaN;NaN;NaN;2.035;0.015;1;20.945;1;1.77;1;25.76;1;0;11.83;0.81
18MF01015_574;441;47.2715;-59.78333;217710;400.44;05-jun-01;14:33:00;34.84;5.16;NaN;NaN;NaN;2.045;0.015;1;21.425;1;1.645;1;30.86;1;0;13.02;0.69
18MF01015_574;441;47.2715;-59.78333;217709;449.92;05-jun-01;14:33:00;34.86;5.12;4.34;NaN;NaN;2.027;0.02;1;23.005;1;1.575;1;34.08;1;0;14.61;0.68
18MF01015_575;451;47.10017;-59.99167;217727;0.99;05-jun-01;17:07:00;30.09;8.26;7.465;0.69;0.52;2.417;0.01;1;0.015;1;0.35;1;0.675;1;0;0.04;0.02
18MF01015_575;451;47.10017;-59.99167;217726;4.46;05-jun-01;17:07:00;30.09;8.22;NaN;0.635;0.38;2.384;0.01;1;0.015;1;0.35;1;0.68;1;0;0.04;0.02
18MF01015_575;451;47.10017;-59.99167;217725;14.28;05-jun-01;17:07:00;31.5;4.82;NaN;0.75;0.48;2.954;0.015;1;0.33;1;0.465;1;0.725;1;0;0.71;0.46
18MF01015_575;451;47.10017;-59.99167;217724;24.29;05-jun-01;17:07:00;31.86;1.31;NaN;0.495;0.315;2.637;0.04;1;2.005;1;0.72;1;1.595;1;0;2.78;1.26
18MF01015_575;451;47.10017;-59.99167;217723;51.07;05-jun-01;17:07:00;32.09;0.21;NaN;0.32;0.29;2.553;0.07;1;5.08;1;0.86;1;4.695;1;0;5.91;1.08
18MF01015_575;451;47.10017;-59.99167;217722;99.54;05-jun-01;17:07:00;32.67;0.75;NaN;0.185;0.17;2.174;0.055;1;9.71;1;1.125;1;9.575;1;0;8.63;1.01
18MF01015_575;451;47.10017;-59.99167;217721;200.03;05-jun-01;17:07:00;34.18;5.26;NaN;NaN;NaN;2.22;0.04;1;18.925;1;1.505;1;22.515;1;0;12.57;0.84
18MF01015_575;451;47.10017;-59.99167;217720;300.26;05-jun-01;17:07:00;34.57;5.71;NaN;NaN;NaN;2.37;0.03;1;22.125;1;1.635;1;28.37;1;0;13.53;0.78
18MF01015_575;451;47.10017;-59.99167;217719;315.61;05-jun-01;17:07:00;34.59;5.61;3.15;NaN;NaN;2.511;0.03;1;22.3;1;1.7;1;30.015;1;0;13.12;0.74
18MF01015_576;461;47.02333;-60.11617;217734;2.38;05-jun-01;18:49:00;30.23;6.49;8;0.795;0.445;2.951;0.015;1;0.21;1;0.385;1;1.03;1;0;0.55;0.20
18MF01015_576;461;47.02333;-60.11617;217733;5.85;05-jun-01;18:49:00;30.21;6.78;NaN;0.805;0.61;3.157;0.01;1;0.15;1;0.37;1;0.965;1;0;0.41;0.16
18MF01015_576;461;47.02333;-60.11617;217732;14.68;05-jun-01;18:49:00;30.49;3.72;NaN;0.905;0.6;3.91;0.025;1;0.485;1;0.46;1;1.3;1;0;1.05;0.37
18MF01015_576;461;47.02333;-60.11617;217731;24.3;05-jun-01;18:49:00;30.96;3.57;NaN;0.905;0.605;4.027;0.02;1;0.355;1;0.49;1;1.12;1;0;0.72;0.32
18MF01015_576;461;47.02333;-60.11617;217730;50.27;05-jun-01;18:49:00;31.83;1.04;NaN;0.205;0.13;2.422;0.065;1;2.805;1;0.705;1;2.48;1;0;3.98;1.13
18MF01015_576;461;47.02333;-60.11617;217729;100.83;05-jun-01;18:49:00;32.75;1.07;NaN;0.12;0.105;2.249;0.075;1;9.275;1;1.05;1;9.13;1;0;8.83;1.02
18MF01015_576;461;47.02333;-60.11617;217728;174.76;05-jun-01;18:49:00;34.09;4.85;3.72;NaN;NaN;2.644;0.075;1;19.3;1;1.615;1;24.76;1;0;11.95;0.78
18MF01015_577;471;46.95867;-60.21667;217740;0.79;05-jun-01;20:26:00;30.03;7.95;7.76;0.615;0.365;3.539;0.015;1;0.02;1;0.295;1;0.85;1;0;0.07;0.02
18MF01015_577;471;46.95867;-60.21667;217739;5.26;05-jun-01;20:26:00;30.08;7.58;NaN;0.71;0.48;3.971;0.015;1;0.095;1;0.36;1;1.01;1;0;0.26;0.09
18MF01015_577;471;46.95867;-60.21667;217738;14.88;05-jun-01;20:26:00;30.85;3.3;NaN;0.765;0.55;3.822;0.025;1;0.385;1;0.49;1;1.245;1;0;0.79;0.31
18MF01015_577;471;46.95867;-60.21667;217737;25.19;05-jun-01;20:26:00;31.17;1.41;NaN;0.14;0.13;2.466;0.04;1;1.415;1;0.63;1;2.135;1;0;2.25;0.66
18MF01015_577;471;46.95867;-60.21667;217736;49.98;05-jun-01;20:26:00;31.97;0.82;NaN;0.33;0.15;2.315;0.085;1;4.605;1;0.83;1;4.965;1;0;5.55;0.93
18MF01015_577;471;46.95867;-60.21667;217735;64.45;05-jun-01;20:26:00;32.29;0.94;7.57;NaN;NaN;2.731;0.085;1;6.5;1;0.925;1;7.165;1;0;7.03;0.91
18MF01015_578;481;46.74467;-60.99967;217746;0.99;06-jun-01;00:36:00;29.43;10.08;7.425;0.75;0.46;4.071;0.005;1;0.025;1;0.28;1;0.75;1;0;0.09;0.03
18MF01015_578;481;46.74467;-60.99967;217745;4.96;06-jun-01;00:36:00;29.57;8.51;NaN;0.84;0.55;4.428;0.005;1;0.04;1;0.285;1;0.725;1;0;0.14;0.06
18MF01015_578;481;46.74467;-60.99967;217744;15.17;06-jun-01;00:36:00;29.74;6.97;NaN;1.17;1.05;5.34;0.015;1;0.025;1;0.345;1;0.855;1;0;0.07;0.03
18MF01015_578;481;46.74467;-60.99967;217743;25.19;06-jun-01;00:36:00;30.98;3.71;NaN;0.755;0.43;3.765;0.015;1;0.15;1;0.395;1;1.255;1;0;0.38;0.12
18MF01015_578;481;46.74467;-60.99967;217741;50.47;06-jun-01;00:36:00;31.9;0.49;8.245;0.22;0.17;2.536;0.085;1;3.865;1;0.78;1;4.385;1;0;4.96;0.88
18MF01015_579;491;46.82983;-61.25033;217751;0.99;06-jun-01;01:59:00;30.42;9.98;7.43;0.73;0.42;3.951;0;1;0.025;1;0.35;1;0.63;1;0;0.07;0.04
18MF01015_579;491;46.82983;-61.25033;217750;4.96;06-jun-01;01:59:00;30.43;9.76;NaN;0.57;0.33;3.879;0;1;0.025;1;0.35;1;0.52;1;0;0.07;0.05
18MF01015_579;491;46.82983;-61.25033;217749;14.97;06-jun-01;01:59:00;30.48;8.41;NaN;0.675;0.385;3.669;0;1;0.015;1;0.35;1;0.63;1;0;0.04;0.02
18MF01015_579;491;46.82983;-61.25033;217748;24.79;06-jun-01;01:59:00;30.96;2.02;NaN;1.705;1.29;6.592;0.025;1;0.64;1;0.54;1;1.245;1;0;1.19;0.51
18MF01015_579;491;46.82983;-61.25033;217747;50.17;06-jun-01;01:59:00;31.33;-0.32;NaN;0.02;0.02;2.379;0.065;1;3.335;1;0.84;1;5.13;1;0;3.97;0.65
18MF01015_580;501;46.90217;-61.49967;217756;0.89;06-jun-01;03:21:00;30.35;9.51;NaN;0.565;0.375;3.994;0.015;1;0.05;1;0.335;1;0.41;1;0;0.15;0.12
18MF01015_580;501;46.90217;-61.49967;217755;5.26;06-jun-01;03:21:00;30.35;9.44;NaN;0.69;0.425;3.934;0.005;1;0.045;1;0.35;1;0.45;1;0;0.13;0.10
18MF01015_580;501;46.90217;-61.49967;217754;15.07;06-jun-01;03:21:00;30.5;7.65;NaN;0.79;0.515;4.836;0.005;1;0.025;1;0.36;1;0.495;1;0;0.07;0.05
18MF01015_580;501;46.90217;-61.49967;217753;25.09;06-jun-01;03:21:00;30.83;2.63;NaN;0.67;0.435;3.78;0.005;1;0.02;1;0.37;1;0.76;1;0;0.05;0.03
18MF01015_580;501;46.90217;-61.49967;217752;45.42;06-jun-01;03:21:00;31.27;-0.11;NaN;0.21;0.15;2.518;0.06;1;2.765;1;0.735;1;5.32667;1;0;3.76;0.52
18MF01015_581;511;47.00017;-61.74983;217761;1.79;06-jun-01;05:09:00;30.6;9.13;NaN;0.64;0.36;3.854;0.005;1;0.02;1;0.34;1;0.575;1;0;0.06;0.03
18MF01015_581;511;47.00017;-61.74983;217760;4.96;06-jun-01;05:09:00;30.6;9.01;NaN;0.57;0.315;3.703;0.01;1;0.02;1;0.31;1;0.47;1;0;0.06;0.04
18MF01015_581;511;47.00017;-61.74983;217759;15.17;06-jun-01;05:09:00;30.81;3.45;NaN;0.79;0.465;3.757;0.005;1;0.03;1;0.38;1;1.39;1;0;0.08;0.02
18MF01015_581;511;47.00017;-61.74983;217758;24.99;06-jun-01;05:09:00;31.01;1.58;NaN;1.4;1.255;4.707;0.03;1;0.835;1;0.55;1;3.085;1;0;1.52;0.27
18MF01015_581;511;47.00017;-61.74983;217757;35.7;06-jun-01;05:09:00;31.04;1.39;NaN;1.185;0.955;4.374;0.035;1;0.895;1;0.55;1;2.85;1;0;1.63;0.31
18MF01015_582;521;47.17017;-62.24983;217766;0.89;06-jun-01;07:22:00;30.66;8.94;NaN;0.715;0.4;3.772;0.005;1;0.04;1;0.35;1;0.67;1;0;0.11;0.06
18MF01015_582;521;47.17017;-62.24983;217765;4.96;06-jun-01;07:22:00;30.67;8.79;NaN;0.71;0.435;3.663;0;1;0.04;1;0.34;1;0.615;1;0;0.12;0.07
18MF01015_582;521;47.17017;-62.24983;217764;15.07;06-jun-01;07:22:00;31;2.82;NaN;1.81;1.535;7.12;0.01;1;0.13;1;0.465;1;1.985;1;0;0.28;0.07
18MF01015_582;521;47.17017;-62.24983;217763;24.99;06-jun-01;07:22:00;31.15;1.41;NaN;1.37;1.115;5.536;0.03;1;0.63;1;0.605;1;2.7;1;0;1.04;0.23
18MF01015_582;521;47.17017;-62.24983;217762;35.1;06-jun-01;07:22:00;31.18;1.17;NaN;1.05;0.93;4.655;0.035;1;0.645;1;0.59;1;2.63;1;0;1.09;0.25
18MF01015_583;531;47.33033;-62.74867;217771;1.09;06-jun-01;12:41:00;30.82;8.28;NaN;0.84;0.62;3.184;0;1;0.045;1;0.32;1;0.66;1;0;0.14;0.07
18MF01015_583;531;47.33033;-62.74867;217770;4.96;06-jun-01;12:41:00;30.82;8.22;NaN;0.795;0.565;3.662;0;1;0.045;1;0.32;1;0.575;1;0;0.14;0.08
18MF01015_583;531;47.33033;-62.74867;217769;14.87;06-jun-01;12:41:00;30.85;7.55;NaN;0.9;0.64;3.988;0.01;1;0.14;1;0.36;1;0.57;1;0;0.39;0.25
18MF01015_583;531;47.33033;-62.74867;217768;24.79;06-jun-01;12:41:00;30.93;2.69;NaN;0.755;0.41;3.771;0.05;1;2.085;1;0.54;1;2.15;1;0;3.86;0.97
18MF01015_583;531;47.33033;-62.74867;217767;50.27;06-jun-01;12:41:00;31.2;-0.12;NaN;0.15;0.155;2.679;0.11;1;5.76;1;0.935;1;8.015;1;0;6.16;0.72
18MF01015_584;541;47.5;-63.2495;217777;0.99;06-jun-01;14:44:00;30.64;8.52;NaN;0.79;0.585;2.695;0;1;0.02;1;0.325;1;0.62;1;0;0.06;0.03
18MF01015_584;541;47.5;-63.2495;217776;4.86;06-jun-01;14:44:00;30.65;8.43;NaN;0.82;0.605;2.984;0;1;0.065;1;0.355;1;0.695;1;0;0.18;0.09
18MF01015_584;541;47.5;-63.2495;217775;14.58;06-jun-01;14:44:00;30.66;6.23;NaN;1.695;1.49;7.144;0.02;1;0.96;1;0.46;1;1.735;1;0;2.09;0.55
18MF01015_584;541;47.5;-63.2495;217774;24.69;06-jun-01;14:44:00;30.79;1.4;NaN;0.095;0.09;2.126;0.09;1;4.13;1;0.755;1;4.585;1;0;5.47;0.90
18MF01015_584;541;47.5;-63.2495;217773;50.07;06-jun-01;14:44:00;31.18;-0.14;NaN;0.015;0.025;2.453;0.08;1;3.81;1;1.07;1;3.905;1;0;3.56;0.98
18MF01015_584;541;47.5;-63.2495;217772;75.35;06-jun-01;14:44:00;31.24;-0.51;NaN;0.155;0.255;2.666;0.1;1;4.81;1;1.09;1;8.245;1;0;4.41;0.58
18MF01015_585;551;47.65967;-63.74983;217783;1.29;06-jun-01;16:52:00;30.12;8.14;NaN;0.8;0.51;3.143;0.005;1;0.03;1;0.285;1;0.725;1;0;0.11;0.04
18MF01015_585;551;47.65967;-63.74983;217782;4.86;06-jun-01;16:52:00;30.11;8.08;NaN;0.8;0.595;3.65;0.005;1;0.03;1;0.28;1;0.69;1;0;0.11;0.04
18MF01015_585;551;47.65967;-63.74983;217781;14.97;06-jun-01;16:52:00;30.53;7.54;NaN;0.91;0.75;4.462;0;1;0.015;1;0.32;1;0.565;1;0;0.05;0.03
18MF01015_585;551;47.65967;-63.74983;217780;24.69;06-jun-01;16:52:00;30.79;3.86;NaN;1.855;1.58;7.164;0.01;1;0.385;1;0.445;1;0.77;1;0;0.87;0.50
18MF01015_585;551;47.65967;-63.74983;217779;50.47;06-jun-01;16:52:00;30.94;-0.1;NaN;0.06;0.045;2.467;0.085;1;3.905;1;0.92;1;4.2;1;0;4.24;0.93
18MF01015_585;551;47.65967;-63.74983;217778;60.58;06-jun-01;16:52:00;31.09;-0.56;NaN;0.185;0.16;2.567;0.11;1;6.49;1;1.145;1;8.875;1;0;5.67;0.73
18MF01015_586;561;47.74;-63.9995;217789;1.09;06-jun-01;18:08:00;29.88;8.44;NaN;0.805;0.715;2.723;0.01;1;0.04;1;0.285;1;1.045;1;0;0.14;0.04
18MF01015_586;561;47.74;-63.9995;217788;5.26;06-jun-01;18:08:00;29.91;7.81;NaN;0.875;0.86;3.024;0;1;0.015;1;0.28;1;1.1;1;0;0.05;0.01
18MF01015_586;561;47.74;-63.9995;217787;14.68;06-jun-01;18:08:00;30.03;7.04;NaN;2.05;1.75;7.837;0.01;1;0.46;1;0.34;1;1.46;1;0;1.35;0.32
18MF01015_586;561;47.74;-63.9995;217786;25.29;06-jun-01;18:08:00;30.62;1.2;NaN;0.1;0.1;2.298;0.105;1;5.355;1;0.955;1;6.53;1;0;5.61;0.82
18MF01015_586;561;47.74;-63.9995;217785;50.07;06-jun-01;18:08:00;31.09;-0.73;NaN;0.05;0.05;2.542;0.115;1;8.465;1;1.2;1;11.115;1;0;7.05;0.76
18MF01015_586;561;47.74;-63.9995;217784;75.55;06-jun-01;18:08:00;31.76;-0.35;NaN;0.265;0.345;2.682;0.18;1;11.145;1;1.345;1;20.975;1;0;8.29;0.53
18MF01015_587;571;47.82967;-64.24983;217794;1.39;06-jun-01;19:22:00;29.58;8.31;NaN;1.335;1.23;5.041;0.005;1;0.07;1;0.295;1;1.2;1;0;0.24;0.06
18MF01015_587;571;47.82967;-64.24983;217793;5.26;06-jun-01;19:22:00;29.73;7.92;NaN;2.2;1.84;9.162;0.005;1;0.07;1;0.32;1;1.165;1;0;0.22;0.06
18MF01015_587;571;47.82967;-64.24983;217792;14.87;06-jun-01;19:22:00;30.58;4.03;NaN;0.715;0.445;3.774;0.025;1;1.015;1;0.545;1;1.235;1;0;1.86;0.82
18MF01015_587;571;47.82967;-64.24983;217791;24.39;06-jun-01;19:22:00;30.64;1.97;NaN;0.325;0.285;3.231;0.085;1;3.915;1;0.825;1;6.01;1;0;4.75;0.65
18MF01015_587;571;47.82967;-64.24983;217790;40.26;06-jun-01;19:22:00;30.79;0.4;NaN;0.42;0.345;2.892;0.1;1;5.135;1;0.985;1;7.44;1;0;5.21;0.69
