CTD;CTD;CTD;CTD;CTD;CTD;CTD;CTD;CTD;CTD;labo;labo;CTD;labo;labo;labo;labo;labo;labo;labo;labo;labo;calc;calc
Fichier;Station;Latitude;Longitude;Echantillon;zbouteille;Date;Heure;PSAL;TE90;OXYM_01;CHL_03;FLOR;NO2_01;Q_NO2;NOx_01;Q_NOX;PO4_01;Q_PO4;Si_01;Q_Si;QCFF;N_P;N_Si
(nom);(nom/no);(degres);(degres);(no_unique);(dbar);(jj-mmm-yyyy);(GMT);(psu);(celsius);(mmol/m**3);(mg/m**3);(mg/m**3);(mmol/m**3);((none));(mmol/m**3);((none));(mmol/m**3);((none));(mmol/m**3);((none));((none));((none));((none))
18EG17004_1582;521;47.85183;-59.6655;420500;2.08;09-mar-17;11:11:00;31.88;-0.18;8.086;0.47;0.297;0.08;1;5.76;1;0.72;1;5.54;1;0;8.00;1.04
18EG17004_1582;521;47.85183;-59.6655;420499;15.87;09-mar-17;11:11:00;31.88;-0.18;NaN;0.44;0.399;0.075;1;5.755;1;0.73;1;5.565;1;0;7.88;1.03
18EG17004_1582;521;47.85183;-59.6655;420498;50.67;09-mar-17;11:11:00;31.89;-0.16;8.0975;0.425;0.374;0.075;1;5.805;1;0.725;1;5.58;1;0;8.01;1.04
18EG17004_1582;521;47.85183;-59.6655;420497;100.53;09-mar-17;11:11:00;32.48;1.51;NaN;NaN;0.092;0.025;1;8.36;1;0.89;1;8.015;1;0;9.39;1.04
18EG17004_1582;521;47.85183;-59.6655;420496;151.36;09-mar-17;11:11:00;33.36;3.16;NaN;NaN;0.047;0.01;1;13.395;1;1.185;1;12.795;1;0;11.30;1.05
18EG17004_1582;521;47.85183;-59.6655;420495;401.11;09-mar-17;11:11:00;34.92;6.08;3.542;NaN;0.03;0.01;1;23.015;1;1.685;1;28.8;1;0;13.66;0.80
18EG17004_1583;531;47.637;-59.9385;420509;0.5;09-mar-17;13:17:00;31.68;-0.79;6.138;0.03;0.256;0.015;1;11.255;1;1.1;1;10.89;1;1024;10.23;1.03
18EG17004_1583;531;47.637;-59.9385;420508;15.17;09-mar-17;13:17:00;31.68;-0.81;NaN;0.495;0.371;0.07;1;5.705;1;0.725;1;5.92;1;0;7.87;0.96
18EG17004_1583;531;47.637;-59.9385;420507;50.27;09-mar-17;13:17:00;31.71;-0.79;8.2785;0.485;0.461;0.07;1;5.71;1;0.73;1;5.815;1;0;7.82;0.98
18EG17004_1583;531;47.637;-59.9385;420506;99.64;09-mar-17;13:17:00;32.7;1.74;NaN;NaN;0.057;0.015;1;11.295;1;1.1;1;10.915;1;0;10.27;1.03
18EG17004_1583;531;47.637;-59.9385;420505;150.18;09-mar-17;13:17:00;33.66;4.29;NaN;NaN;0.04;0.075;1;5.77;1;0.72;1;5.92;1;0;8.01;0.97
18EG17004_1583;531;47.637;-59.9385;420504;201.6;09-mar-17;13:17:00;34.5;7.23;NaN;NaN;0.026;0.015;1;18.775;1;1.37;1;16.82;1;0;13.70;1.12
18EG17004_1583;531;47.637;-59.9385;420503;249.44;09-mar-17;13:17:00;34.71;7.27;NaN;NaN;0.027;0.015;1;22.04;1;1.57;1;21.75;1;0;14.04;1.01
18EG17004_1583;531;47.637;-59.9385;420502;299.65;09-mar-17;13:17:00;34.82;6.97;NaN;NaN;0.028;0.01;1;23.63;1;1.67;1;24.915;1;0;14.15;0.95
18EG17004_1583;531;47.637;-59.9385;420501;512.73;09-mar-17;13:17:00;34.93;5.93;3.5285;NaN;0.039;0.02;1;22.955;1;1.75;1;31.89;1;0;13.12;0.72
18EG17004_1584;541;47.388;-60.24733;420515;0.89;09-mar-17;15:40:00;31.64;-1.14;8.334;0.545;0.173;0.065;1;6.41;1;0.78;1;6.94;1;0;8.22;0.92
18EG17004_1584;541;47.388;-60.24733;420514;15.07;09-mar-17;15:40:00;31.65;-1.16;NaN;0.49;0.421;0.07;1;6.395;1;0.775;1;6.965;1;0;8.25;0.92
18EG17004_1584;541;47.388;-60.24733;420513;50.57;09-mar-17;15:40:00;31.79;-0.83;8.343;0.475;0.355;0.07;1;6.345;1;0.77;1;6.935;1;0;8.24;0.91
18EG17004_1584;541;47.388;-60.24733;420512;100.33;09-mar-17;15:40:00;32.31;0.54;NaN;NaN;0.137;0.03;1;9.6;1;1.01;1;10.61;1;0;9.50;0.90
18EG17004_1584;541;47.388;-60.24733;420511;150.48;09-mar-17;15:40:00;32.5;1.08;NaN;NaN;0.093;0.02;1;10.975;1;1.075;1;11.96;1;0;10.21;0.92
18EG17004_1584;541;47.388;-60.24733;420510;209.83;09-mar-17;15:40:00;34.45;5.78;3.024;NaN;0.051;0.02;1;21.625;1;1.71;2;30.18;2;2048;12.65;0.72
18EG17004_1585;551;47.08417;-60.62167;420521;0.89;09-mar-17;18:05:00;30.68;-1.48;8.581;1.14;0.557;0.08;1;5.725;1;0.705;1;8.06;1;0;8.12;0.71
18EG17004_1585;551;47.08417;-60.62167;420520;15.37;09-mar-17;18:05:00;30.72;-1.47;NaN;1.22;0.711;0.08;1;5.735;1;0.715;1;7.97;1;0;8.02;0.72
18EG17004_1585;551;47.08417;-60.62167;420519;50.87;09-mar-17;18:05:00;31.07;-1.14;8.1955;0.875;0.512;0.075;1;6.57;1;0.77;1;8.71;1;0;8.53;0.75
18EG17004_1585;551;47.08417;-60.62167;420518;98.65;09-mar-17;18:05:00;32.75;1.98;NaN;NaN;0.123;0.04;1;11.645;1;1.105;1;12.96;2;2048;10.54;0.90
18EG17004_1585;551;47.08417;-60.62167;420517;152.56;09-mar-17;18:05:00;33.66;4.18;NaN;NaN;0.06;0.025;1;17.04;1;1.42;1;19.995;1;0;12.00;0.85
18EG17004_1585;551;47.08417;-60.62167;420516;185.96;09-mar-17;18:05:00;33.88;4.75;3.9585;NaN;0.131;0.035;1;18.47;1;1.505;1;22.755;1;0;12.27;0.81
18EG17004_1586;561;46.78633;-61.00383;420526;0.6;09-mar-17;20:53:00;29.77;-1.5;8.609;1.595;0.837;0.085;1;5.25;1;0.69;1;8.59;1;0;7.61;0.61
18EG17004_1586;561;46.78633;-61.00383;420525;15.27;09-mar-17;20:53:00;29.82;-1.55;NaN;1.735;0.932;0.08;1;5.36;1;0.695;1;8.585;1;0;7.71;0.62
18EG17004_1586;561;46.78633;-61.00383;420524;50.37;09-mar-17;20:53:00;30.59;-1.53;8.4585;0.97;0.533;0.07;1;6.22;1;0.745;1;8.615;1;0;8.35;0.72
18EG17004_1586;561;46.78633;-61.00383;420523;100.63;09-mar-17;20:53:00;33.14;2.95;NaN;NaN;0.12;0.065;1;14.505;1;1.28;1;17.105;1;0;11.33;0.85
18EG17004_1586;561;46.78633;-61.00383;420522;121.75;09-mar-17;20:53:00;33.17;3.02;5.1755;NaN;0.127;0.065;1;14.68;1;1.29;1;17.33;1;0;11.38;0.85
18EG17004_1587;571;46.828;-61.24667;420530;0.69;09-mar-17;22:15:00;30.78;-1.43;8.5205;0.805;0.623;0.09;1;5.705;1;0.72;1;8.02;1;0;7.92;0.71
18EG17004_1587;571;46.828;-61.24667;420529;14.88;09-mar-17;22:15:00;30.87;-1.55;NaN;0.89;0.653;0.085;1;5.65;1;0.72;1;7.73;1;0;7.85;0.73
18EG17004_1587;571;46.828;-61.24667;420528;50.67;09-mar-17;22:15:00;31.58;-0.87;8.121;0.605;0.448;0.08;1;6.68;1;0.795;1;7.865;1;0;8.40;0.85
18EG17004_1587;571;46.828;-61.24667;420527;59.1;09-mar-17;22:15:00;31.59;-0.78;8.048;NaN;0.403;0.09;1;6.745;1;0.8;1;8.045;1;0;8.43;0.84
18EG17004_1588;581;46.89583;-61.45617;420533;2.18;09-mar-17;23:17:00;30.95;-1.61;8.5505;1.295;0.767;0.07667;1;5.875;1;0.72;1;7.865;1;0;8.16;0.75
18EG17004_1588;581;46.89583;-61.45617;420532;14.78;09-mar-17;23:17:00;30.95;-1.62;NaN;1.25;0.738;0.07;1;5.735;1;0.725;1;7.71;1;0;7.91;0.74
18EG17004_1588;581;46.89583;-61.45617;420531;50.08;09-mar-17;23:17:00;31.42;-0.61;7.832;0.715;0.489;0.1;1;6.875;1;0.835;1;8.91;1;0;8.23;0.77
18EG17004_1589;591;46.98483;-61.75817;420536;1.39;10-mar-17;00:43:00;30.85;-1.56;8.5915;1.43;0.729;0.075;1;5.64;1;0.715;1;7.835;1;0;7.89;0.72
18EG17004_1589;591;46.98483;-61.75817;420535;14.87;10-mar-17;00:43:00;30.87;-1.58;NaN;1.83;0.838;0.075;1;5.355;1;0.695;1;7.465;1;0;7.71;0.72
18EG17004_1589;591;46.98483;-61.75817;420534;38.77;10-mar-17;00:43:00;31.15;-1.33;8.33;NaN;0.649;0.09;1;5.435;1;0.705;1;7.51;1;0;7.71;0.72
18EG17004_1590;601;46.73117;-62.03667;420540;1.88;10-mar-17;02:40:00;30.54;-1.63;8.581;0.99;0.537;0.075;1;6.47;1;0.77;1;9.245;1;0;8.40;0.70
18EG17004_1590;601;46.73117;-62.03667;420539;15.67;10-mar-17;02:40:00;30.55;-1.63;NaN;0.955;0.534;0.075;1;6.49;1;0.77;1;9.25;1;0;8.43;0.70
18EG17004_1590;601;46.73117;-62.03667;420538;49.58;10-mar-17;02:40:00;30.61;-1.66;8.551;0.725;0.417;0.07;1;6.62;1;0.775;1;9.18;1;0;8.54;0.72
18EG17004_1590;601;46.73117;-62.03667;420537;62.87;10-mar-17;02:40:00;30.67;-1.66;8.546;NaN;0.414;0.075;1;6.555;1;0.77;1;9.145;1;0;8.51;0.72
18EG17004_1591;621;47.37333;-62.85567;420543;1.29;10-mar-17;20:26:00;31.18;-1.6;8.4655;0.665;0.382;0.075;1;6.635;1;0.795;1;8.275;1;0;8.35;0.80
18EG17004_1591;621;47.37333;-62.85567;420542;14.68;10-mar-17;20:26:00;31.18;-1.59;NaN;0.725;0.518;0.07;1;6.625;1;0.795;1;8.29;1;0;8.33;0.80
18EG17004_1591;621;47.37333;-62.85567;420541;42.93;10-mar-17;20:26:00;31.19;-1.57;8.4625;0.695;0.488;0.065;1;6.625;1;0.8;1;8.305;1;0;8.28;0.80
18EG17004_1592;631;47.53067;-63.28;420548;0.89;10-mar-17;22:23:00;30.83;-1.65;NaN;0.465;0.373;0.075;1;7.48;1;0.845;1;9.97;1;0;8.85;0.75
18EG17004_1592;631;47.53067;-63.28;420547;14.87;10-mar-17;22:23:00;30.89;-1.63;NaN;0.415;0.349;0.07;1;7.465;1;0.835;1;9.98;1;0;8.94;0.75
18EG17004_1592;631;47.53067;-63.28;420546;50.57;10-mar-17;22:23:00;30.99;-1.6;8.3025;0.41;0.32;0.075;1;7.37;1;0.84;1;9.535;1;0;8.77;0.77
18EG17004_1592;631;47.53067;-63.28;420545;79.02;10-mar-17;22:23:00;31.02;-1.56;NaN;NaN;0.313;NaN;9;NaN;9;NaN;9;NaN;9;0;NaN;NaN
18EG17004_1593;641;47.65967;-63.6825;420552;2.58;11-mar-17;00:35:00;30.72;-1.65;8.433;0.57;0.46;0.07;1;7.025;1;0.82;1;9.69;1;0;8.57;0.72
18EG17004_1593;641;47.65967;-63.6825;420551;19.04;11-mar-17;00:35:00;30.72;-1.67;NaN;0.54;0.461;0.075;1;7.135;1;0.81;1;9.72;1;0;8.81;0.73
18EG17004_1593;641;47.65967;-63.6825;420550;50.07;11-mar-17;00:35:00;30.73;-1.66;8.376;0.54;0.447;0.08;1;7.14;1;0.82;1;9.77;1;0;8.71;0.73
18EG17004_1593;641;47.65967;-63.6825;420549;71.68;11-mar-17;00:35:00;30.99;-1.62;NaN;NaN;0.337;NaN;9;NaN;9;NaN;9;NaN;9;0;NaN;NaN
18EG17004_1594;651;47.78417;-64.049;420556;1.59;11-mar-17;02:44:00;30.47;-1.68;8.3655;0.375;0.438;0.08667;1;8.73667;1;0.9;1;12.07;1;0;9.71;0.72
18EG17004_1594;651;47.78417;-64.049;420555;15.07;11-mar-17;02:44:00;30.46;-1.66;NaN;0.36;0.408;0.09;1;8.665;1;0.905;1;12.05;1;0;9.57;0.72
18EG17004_1594;651;47.78417;-64.049;420554;50.77;11-mar-17;02:44:00;30.69;-1.66;8.3765;0.375;0.338;0.075;1;7.435;1;0.81;1;10.18;1;0;9.18;0.73
18EG17004_1594;651;47.78417;-64.049;420553;77.04;11-mar-17;02:44:00;30.96;-0.99;7.8365;NaN;0.202;0.08;1;8.175;1;0.925;1;12.86;1;0;8.84;0.64
18EG17004_1595;661;47.83033;-64.251;420559;2.97;11-mar-17;03:47:00;30.31;-1.62;8.3625;0.37;0.435;0.085;1;8.67;1;0.885;1;12.7;1;0;9.80;0.68
18EG17004_1595;661;47.83033;-64.251;420558;14.48;11-mar-17;03:47:00;30.31;-1.62;NaN;0.35;0.41;0.085;1;8.635;1;0.88;1;12.71;1;0;9.81;0.68
18EG17004_1595;661;47.83033;-64.251;420557;38.27;11-mar-17;03:47:00;30.32;-1.62;8.3665;0.365;0.402;0.085;1;8.52;1;0.88;1;12.665;1;0;9.68;0.67
