CTD;CTD;CTD;CTD;CTD;CTD;CTD;CTD;CTD;CTD;CTD;CTD;labo;labo;CTD;labo;labo;labo;labo;labo;labo;labo;labo;labo;calc;calc
Fichier;Station;Latitude;Longitude;Echantillon;zbouteille;Date;Heure;PSAL;TE90;DOXY;PHPH;CHL_01;OXYM_01;FLOR;NO2_01;Q_NO2;NOx_01;Q_NOX;PO4_01;Q_PO4;Si_01;Q_Si;QCFF;N_P;N_Si
(nom);(nom/no);(degres);(degres);(no_unique);(dbar);(jj-mmm-yyyy);(GMT);(psu);(celsius);(ml/l);((none));(mg/m**3);(mmol/m**3);(mg/m**3);(mmol/m**3);((none));(mmol/m**3);((none));(mmol/m**3);((none));(mmol/m**3);((none));((none));((none));((none))
18TL18196_2515;11;47.89333;-65.4575;442110;5.06;07-sep-18;18:01:00;28.14;14.46;274.12308;7.884;1;6.1525;0.151;0.015;1;0.115;1;0.265;1;3.02;1;256;0.43;0.04
18TL18196_2515;11;47.89333;-65.4575;442109;24.89;07-sep-18;18:01:00;29.37;5.48;277.02598;7.654;0.19;NaN;0.062;0.155;1;5.915;1;0.925;1;11.85;1;0;6.39;0.50
18TL18196_2515;11;47.89333;-65.4575;442108;55.82;07-sep-18;18:01:00;31.45;0.76;239.8242;7.48;0.25;5.3715;0.045;0.15;1;11.305;1;1.58;1;25.065;1;256;7.16;0.45
18TL18196_2529;221;47.9755;-65.24717;442177;5.45;11-sep-18;02:50:00;27.98;15.68;271.13086;8.002;0.77;6.071;0.15;0;1;0.07;1;0.145;1;2.505;1;256;0.48;0.03
18TL18196_2529;221;47.9755;-65.24717;442176;24.89;11-sep-18;02:50:00;29.23;11.23;284.52886;7.896;0.335;NaN;0.074;0.075;1;1.08;1;0.415;1;1.465;1;0;2.60;0.74
18TL18196_2529;221;47.9755;-65.24717;442175;51.85;11-sep-18;02:50:00;31.03;1.78;275.95414;7.68;0.13;6.1225;0.049;0.13;1;7.495;1;1.105;1;13.94;1;256;6.78;0.54
18TL18196_2530;281;47.88283;-65.279;442180;5.35;12-sep-18;17:59:00;27.8;16.26;268.98718;7.981;1.33;6.0065;0.185;0.01;1;0.15;1;0.125;1;2.425;1;256;1.20;0.06
18TL18196_2530;281;47.88283;-65.279;442179;25.98;12-sep-18;17:59:00;28.74;9.07;265.81632;7.775;0.57;NaN;0.101;0.105;1;0.84;1;0.485;1;5.645;1;0;1.73;0.15
18TL18196_2530;281;47.88283;-65.279;442178;65.73;12-sep-18;17:59:00;31.18;0.89;239.42226;7.474;0.05;5.378;0.047;0.12;1;11.24;1;1.565;1;26.36;1;256;7.18;0.43
18TL18196_2531;321;47.92833;-64.061;442186;5.35;13-sep-18;05:13:00;28.46;12.1;304.3579;7.95;1.41;6.7195;0.174;0.01;1;0.15;1;0.285;1;0.295;1;256;0.53;0.51
18TL18196_2531;321;47.92833;-64.061;442185;25.28;13-sep-18;05:13:00;30.05;6.73;288.77156;7.726;0.27;NaN;0.063;0.14;1;3.415;1;0.67;1;5.295;1;0;5.10;0.64
18TL18196_2531;321;47.92833;-64.061;442184;66.63;13-sep-18;05:13:00;31.83;0.75;277.20462;7.603;0.045;6.1505;0.037;0.145;1;9.49;1;1.245;1;15.48;1;256;7.62;0.61
18TL18196_2532;331;47.86333;-63.51883;442190;5.26;13-sep-18;08:25:00;28.23;16.77;259.60858;7.956;0.665;5.9335;0.126;0.075;1;0.57;1;0.22;1;2.1;1;256;2.59;0.27
18TL18196_2532;331;47.86333;-63.51883;442189;24.79;13-sep-18;08:25:00;30.81;1.75;316.77338;7.677;0.1;NaN;0.045;0.495;1;4.655;1;1.02;1;9.88;1;0;4.56;0.47
18TL18196_2532;331;47.86333;-63.51883;442188;50.47;13-sep-18;08:25:00;31.53;0.13;252.7756;7.506;0.04;NaN;0.04;0.185;1;9.93;1;1.4;1;21.23;1;0;7.09;0.47
18TL18196_2532;331;47.86333;-63.51883;442187;65.54;13-sep-18;08:25:00;31.93;0.34;253.13288;7.518;0.035;5.6185;0.039;0.11;1;11.29;1;1.41;1;21.94;1;256;8.01;0.51
18TL18196_2533;351;47.975;-63.00533;442197;4.86;13-sep-18;15:09:00;28.41;16.49;263.18138;7.981;0.68;5.939;0.123;0.015;1;0.15;1;0.075;1;1.05;1;256;2.00;0.14
18TL18196_2533;351;47.975;-63.00533;442196;24.59;13-sep-18;15:09:00;29.92;7.8;293.37154;7.823;0.41;NaN;0.083;0.29;1;1.205;1;0.48;1;2.15;1;0;2.51;0.56
18TL18196_2533;351;47.975;-63.00533;442195;61.77;13-sep-18;15:09:00;31.46;0.17;286.53856;7.585;0.04;6.3055;0.044;0.22;1;8.485;1;1.24;1;16.455;1;256;6.84;0.52
18TL18196_2534;471;47.54167;-62.30233;442238;4.96;16-sep-18;12:33:00;28.7;17.07;261.75226;7.973;0.56;5.8105;0.096;0.01;1;0.22;1;0.16;1;1.405;1;256;1.38;0.16
18TL18196_2534;471;47.54167;-62.30233;442237;24.79;16-sep-18;12:33:00;30.58;7.18;277.1153;7.736;0.205;NaN;0.067;0.195;1;1.6;1;0.775;1;6.48;1;0;2.06;0.25
18TL18196_2534;471;47.54167;-62.30233;442236;57.61;16-sep-18;12:33:00;31.31;1.54;254.562;7.611;0.03;5.5545;0.046;0.16;1;3.9;1;1.2;1;20.36;1;256;3.25;0.19
18TL18196_2535;481;47.5675;-62.09217;442241;4.56;16-sep-18;15:40:00;28.84;17.01;262.3775;7.989;0.72;4.214;0.108;0.01;1;0.155;1;0.095;1;1.015;1;1280;1.63;0.15
18TL18196_2535;481;47.5675;-62.09217;442240;24.99;16-sep-18;15:40:00;30.57;7.63;259.56392;7.682;0.23;NaN;0.066;0.21;1;1.66;1;0.795;1;7.365;1;0;2.09;0.23
18TL18196_2535;481;47.5675;-62.09217;442239;38.67;16-sep-18;15:40:00;31.04;4.1;231.16016;7.703;0.065;3.635;0.048;0.265;1;3.275;1;1.23;1;16.815;1;256;2.66;0.19
18TL18196_2536;491;47.57133;-61.89733;442244;5.35;16-sep-18;18:43:00;28.83;17.99;268.36194;8.076;2.32;5.972;0.213;0.01;1;0.16;1;0.105;1;1.755;1;256;1.52;0.09
18TL18196_2536;491;47.57133;-61.89733;442243;16.86;16-sep-18;18:43:00;29.04;16.62;233.25918;7.915;1.655;NaN;0.219;0.01;1;0.175;1;0.3;1;2.945;1;0;0.58;0.06
18TL18196_2536;491;47.57133;-61.89733;442242;32.72;16-sep-18;18:43:00;30.33;9.72;230.31162;7.846;0.42;4.8055;0.1;0.15;1;1.495;1;0.805;1;8.34;1;256;1.86;0.18
18TL18196_2537;501;47.68233;-61.85033;442247;5.35;16-sep-18;21:11:00;28.75;17.61;267.96;8.052;2.145;6.0155;0.235;0.01;1;0.155;1;0.115;1;1.47;1;256;1.35;0.11
18TL18196_2537;501;47.68233;-61.85033;442246;25.48;16-sep-18;21:11:00;30.29;10.05;255.85714;7.792;0.41;NaN;0.091;0.13;1;1.185;1;0.72;1;6.8;1;0;1.65;0.17
18TL18196_2537;501;47.68233;-61.85033;442245;36.09;16-sep-18;21:11:00;30.71;7.4;234.2417;7.807;0.21;5.227;0.057;0.18;1;1.925;1;0.9;1;9.88;1;256;2.14;0.19
18TL18196_2538;511;47.91683;-61.39383;442251;5.16;17-sep-18;01:24:00;28.77;16.68;264.1639;8.025;0.72;5.957;0.125;0.01;1;0.155;1;0.09;1;0.935;1;256;1.72;0.17
18TL18196_2538;511;47.91683;-61.39383;442250;25.48;17-sep-18;01:24:00;30.12;12.18;283.72498;7.848;0.545;NaN;0.087;0.06;1;0.625;1;0.415;1;2.94;1;0;1.51;0.21
18TL18196_2538;511;47.91683;-61.39383;442249;50.27;17-sep-18;01:24:00;31.29;1.65;314.49572;7.769;0.095;NaN;0.048;0.36;1;4.63;1;0.915;1;8.575;1;0;5.06;0.54
18TL18196_2538;511;47.91683;-61.39383;442248;54.73;17-sep-18;01:24:00;31.3;1.66;315.12096;7.816;0.1;6.913;0.041;0.305;1;3.96;1;0.805;1;7.26;1;256;4.92;0.55
18TL18196_2539;551;47.81283;-62.88667;442267;4.96;17-sep-18;18:16:00;28.16;17.99;257.55422;8.025;0.84;4.358;0.141;0.01;1;0.165;1;0.05;1;0.64;1;1280;3.30;0.26
18TL18196_2539;551;47.81283;-62.88667;442266;24.89;17-sep-18;18:16:00;29.68;11.14;275.3289;7.833;0.41;NaN;0.084;0.045;1;0.33;1;0.345;1;2.1;1;0;0.96;0.16
18TL18196_2539;551;47.81283;-62.88667;442265;50.07;17-sep-18;18:16:00;31.13;1.32;285.3774;7.667;0.04;NaN;0.047;0.63;1;5.185;1;1.1;1;14.785;1;0;4.71;0.35
18TL18196_2539;551;47.81283;-62.88667;442264;71.38;17-sep-18;18:16:00;31.59;0.06;264.25322;7.666;0.03;3.9675;0.042;0.27;1;9.185;1;1.345;1;21.2;1;256;6.83;0.43
18TL18196_2540;581;47.49817;-63.038;442270;5.06;17-sep-18;22:57:00;28.43;17.98;258.44742;8.041;0.905;5.8395;0.133;0.01;1;0.155;1;0.075;1;0.845;1;256;2.07;0.18
18TL18196_2540;581;47.49817;-63.038;442269;25.29;17-sep-18;22:57:00;30.34;6.25;319.27434;7.845;0.58;NaN;0.101;0.155;1;1.12;1;0.605;1;2.905;1;0;1.85;0.39
18TL18196_2540;581;47.49817;-63.038;442268;52.95;17-sep-18;22:57:00;31.18;1.23;285.1541;7.749;0.07;6.1025;0.044;0.58;1;5.24;1;1.095;1;17.26;1;256;4.79;0.30
18TL18196_2541;591;47.32267;-63.95017;442273;5.65;18-sep-18;05:16:00;28.95;14.39;287.29778;7.883;0.72;6.3175;0.106;0.01;1;0.305;1;0.25;1;1.17;1;256;1.22;0.26
18TL18196_2541;591;47.32267;-63.95017;442272;25.48;18-sep-18;05:16:00;30.66;2.74;259.34062;7.658;0.15;NaN;0.045;0.195;1;7;1;1.1;1;16.655;1;0;6.36;0.42
18TL18196_2541;591;47.32267;-63.95017;442271;39.56;18-sep-18;05:16:00;30.81;2.06;264.74448;7.76;0.12;5.6515;0.044;0.18;1;7.665;1;1.15;1;18.555;1;256;6.67;0.41
18TL18196_2542;601;47.164;-64.2125;442276;4.66;18-sep-18;08:41:00;28.53;16.33;270.90756;8.024;0.7;4.716;0.119;0.01;1;0.155;1;0.175;1;0.96;1;1280;0.89;0.16
18TL18196_2542;601;47.164;-64.2125;442275;25.09;18-sep-18;08:41:00;29.65;10.83;282.60848;7.935;0.52;NaN;0.073;0.05;1;1.045;1;0.445;1;1.465;1;0;2.35;0.71
18TL18196_2542;601;47.164;-64.2125;442274;40.66;18-sep-18;08:41:00;30.51;4.5;287.78904;7.857;0.21;3.8615;0.054;0.205;1;3.97;1;0.82;1;8.83;1;256;4.84;0.45
18TL18196_2543;611;47.1755;-64.51883;442279;4.96;18-sep-18;11:51:00;28.28;17.29;263.62798;8.057;0.94;4.65;0.164;0.01;1;0.15;1;0.135;1;0.93;1;1280;1.11;0.16
18TL18196_2543;611;47.1755;-64.51883;442278;25.29;18-sep-18;11:51:00;29.4;11.24;279.25898;7.919;0.615;NaN;0.081;0.03;1;0.78;1;0.405;1;1.215;1;0;1.93;0.64
18TL18196_2543;611;47.1755;-64.51883;442277;31.63;18-sep-18;11:51:00;29.88;8.05;260.72508;7.891;0.325;4.008;0.065;0.15;1;2.91;1;0.74;1;9.43;1;256;3.93;0.31
18TL18196_2544;621;47.09183;-64.6085;442281;5.45;18-sep-18;14:06:00;28.55;16.35;269.65708;8.049;1;4.213;0.162;0.01;1;0.805;1;0.18;1;1.025;1;1280;4.47;0.79
18TL18196_2544;621;47.09183;-64.6085;442280;23.5;18-sep-18;14:06:00;29.44;9.47;240.80672;7.857;0.53;3.791;0.08;0.145;1;2.485;1;0.68;1;8.135;1;256;3.65;0.31
18TL18196_2545;631;47.06983;-64.58533;442283;5.06;18-sep-18;15:26:00;28.57;15.97;272.69396;8.044;0.96;6.1295;0.175;0.01;1;0.78;1;0.175;1;1.045;1;256;4.46;0.75
18TL18196_2545;631;47.06983;-64.58533;442282;24.89;18-sep-18;15:26:00;29.59;9.42;252.28434;7.9;0.36;5.616;0.084;0.13;1;2.715;1;0.66;1;7.62;1;256;4.11;0.36
18TL18196_2546;641;46.9535;-64.38033;442286;5.26;20-sep-18;00:37:00;28.37;15.83;257.28626;8.008;1.41;5.803;0.181;0.01;1;0.745;1;0.23;1;1.285;1;256;3.24;0.58
18TL18196_2546;641;46.9535;-64.38033;442285;25.49;20-sep-18;00:37:00;29.57;8.55;241.96788;7.77;0.46;NaN;0.08;0.245;1;3.835;1;0.855;1;10.025;1;0;4.49;0.38
18TL18196_2546;641;46.9535;-64.38033;442284;32.13;20-sep-18;00:37:00;29.8;6.45;247.4164;7.842;0.58;5.4955;0.079;0.29;1;4.545;1;0.905;1;11.975;1;256;5.02;0.38
18TL18196_2547;651;46.95933;-64.4255;442289;5.36;20-sep-18;02:46:00;28.31;16.25;256.52704;8.028;1.515;5.786;0.181;0.01;1;0.905;1;0.225;1;0.605;1;256;4.02;1.50
18TL18196_2547;651;46.95933;-64.4255;442288;25.29;20-sep-18;02:46:00;29.06;12.58;274.74832;7.91;0.8;NaN;0.111;0.01;1;1.14;1;0.365;1;1.44;1;0;3.12;0.79
18TL18196_2547;651;46.95933;-64.4255;442287;36.69;20-sep-18;02:46:00;29.71;7.18;251.4358;7.88;0.535;5.3765;0.078;0.29;1;4.1;1;0.95;1;11.535;1;256;4.32;0.36
18TL18196_2548;671;46.08533;-63.5115;442291;5.26;20-sep-18;22:52:00;28.52;18;237.63586;7.971;3.52;5.4075;0.279;0.01;1;0.98;1;0.58;1;0.39;1;256;1.69;2.51
18TL18196_2548;671;46.08533;-63.5115;442290;18.15;20-sep-18;22:52:00;28.94;15.45;190.07296;7.899;5.14;5.068;0.371;0.03;1;0.95;1;0.695;1;1.81;1;256;1.37;0.52
18TL18196_2549;681;45.96783;-63.40567;442293;4.66;21-sep-18;01:30:00;28.68;17.38;251.70376;8.044;3.1;5.5055;0.272;0.01;1;0.73;7;0.47;7;2.285;1;288;1.55;0.32
18TL18196_2549;681;45.96783;-63.40567;442292;22.91;21-sep-18;01:30:00;29.02;14.63;215.17188;7.936;2.92;5.253;0.544;0.01;1;0.73;7;0.47;7;2.75;1;288;1.55;0.27
18TL18196_2550;691;45.86517;-62.98783;442296;5.45;21-sep-18;05:05:00;28.72;17.15;262.42216;8.076;2.25;5.9475;0.227;0.01;1;0.71;1;0.295;1;3.315;1;256;2.41;0.21
18TL18196_2550;691;45.86517;-62.98783;442295;24.89;21-sep-18;05:05:00;29.07;13.87;198.91564;7.846;2.67;NaN;0.199;0.015;1;0.735;1;0.625;1;9.72;1;0;1.18;0.08
18TL18196_2550;691;45.86517;-62.98783;442294;38.88;21-sep-18;05:05:00;29.08;13.74;199.27292;7.871;3.03;4.517;0.218;0.02;1;0.75;1;0.605;1;9.99;1;256;1.24;0.08
18TL18196_2551;701;45.82333;-62.87567;442299;4.86;21-sep-18;11:05:00;28.76;16.83;258.53674;8.066;3.66;5.709;0.366;0.015;1;0.82;1;0.365;1;4.395;1;256;2.25;0.19
18TL18196_2551;701;45.82333;-62.87567;442298;25.09;21-sep-18;11:05:00;29;14.43;207.08842;7.892;3.17;NaN;0.248;0.015;1;0.79;1;0.57;1;8.58;1;0;1.39;0.09
18TL18196_2551;701;45.82333;-62.87567;442297;30.25;21-sep-18;11:05:00;29.03;14.22;206.46318;7.905;3.66;4.7575;0.295;0.02;1;0.735;1;0.55;1;8.61;1;256;1.34;0.09
18TL18196_2552;721;45.9915;-62.3445;442302;5.06;21-sep-18;15:27:00;28.28;17.73;256.08044;8.09;2.495;5.788;0.28;0.01;1;0.795;1;0.15;1;0.405;1;256;5.30;1.96
18TL18196_2552;721;45.9915;-62.3445;442301;24.79;21-sep-18;15:27:00;29.29;10.23;230.26696;7.804;0.27;NaN;0.08;0.235;1;2.69;1;0.755;1;11.07;1;0;3.56;0.24
18TL18196_2552;721;45.9915;-62.3445;442300;31.44;21-sep-18;15:27:00;30.26;5.95;246.12126;7.889;0.295;5.321;0.052;0.24;1;3.135;1;0.77;1;11.525;1;256;4.07;0.27
18TL18196_2553;731;46.02467;-62.15417;442305;5.06;21-sep-18;18:23:00;28.31;18.12;261.88624;8.076;1.69;5.9075;0.229;0.01;1;0.06;1;0.07;1;0.13;1;256;0.86;0.46
18TL18196_2553;731;46.02467;-62.15417;442304;24.79;21-sep-18;18:23:00;30.06;6.17;248.66688;7.793;0.11;NaN;0.048;0.31;1;2.185;1;0.79;1;11.025;1;0;2.77;0.20
18TL18196_2553;731;46.02467;-62.15417;442303;36.59;21-sep-18;18:23:00;30.6;3.95;255.54452;7.832;0.125;5.662;0.048;0.33;1;4.025;1;0.925;1;14.105;1;256;4.35;0.29
18TL18196_2554;741;45.9475;-61.85567;442308;5.36;21-sep-18;21:38:00;28.47;17.7;261.88624;8.1;2.39;5.7;0.234;0.01;1;0.06;1;0.22;1;2.32;1;256;0.27;0.03
18TL18196_2554;741;45.9475;-61.85567;442307;24.89;21-sep-18;21:38:00;29.56;8.74;228.8825;7.708;1.42;NaN;0.16;0.17;1;1.19;1;0.8;1;13.945;1;0;1.49;0.09
18TL18196_2554;741;45.9475;-61.85567;442306;42.35;21-sep-18;21:38:00;30.86;2.92;254.38336;7.785;0.28;5.6115;0.059;0.265;1;3.485;1;1.05;1;16.54;1;256;3.32;0.21
18TL18196_2555;751;45.77817;-61.81617;442310;5.45;22-sep-18;01:14:00;28.56;18.27;248.71154;8.116;1.76;5.4965;0.153;0.01;1;0.06;7;0.15;1;1.58;1;288;0.40;0.04
18TL18196_2555;751;45.77817;-61.81617;442309;22.31;22-sep-18;01:14:00;29.47;10.51;205.2127;7.888;4.01;4.6855;0.277;0.02;1;0.06;7;0.6;1;9.525;1;288;0.10;0.01
18TL18196_2556;771;45.82333;-61.80317;442313;5.55;22-sep-18;04:40:00;28.6;17.96;244.2902;8.1;1.55;5.514;0.152;0.01;1;0.06;1;0.16;1;0.615;1;256;0.38;0.10
18TL18196_2556;771;45.82333;-61.80317;442312;24.69;22-sep-18;04:40:00;29.22;11.66;213.74276;7.803;1.62;NaN;0.155;0.02;1;0.06;1;0.58;1;9.505;1;0;0.10;0.01
18TL18196_2556;771;45.82333;-61.80317;442311;31.34;22-sep-18;04:40:00;29.67;9.36;222.22816;7.886;1.3;4.854;0.07;0.03;1;0.1;1;0.62;1;9.96;1;256;0.16;0.01
18TL18196_2557;781;46.10883;-61.80767;442316;5.06;22-sep-18;17:25:00;28.57;16.65;248.35426;8.01;1.55;5.653;0.156;0.015;1;0.06;1;0.16;1;1.065;1;256;0.38;0.06
18TL18196_2557;781;46.10883;-61.80767;442315;25.69;22-sep-18;17:25:00;29.55;7.79;257.37558;7.694;0.39;NaN;0.084;0.12;1;1.945;1;0.79;1;11.31;1;0;2.46;0.17
18TL18196_2557;781;46.10883;-61.80767;442314;49.19;22-sep-18;17:25:00;31.4;1.52;269.61242;7.753;0.1;5.9585;0.049;0.155;1;5.28;1;1.12;1;16.79;1;256;4.71;0.31
18TL18196_2558;791;46.15917;-61.93767;442319;5.45;22-sep-18;19:47:00;28.87;16.29;254.69598;8.02;1.46;5.766;0.15;0.01;1;0.06;1;0.16;1;1.12;1;256;0.38;0.05
18TL18196_2558;791;46.15917;-61.93767;442318;25.69;22-sep-18;19:47:00;29.94;6.08;240.13682;7.693;0.545;NaN;0.116;0.255;1;1.77;1;0.82;1;13.14;1;0;2.16;0.13
18TL18196_2558;791;46.15917;-61.93767;442317;42.15;22-sep-18;19:47:00;31.39;1.53;277.20462;7.801;0.135;6.082;0.049;0.16;1;4.695;1;1.05;1;15.455;1;256;4.47;0.30
18TL18196_2559;801;46.28783;-61.87483;442322;5.36;23-sep-18;00:36:00;28.95;15.4;258.67072;8.01;1.585;5.9055;0.138;0.03;1;0.165;1;0.21;1;1.16;1;256;0.79;0.14
18TL18196_2559;801;46.28783;-61.87483;442321;25.29;23-sep-18;00:36:00;30.74;3.48;290.64728;7.757;0.16;NaN;0.064;0.38;1;3.245;1;0.86;1;9.655;1;0;3.77;0.34
18TL18196_2559;801;46.28783;-61.87483;442320;46.41;23-sep-18;00:36:00;31.27;1.33;282.16188;7.763;0.07;6.288;0.045;0.335;1;4.365;1;1.025;1;13.63;1;256;4.26;0.32
18TL18196_2560;811;46.27733;-62.0035;442325;5.06;23-sep-18;03:21:00;28.75;16.03;254.96394;8.02;1.55;5.8465;0.13;0.05;1;0.135;1;0.19;1;1.17;1;256;0.71;0.12
18TL18196_2560;811;46.27733;-62.0035;442324;25.19;23-sep-18;03:21:00;30.74;3.36;278.58908;7.748;0.13;NaN;0.046;0.4;1;3.3;1;0.9;1;10.615;1;0;3.67;0.31
18TL18196_2560;811;46.27733;-62.0035;442323;39.67;23-sep-18;03:21:00;31.2;1.64;284.61818;7.805;0.1;6.326;0.045;0.385;1;3.78;1;0.96;1;12.13;1;256;3.94;0.31
18TL18196_2561;821;46.52817;-62.23633;442328;4.86;23-sep-18;10:35:00;28.54;16.42;251.2125;8.065;0.915;5.7315;0.117;0.01;1;0.06;1;0.07;1;0.8;1;256;0.86;0.07
18TL18196_2561;821;46.52817;-62.23633;442327;24.99;23-sep-18;10:35:00;29.4;8.74;259.42994;7.833;0.36;NaN;0.079;0.25;1;2.895;1;0.625;1;7.805;1;0;4.63;0.37
18TL18196_2561;821;46.52817;-62.23633;442326;32.53;23-sep-18;10:35:00;29.82;6.64;267.37942;7.926;0.26;5.8835;0.067;0.285;1;3.105;1;0.66;1;7.73;1;256;4.70;0.40
18TL18196_2562;831;46.5705;-62.6695;442331;5.16;23-sep-18;14:30:00;28.2;16.24;252.7756;8.025;0.96;5.787;0.126;0.01;1;0.06;1;0.1;1;0.955;1;256;0.60;0.06
18TL18196_2562;831;46.5705;-62.6695;442330;25.49;23-sep-18;14:30:00;29.66;5.04;234.28636;7.7;0.135;NaN;0.064;0.37;1;4.515;1;0.945;1;13.93;1;0;4.78;0.32
18TL18196_2562;831;46.5705;-62.6695;442329;44.72;23-sep-18;14:30:00;30.69;1.97;263.80662;7.778;0.06;5.8255;0.055;0.385;1;4.955;1;1.02;1;14.775;1;256;4.86;0.34
18TL18196_2563;841;46.51467;-63.21683;442334;5.06;23-sep-18;18:31:00;28.24;16.43;253.57948;8.006;0.96;5.7465;0.142;0.035;1;0.245;1;0.15;1;1.73;1;256;1.63;0.14
18TL18196_2563;841;46.51467;-63.21683;442333;24.69;23-sep-18;18:31:00;29.71;5.43;223.38932;7.712;0.13;NaN;0.061;0.44;1;5.26;1;1.015;1;15.88;1;0;5.18;0.33
18TL18196_2563;841;46.51467;-63.21683;442332;30.15;23-sep-18;18:31:00;30.28;3.1;235.3582;7.809;0.11;5.21;0.057;0.435;1;5.395;1;1.035;1;16.8;1;256;5.21;0.32
18TL18196_2564;851;46.57883;-63.34117;442337;5.36;23-sep-18;21:10:00;28.45;15.35;261.43964;8.021;1.62;5.918;0.217;0.02;1;0.075;1;0.18;1;2.135;1;256;0.42;0.04
18TL18196_2564;851;46.57883;-63.34117;442336;25.59;23-sep-18;21:10:00;29.91;4.77;240.7174;7.704;0.16;NaN;0.058;0.49;1;5.205;1;1.005;1;14.895;1;0;5.18;0.35
18TL18196_2564;851;46.57883;-63.34117;442335;32.33;23-sep-18;21:10:00;30.22;3.4;246.88048;7.786;0.17;5.4305;0.053;0.49;1;5.235;1;0.995;1;15.04;1;256;5.26;0.35
18TL18196_2565;861;46.72833;-63.2145;442340;5.65;24-sep-18;00:51:00;28.72;13.23;270.28232;7.978;1.09;6.1005;0.143;0.06;1;0.24;1;0.22;1;2.39;1;256;1.09;0.10
18TL18196_2565;861;46.72833;-63.2145;442339;25.29;24-sep-18;00:51:00;29.68;6.03;263.85128;7.689;0.155;NaN;0.049;0.49;1;3.645;1;0.83;1;9.715;1;0;4.39;0.38
18TL18196_2565;861;46.72833;-63.2145;442338;45.61;24-sep-18;00:51:00;30.65;1.4;243.70962;7.669;0.085;5.4345;0.052;0.41;1;6.48;1;1.235;1;19.735;1;256;5.25;0.33
18TL18196_2566;871;46.78833;-62.54183;442344;4.66;24-sep-18;06:54:00;28.16;15.96;254.74064;8.039;0.81;5.8155;0.118;0;1;0.15;1;0.105;1;0.67;1;256;1.43;0.22
18TL18196_2566;871;46.78833;-62.54183;442343;25.58;24-sep-18;06:54:00;29.06;7.39;276.13278;7.811;0.335;NaN;0.072;0.41;1;1.62;1;0.585;1;4.44;1;0;2.77;0.36
18TL18196_2566;871;46.78833;-62.54183;442342;49.98;24-sep-18;06:54:00;31.15;1.25;275.37356;7.715;0.07;NaN;0.048;0.555;1;4.58;1;1.08;1;15.585;1;0;4.24;0.29
18TL18196_2566;871;46.78833;-62.54183;442341;59.49;24-sep-18;06:54:00;31.18;1.27;275.64152;7.758;0.08;6.1575;0.049;0.51;1;4.495;1;1.06;1;15.37;1;256;4.24;0.29
18TL18196_2567;881;46.68167;-61.5435;442348;5.16;24-sep-18;13:05:00;29.64;12.83;270.05902;7.977;1.18;6.1475;0.126;0.06;1;0.295;1;0.275;1;1.56;1;256;1.07;0.19
18TL18196_2567;881;46.68167;-61.5435;442347;24.69;24-sep-18;13:05:00;31.03;4.75;290.7366;7.783;0.25;NaN;0.064;0.215;1;1.475;1;0.715;1;4.64;1;0;2.06;0.32
18TL18196_2567;881;46.68167;-61.5435;442346;50.37;24-sep-18;13:05:00;31.52;1.23;273.63182;7.718;0.06;NaN;0.04;0.14;1;6.045;1;1.07;1;16.345;1;0;5.65;0.37
18TL18196_2567;881;46.68167;-61.5435;442345;61.68;24-sep-18;13:05:00;31.6;1.26;272.51532;7.743;0.07;6.056;0.05;0.11;1;6.64;1;1.07;1;16.905;1;256;6.21;0.39
18TL18196_2568;891;46.72633;-61.14217;442352;4.96;24-sep-18;16:37:00;28.68;15.67;254.96394;8.014;1.265;5.7955;0.112;0;1;0.15;1;0.17;1;0.555;1;256;0.88;0.27
18TL18196_2568;891;46.72633;-61.14217;442351;25.19;24-sep-18;16:37:00;30.22;6.23;297.48026;7.836;0.46;NaN;0.068;0.27;1;1.355;1;0.63;1;4.36;1;0;2.15;0.31
18TL18196_2568;891;46.72633;-61.14217;442350;50.18;24-sep-18;16:37:00;31.53;2.5;317.7559;7.82;0.12;NaN;0.044;0.27;1;4.095;1;0.79;1;5.67;1;0;5.18;0.72
18TL18196_2568;891;46.72633;-61.14217;442349;107.18;24-sep-18;16:37:00;32.65;2.07;263.62798;7.759;0.05;5.892;0.042;0.065;1;11.54;1;1.16;1;13.17;1;256;9.95;0.88
18TL18196_2569;901;46.93683;-61.305;442356;5.06;24-sep-18;23:51:00;29.81;12.34;281.40266;8.021;1.55;6.362;0.218;0.01;1;0.15;1;0.28;1;2.07;1;256;0.54;0.07
18TL18196_2569;901;46.93683;-61.305;442355;25.58;24-sep-18;23:51:00;29.78;12.31;280.50946;7.949;1.48;NaN;0.202;0.01;1;0.15;1;0.275;1;1.96;1;0;0.55;0.08
18TL18196_2569;901;46.93683;-61.305;442354;50.47;24-sep-18;23:51:00;31.46;2.1;291.76378;7.774;0.11;NaN;0.048;0.25;1;5.1;1;0.965;1;11.425;1;0;5.28;0.45
18TL18196_2569;901;46.93683;-61.305;442353;58.11;24-sep-18;23:51:00;31.52;1.94;293.01426;7.813;0.105;6.513;0.041;0.24;1;5.2;1;0.945;1;11.6;1;256;5.50;0.45
18TL18196_2570;911;46.8715;-61.83867;442360;5.36;25-sep-18;04:18:00;28.91;14.76;262.51148;8.032;1.76;5.954;0.181;0.01;1;0.15;1;0.15;1;1.645;1;256;1.00;0.09
18TL18196_2570;911;46.8715;-61.83867;442359;24.79;25-sep-18;04:18:00;30.6;6.98;259.07266;7.758;0.56;NaN;0.066;0.22;1;1.37;1;0.725;1;7.215;1;0;1.89;0.19
18TL18196_2570;911;46.8715;-61.83867;442358;50.97;25-sep-18;04:18:00;31.26;2.34;267.15612;7.734;0.09;NaN;0.05;0.38;1;4.655;1;1.055;1;15.595;1;0;4.41;0.30
18TL18196_2570;911;46.8715;-61.83867;442357;56.62;25-sep-18;04:18:00;31.27;2.32;267.96;7.769;0.085;5.967;0.049;0.37;1;4.63;1;1.035;1;15.6;1;256;4.47;0.30
18TL18196_2571;921;47.01117;-61.99017;442363;5.16;25-sep-18;07:49:00;29.62;12.74;274.25706;7.988;4.43;6.21;0.331;0.02;1;0.15;1;0.3;1;1.055;1;256;0.50;0.14
18TL18196_2571;921;47.01117;-61.99017;442362;25.09;25-sep-18;07:49:00;30.8;5.24;255.94646;7.765;0.17;NaN;0.057;0.44;1;3.59;1;0.91;1;11.665;1;0;3.95;0.31
18TL18196_2571;921;47.01117;-61.99017;442361;48.59;25-sep-18;07:49:00;31;4.11;259.20664;7.793;0.115;5.7955;0.051;0.56;1;3.725;1;0.98;1;13.095;1;256;3.80;0.28
18TL18196_2572;931;47.15133;-62.65283;442366;4.96;25-sep-18;17:53:00;29.21;13.31;276.04346;8.032;1.23;6.2635;0.147;0.02;1;0.15;1;0.185;1;1.245;1;256;0.81;0.12
18TL18196_2572;931;47.15133;-62.65283;442365;25.09;25-sep-18;17:53:00;29.26;11.17;288.59292;7.841;0.43;NaN;0.128;0.36;1;2.025;1;0.6;1;3.82;1;0;3.38;0.53
18TL18196_2572;931;47.15133;-62.65283;442364;69.6;25-sep-18;17:53:00;31.28;0.39;251.56978;7.662;0.09;5.6;0.058;0.29;1;5.175;1;1.295;1;20.145;1;256;4.00;0.26
18TL18196_2573;941;47.194;-62.83617;442369;5.26;25-sep-18;20:28:00;29.19;13.45;276.26676;8.037;1.21;6.2565;0.167;0.005;1;0.15;1;0.19;1;1.275;1;256;0.79;0.12
18TL18196_2573;941;47.194;-62.83617;442368;25.48;25-sep-18;20:28:00;29.5;9.75;275.7755;7.797;0.295;NaN;0.092;0.415;1;2.775;1;0.805;1;7.675;1;0;3.45;0.36
18TL18196_2573;941;47.194;-62.83617;442367;57.61;25-sep-18;20:28:00;31.21;0.98;265.54836;7.707;0.06;5.941;0.048;0.45;1;4.885;1;1.165;1;17.29;1;256;4.19;0.28
18TL18196_2574;951;47.00033;-63.5165;442372;5.65;26-sep-18;02:50:00;28.89;12.81;278.41044;7.998;1.76;6.3015;0.2;0.01;1;0.15;1;0.29;1;1.885;1;256;0.52;0.08
18TL18196_2574;951;47.00033;-63.5165;442371;25.29;26-sep-18;02:50:00;30;4.64;251.03386;7.698;0.265;NaN;0.065;0.295;1;4.95;1;0.915;1;11.96;1;0;5.41;0.41
18TL18196_2574;951;47.00033;-63.5165;442370;46.51;26-sep-18;02:50:00;30.62;2;257.82218;7.763;0.1;5.691;0.049;0.39;1;6.885;1;1.16;1;16.95;1;256;5.94;0.41
18TL18196_2575;961;46.9085;-64.51533;442375;4.86;26-sep-18;17:41:00;28.7;13.98;270.90756;8.03;1.27;6.1165;0.202;0.02;1;0.15;1;0.27;1;1.495;1;256;0.56;0.10
18TL18196_2575;961;46.9085;-64.51533;442374;24.99;26-sep-18;17:41:00;28.72;12.5;218.07478;7.834;0.71;NaN;0.135;0.125;1;2.49;1;0.64;1;9.19;1;0;3.89;0.27
18TL18196_2575;961;46.9085;-64.51533;442373;30.84;26-sep-18;17:41:00;29.98;6.29;231.51744;7.849;0.64;5.39;0.079;0.18;1;3.625;1;0.82;1;12.775;1;256;4.42;0.28
18TL18196_2576;971;45.79983;-62.88833;442377;5.26;28-sep-18;00:09:00;28.99;14.68;258.67072;7.957;4.36;5.793;0.328;0.04;1;0.15;1;0.535;1;6.77;1;256;0.28;0.02
18TL18196_2576;971;45.79983;-62.88833;442376;19.64;28-sep-18;00:09:00;29.04;14.34;249.38144;7.932;5.035;5.666;0.214;0.05;1;0.275;1;0.54;1;7.17;1;256;0.51;0.04
18TL18196_2577;981;45.92117;-62.69717;442380;5.26;28-sep-18;04:34:00;28.9;14.33;254.7853;7.904;2.39;5.7695;0.195;0.03;1;0.25;1;0.49;1;4.945;1;256;0.51;0.05
18TL18196_2577;981;45.92117;-62.69717;442379;25.49;28-sep-18;04:34:00;29.89;7.99;236.87664;7.773;1.17;NaN;0.096;0.215;1;2.005;1;0.8;1;10.96;1;0;2.51;0.18
18TL18196_2577;981;45.92117;-62.69717;442378;42.44;28-sep-18;04:34:00;29.89;7.97;237.1446;7.788;1.18;5.2965;0.095;0.215;1;2.035;1;0.805;1;11.05;1;256;2.53;0.18
18TL18196_2578;991;46.14583;-61.939;442383;4.86;28-sep-18;10:28:00;28.9;14.63;262.33284;8.033;1.69;5.9165;0.144;0;1;0.15;1;0.16;1;0.455;1;256;0.94;0.33
18TL18196_2578;991;46.14583;-61.939;442382;24.89;28-sep-18;10:28:00;29.03;14.29;260.5911;7.953;1.01;NaN;0.132;0.11;1;1.07;1;0.43;1;4.255;1;0;2.49;0.25
18TL18196_2578;991;46.14583;-61.939;442381;41.95;28-sep-18;10:28:00;30.84;3.35;271.13086;7.786;0.19;6.006;0.055;0.285;1;3.62;1;0.96;1;12.1;1;256;3.77;0.30
18TL18196_2507;1001;46.4295;-61.55117;442386;4.86;28-sep-18;14:42:00;28.75;15.67;253.17754;8.05;1.665;5.735;0.152;0;1;0.15;1;0.15;1;0.03;1;256;1.00;5.00
18TL18196_2507;1001;46.4295;-61.55117;442385;24.99;28-sep-18;14:42:00;28.79;15.1;250.18532;7.914;1.095;NaN;0.106;0.05;1;0.235;1;0.305;1;1.995;1;0;0.77;0.12
18TL18196_2507;1001;46.4295;-61.55117;442384;57.61;28-sep-18;14:42:00;31.78;1.51;269.5231;7.706;0.145;5.93;0.05;0.13;1;7.775;1;1.08;1;15.66;1;256;7.20;0.50
18TL18196_2508;1011;46.61867;-61.2335;442390;5.36;28-sep-18;22:52:00;28.97;14.53;265.01244;8;1.185;5.993;0.124;0;1;0.01;1;0.14;1;1.08;1;256;0.07;0.01
18TL18196_2508;1011;46.61867;-61.2335;442389;25.09;28-sep-18;22:52:00;29.3;12.91;267.78136;7.847;1.015;NaN;0.102;0.08;1;0.505;1;0.31;1;2.365;1;0;1.63;0.21
18TL18196_2508;1011;46.61867;-61.2335;442388;50.37;28-sep-18;22:52:00;31.73;1.54;283.50168;7.724;0.08;NaN;0.041;0.11;1;7.36;1;1;1;12.71;1;0;7.36;0.58
18TL18196_2508;1011;46.61867;-61.2335;442387;78.63;28-sep-18;22:52:00;32.33;1.92;277.47258;7.759;0.085;6.183;0.042;0.13;1;9.365;1;1.015;1;11.865;1;256;9.23;0.79
18TL18196_2509;1021;46.99367;-60.94883;442394;5.26;29-sep-18;03:00:00;29.58;12.35;280.55412;7.985;1.57;6.2995;0.145;0.01;1;0.01;1;0.215;1;0.945;1;256;0.05;0.01
18TL18196_2509;1021;46.99367;-60.94883;442393;25.29;29-sep-18;03:00:00;30.82;5.49;299.26666;7.81;0.22;NaN;0.059;0.22;1;2.675;1;0.67;1;4.845;1;0;3.99;0.55
18TL18196_2509;1021;46.99367;-60.94883;442392;49.98;29-sep-18;03:00:00;31.81;1.84;311.45884;7.779;0.06;NaN;0.04;0.17;1;5.77;1;0.84;1;7.28;1;0;6.87;0.79
18TL18196_2509;1021;46.99367;-60.94883;442391;102.42;29-sep-18;03:00:00;33.12;2.87;237.8145;7.701;0.05;5.298;0.034;0.06;1;13.585;1;1.23;1;15.43;1;256;11.04;0.88
18TL18196_2510;1031;47.173;-60.3585;442399;5.65;29-sep-18;07:54:00;29.65;12.37;278.18714;8.027;1.01;6.2665;0.089;0.01;1;0.01;1;0.21;1;0.49;1;256;0.05;0.02
18TL18196_2510;1031;47.173;-60.3585;442398;25.09;29-sep-18;07:54:00;30.61;12.31;275.86482;7.982;0.545;NaN;0.067;0.005;1;0.01;1;0.215;1;0.47;1;0;0.05;0.02
18TL18196_2510;1031;47.173;-60.3585;442397;50.87;29-sep-18;07:54:00;31.59;3.2;329.8141;7.858;0.65;NaN;0.063;0.29;1;2.425;1;0.62;1;2.795;1;0;3.91;0.87
18TL18196_2510;1031;47.173;-60.3585;442396;100.73;29-sep-18;07:54:00;32.35;1.7;289.8434;7.756;0.03;NaN;0.034;0.01;1;9.165;1;0.99;1;9.175;1;0;9.26;1.00
18TL18196_2510;1031;47.173;-60.3585;442395;177.34;29-sep-18;07:54:00;34.31;5.74;116.16066;7.587;0.025;2.701;0.031;0.04;1;21.81;1;1.735;1;30.905;2;2304;12.57;0.71
18TL18196_2511;1041;47.2965;-60.25167;442404;5.26;29-sep-18;10:22:00;30.01;12.92;273.7658;7.992;0.83;6.1675;0.099;0.005;1;0.01;1;0.175;1;0.2;1;256;0.06;0.05
18TL18196_2511;1041;47.2965;-60.25167;442403;25.39;29-sep-18;10:22:00;31.41;7.57;315.83552;7.901;0.615;NaN;0.083;0.085;1;0.315;1;0.395;1;1.06;1;0;0.80;0.30
18TL18196_2511;1041;47.2965;-60.25167;442402;50.67;29-sep-18;10:22:00;31.84;3.8;323.15976;7.844;0.41;NaN;0.073;0.315;1;2.715;1;0.6;1;2.005;1;0;4.53;1.35
18TL18196_2511;1041;47.2965;-60.25167;442401;100.53;29-sep-18;10:22:00;32.29;1.45;307.0375;7.782;0.025;NaN;0.034;0.01;1;8.065;1;0.89;1;6.55;1;0;9.06;1.23
18TL18196_2511;1041;47.2965;-60.25167;442400;229.64;29-sep-18;10:22:00;34.51;6.21;102.4947;7.583;NaN;2.38;0.029;NaN;9;NaN;9;NaN;9;NaN;9;256;NaN;NaN
18TL18196_2512;1061;47.43417;-60.42;442408;4.76;29-sep-18;15:17:00;29.77;11.77;278.49976;8.026;2.075;6.3435;0.22;0.015;1;0.015;1;0.28;1;1.725;1;256;0.05;0.01
18TL18196_2512;1061;47.43417;-60.42;442407;24.69;29-sep-18;15:17:00;30.21;11.37;274.8823;7.979;0.665;NaN;0.104;0.015;1;0.05;1;0.275;1;0.87;1;0;0.18;0.06
18TL18196_2512;1061;47.43417;-60.42;442406;49.97;29-sep-18;15:17:00;31.59;4.2;321.01608;7.878;0.43;NaN;0.068;0.26;1;1.495;1;0.55;1;1.91;1;0;2.72;0.78
18TL18196_2512;1061;47.43417;-60.42;442405;95.18;29-sep-18;15:17:00;32.23;1.62;295.55988;7.806;0.03;6.692;0.03;0.1;1;7.96;1;0.91;1;7.645;1;256;8.75;1.04
18TL18196_2513;1071;47.73333;-60.48133;442413;4.96;29-sep-18;19:40:00;30.21;10.58;293.01426;8.021;1.23;6.6115;0.175;0;1;0.01;1;0.29;1;1.255;1;256;0.03;0.01
18TL18196_2513;1071;47.73333;-60.48133;442412;25.38;29-sep-18;19:40:00;30.27;10.45;289.30748;7.976;NaN;NaN;0.146;NaN;9;NaN;9;NaN;9;NaN;9;0;NaN;NaN
18TL18196_2513;1071;47.73333;-60.48133;442411;49.97;29-sep-18;19:40:00;31.65;3.48;320.16754;7.858;0.295;NaN;0.05;0.29;1;2.345;1;0.655;1;3.5;1;0;3.58;0.67
18TL18196_2513;1071;47.73333;-60.48133;442410;99.83;29-sep-18;19:40:00;32.23;1.46;307.08216;7.802;0.03;NaN;0.031;0.01;1;7.685;1;0.89;1;6.145;1;0;8.63;1.25
18TL18196_2513;1071;47.73333;-60.48133;442409;336.28;29-sep-18;19:40:00;34.9;6.41;111.69466;7.666;0;2.6685;0.025;0.01;1;24.1;1;1.78;1;35.91;1;256;13.54;0.67
18TL18196_2514;1091;47.6305;-60.5035;442418;5.06;29-sep-18;23:39:00;29.46;12.31;280.42014;8.007;1.97;6.2995;0.183;0.02;1;0.06;1;0.255;1;1.93;1;256;0.24;0.03
18TL18196_2514;1091;47.6305;-60.5035;442417;25.19;29-sep-18;23:39:00;30.04;10.31;291.09388;7.948;0.72;NaN;0.103;0.03;1;0.175;1;0.34;1;1.75;1;0;0.51;0.10
18TL18196_2514;1091;47.6305;-60.5035;442416;50.37;29-sep-18;23:39:00;31.62;4.31;328.11702;7.874;0.34;NaN;0.062;0.25;1;1.315;1;0.555;1;2.24;1;0;2.37;0.59
18TL18196_2514;1091;47.6305;-60.5035;442415;100.92;29-sep-18;23:39:00;32.42;1.48;288.7269;7.748;0.02;NaN;0.037;0.08;1;10.38;1;1.065;1;10.3;1;0;9.75;1.01
18TL18196_2514;1091;47.6305;-60.5035;442414;194.86;29-sep-18;23:39:00;33.44;3.21;198.64768;7.652;0.01;4.4635;0.034;0.02;1;16.755;1;1.38;1;19.525;1;256;12.14;0.86
18TL18196_2516;1101;47.89617;-60.77067;442423;5.16;30-sep-18;04:35:00;29.25;12.83;272.91726;8.029;1.725;6.145;0.147;0.025;1;0.095;1;0.24;1;2.08;1;256;0.40;0.05
18TL18196_2516;1101;47.89617;-60.77067;442422;25.09;30-sep-18;04:35:00;29.4;12.07;278.76772;7.944;0.59;NaN;0.091;0.03;1;0.13;1;0.28;1;1.875;1;0;0.46;0.07
18TL18196_2516;1101;47.89617;-60.77067;442421;50.67;30-sep-18;04:35:00;31.24;2.09;332.44904;7.83;0.25;NaN;0.054;0.305;1;3.51;1;0.78;1;5.09;1;0;4.50;0.69
18TL18196_2516;1101;47.89617;-60.77067;442420;100.72;30-sep-18;04:35:00;32.54;1.14;270.81824;7.707;0.025;NaN;0.034;0.05;1;12.225;1;1.18;1;12.645;1;0;10.36;0.97
18TL18196_2516;1101;47.89617;-60.77067;442419;239.04;30-sep-18;04:35:00;34.33;5.82;114.28494;7.592;0.01;2.653;0.03;0.02;1;21.94;1;1.705;1;31.155;1;256;12.87;0.70
18TL18196_2517;1111;47.96483;-60.98617;442427;5.16;30-sep-18;08:02:00;29.32;12.5;274.97162;7.974;2.11;6.183;0.192;0.03;1;0.085;1;0.24;1;1.53;1;256;0.35;0.06
18TL18196_2517;1111;47.96483;-60.98617;442426;25.38;30-sep-18;08:02:00;30.16;8.42;254.60666;7.767;0.225;NaN;0.066;0.265;1;2.13;1;0.675;1;7.075;1;0;3.16;0.30
18TL18196_2517;1111;47.96483;-60.98617;442425;50.47;30-sep-18;08:02:00;31.4;1.56;322.2219;7.791;0.14;NaN;0.046;0.28;1;4.835;1;0.87;1;7.295;1;0;5.56;0.66
18TL18196_2517;1111;47.96483;-60.98617;442424;96.36;30-sep-18;08:02:00;32.13;0.82;302.1249;7.769;0.04;6.6675;0.034;0.14;1;8.955;1;1.015;1;9.8;1;256;8.82;0.91
18TL18196_2518;1121;47.8015;-60.95967;442430;4.76;30-sep-18;09:46:00;29.45;12.04;280.33082;8.043;1.585;6.2955;0.172;0.02;1;0.01;1;0.24;1;1.585;1;256;0.04;0.01
18TL18196_2518;1121;47.8015;-60.95967;442429;24.69;30-sep-18;09:46:00;29.51;11.92;281.75994;8.004;1.34;NaN;0.17;0.01;1;0.01;1;0.26;1;1.6;1;0;0.04;0.01
18TL18196_2518;1121;47.8015;-60.95967;442428;55.82;30-sep-18;09:46:00;31;3.3;285.24342;7.827;0.1;6.3085;0.05;0.33;1;4.425;1;0.93;1;9.345;1;256;4.76;0.47
18TL18196_2519;1131;47.73783;-61.058;442433;5.16;30-sep-18;13:08:00;29.27;12.63;273.58716;8.044;2.075;6.1705;0.194;0.04;1;0.135;1;0.245;1;1.93;1;256;0.55;0.07
18TL18196_2519;1131;47.73783;-61.058;442432;25.78;30-sep-18;13:08:00;29.26;12.56;272.78328;8.006;1.69;NaN;0.165;0.03;1;0.16;1;0.255;1;2.225;1;0;0.63;0.07
18TL18196_2519;1131;47.73783;-61.058;442431;38.47;30-sep-18;13:08:00;30.53;6.77;253.13288;7.874;0.27;5.6435;0.072;0.3;1;2.885;1;0.875;1;8.71;1;256;3.30;0.33
18TL18196_2520;1141;47.51283;-61.15717;442436;4.86;30-sep-18;17:12:00;29.46;12.51;279.66092;8.035;1.55;6.2665;0.118;0.035;1;0.11;1;0.24;1;1.92;1;256;0.46;0.06
18TL18196_2520;1141;47.51283;-61.15717;442435;24.49;30-sep-18;17:12:00;29.45;12.28;274.659;7.97;1.11;NaN;0.133;0.03;1;0.19;1;0.27;1;2.115;1;0;0.70;0.09
18TL18196_2520;1141;47.51283;-61.15717;442434;34.41;30-sep-18;17:12:00;30.46;7.4;270.01436;7.911;0.36;5.998;0.084;0.275;1;2.615;1;0.74;1;6.785;1;256;3.53;0.39
18TL18196_2521;1151;47.16567;-61.63367;442439;5.26;30-sep-18;22:31:00;29.7;11.82;284.43954;8.035;2.32;NaN;0.238;0.02;1;0.095;1;0.295;1;1.82;1;0;0.32;0.05
18TL18196_2521;1151;47.16567;-61.63367;442438;25.09;30-sep-18;22:31:00;29.73;11.54;282.96576;8.023;1.55;6.4355;0.146;0.03;1;0.33;1;0.31;1;2.335;1;256;1.06;0.14
18TL18196_2521;1151;47.16567;-61.63367;442437;30.54;30-sep-18;22:31:00;29.73;11.54;283.18906;8.023;1.69;6.3215;0.146;0.04;1;0.295;1;0.31;1;2.335;1;256;0.95;0.13
18TL18196_2522;1171;47.08117;-61.713;442442;5.16;01-oct-18;02:31:00;29.18;13.23;284.61818;8.024;2.145;6.2805;0.288;0.01;1;0.09;1;0.18;1;0.52;1;256;0.50;0.17
18TL18196_2522;1171;47.08117;-61.713;442441;25.29;01-oct-18;02:31:00;29.92;10.47;260.3678;7.949;0.63;NaN;0.095;0.18;1;1.625;1;0.56;1;4.98;1;0;2.90;0.33
18TL18196_2522;1171;47.08117;-61.713;442440;33.12;01-oct-18;02:31:00;29.96;10.24;260.54644;7.966;0.6;5.8315;0.089;0.17;1;1.44;1;0.545;1;4.775;1;256;2.64;0.30
18TL18196_2523;1181;47.2465;-61.21017;442445;5.55;01-oct-18;06:51:00;29.68;12.07;284.17158;8.022;0.89;6.386;0.107;0.01;1;0.11;1;0.225;1;1.105;1;256;0.49;0.10
18TL18196_2523;1181;47.2465;-61.21017;442444;25.58;01-oct-18;06:51:00;29.82;10.89;285.86866;7.876;0.53;NaN;0.085;0.145;1;1.505;1;0.49;1;3.515;1;0;3.07;0.43
18TL18196_2523;1181;47.2465;-61.21017;442443;47.2;01-oct-18;06:51:00;31.45;2.28;299.4453;7.858;0.125;6.601;0.047;0.35;1;5.02;1;0.92;1;8.91;1;256;5.46;0.56
18TL18196_2524;1191;47.37033;-61.11417;442448;5.45;01-oct-18;08:04:00;29.66;12.15;282.9211;8.048;0.92;6.3365;0.103;0.01;1;0.09;1;0.22;1;0.75;1;256;0.41;0.12
18TL18196_2524;1191;47.37033;-61.11417;442447;25.39;01-oct-18;08:04:00;29.77;11.64;282.51916;7.973;0.7;NaN;0.091;0.01;1;0.095;1;0.275;1;1.245;1;0;0.35;0.08
18TL18196_2524;1191;47.37033;-61.11417;442446;46.8;01-oct-18;08:04:00;31.28;2.62;295.73852;7.9;0.15;6.4255;0.047;0.405;1;4.495;1;0.905;1;9.385;1;256;4.97;0.48
18TL18196_2525;1201;47.51567;-61.02;442451;4.66;01-oct-18;11:00:00;29.52;12.28;279.70558;8.035;1.585;6.2675;0.164;0.01;1;0.09;1;0.235;1;1.485;1;256;0.38;0.06
18TL18196_2525;1201;47.51567;-61.02;442450;24.69;01-oct-18;11:00:00;29.88;11.34;282.78712;7.995;0.555;NaN;0.077;0.01;1;0.09;1;0.28;1;1.31;1;0;0.32;0.07
18TL18196_2525;1201;47.51567;-61.02;442449;39.36;01-oct-18;11:00:00;30.64;6.54;275.82016;7.894;0.27;6.166;0.062;0.265;1;2.65;1;0.685;1;6.43;1;256;3.87;0.41
18TL18196_2526;1211;47.423;-60.65967;442454;4.86;01-oct-18;15:21:00;29.41;12.71;275.5522;8.033;1.725;6.1955;0.169;0.02;1;0.09;1;0.25;1;1.675;1;256;0.36;0.05
18TL18196_2526;1211;47.423;-60.65967;442453;25.09;01-oct-18;15:21:00;29.42;12.52;274.48036;7.979;1.235;NaN;0.153;0.03;1;0.095;1;0.275;1;1.75;1;0;0.35;0.05
18TL18196_2526;1211;47.423;-60.65967;442452;60.88;01-oct-18;15:21:00;31.35;2.08;295.29192;7.799;0.08;6.5275;0.048;0.375;1;5.05;1;0.94;1;9.45;1;256;5.37;0.53
18TL18196_2527;1221;47.20817;-60.69183;442458;4.76;01-oct-18;19:26:00;29.61;12.39;282.74246;8.027;1.4;6.352;0.174;0.01;1;0.09;1;0.18;1;0.41;1;256;0.50;0.22
18TL18196_2527;1221;47.20817;-60.69183;442457;24.69;01-oct-18;19:26:00;30.01;10.53;279.7949;7.882;0.57;NaN;0.09;0.06;1;0.34;1;0.335;1;2.18;1;0;1.01;0.16
18TL18196_2527;1221;47.20817;-60.69183;442456;50.07;01-oct-18;19:26:00;31.65;2.68;315.16562;7.836;0.13;NaN;0.05;0.22;1;3.93;1;0.73;1;5.13;1;0;5.38;0.77
18TL18196_2527;1221;47.20817;-60.69183;442455;102.91;01-oct-18;19:26:00;33.11;2.71;242.7271;7.754;0.02;5.418;0.033;0.02;1;13.335;1;1.195;1;14.425;1;256;11.16;0.92
18TL18196_2528;1241;47.26633;-60.1595;442463;5.26;02-oct-18;00:23:00;31.01;11.61;285.06478;8.024;0.36;6.395;0.077;0.09;1;0.09;1;0.2;1;0.275;1;256;0.45;0.33
18TL18196_2528;1241;47.26633;-60.1595;442462;25.29;02-oct-18;00:23:00;31.51;7.33;320.97142;7.925;1.11;NaN;0.129;0.07;1;0.295;1;0.395;1;0.955;1;0;0.75;0.31
18TL18196_2528;1241;47.26633;-60.1595;442461;50.37;02-oct-18;00:23:00;31.93;3.64;321.01608;7.878;0.16;NaN;0.051;0.25;1;2.865;1;0.59;1;2.21;1;0;4.86;1.30
18TL18196_2528;1241;47.26633;-60.1595;442460;100.33;02-oct-18;00:23:00;32.28;1.46;312.97728;7.828;0.03;NaN;0.032;0.01;1;7.105;1;0.845;1;5.48;1;0;8.41;1.30
18TL18196_2528;1241;47.26633;-60.1595;442459;223.9;02-oct-18;00:23:00;34.14;5.33;135.00718;7.639;0.015;3.0975;0.033;0.02;1;20.465;1;1.62;1;27.71;1;256;12.63;0.74
