CTD;CTD;CTD;CTD;CTD;CTD;CTD;CTD;CTD;labo;labo;labo;labo;terrain;labo;labo;labo;labo;labo;labo;labo;labo;labo;labo;calc;calc
Fichier;Station;Latitude;Longitude;Echantillon;zbouteille;Date;Heure;PRES;PSAL_BS;Q_PSAL;OXYM_01;Q_OXYM;TEMP_XX;Q_TEMP_RT;CHL_XX;Q_CHL;NOx_01;Q_NOX;PO4_01;Q_PO4;Si_01;Q_Si;QCFF;N_P;N_Si
(nom);(nom/no);(degres);(degres);(no_unique);(dbar);(jj-mmm-yyyy);(GMT);(dbar);(PSU);((none));(mmol/m**3);((none));(celsius);((none));(mg/m**3);((none));(mmol/m**3);((none));(mmol/m**3);((none));(mmol/m**3);((none));((none));((none));((none))
181C04552_002;STN27;47.5467;-52.5867;258522;4;21-jul-04;23:20:00;4.21;31.65;1;6.30989699955217;1;12.91;1;0.58;1;0;1;0.23;1;1.04;1;0;0.00;0.00
181C04552_002;STN27;47.5467;-52.5867;258521;10;21-jul-04;23:20:00;9.83;31.65;1;6.39050604567846;1;11.87;1;0.83;1;0.11;1;0.27;1;1.04;1;0;0.41;0.11
181C04552_002;STN27;47.5467;-52.5867;258520;20;21-jul-04;23:20:00;20.16;32.017;1;7.7295118674429;1;4.43;1;1.73;1;0;1;0.29;1;1.04;1;0;0.00;0.00
181C04552_002;STN27;47.5467;-52.5867;258519;30;21-jul-04;23:20:00;30.42;32.135;1;8.02955665024631;1;2.54;1;1.24;1;0.61;1;0.45;1;1.62;1;0;1.36;0.38
181C04552_002;STN27;47.5467;-52.5867;258518;40;21-jul-04;23:20:00;40.02;32.269;1;8.24899238692342;1;0.57;1;0.51;1;1.28;1;0.45;1;1.04;1;0;2.84;1.23
181C04552_002;STN27;47.5467;-52.5867;258517;49;21-jul-04;23:20:00;49.39;32.374;1;8.36094939543215;1;-0.05;1;0.28;1;1.55;1;0.58;1;1.64;1;0;2.67;0.95
181C04552_002;STN27;47.5467;-52.5867;258516;74;21-jul-04;23:20:00;74.69;32.485;1;7.96014330497089;1;-0.96;1;0;1;4.47;1;0.82;1;2.6;1;0;5.45;1.72
181C04552_002;STN27;47.5467;-52.5867;258515;100;21-jul-04;23:20:00;100.76;32.596;1;7.68025078369906;1;-1.09;1;0;1;6.58;1;0.97;1;5.78;1;0;6.78;1.14
181C04552_002;STN27;47.5467;-52.5867;258514;149;21-jul-04;23:20:00;150.29;32.929;1;7.06000895656068;1;-0.61;1;0.02;1;7.56;1;1;1;8.61;1;0;7.56;0.88
181C04552_002;STN27;47.5467;-52.5867;258513;167;21-jul-04;23:20:00;168.52;33.136;1;6.15987460815047;1;-0.1;1;NaN;9;9.03;1;1.27;1;14.47;1;0;7.11;0.62
181C04552_113;FC-01;47;-52.8317;258530;5;22-jul-04;23:00:00;5.2;32.037;1;6.589789520824;1;10.19;1;0.37;1;0;1;0.32;1;1.35;1;0;0.00;0.00
181C04552_113;FC-01;47;-52.8317;258529;11;22-jul-04;23:00:00;10.83;32.118;1;7.68920734437976;1;4.88;1;0.39;1;0.21;1;0.36;1;1.7;1;0;0.58;0.12
181C04552_113;FC-01;47;-52.8317;258528;20;22-jul-04;23:00:00;20.15;32.244;1;8.17062248096731;1;1.89;1;0.74;1;0.41;1;0.41;1;1.83;1;0;1.00;0.22
181C04552_113;FC-01;47;-52.8317;258527;30;22-jul-04;23:00:00;30.27;32.328;1;8.34079713390058;1;0.28;1;0.91;1;1.11;1;0.57;1;1.9;1;0;1.95;0.58
181C04552_113;FC-01;47;-52.8317;258526;40;22-jul-04;23:00:00;40.38;32.379;1;8.11016569637259;1;-0.06;1;0.65;1;3.52;1;0.69;1;2.73;1;0;5.10;1.29
181C04552_113;FC-01;47;-52.8317;258525;50;22-jul-04;23:00:00;50.38;32.442;1;7.94894760412002;1;-0.69;1;0.23;1;3.7;1;0.76;1;2.34;1;0;4.87;1.58
181C04552_113;FC-01;47;-52.8317;258524;74;22-jul-04;23:00:00;74.78;32.496;1;7.87057769816391;1;-1.1;1;0;1;4.92;1;0.96;1;3.39;1;0;5.13;1.45
181C04552_113;FC-01;47;-52.8317;258523;100;22-jul-04;23:00:00;100.83;32.623;1;7.7205553067622;1;-1.17;1;0;1;6.13;1;0.91;1;5.16;1;0;6.74;1.19
181C04552_225;FC-02;47;-52.705;258531;181;23-jul-04;00:34:00;182.19;33.264;1;5.66950291088222;1;0.37;1;NaN;9;NaN;9;NaN;9;NaN;9;0;NaN;NaN
181C04552_264;FC-03;47;-52.58;258540;4;23-jul-04;02:09:00;4.47;32.147;1;6.26959247648903;1;11.65;1;0.27;1;0.82;1;0.26;1;1.17;1;0;3.15;0.70
181C04552_264;FC-03;47;-52.58;258539;10;23-jul-04;02:09:00;10.24;32.141;1;6.31885356023287;1;11.2;1;0.27;1;0.88;1;0.23;1;1.04;1;0;3.83;0.85
181C04552_264;FC-03;47;-52.58;258538;20;23-jul-04;02:09:00;20.31;32.391;1;7.2794446932378;1;6.29;1;0.41;1;0.15;1;0.31;1;1.56;1;0;0.48;0.10
181C04552_264;FC-03;47;-52.58;258537;31;23-jul-04;02:09:00;30.81;32.506;1;7.7295118674429;1;4.24;1;0.27;1;0;1;0.3;1;1.05;1;0;0.00;0.00
181C04552_264;FC-03;47;-52.58;258536;40;23-jul-04;02:09:00;40.35;32.548;1;8.24003582624272;1;2.25;1;1.89;1;0.15;1;0.38;1;1.37;1;0;0.39;0.11
181C04552_264;FC-03;47;-52.58;258535;50;23-jul-04;02:09:00;50.23;32.656;1;8.00044782803404;1;0.89;1;0.85;1;0.7;1;0.52;1;1.33;1;0;1.35;0.53
181C04552_264;FC-03;47;-52.58;258534;75;23-jul-04;02:09:00;75.57;32.877;1;7.2704881325571;1;-0.28;1;0.03;1;5.76;1;0.92;1;4.29;1;0;6.26;1.34
181C04552_264;FC-03;47;-52.58;258533;99;23-jul-04;02:09:00;99.61;33.077;1;6.45991939095387;1;-0.05;1;0;1;8.52;1;1.15;1;9.15;1;0;7.41;0.93
181C04552_264;FC-03;47;-52.58;258532;155;23-jul-04;02:09:00;156.19;33.273;1;5.62919838781908;1;0.34;1;NaN;9;9.56;1;1.4;1;15.02;1;0;6.83;0.64
181C04552_284;FC-04;47;-52.3217;258549;4;23-jul-04;04:51:00;4.29;32.073;1;6.35020152261532;1;10.86;1;0.3;1;0.48;1;0.5;1;1.95;1;0;0.96;0.25
181C04552_284;FC-04;47;-52.3217;258548;10;23-jul-04;04:51:00;9.79;32.077;1;6.35915808329601;1;10.88;1;0.31;1;1.41;1;0.31;1;1.05;1;0;4.55;1.34
181C04552_284;FC-04;47;-52.3217;258547;20;23-jul-04;04:51:00;20.29;32.105;1;7.38020600089566;1;6.23;1;0.44;1;0;1;0.3;1;1.04;1;0;0.00;0.00
181C04552_284;FC-04;47;-52.3217;258546;30;23-jul-04;04:51:00;30.35;32.395;1;8.26018808777429;1;2.57;1;0.31;1;0.77;1;0.37;1;1.44;1;0;2.08;0.53
181C04552_284;FC-04;47;-52.3217;258545;40;23-jul-04;04:51:00;40.77;32.482;1;8.36094939543215;1;0.25;1;1.57;1;0.77;1;0.53;1;1.46;1;0;1.45;0.53
181C04552_284;FC-04;47;-52.3217;258544;50;23-jul-04;04:51:00;50.54;32.545;1;7.8795342588446;1;-0.83;1;0.7;1;3.48;1;0.8;1;2.54;1;0;4.35;1.37
181C04552_284;FC-04;47;-52.3217;258543;75;23-jul-04;04:51:00;75.16;32.762;1;7.68025078369906;1;-0.6;1;0;1;5.85;1;0.74;1;3.07;1;0;7.91;1.91
181C04552_284;FC-04;47;-52.3217;258542;100;23-jul-04;04:51:00;100.52;33.028;1;6.75996417375728;1;-0.46;1;0.09;1;9.7;1;1.13;1;11.74;1;0;8.58;0.83
181C04552_284;FC-04;47;-52.3217;258541;118;23-jul-04;04:51:00;119.16;33.209;1;5.9807433945365;1;0.23;1;NaN;9;12.84;1;1.31;1;12.63;1;0;9.80;1.02
181C04552_304;FC-05;47;-52.0333;258558;5;23-jul-04;07:21:00;4.99;31.843;1;6.35915808329601;1;11.05;1;0.31;1;0.53;1;0.36;1;1.32;1;0;1.47;0.40
181C04552_304;FC-05;47;-52.0333;258557;10;23-jul-04;07:21:00;9.91;31.858;1;6.61889834303627;1;9.61;1;0.34;1;0.12;1;0.37;1;1.24;1;0;0.32;0.10
181C04552_304;FC-05;47;-52.0333;258556;20;23-jul-04;07:21:00;19.99;32.158;1;8.24899238692342;1;2.19;1;0.24;1;1.31;1;0.4;1;1.49;1;0;3.27;0.88
181C04552_304;FC-05;47;-52.0333;258555;30;23-jul-04;07:21:00;30.11;32.329;1;8.36094939543215;1;0.87;1;0.83;1;0.55;1;0.42;1;1.25;1;0;1.31;0.44
181C04552_304;FC-05;47;-52.0333;258554;40;23-jul-04;07:21:00;40.27;32.423;1;8.07881773399015;1;-0.66;1;0.96;1;3.61;1;0.8;1;2.48;1;0;4.51;1.46
181C04552_304;FC-05;47;-52.0333;258553;50;23-jul-04;07:21:00;50.57;32.467;1;7.78996865203762;1;-1.06;1;0.13;1;4.81;1;0.83;1;2.74;1;0;5.80;1.76
181C04552_304;FC-05;47;-52.0333;258552;75;23-jul-04;07:21:00;75.2;32.602;1;7.66009852216749;1;-1.34;1;0;1;6.28;1;0.81;1;4.84;1;0;7.75;1.30
181C04552_304;FC-05;47;-52.0333;258551;100;23-jul-04;07:21:00;101.29;32.755;1;7.63994626063592;1;-1.28;1;0;1;8.08;1;0.89;1;6.24;1;0;9.08;1.29
181C04552_304;FC-05;47;-52.0333;258550;132;23-jul-04;07:21:00;133.54;33.083;1;6.67039856695029;1;-0.38;1;NaN;9;8.59;1;1.27;1;11.1;1;0;6.76;0.77
181C04552_315;FC-06;47;-51.485;258559;96;23-jul-04;10:13:00;96.68;33.178;1;5.73891625615764;1;0.38;1;NaN;9;NaN;9;NaN;9;NaN;9;0;NaN;NaN
181C04552_326;FC-07;47;-51;258567;6;23-jul-04;12:30:00;6.38;32.248;1;6.37035378414689;1;10.86;1;0.36;1;0.19;1;0.31;1;1.21;1;0;0.61;0.16
181C04552_326;FC-07;47;-51;258566;10;23-jul-04;12:30:00;9.77;32.255;1;6.37035378414689;1;10.78;1;0.38;1;0.58;1;0.33;1;1.3;1;0;1.76;0.45
181C04552_326;FC-07;47;-51;258565;19;23-jul-04;12:30:00;19.16;32.272;1;6.75996417375728;1;8.71;1;0.43;1;0.83;1;0.34;1;1.72;1;0;2.44;0.48
181C04552_326;FC-07;47;-51;258564;31;23-jul-04;12:30:00;31.5;32.546;1;8.34975369458128;1;1.77;1;0.98;1;0.13;1;0.4;1;1.13;1;0;0.33;0.12
181C04552_326;FC-07;47;-51;258563;40;23-jul-04;12:30:00;40.82;32.604;1;7.98925212718316;1;0.16;1;0.92;1;2.13;1;0.65;1;1.62;1;0;3.28;1.31
181C04552_326;FC-07;47;-51;258562;49;23-jul-04;12:30:00;49.48;32.718;1;7.94894760412002;1;0.19;1;1.33;1;3.52;1;0.76;1;2.85;1;0;4.63;1.24
181C04552_326;FC-07;47;-51;258561;75;23-jul-04;12:30:00;76.08;32.881;1;7.49888042991491;1;-0.66;1;0;1;5.95;1;0.95;1;4.26;1;0;6.26;1.40
181C04552_326;FC-07;47;-51;258560;98;23-jul-04;12:30:00;98.66;33.087;1;6.54052843708016;1;-0.04;1;0.01;1;8.39;1;1.27;1;10.14;1;0;6.61;0.83
181C04552_339;FC-08;47;-50.6667;258568;171;23-jul-04;14:38:00;172.09;33.266;1;5.79041648007165;1;0.39;1;NaN;9;NaN;9;NaN;9;NaN;9;0;NaN;NaN
181C04552_003;FC-09;47;-50;258575;5;23-jul-04;17:34:00;5.08;32.471;1;6.33004926108374;1;11.53;1;0.33;1;0.12;1;0.29;1;1.12;1;0;0.41;0.11
181C04552_003;FC-09;47;-50;258574;9;23-jul-04;17:34:00;9.47;32.472;1;6.35020152261532;1;11.37;1;0.32;1;0.13;1;0.34;1;1.25;1;0;0.38;0.10
181C04552_003;FC-09;47;-50;258573;20;23-jul-04;17:34:00;20.38;32.623;1;7.14061800268697;1;6.59;1;0.22;1;0.07;1;0.32;1;1.04;1;0;0.22;0.07
181C04552_003;FC-09;47;-50;258572;30;23-jul-04;17:34:00;30.64;32.753;1;7.51903269144649;1;4.71;1;0.42;1;0.08;1;0.35;1;1.36;1;0;0.23;0.06
181C04552_003;FC-09;47;-50;258571;40;23-jul-04;17:34:00;40.38;32.768;1;7.79892521271832;1;2.57;1;0.48;1;0;1;0.43;1;1.4;1;0;0.00;0.00
181C04552_003;FC-09;47;-50;258570;50;23-jul-04;17:34:00;50.46;32.822;1;7.55038065382893;1;1.98;1;0.75;1;2.08;1;0.53;1;1.47;1;0;3.92;1.41
181C04552_003;FC-09;47;-50;258569;75;23-jul-04;17:34:00;75.83;33.03;1;5.23958799820869;1;0.86;1;0.27;1;7.23;1;1.7;1;11.42;1;0;4.25;0.63
181C04552_014;FC-10;47;-49.1167;258582;5;23-jul-04;21:37:00;4.94;32.451;1;6.2807881773399;1;11.63;1;0.23;1;0.04;1;0.33;1;1.05;1;0;0.12;0.04
181C04552_014;FC-10;47;-49.1167;258581;10;23-jul-04;21:37:00;10.17;32.46;1;6.30094043887147;1;11.55;1;0.23;1;0.11;1;0.41;1;1.5;1;0;0.27;0.07
181C04552_014;FC-10;47;-49.1167;258580;21;23-jul-04;21:37:00;20.78;32.498;1;6.91894312583968;1;7.73;1;0.28;1;0.35;1;0.35;1;1.36;1;0;1.00;0.26
181C04552_014;FC-10;47;-49.1167;258579;30;23-jul-04;21:37:00;30.7;32.566;1;7.40035826242723;1;5.34;1;0.17;1;0.48;1;0.33;1;1.35;1;0;1.45;0.36
181C04552_014;FC-10;47;-49.1167;258578;40;23-jul-04;21:37:00;39.98;32.663;1;7.94894760412002;1;3.02;1;0.52;1;1.04;1;0.41;1;1.57;1;0;2.54;0.66
181C04552_014;FC-10;47;-49.1167;258577;50;23-jul-04;21:37:00;50.42;32.693;1;8.62068965517241;1;1.51;1;0.62;1;0.09;1;0.3;1;1.08;1;0;0.30;0.08
181C04552_014;FC-10;47;-49.1167;258576;75;23-jul-04;21:37:00;75.86;33.075;1;5.8307210031348;1;0.41;1;0.1;1;7.41;1;1.37;1;9.69;1;0;5.41;0.76
181C04552_025;FC-11;47;-48.6167;258583;99;24-jul-04;00:18:00;99.98;33.233;1;5.73891625615764;1;0.24;1;NaN;9;NaN;9;NaN;9;NaN;9;0;NaN;NaN
181C04552_036;FC-12;47;-48.1167;258592;5;24-jul-04;03:41:00;4.6;32.043;1;6.48007165248545;1;10.43;1;0.27;1;0;1;0.29;1;1.15;1;0;0.00;0.00
181C04552_036;FC-12;47;-48.1167;258591;10;24-jul-04;03:41:00;10.1;32.048;1;6.54052843708016;1;10.2;1;0.26;1;0;1;0.32;1;1.18;1;0;0.00;0.00
181C04552_036;FC-12;47;-48.1167;258590;20;24-jul-04;03:41:00;20.42;32.31;1;8.00940438871473;1;3.27;1;0.53;1;0.06;1;0.35;1;1.4;1;0;0.17;0.04
181C04552_036;FC-12;47;-48.1167;258589;30;24-jul-04;03:41:00;30.45;32.382;1;8.28929690998657;1;1.24;1;0.5;1;0.91;1;0.42;1;1.94;1;0;2.17;0.47
181C04552_036;FC-12;47;-48.1167;258588;40;24-jul-04;03:41:00;40.62;32.445;1;8.30049261083744;1;1.1;1;0.83;1;0.07;1;0.36;1;1.27;1;0;0.19;0.06
181C04552_036;FC-12;47;-48.1167;258587;50;24-jul-04;03:41:00;50.39;32.643;1;8.11912225705329;1;0.09;1;1.28;1;2.08;1;0.52;1;1.85;1;0;4.00;1.12
181C04552_036;FC-12;47;-48.1167;258586;75;24-jul-04;03:41:00;75.14;32.912;1;7.63994626063592;1;-0.68;1;0;1;5.44;1;0.72;1;3.37;1;0;7.56;1.61
181C04552_036;FC-12;47;-48.1167;258585;100;24-jul-04;03:41:00;100.38;33.122;1;7.34885803851321;1;-0.45;1;0;1;7.84;1;0.88;1;6.47;1;0;8.91;1.21
181C04552_036;FC-12;47;-48.1167;258584;130;24-jul-04;03:41:00;131.39;33.337;1;6.45991939095387;1;0.21;1;NaN;9;8.57;1;1.18;1;12.52;1;0;7.26;0.68
