CTD;CTD;CTD;CTD;CTD;CTD;CTD;CTD;CTD;CTD;CTD;labo;labo;labo;labo;labo;labo;labo;labo;labo;labo;labo;calc;calc
Fichier;Station;Latitude;Longitude;Echantillon;zbouteille;Date;Heure;PSAL;TEMP_XX;TE90;OXYM_01;Q_OXYM;CHL_XX;Q_CHL;NOx_01;Q_NOX;PO4_01;Q_PO4;Si_01;Q_Si;QCFF;N_P;N_Si
(nom);(nom/no);(degres);(degres);(no_unique);(dbar);(jj-mmm-yyyy);(GMT);(psu);(celsius);(celsius);(mmol/m**3);((none));(mg/m**3);((none));(mmol/m**3);((none));(mmol/m**3);((none));(mmol/m**3);((none));((none));((none));((none))
18HU90001_341;1;42.46;-58.64;67003;5;06-apr-90;16:06:00;NaN;7.5;NaN;NaN;9;1.55;1;2.31;1;0.39;1;0.97;1;0;5.92;2.38
18HU90001_341;1;42.46;-58.64;67002;15;06-apr-90;16:06:00;NaN;11.3;NaN;NaN;9;1.44;1;5.02;1;0.49;1;2.02;1;0;10.24;2.49
18HU90001_341;1;42.46;-58.64;67001;25;06-apr-90;16:06:00;NaN;13.3;NaN;NaN;9;0.58;1;6.92;1;0.48;1;2.91;1;0;14.42;2.38
18HU90001_342;3;40.92;-54.5;67006;5;07-apr-90;11:44:00;NaN;16.3;NaN;NaN;9;1.93;1;0.08;1;0.18;1;1.63;1;0;0.44;0.05
18HU90001_342;3;40.92;-54.5;67005;20;07-apr-90;11:44:00;NaN;15.8;NaN;NaN;9;2.4;1;0.31;1;0.23;1;1.71;1;0;1.35;0.18
18HU90001_342;3;40.92;-54.5;67004;40;07-apr-90;11:44:00;NaN;14;NaN;NaN;9;0.11;1;7.35;1;0.56;1;3.3;1;0;13.12;2.23
18HU90001_343;189;40;-55.81;67562;1;26-apr-90;09:16:00;36.507;NaN;18.939;8.25570980743395;3;0.66;1;0.01;1;0.15;1;0.57;1;1024;0.07;0.02
18HU90001_343;189;40;-55.81;67561;5;26-apr-90;09:16:00;36.54;NaN;18.971;7.53470667263771;3;0.66;1;0.01;1;0.18;1;0.56;1;1024;0.06;0.02
18HU90001_343;189;40;-55.81;67560;10;26-apr-90;09:16:00;36.539;NaN;18.976;8.04075235109718;3;0.66;1;0.01;1;0.17;1;0.46;1;1024;0.06;0.02
18HU90001_343;189;40;-55.81;67559;15;26-apr-90;09:16:00;36.541;NaN;18.974;7.5974025974026;1;0.67;1;0.01;1;0.16;1;0.49;1;0;0.06;0.02
18HU90001_343;189;40;-55.81;67558;25;26-apr-90;09:16:00;36.543;NaN;18.979;8.11464397671294;1;0.6;1;0.02;1;0.14;1;0.49;1;0;0.14;0.04
18HU90001_343;189;40;-55.81;67557;30;26-apr-90;09:16:00;36.542;NaN;18.984;7.57725033587103;1;0.66;1;0.04;1;0.12;1;0.48;1;0;0.33;0.08
18HU90001_343;189;40;-55.81;67556;35;26-apr-90;09:16:00;36.542;NaN;18.986;8.08553515450067;1;0.66;1;0.07;1;0.13;1;0.5;1;0;0.54;0.14
18HU90001_343;189;40;-55.81;67555;45;26-apr-90;09:16:00;36.544;NaN;18.985;7.59516345723242;1;0.69;1;0.06;1;0.13;1;0.54;1;0;0.46;0.11
18HU90001_343;189;40;-55.81;67554;50;26-apr-90;09:16:00;36.544;NaN;18.986;8.0832960143305;1;0.67;1;0.06;1;0.12;1;0.54;1;0;0.50;0.11
18HU90001_343;189;40;-55.81;67553;60;26-apr-90;09:16:00;36.545;NaN;18.986;7.60412001791312;1;0.74;1;0.19;1;0.12;1;0.5;1;0;1.58;0.38
18HU90001_343;189;40;-55.81;67552;65;26-apr-90;09:16:00;36.546;NaN;18.985;8.04075235109718;1;0.64;1;0.26;1;0.11;1;0.55;1;0;2.36;0.47
18HU90001_343;189;40;-55.81;67551;75;26-apr-90;09:16:00;36.549;NaN;18.977;7.60859829825347;1;0.46;1;0.34;1;0.12;1;0.5;1;0;2.83;0.68
18HU90001_343;189;40;-55.81;67550;90;26-apr-90;09:16:00;36.551;NaN;18.928;7.95118674429019;1;0.22;1;0.68;1;0.13;1;0.62;1;0;5.23;1.10
18HU90001_343;189;40;-55.81;67549;105;26-apr-90;09:16:00;36.552;NaN;18.925;7.42722794446932;1;0.19;1;0.72;1;0.13;1;0.65;1;0;5.54;1.11
18HU90001_343;189;40;-55.81;67548;120;26-apr-90;09:16:00;36.554;NaN;18.923;7.9064039408867;1;0.19;1;0.78;1;0.14;1;0.67;1;0;5.57;1.16
18HU90001_343;189;40;-55.81;67547;135;26-apr-90;09:16:00;36.554;NaN;18.919;7.39140170174653;1;0.13;1;0.79;1;0.14;1;0.68;1;0;5.64;1.16
18HU90001_343;189;40;-55.81;67545;175;26-apr-90;09:16:00;36.553;NaN;18.695;7.55038065382893;1;0.01;1;1.88;1;0.17;1;0.93;1;0;11.06;2.02
18HU90001_344;191;40.01;-55.77;67462;1;26-apr-90;10:55:00;NaN;18.7;NaN;NaN;9;0.63;1;0.19;1;0.1;1;0.48;1;0;1.90;0.40
18HU90001_345;194;40.45;-56.33;67463;1;26-apr-90;17:47:00;NaN;18.7;NaN;NaN;9;0.87;1;0.23;1;0.21;1;0.41;1;0;1.10;0.56
18HU90001_346;195;40.44;-56.32;67580;1;26-apr-90;17:59:00;36.544;NaN;18.907;NaN;9;0.86;1;0.11;1;0.11;1;0.33;1;0;1.00;0.33
18HU90001_346;195;40.44;-56.32;67579;5;26-apr-90;17:59:00;36.547;NaN;18.942;NaN;9;0.86;1;0.13;1;0.13;1;0.41;1;0;1.00;0.32
18HU90001_346;195;40.44;-56.32;67577;15;26-apr-90;17:59:00;36.547;NaN;18.955;NaN;9;0.82;1;0.1;1;0.12;1;0.36;1;0;0.83;0.28
18HU90001_346;195;40.44;-56.32;67575;30;26-apr-90;17:59:00;36.548;NaN;18.957;NaN;9;0.84;1;0.11;1;0.07;1;0.32;1;0;1.57;0.34
18HU90001_346;195;40.44;-56.32;67574;35;26-apr-90;17:59:00;36.55;NaN;18.958;NaN;9;1.18;1;0.09;1;0.1;1;0.29;1;0;0.90;0.31
18HU90001_346;195;40.44;-56.32;67573;45;26-apr-90;17:59:00;36.551;NaN;18.956;NaN;9;0.97;1;0.08;1;0.08;1;0.34;1;0;1.00;0.24
18HU90001_346;195;40.44;-56.32;67572;50;26-apr-90;17:59:00;36.551;NaN;18.958;NaN;9;0.86;1;0.06;1;0.09;1;0.31;1;0;0.67;0.19
18HU90001_346;195;40.44;-56.32;67571;60;26-apr-90;17:59:00;36.551;NaN;18.957;NaN;9;0.89;1;0.09;1;0.11;1;0.36;1;0;0.82;0.25
18HU90001_346;195;40.44;-56.32;67570;65;26-apr-90;17:59:00;36.553;NaN;18.951;NaN;9;0.92;1;0.06;1;0.09;1;0.33;1;0;0.67;0.18
18HU90001_346;195;40.44;-56.32;67568;90;26-apr-90;17:59:00;36.541;NaN;18.584;NaN;9;0.04;1;1.46;1;0.11;1;0.7;1;0;13.27;2.09
18HU90001_346;195;40.44;-56.32;67567;105;26-apr-90;17:59:00;36.545;NaN;18.538;NaN;9;0.01;1;1.53;1;0.14;1;0.78;1;0;10.93;1.96
18HU90001_346;195;40.44;-56.32;67566;120;26-apr-90;17:59:00;36.533;NaN;18.419;NaN;9;0.01;1;2.28;1;0.18;1;0.93;1;0;12.67;2.45
18HU90001_346;195;40.44;-56.32;67565;135;26-apr-90;17:59:00;36.529;NaN;18.339;NaN;9;0.01;1;2.27;1;0.21;1;0.94;1;0;10.81;2.41
18HU90001_346;195;40.44;-56.32;67564;150;26-apr-90;17:59:00;36.532;NaN;18.325;NaN;9;0.01;1;2.05;1;0.19;1;0.88;1;0;10.79;2.33
18HU90001_346;195;40.44;-56.32;67563;175;26-apr-90;17:59:00;36.529;NaN;18.282;NaN;9;0.01;1;2.26;1;0.21;1;1.06;1;0;10.76;2.13
18HU90001_347;197;40.67;-56.87;67598;1;26-apr-90;22:40:00;36.576;NaN;22.449;NaN;9;0.38;1;0;1;0.1;1;0.79;1;0;0.00;0.00
18HU90001_347;197;40.67;-56.87;67597;5;26-apr-90;22:40:00;36.59;NaN;22.503;NaN;9;0.38;1;0.01;1;0.07;1;0.76;1;0;0.14;0.01
18HU90001_347;197;40.67;-56.87;67596;10;26-apr-90;22:40:00;36.597;NaN;22.512;NaN;9;0.37;1;0;1;0.06;1;0.72;1;0;0.00;0.00
18HU90001_347;197;40.67;-56.87;67595;15;26-apr-90;22:40:00;36.588;NaN;22.535;NaN;9;0.38;1;0.02;1;0.05;1;0.76;1;0;0.40;0.03
18HU90001_347;197;40.67;-56.87;67594;25;26-apr-90;22:40:00;36.587;NaN;22.556;NaN;9;0.36;1;0.03;1;0.09;1;0.8;1;0;0.33;0.04
18HU90001_347;197;40.67;-56.87;67593;30;26-apr-90;22:40:00;36.587;NaN;22.562;NaN;9;0.39;1;0.03;1;0.06;1;0.76;1;0;0.50;0.04
18HU90001_347;197;40.67;-56.87;67592;35;26-apr-90;22:40:00;36.588;NaN;22.562;NaN;9;0.37;1;0.04;1;0.07;1;0.71;1;0;0.57;0.06
18HU90001_347;197;40.67;-56.87;67591;45;26-apr-90;22:40:00;36.588;NaN;22.565;NaN;9;0.36;1;0.05;1;0.07;1;0.71;1;0;0.71;0.07
18HU90001_347;197;40.67;-56.87;67590;50;26-apr-90;22:40:00;36.59;NaN;22.565;NaN;9;0.38;1;0.07;1;0.06;1;0.74;1;0;1.17;0.09
18HU90001_347;197;40.67;-56.87;67589;60;26-apr-90;22:40:00;36.59;NaN;22.566;NaN;9;0.36;1;0.06;1;0.04;1;0.75;1;0;1.50;0.08
18HU90001_347;197;40.67;-56.87;67588;65;26-apr-90;22:40:00;36.591;NaN;22.566;NaN;9;0.38;1;0.07;1;0.06;1;0.72;1;0;1.17;0.10
18HU90001_347;197;40.67;-56.87;67587;75;26-apr-90;22:40:00;36.592;NaN;22.557;NaN;9;0.38;1;0.18;1;0.12;1;0.81;1;0;1.50;0.22
18HU90001_347;197;40.67;-56.87;67586;90;26-apr-90;22:40:00;36.538;NaN;21.267;NaN;9;0.92;1;0.06;1;0.09;1;0.08;1;0;0.67;0.75
18HU90001_347;197;40.67;-56.87;67585;105;26-apr-90;22:40:00;36.556;NaN;20.798;NaN;9;0.53;1;0.03;1;0.07;1;0.02;1;0;0.43;1.50
18HU90001_347;197;40.67;-56.87;67584;120;26-apr-90;22:40:00;36.551;NaN;20.582;NaN;9;0.43;1;0.09;1;0.06;1;0.05;1;0;1.50;1.80
18HU90001_347;197;40.67;-56.87;67583;135;26-apr-90;22:40:00;36.55;NaN;20.363;NaN;9;0.36;1;0.24;1;0.07;1;0.1;1;0;3.43;2.40
18HU90001_347;197;40.67;-56.87;67582;150;26-apr-90;22:40:00;36.636;NaN;20.175;NaN;9;0.05;1;2.37;1;0.17;1;0.9;1;0;13.94;2.63
18HU90001_348;200;41.78;-58.83;67464;1;27-apr-90;09:44:00;NaN;14.1;NaN;NaN;9;2.13;1;1.81;1;0.35;1;1.22;1;0;5.17;1.48
18HU90001_349;202;41.79;-58.84;67616;1;27-apr-90;10:11:00;34.603;NaN;10.726;9.23421406180027;3;1.61;1;2.34;1;0.42;1;1.49;1;1024;5.57;1.57
18HU90001_349;202;41.79;-58.84;67615;5;27-apr-90;10:11:00;34.707;NaN;10.73;9.8499776085983;3;1.63;1;2.36;1;0.41;1;1.5;1;1024;5.76;1.57
18HU90001_349;202;41.79;-58.84;67614;10;27-apr-90;10:11:00;34.706;NaN;10.724;9.36184505150023;3;1.66;1;2.35;1;0.42;1;1.46;1;1024;5.60;1.61
18HU90001_349;202;41.79;-58.84;67613;15;27-apr-90;10:11:00;34.708;NaN;10.724;9.90147783251231;1;1.66;1;2.38;1;0.42;1;1.52;1;0;5.67;1.57
18HU90001_349;202;41.79;-58.84;67612;25;27-apr-90;10:11:00;34.721;NaN;10.753;9.24540976265114;1;1.6;1;2.41;1;0.43;1;1.5;1;0;5.60;1.61
18HU90001_349;202;41.79;-58.84;67611;30;27-apr-90;10:11:00;34.732;NaN;10.789;9.84326018808778;1;1.6;1;2.52;1;0.49;1;1.53;1;0;5.14;1.65
18HU90001_349;202;41.79;-58.84;67610;35;27-apr-90;10:11:00;34.752;NaN;10.85;9.07299596954769;3;1.56;1;2.44;1;0.39;1;1.47;1;16;6.26;1.66
18HU90001_349;202;41.79;-58.84;67609;45;27-apr-90;10:11:00;34.778;NaN;10.909;9.46484549932826;3;1.41;1;2.72;1;0.42;1;1.51;1;16;6.48;1.80
18HU90001_349;202;41.79;-58.84;67608;50;27-apr-90;10:11:00;35.054;NaN;11.419;8.0922525750112;1;0.14;1;7.23;1;0.56;1;2.81;1;0;12.91;2.57
18HU90001_349;202;41.79;-58.84;67607;60;27-apr-90;10:11:00;35.224;NaN;12.166;8.5691894312584;1;0.11;1;7.47;1;0.59;1;2.87;1;0;12.66;2.60
18HU90001_349;202;41.79;-58.84;67606;65;27-apr-90;10:11:00;35.344;NaN;12.443;7.87281683833408;1;0.07;1;8.07;1;0.63;1;3.01;1;0;12.81;2.68
18HU90001_349;202;41.79;-58.84;67605;75;27-apr-90;10:11:00;35.309;NaN;12.136;8.07881773399015;1;0.04;1;8.67;1;0.65;1;3.29;1;0;13.34;2.64
18HU90001_349;202;41.79;-58.84;67604;90;27-apr-90;10:11:00;35.296;NaN;12.005;7.9064039408867;1;0.03;1;8.59;1;0.62;1;3.25;1;0;13.85;2.64
18HU90001_349;202;41.79;-58.84;67603;105;27-apr-90;10:11:00;35.24;NaN;11.703;8.32960143304971;1;0.02;1;9.58;1;0.68;1;3.64;1;0;14.09;2.63
18HU90001_349;202;41.79;-58.84;67602;120;27-apr-90;10:11:00;35.194;NaN;11.375;7.70488132557098;1;0.02;1;9.7;1;0.7;1;3.81;1;0;13.86;2.55
18HU90001_349;202;41.79;-58.84;67601;135;27-apr-90;10:11:00;35.323;NaN;11.788;7.58620689655173;1;0.02;1;12.19;1;0.82;1;5.1;1;0;14.87;2.39
18HU90001_349;202;41.79;-58.84;67600;150;27-apr-90;10:11:00;35.352;NaN;11.78;6.19122257053292;1;0.01;1;15.05;1;1;1;6.73;1;0;15.05;2.24
18HU90001_349;202;41.79;-58.84;67599;175;27-apr-90;10:11:00;35.422;NaN;11.773;5.62472010747873;1;0.01;1;18.7;1;1.2;1;9.07;1;0;15.58;2.06
18HU90001_350;203;42.33;-59.58;67634;1;27-apr-90;15:07:00;32.996;NaN;5.571;NaN;9;1.12;1;5.63;1;0.52;1;2.5;1;0;10.83;2.25
18HU90001_350;203;42.33;-59.58;67633;5;27-apr-90;15:07:00;33.009;NaN;5.558;NaN;9;1.18;1;5.62;1;0.51;1;2.44;1;0;11.02;2.30
18HU90001_350;203;42.33;-59.58;67632;10;27-apr-90;15:07:00;33.01;NaN;5.554;NaN;9;1.24;1;5.58;1;0.5;1;2.46;1;0;11.16;2.27
18HU90001_350;203;42.33;-59.58;67631;15;27-apr-90;15:07:00;33.029;NaN;5.586;NaN;9;1.21;1;5.67;1;0.47;1;2.52;1;0;12.06;2.25
18HU90001_350;203;42.33;-59.58;67630;25;27-apr-90;15:07:00;33.468;NaN;6.525;NaN;9;1.21;1;5.62;1;0.5;1;2.55;1;0;11.24;2.20
18HU90001_350;203;42.33;-59.58;67629;30;27-apr-90;15:07:00;33.844;NaN;7.751;NaN;9;1.26;1;5.62;1;0.48;1;2.52;1;0;11.71;2.23
18HU90001_350;203;42.33;-59.58;67628;35;27-apr-90;15:07:00;34.295;NaN;9.212;NaN;9;1.04;1;5.76;1;0.51;1;2.62;1;0;11.29;2.20
18HU90001_350;203;42.33;-59.58;67627;45;27-apr-90;15:07:00;35.048;NaN;11.946;NaN;9;0.97;1;5.82;1;0.49;1;2.57;1;0;11.88;2.26
18HU90001_350;203;42.33;-59.58;67626;50;27-apr-90;15:07:00;35.111;NaN;12.029;NaN;9;0.89;1;5.81;1;0.46;1;2.52;1;0;12.63;2.31
18HU90001_350;203;42.33;-59.58;67625;60;27-apr-90;15:07:00;35.391;NaN;12.881;NaN;9;0.97;1;5.85;1;0.47;1;2.47;1;0;12.45;2.37
18HU90001_350;203;42.33;-59.58;67624;65;27-apr-90;15:07:00;35.444;NaN;12.982;NaN;9;0.94;1;5.89;1;0.5;1;2.47;1;0;11.78;2.38
18HU90001_350;203;42.33;-59.58;67623;75;27-apr-90;15:07:00;35.488;NaN;13.009;NaN;9;0.87;1;5.96;1;0.49;1;2.5;1;0;12.16;2.38
18HU90001_350;203;42.33;-59.58;67622;90;27-apr-90;15:07:00;35.559;NaN;13.129;NaN;9;0.33;1;6.77;1;0.53;1;2.69;1;0;12.77;2.52
18HU90001_350;203;42.33;-59.58;67621;105;27-apr-90;15:07:00;35.542;NaN;12.978;NaN;9;0.04;1;8.75;1;0.64;1;3.51;1;0;13.67;2.49
18HU90001_350;203;42.33;-59.58;67620;120;27-apr-90;15:07:00;35.526;NaN;12.843;NaN;9;0.06;1;8.49;1;0.66;1;3.45;1;0;12.86;2.46
18HU90001_350;203;42.33;-59.58;67619;135;27-apr-90;15:07:00;35.517;NaN;12.73;NaN;9;0.05;1;8.13;1;0.61;1;3.27;1;0;13.33;2.49
18HU90001_350;203;42.33;-59.58;67618;150;27-apr-90;15:07:00;35.355;NaN;11.737;NaN;9;0.06;1;8.11;1;0.6;1;3.28;1;0;13.52;2.47
18HU90001_350;203;42.33;-59.58;67617;175;27-apr-90;15:07:00;35.31;NaN;11.559;NaN;9;0.05;1;8.22;1;0.63;1;3.32;1;0;13.05;2.48
18HU90001_351;205;42.33;-59.57;67465;1;27-apr-90;16:03:00;NaN;14.6;NaN;NaN;9;1.18;1;5.58;1;0.49;1;2.39;1;0;11.39;2.33
18HU90001_352;208;42.79;-60.38;67652;1;27-apr-90;21:00:00;NaN;NaN;NaN;NaN;9;0.89;1;1.45;1;0.49;1;0.97;1;0;2.96;1.49
18HU90001_352;208;42.79;-60.38;67651;5;27-apr-90;21:00:00;NaN;NaN;NaN;NaN;9;0.92;1;1.48;1;0.5;1;1.03;1;0;2.96;1.44
18HU90001_352;208;42.79;-60.38;67650;10;27-apr-90;21:00:00;NaN;NaN;NaN;NaN;9;0.97;1;1.54;1;0.51;1;1.04;1;0;3.02;1.48
18HU90001_352;208;42.79;-60.38;67649;15;27-apr-90;21:00:00;NaN;NaN;NaN;NaN;9;0.76;1;1.87;1;0.53;1;1.11;1;0;3.53;1.68
18HU90001_352;208;42.79;-60.38;67648;25;27-apr-90;21:00:00;NaN;NaN;NaN;NaN;9;0.7;1;3.77;1;0.6;1;1.97;1;0;6.28;1.91
18HU90001_352;208;42.79;-60.38;67647;30;27-apr-90;21:00:00;NaN;NaN;NaN;NaN;9;0.49;1;5.41;1;0.65;1;2.38;1;0;8.32;2.27
18HU90001_352;208;42.79;-60.38;67646;35;27-apr-90;21:00:00;NaN;NaN;NaN;NaN;9;0.29;1;7.36;1;0.74;1;3.05;1;0;9.95;2.41
18HU90001_352;208;42.79;-60.38;67645;45;27-apr-90;21:00:00;NaN;NaN;NaN;NaN;9;0.22;1;7.51;1;0.66;1;3.15;1;0;11.38;2.38
18HU90001_352;208;42.79;-60.38;67644;50;27-apr-90;21:00:00;NaN;NaN;NaN;NaN;9;0.15;1;7.4;1;0.62;1;3.07;1;0;11.94;2.41
18HU90001_352;208;42.79;-60.38;67643;60;27-apr-90;21:00:00;NaN;NaN;NaN;NaN;9;0.15;1;7.45;1;0.61;1;3.09;1;0;12.21;2.41
18HU90001_352;208;42.79;-60.38;67642;65;27-apr-90;21:00:00;NaN;NaN;NaN;NaN;9;0.06;1;8.52;1;0.64;1;3.54;1;0;13.31;2.41
18HU90001_352;208;42.79;-60.38;67641;75;27-apr-90;21:00:00;NaN;NaN;NaN;NaN;9;0.02;1;10.07;1;0.73;1;4.23;1;0;13.79;2.38
18HU90001_352;208;42.79;-60.38;67640;90;27-apr-90;21:00:00;NaN;NaN;NaN;NaN;9;0.02;1;10.27;1;0.74;1;4.22;1;0;13.88;2.43
18HU90001_352;208;42.79;-60.38;67639;105;27-apr-90;21:00:00;NaN;NaN;NaN;NaN;9;0.02;1;9.54;1;0.7;1;3.96;1;0;13.63;2.41
18HU90001_352;208;42.79;-60.38;67638;120;27-apr-90;21:00:00;NaN;NaN;NaN;NaN;9;0.02;1;9.92;1;0.7;1;4.16;1;0;14.17;2.38
18HU90001_352;208;42.79;-60.38;67637;135;27-apr-90;21:00:00;NaN;NaN;NaN;NaN;9;0.01;1;11.85;1;0.82;1;5.1;1;0;14.45;2.32
18HU90001_352;208;42.79;-60.38;67636;150;27-apr-90;21:00:00;NaN;NaN;NaN;NaN;9;0.01;1;13.41;1;0.92;1;5.99;1;0;14.58;2.24
18HU90001_352;208;42.79;-60.38;67635;175;27-apr-90;21:00:00;NaN;NaN;NaN;NaN;9;0.02;1;12.55;1;0.85;1;5.74;1;0;14.76;2.19
