CTD;CTD;CTD;CTD;CTD;CTD;CTD;CTD;CTD;CTD;CTD;labo;labo;CTD;labo;labo;labo;labo;labo;labo;labo;labo;labo;calc;calc
Fichier;Station;Latitude;Longitude;Echantillon;zbouteille;Date;Heure;PSAL;TE90;DOXY;CHL_01;OXYM_01;FLOR;NO2_01;Q_NO2;NOx_01;Q_NOX;PO4_01;Q_PO4;Si_01;Q_Si;QCFF;N_P;N_Si
(nom);(nom/no);(degres);(degres);(no_unique);(dbar);(jj-mmm-yyyy);(GMT);(psu);(celsius);(ml/l);(mg/m**3);(mmol/m**3);(mg/m**3);(mmol/m**3);((none));(mmol/m**3);((none));(mmol/m**3);((none));(mmol/m**3);((none));((none));((none));((none))
18TL15133_2234;21;47.96067;-65.786;402505;4.76;05-sep-15;01:20:00;27.49;17.06;265.5037;1.435;5.8975;0.466;0.11;1;0.035;1;0.245;1;3.28;1;256;0.14;0.01
18TL15133_2234;21;47.96067;-65.786;402504;24.59;05-sep-15;01:20:00;29.71;6.49;242.14652;0.52;NaN;0.179;0.485;1;2.855;1;0.87;1;10.785;1;0;3.28;0.26
18TL15133_2234;21;47.96067;-65.786;402503;34.6;05-sep-15;01:20:00;29.85;5.08;227.36406;0.54;5.079;0.226;0.57;1;3.53;1;1.04;1;14.095;1;256;3.39;0.25
18TL15133_2235;251;47.89867;-63.25783;402590;4.86;07-sep-15;21:25:00;28.53;17.48;251.56978;0.99;5.4395;0.393;0.07;1;0.07;1;0.12;1;1.035;1;256;0.58;0.07
18TL15133_2235;251;47.89867;-63.25783;402589;24.99;07-sep-15;21:25:00;30.1;8.44;266.66486;0.385;NaN;0.13;0.22;1;1.925;1;0.605;1;3.82;1;0;3.18;0.50
18TL15133_2235;251;47.89867;-63.25783;402588;78.22;07-sep-15;21:25:00;32.29;0.51;233.43782;0.055;4.9795;0.059;0.125;1;12.57;1;1.515;1;21.835;1;256;8.30;0.58
18TL15133_2236;341;47.89033;-62.79317;402623;4.07;08-sep-15;22:38:00;29.39;14.36;265.45904;0.885;6.102;0.309;0.075;1;0.075;1;0.175;1;1.1;1;256;0.43;0.07
18TL15133_2236;341;47.89033;-62.79317;402622;24;08-sep-15;22:38:00;30.96;3.6;301.85694;0.45;NaN;0.157;0.445;1;3.25;1;0.795;1;3.54;1;0;4.09;0.92
18TL15133_2236;341;47.89033;-62.79317;402621;77.03;08-sep-15;22:38:00;32.34;0.58;236.11742;0.05;5.3245;0.056;0.145;1;13.59;1;1.57;1;22.755;1;256;8.66;0.60
18TL15133_2237;351;47.7545;-62.74833;402626;4.86;09-sep-15;00:49:00;28.79;17.42;245.1834;0.805;5.6475;0.305;0.07;1;0.07;1;0.08;1;0.56;1;256;0.88;0.13
18TL15133_2237;351;47.7545;-62.74833;402625;24.79;09-sep-15;00:49:00;30.75;4.52;297.8822;0.455;NaN;0.118;0.42;1;1.945;1;0.635;1;1.82;1;0;3.06;1.07
18TL15133_2237;351;47.7545;-62.74833;402624;63.36;09-sep-15;00:49:00;31.92;0.03;260.8144;0.06;5.871;0.06;0.2;1;10.865;1;1.445;1;18.985;1;256;7.52;0.57
18TL15133_2238;371;47.81933;-62.42667;402630;4.86;09-sep-15;07:14:00;28.82;17.02;246.2999;0.665;5.678;0.262;0.065;1;0.065;1;0.145;1;0.53;1;256;0.45;0.12
18TL15133_2238;371;47.81933;-62.42667;402629;24.79;09-sep-15;07:14:00;30.49;4.99;287.52108;0.51;NaN;0.159;0.495;1;2.15;1;0.66;1;2.4;1;0;3.26;0.90
18TL15133_2238;371;47.81933;-62.42667;402628;49.87;09-sep-15;07:14:00;31.71;0.48;303.33072;0.145;NaN;0.064;0.3;1;7.86;1;1.185;1;9.645;1;0;6.63;0.81
18TL15133_2238;371;47.81933;-62.42667;402627;70.99;09-sep-15;07:14:00;32.14;0.1;261.9309;0.095;5.904;0.066;0.145;1;10.565;1;1.445;1;19.41;1;256;7.31;0.54
18TL15133_2239;381;47.81267;-62.255;402633;4.96;09-sep-15;08:20:00;29.18;15.07;257.86684;0.795;NaN;0.285;0.07;1;0.07;1;0.155;1;0.975;1;0;0.45;0.07
18TL15133_2239;381;47.81267;-62.255;402632;24.39;09-sep-15;08:20:00;30.47;5.68;287.11914;0.71;NaN;0.179;0.365;1;1.425;1;0.845;1;2.575;1;0;1.69;0.55
18TL15133_2239;381;47.81267;-62.255;402631;59.69;09-sep-15;08:20:00;31.99;-0.04;280.59878;0.09;NaN;0.069;0.28;1;8.47;1;1.29;1;15.21;1;0;6.57;0.56
18TL15133_2240;391;47.986;-62.42467;402636;4.56;09-sep-15;12:11:00;29.08;15.55;254.24938;0.85;NaN;0.29;0.065;1;0.065;1;0.135;1;0.815;1;0;0.48;0.08
18TL15133_2240;391;47.986;-62.42467;402635;24.79;09-sep-15;12:11:00;30.7;3.67;304.62586;0.275;NaN;0.111;0.52;1;3.185;1;0.775;1;3.4;1;0;4.11;0.94
18TL15133_2240;391;47.986;-62.42467;402634;73.56;09-sep-15;12:11:00;32.26;0.4;252.15036;0.05;NaN;0.052;0.135;1;11.89;1;1.44;1;19.775;1;0;8.26;0.60
18TL15133_2241;401;47.9845;-62.1795;402639;4.86;09-sep-15;14:43:00;29.15;15.25;257.77752;0.78;NaN;0.315;0.065;1;0.355;1;0.135;1;0.985;1;0;2.63;0.36
18TL15133_2241;401;47.9845;-62.1795;402638;24.49;09-sep-15;14:43:00;30.64;4.16;296.7657;0.4;NaN;0.147;0.44;1;2.775;1;0.725;1;3.15;1;0;3.83;0.88
18TL15133_2241;401;47.9845;-62.1795;402637;71.28;09-sep-15;14:43:00;32.14;0.11;273.67648;0.09;NaN;0.059;0.15;1;9.835;1;1.31;1;16.445;1;0;7.51;0.60
18TL15133_2242;491;47.94483;-61.193;402671;4.46;10-sep-15;15:29:00;29.59;15.55;255.54452;0.78;NaN;0.187;0;1;0;1;0.16;1;0.9;1;0;0.00;0.00
18TL15133_2242;491;47.94483;-61.193;402670;25.28;10-sep-15;15:29:00;30.94;4.66;281.67062;0.62;NaN;0.209;0.215;1;1.92;1;0.85;1;4.72;1;0;2.26;0.41
18TL15133_2242;491;47.94483;-61.193;402669;62.16;10-sep-15;15:29:00;32.3;0.47;289.1735;0.045;NaN;0.049;0.15;1;9.015;1;1.17;1;11.92;1;0;7.71;0.76
18TL15133_2243;501;47.82783;-61.686;402674;4.96;10-sep-15;19:14:00;29.21;17.35;248.71154;0.51;NaN;0.275;0;1;0;1;0.13;1;0.775;1;0;0.00;0.00
18TL15133_2243;501;47.82783;-61.686;402673;25.09;10-sep-15;19:14:00;30.87;5.19;263.76196;0.575;NaN;0.202;0.2;1;1.875;1;0.825;1;5.73;1;0;2.27;0.33
18TL15133_2243;501;47.82783;-61.686;402672;50.76;10-sep-15;19:14:00;31.56;0.4;272.60464;0.135;NaN;0.079;0.29;1;6.48;1;1.28;1;12.685;1;0;5.06;0.51
18TL15133_2244;511;47.75483;-61.6455;402677;4.86;10-sep-15;21:10:00;29.24;16.64;253.13288;0.77;5.8185;0.309;0.035;1;0.035;1;0.175;1;0.965;1;256;0.20;0.04
18TL15133_2244;511;47.75483;-61.6455;402676;24.99;10-sep-15;21:10:00;30.43;10.47;232.4553;0.37;NaN;0.188;0.135;1;1.14;1;0.77;1;5.51;1;0;1.48;0.21
18TL15133_2244;511;47.75483;-61.6455;402675;32.52;10-sep-15;21:10:00;30.71;7.79;238.17178;0.3;5.424;0.168;0.15;1;1.7;1;0.855;1;6.81;1;256;1.99;0.25
18TL15133_2245;521;47.67417;-61.79217;402680;4.96;10-sep-15;22:21:00;29.18;16.21;256.795;0.885;5.884;0.318;0;1;0;1;0.16;1;0.985;1;256;0.00;0.00
18TL15133_2245;521;47.67417;-61.79217;402679;24.89;10-sep-15;22:21:00;30.83;6.28;260.5911;0.32;NaN;0.161;0.175;1;1.88;1;0.845;1;5.975;1;0;2.22;0.31
18TL15133_2245;521;47.67417;-61.79217;402678;34.8;10-sep-15;22:21:00;30.95;5.33;244.24554;0.29;5.5465;0.139;0.2;1;2.385;1;1.02;1;7.275;1;256;2.34;0.33
18TL15133_2246;531;47.78917;-61.94;402683;4.66;11-sep-15;02:00:00;29.26;15.25;257.37558;0.99;6.4835;0.334;0;1;0;1;0.155;1;0.87;1;256;0.00;0.00
18TL15133_2246;531;47.78917;-61.94;402682;24.39;11-sep-15;02:00:00;31.01;3.02;317.086;0.425;NaN;0.157;0.28;1;2.015;1;0.73;1;1.77;1;0;2.76;1.14
18TL15133_2246;531;47.78917;-61.94;402681;51.76;11-sep-15;02:00:00;31.54;0.1;288.86088;0.095;5.928;0.072;0.38;1;7.48;1;1.24;1;11.13;1;256;6.03;0.67
18TL15133_2247;541;47.68817;-61.9425;402686;4.76;11-sep-15;04:04:00;29.12;15.91;256.25908;0.585;5.8785;0.256;0;1;0;1;0.16;1;0.915;1;256;0.00;0.00
18TL15133_2247;541;47.68817;-61.9425;402685;24.79;11-sep-15;04:04:00;31.22;2.11;281.49198;0.31;NaN;0.14;0.25;1;4.01;1;1.05;1;7.985;1;0;3.82;0.50
18TL15133_2247;541;47.68817;-61.9425;402684;39.36;11-sep-15;04:04:00;31.27;1.67;281.89392;0.16;6.365;0.105;0.295;1;4.605;1;1.07;1;8.105;1;256;4.30;0.57
18TL15133_2248;551;47.6365;-62.2855;402689;5.26;11-sep-15;06:26:00;28.93;16.71;251.16784;0.745;5.785;0.298;0;1;0;1;0.12;1;0.8;1;256;0.00;0.00
18TL15133_2248;551;47.6365;-62.2855;402688;24.79;11-sep-15;06:26:00;30.02;7.65;270.23766;0.515;NaN;0.187;0.36;1;1.36;1;0.55;1;2.105;1;0;2.47;0.65
18TL15133_2248;551;47.6365;-62.2855;402687;55.03;11-sep-15;06:26:00;31.68;-0.14;270.90756;0.11;6.204;0.07;0.39;1;8.22;1;1.315;1;14.665;1;256;6.25;0.56
18TL15133_2249;561;47.47933;-62.3765;402692;4.76;11-sep-15;08:22:00;28.97;16.47;252.7756;0.69;NaN;0.265;0;1;0;1;0.13;1;0.71;1;0;0.00;0.00
18TL15133_2249;561;47.47933;-62.3765;402691;24.89;11-sep-15;08:22:00;30.68;7.3;267.02214;0.575;NaN;0.198;0.125;1;1.395;1;0.675;1;4.435;1;0;2.07;0.31
18TL15133_2249;561;47.47933;-62.3765;402690;63.06;11-sep-15;08:22:00;31.73;-0.22;266.75418;0.08;NaN;0.071;0.32;1;9.43;1;1.42;1;17.525;1;0;6.64;0.54
18TL15133_2250;571;47.3235;-62.47317;402695;4.76;11-sep-15;09:40:00;29.46;16.8;249.4261;0.75;NaN;0.292;0;1;0;1;0.17;1;1.305;1;0;0.00;0.00
18TL15133_2250;571;47.3235;-62.47317;402694;24.89;11-sep-15;09:40:00;30.89;2.06;323.07044;0.35;NaN;0.11;0.21;1;3.59;1;0.86;1;2.945;1;0;4.17;1.22
18TL15133_2250;571;47.3235;-62.47317;402693;62.76;11-sep-15;09:40:00;31.68;-0.23;271.04154;0.06;NaN;0.071;0.335;1;9.3;1;1.405;1;16.56;1;0;6.62;0.56
18TL15133_2251;581;47.19733;-62.47683;402698;4.56;11-sep-15;13:35:00;29.32;16.86;249.4261;0.78;NaN;0.312;0;1;0.25;1;0.24;1;1.795;1;0;1.04;0.14
18TL15133_2251;581;47.19733;-62.47683;402697;24.79;11-sep-15;13:35:00;30.97;5.11;265.727;0.33;NaN;0.158;0.14;1;3.115;1;0.945;1;7.46;1;0;3.30;0.42
18TL15133_2251;581;47.19733;-62.47683;402696;57.81;11-sep-15;13:35:00;31.56;-0.18;279.43762;0.09;NaN;0.071;0.34;1;8.38;1;1.33;1;13.68;1;0;6.30;0.61
18TL15133_2252;591;47.14517;-62.448;402701;5.16;11-sep-15;15:24:00;29.19;17.32;247.32708;0.87;NaN;0.324;0;1;0.06;1;0.16;1;0.995;1;0;0.38;0.06
18TL15133_2252;591;47.14517;-62.448;402700;25.19;11-sep-15;15:24:00;30.7;7.14;276.71336;0.475;NaN;0.301;0.23;1;3.985;1;0.935;1;6.545;1;0;4.26;0.61
18TL15133_2252;591;47.14517;-62.448;402699;56.91;11-sep-15;15:24:00;31.53;-0.17;281.62596;0.08;NaN;0.073;0.335;1;8.08;1;1.32;1;12.875;1;0;6.12;0.63
18TL15133_2253;601;47.0885;-62.638;402704;5.06;11-sep-15;17:38:00;29.26;17.15;247.863;0.805;NaN;0.331;0.095;1;0.095;1;0.145;1;0.985;1;0;0.66;0.10
18TL15133_2253;601;47.0885;-62.638;402703;25.58;11-sep-15;17:38:00;30.69;5.26;295.33658;0.45;NaN;0.161;0.45;1;1.77;1;0.685;1;2.185;1;0;2.58;0.81
18TL15133_2253;601;47.0885;-62.638;402702;67.13;11-sep-15;17:38:00;31.98;-0.08;264.6105;0.075;NaN;0.076;0.285;1;9.61;1;1.42;1;18.595;1;0;6.77;0.52
18TL15133_2254;611;46.84417;-62.63683;402707;5.26;11-sep-15;20:08:00;28.82;17.97;244.60282;1.195;NaN;0.456;0;1;0;1;0.09;1;0.57;1;0;0.00;0.00
18TL15133_2254;611;46.84417;-62.63683;402706;25.19;11-sep-15;20:08:00;30.71;2.63;322.75782;0.355;NaN;0.168;0;1;0.91;1;0.595;1;1.68;1;0;1.53;0.54
18TL15133_2254;611;46.84417;-62.63683;402705;61.97;11-sep-15;20:08:00;31.43;-0.27;273.27454;0.09;NaN;0.084;0.305;1;8.445;1;1.39;1;15.535;1;0;6.08;0.54
18TL15133_2255;621;46.70567;-62.385;402710;4.56;11-sep-15;21:58:00;28.76;17.93;245.76398;1.24;5.678;0.463;0;1;0;1;0.105;1;0.65;1;256;0.00;0.00
18TL15133_2255;621;46.70567;-62.385;402709;24.89;11-sep-15;21:58:00;30.54;2.96;268.09398;0.515;NaN;0.151;0.13;1;1.78;1;0.775;1;7.945;1;0;2.30;0.22
18TL15133_2255;621;46.70567;-62.385;402708;61.68;11-sep-15;21:58:00;31.21;0.05;284.43954;0.085;6.3935;0.082;0.175;1;5.825;1;1.19;1;10.61;1;256;4.89;0.55
18TL15133_2256;631;46.6065;-62.20483;402713;5.06;12-sep-15;01:11:00;28.55;18.71;239.46692;1.675;5.529;0.616;0;1;0;1;0.145;1;0.79;1;256;0.00;0.00
18TL15133_2256;631;46.6065;-62.20483;402712;25.49;12-sep-15;01:11:00;30.56;3.09;279.3483;0.34;NaN;0.159;0.11;1;1.77;1;0.765;1;6.825;1;0;2.31;0.26
18TL15133_2256;631;46.6065;-62.20483;402711;49.68;12-sep-15;01:11:00;30.96;0.88;277.87452;0.075;6.247;0.104;0.13;1;3.605;1;0.995;1;10;1;256;3.62;0.36
18TL15133_2257;641;46.5335;-62.234;402715;4.96;12-sep-15;04:55:00;28.55;18.59;240.36012;1.38;5.4775;0.577;0;1;0.18;1;0.21;1;1.53;1;256;0.86;0.12
18TL15133_2257;641;46.5335;-62.234;402714;32.82;12-sep-15;04:55:00;30.28;5.18;244.60282;0.22;5.5285;0.139;0.195;1;2.19;1;0.73;1;7.32;1;256;3.00;0.30
18TL15133_2258;651;46.5535;-62.3535;402718;4.96;12-sep-15;08:12:00;28.55;18.57;238.39508;1.61;NaN;0.586;0;1;0;1;0.175;1;1.21;1;0;0.00;0.00
18TL15133_2258;651;46.5535;-62.3535;402717;24.99;12-sep-15;08:12:00;30.32;4.61;251.56978;0.37;NaN;0.159;0.18;1;1.64;1;0.7;1;6.93;1;0;2.34;0.24
18TL15133_2258;651;46.5535;-62.3535;402716;45.81;12-sep-15;08:12:00;30.83;1.58;279.08034;0.15;NaN;0.114;0.13;1;2.665;1;0.885;1;9.405;1;0;3.01;0.28
18TL15133_2259;661;46.55683;-62.6375;402721;4.66;12-sep-15;11:14:00;28.59;18.11;240.85138;1.415;NaN;0.452;0.025;1;0.2;1;0.185;1;1.505;1;0;1.08;0.13
18TL15133_2259;661;46.55683;-62.6375;402720;24.4;12-sep-15;11:14:00;30.07;6.14;244.60282;0.5;NaN;0.188;0.285;1;2.585;1;0.79;1;7.93;1;0;3.27;0.33
18TL15133_2259;661;46.55683;-62.6375;402719;44.62;12-sep-15;11:14:00;30.52;3.17;248.57756;0.23;NaN;0.123;0.22;1;3.26;1;0.925;1;11.935;1;0;3.52;0.27
18TL15133_2260;671;46.491;-63.08967;402723;4.46;12-sep-15;14:00:00;28.8;16.85;249.29212;1.435;NaN;0.463;0.03;1;0.03;1;0.205;1;1.125;1;0;0.15;0.03
18TL15133_2260;671;46.491;-63.08967;402722;28.46;12-sep-15;14:00:00;29.74;9.22;220.97768;0.33;NaN;0.157;0.22;1;2.15;1;0.695;1;6.665;1;0;3.09;0.32
18TL15133_2261;691;46.60633;-63.3885;402726;4.76;12-sep-15;17:41:00;28.57;17.46;247.81834;1.61;NaN;0.496;0;1;0;1;0.15;1;0.94;1;0;0.00;0.00
18TL15133_2261;691;46.60633;-63.3885;402725;25.19;12-sep-15;17:41:00;29.54;11.43;242.14652;0.345;NaN;0.15;0.125;1;1.075;1;0.545;1;3.745;1;0;1.97;0.29
18TL15133_2261;691;46.60633;-63.3885;402724;31.44;12-sep-15;17:41:00;29.62;10.95;241.29798;0.29;NaN;0.136;0.15;1;1.38;1;0.61;1;4.05;1;0;2.26;0.34
18TL15133_2262;701;46.68283;-63.42167;402729;4.96;12-sep-15;18:33:00;28.62;17.3;248.3096;1.38;NaN;0.474;0.015;1;0.015;1;0.16;1;0.905;1;0;0.09;0.02
18TL15133_2262;701;46.68283;-63.42167;402728;25.19;12-sep-15;18:33:00;29.52;10.9;255.05326;0.205;NaN;0.089;0.145;1;1.235;1;0.55;1;3.16;1;0;2.25;0.39
18TL15133_2262;701;46.68283;-63.42167;402727;34.31;12-sep-15;18:33:00;29.96;8.91;234.64364;0.18;NaN;0.124;0.2;1;1.93;1;0.79;1;5.915;1;0;2.44;0.33
18TL15133_2263;721;46.77083;-63.67433;402732;4.56;13-sep-15;00:48:00;28.6;17.47;244.20088;1.395;5.5905;0.425;0;1;0.125;1;0.2;1;1.075;1;256;0.63;0.12
18TL15133_2263;721;46.77083;-63.67433;402731;25.09;13-sep-15;00:48:00;29.53;11.07;255.94646;0.21;NaN;0.092;0.09;1;0.735;1;0.455;1;2.045;1;0;1.62;0.36
18TL15133_2263;721;46.77083;-63.67433;402730;34.31;13-sep-15;00:48:00;30.01;8.45;244.11156;0.125;5.5295;0.101;0.25;1;2.695;1;0.82;1;7.05;1;256;3.29;0.38
18TL15133_2264;731;46.85133;-63.867;402734;5.26;13-sep-15;03:45:00;28.62;16.88;246.43388;1.495;5.6555;0.416;0;1;0;1;0.175;1;1.1;1;256;0.00;0.00
18TL15133_2264;731;46.85133;-63.867;402733;26.58;13-sep-15;03:45:00;29.15;13.96;224.55048;0.56;5.2125;0.203;0.12;1;0.87;1;0.445;1;3.725;1;256;1.96;0.23
18TL15133_2265;741;47.0175;-63.75817;402737;5.06;13-sep-15;06:48:00;28.48;17.2;245.00476;1.255;5.6585;0.396;0;1;0;1;0.155;1;0.855;1;256;0.00;0.00
18TL15133_2265;741;47.0175;-63.75817;402736;24.59;13-sep-15;06:48:00;29.24;13.15;250.72124;0.31;NaN;0.155;0.065;1;0.57;1;0.4;1;2.55;1;0;1.42;0.22
18TL15133_2265;741;47.0175;-63.75817;402735;44.22;13-sep-15;06:48:00;30.59;5.69;260.3678;0.15;5.85;0.085;0.315;1;3.855;1;0.865;1;8.21;1;256;4.46;0.47
18TL15133_2266;751;47.2875;-63.62467;402740;4.46;13-sep-15;11:38:00;28.5;16.92;244.5135;1.345;NaN;0.421;0;1;0;1;0.175;1;0.94;1;0;0.00;0.00
18TL15133_2266;751;47.2875;-63.62467;402739;23.2;13-sep-15;11:38:00;29.29;12.18;207.4457;0.305;NaN;0.156;0.16;1;1.545;1;0.685;1;6.1;1;0;2.26;0.25
18TL15133_2266;751;47.2875;-63.62467;402738;67.03;13-sep-15;11:38:00;31.85;0.59;257.28626;0.1;NaN;0.068;0.1;1;9.835;1;1.425;1;17.815;1;0;6.90;0.55
18TL15133_2267;761;47.46733;-63.70167;402743;4.46;13-sep-15;13:38:00;28.64;16.09;255.14258;1.44;NaN;0.463;0;1;0;1;0.21;1;1.375;1;0;0.00;0.00
18TL15133_2267;761;47.46733;-63.70167;402742;24.29;13-sep-15;13:38:00;29.69;11.18;259.20664;0.21;NaN;0.116;0.125;1;1.22;1;0.52;1;3.05;1;0;2.35;0.40
18TL15133_2267;761;47.46733;-63.70167;402741;72.87;13-sep-15;13:38:00;31.98;0.6;263.9406;0.11;NaN;0.077;0.1;1;9.745;1;1.395;1;17.06;1;0;6.99;0.57
18TL15133_2268;771;47.44683;-64.04033;402746;5.26;13-sep-15;15:54:00;28.61;16.77;250.27464;1.64;NaN;0.547;0;1;0;1;0.2;1;1.385;1;0;0.00;0.00
18TL15133_2268;771;47.44683;-64.04033;402745;25.09;13-sep-15;15:54:00;30.1;9.15;264.02992;0.215;NaN;0.109;0.21;1;2.86;1;0.735;1;6.525;1;0;3.89;0.44
18TL15133_2268;771;47.44683;-64.04033;402744;37.18;13-sep-15;15:54:00;30.79;4.15;256.83966;0.11;NaN;0.079;0.29;1;4.795;1;0.985;1;10.86;1;0;4.87;0.44
18TL15133_2269;781;47.65033;-64.1065;402749;4.96;13-sep-15;18:00:00;28.89;13.9;269.79106;1.2;NaN;0.347;0;1;0;1;0.235;1;0.9;1;0;0.00;0.00
18TL15133_2269;781;47.65033;-64.1065;402748;24.79;13-sep-15;18:00:00;29.85;10.5;264.07458;0.265;NaN;0.099;0.185;1;1.465;1;0.57;1;2.77;1;0;2.57;0.53
18TL15133_2269;781;47.65033;-64.1065;402747;72.28;13-sep-15;18:00:00;32.17;0.74;246.9698;0.19;NaN;0.091;0.135;1;10.7;1;1.555;1;19.015;1;0;6.88;0.56
18TL15133_2270;791;47.717;-63.7575;402752;4.76;13-sep-15;20:19:00;29.28;14.05;272.47066;1.585;NaN;0.402;0;1;0.645;1;0.28;1;1.56;1;0;2.30;0.41
18TL15133_2270;791;47.717;-63.7575;402751;24.99;13-sep-15;20:19:00;31.15;4.57;299.80258;0.26;NaN;0.099;0.26;1;4.74;1;0.87;1;5.45;1;0;5.45;0.87
18TL15133_2270;791;47.717;-63.7575;402750;62.96;13-sep-15;20:19:00;32.31;1.03;260.27848;0.1;NaN;0.055;0.115;1;11.14;1;1.36;1;16.66;1;0;8.19;0.67
18TL15133_2271;801;47.78133;-64.0325;402762;1.69;13-sep-15;21:47:00;28.42;15.47;269.70174;2.48;6.2255;0.539;0.05;1;0.39;1;0.29;1;1.825;1;256;1.34;0.21
18TL15133_2271;801;47.78133;-64.0325;402761;4.66;13-sep-15;21:47:00;28.41;14.8;272.69396;2.7;NaN;0.575;0;1;0.26;1;0.28;1;1.85;1;0;0.93;0.14
18TL15133_2271;801;47.78133;-64.0325;402760;9.92;13-sep-15;21:47:00;28.45;14.66;262.55614;1.52;NaN;0.451;0;1;0.355;1;0.27;1;2.095;1;0;1.31;0.17
18TL15133_2271;801;47.78133;-64.0325;402759;19.83;13-sep-15;21:47:00;28.4;14.2;264.52118;0.875;6.0505;0.318;0;1;0.4;1;0.28;1;1.63;1;256;1.43;0.25
18TL15133_2271;801;47.78133;-64.0325;402758;29.94;13-sep-15;21:47:00;30.65;6.45;275.68618;0.21;NaN;0.083;0.25;1;2.805;1;0.755;1;3.92;1;0;3.72;0.72
18TL15133_2271;801;47.78133;-64.0325;402757;40.06;13-sep-15;21:47:00;31.22;3.37;278.63374;0.12;NaN;0.07;0.14;1;6.35;1;1.02;1;9.83;1;0;6.23;0.65
18TL15133_2271;801;47.78133;-64.0325;402756;50.17;13-sep-15;21:47:00;31.5;2.46;280.86674;0.105;6.32;0.061;0.1;1;6.455;1;1.03;1;9.9;1;256;6.27;0.65
18TL15133_2271;801;47.78133;-64.0325;402755;59.79;13-sep-15;21:47:00;31.72;1.82;281.49198;0.145;NaN;0.058;0.11;1;8.1;1;1.18;1;11.985;1;0;6.86;0.68
18TL15133_2271;801;47.78133;-64.0325;402754;70.1;13-sep-15;21:47:00;31.98;0.77;258.00082;0.145;NaN;0.063;0.125;1;10.05;1;1.415;1;18.015;1;0;7.10;0.56
18TL15133_2271;801;47.78133;-64.0325;402753;81.1;13-sep-15;21:47:00;32.13;0.76;249.56008;0.16;5.639;0.085;0.14;1;11.14;1;1.52;1;19.84;1;256;7.33;0.56
18TL15133_2272;811;47.8115;-63.83733;402766;4.96;14-sep-15;00:22:00;29.18;13.97;272.06872;0.99;6.226;0.34;0;1;0.22;1;0.265;1;1.09;1;256;0.83;0.20
18TL15133_2272;811;47.8115;-63.83733;402765;24.79;14-sep-15;00:22:00;30.58;5.33;268.8532;0.155;NaN;0.075;0.17;1;5.245;1;0.93;1;8.54;1;0;5.64;0.61
18TL15133_2272;811;47.8115;-63.83733;402764;49.77;14-sep-15;00:22:00;31.74;1.58;288.63758;0.17;NaN;0.064;0.18;1;7.825;1;1.165;1;10.755;1;0;6.72;0.73
18TL15133_2272;811;47.8115;-63.83733;402763;82.29;14-sep-15;00:22:00;32.4;1.04;244.9601;0.2;5.592;0.075;0.135;1;12.005;1;1.49;1;19.87;1;256;8.06;0.60
18TL15133_2273;821;47.8065;-63.51767;402769;4.66;14-sep-15;02:34:00;28.98;15.61;260.01052;0.91;5.969;0.346;0;1;0.285;1;0.205;1;1.37;1;256;1.39;0.21
18TL15133_2273;821;47.8065;-63.51767;402768;24.59;14-sep-15;02:34:00;30.59;6.86;281.8046;0.21;NaN;0.094;0.28;1;2.57;1;0.73;1;4.435;1;0;3.52;0.58
18TL15133_2273;821;47.8065;-63.51767;402767;66.43;14-sep-15;02:34:00;32.31;0.58;238.21644;0.085;5.3875;0.056;0.105;1;12.905;1;1.535;1;20.72;1;256;8.41;0.62
18TL15133_2274;831;47.85467;-63.66133;402772;4.96;14-sep-15;03:32:00;28.91;15.65;259.87654;1.045;5.956;0.388;0;1;0.255;1;0.32;1;1.105;1;256;0.80;0.23
18TL15133_2274;831;47.85467;-63.66133;402771;24.69;14-sep-15;03:32:00;30.23;8.58;271.13086;0.34;NaN;0.136;0.205;1;1.84;1;0.6;1;2.96;1;0;3.07;0.62
18TL15133_2274;831;47.85467;-63.66133;402770;61.77;14-sep-15;03:32:00;32.32;0.85;251.03386;0.1;5.6775;0.053;0.085;1;10.145;1;1.335;1;16.34;1;256;7.60;0.62
18TL15133_2275;841;47.92333;-63.98833;402775;5.35;14-sep-15;06:41:00;28.44;15.15;266.75418;2.09;6.123;0.468;0;1;0.23;1;0.255;1;2.03;1;256;0.90;0.11
18TL15133_2275;841;47.92333;-63.98833;402774;24.49;14-sep-15;06:41:00;29.59;10.03;255.81248;0.245;NaN;0.1;0.19;1;2.525;1;0.645;1;5.15;1;0;3.91;0.49
18TL15133_2275;841;47.92333;-63.98833;402773;91.31;14-sep-15;06:41:00;32.59;1.19;241.65526;0.15;5.4445;0.061;0.15;1;13.005;1;1.475;1;19.355;1;256;8.82;0.67
18TL15133_2276;861;47.92833;-64.85933;402780;4.56;14-sep-15;12:40:00;28.47;15.08;256.1251;2.52;NaN;0.621;0;1;0.29;1;0.255;1;1.885;1;0;1.14;0.15
18TL15133_2276;861;47.92833;-64.85933;402779;24.19;14-sep-15;12:40:00;29.5;8.92;243.88826;0.225;NaN;0.101;0.255;1;2.405;1;0.685;1;6.685;1;0;3.51;0.36
18TL15133_2276;861;47.92833;-64.85933;402778;47.2;14-sep-15;12:40:00;31.12;1.78;227.27474;0.115;NaN;0.075;0.1;1;8.175;1;1.29;1;21.065;1;0;6.34;0.39
18TL15133_2277;871;47.90083;-65.3455;402783;4.96;14-sep-15;15:24:00;28.42;15.42;255.63384;2.78;NaN;0.566;0;1;0.245;1;0.2;1;1.67;1;0;1.22;0.15
18TL15133_2277;871;47.90083;-65.3455;402782;25.09;14-sep-15;15:24:00;28.66;13.96;243.8436;0.56;NaN;0.243;0.12;1;1.105;1;0.46;1;4.21;1;0;2.40;0.26
18TL15133_2277;871;47.90083;-65.3455;402781;63.06;14-sep-15;15:24:00;31.78;0.89;204.85542;0.225;NaN;0.113;0.19;1;11.76;1;1.8;1;32.205;1;0;6.53;0.37
18TL15133_2278;891;47.7935;-64.42383;402788;5.06;16-sep-15;13:56:00;28.45;15.48;265.63768;2.045;NaN;0.524;0;1;0;1;0.27;1;2.04;1;0;0.00;0.00
18TL15133_2278;891;47.7935;-64.42383;402787;31.63;16-sep-15;13:56:00;29.45;11.91;228.12328;0.31;NaN;0.125;0.15;1;1.915;1;0.69;1;9.285;1;0;2.78;0.21
18TL15133_2279;901;47.79317;-64.264;402791;4.56;16-sep-15;15:16:00;28.43;15.95;262.3775;3.04;NaN;0.579;0.09;1;0.255;1;0.3;1;1.84;1;0;0.85;0.14
18TL15133_2279;901;47.79317;-64.264;402790;25.09;16-sep-15;15:16:00;28.5;14.24;257.15228;0.4;NaN;0.206;0.09;1;1.48;1;0.51;1;4.645;1;0;2.90;0.32
18TL15133_2279;901;47.79317;-64.264;402789;43.13;16-sep-15;15:16:00;30.94;4.91;256.5717;0.22;NaN;0.086;0.195;1;5.285;1;0.98;1;11.605;1;0;5.39;0.46
18TL15133_2280;931;47.61083;-64.5115;402794;4.66;16-sep-15;20:56:00;28.5;15.31;272.73862;2.215;NaN;0.505;0.07;1;0.235;1;0.225;1;1.505;1;0;1.04;0.16
18TL15133_2280;931;47.61083;-64.5115;402793;24.99;16-sep-15;20:56:00;28.9;13.99;240.09216;2.17;NaN;0.191;0.07;1;0.295;1;0.27;1;1.595;1;0;1.09;0.18
18TL15133_2280;931;47.61083;-64.5115;402792;30.14;16-sep-15;20:56:00;29.78;10.58;218.1641;0.69;NaN;0.111;0.175;1;1.485;1;0.57;1;7.12;1;0;2.61;0.21
18TL15133_2281;941;47.34083;-64.5775;402797;5.16;16-sep-15;23:01:00;28.62;15.74;263.80662;1.25;NaN;0.432;0.06;1;0.19;1;0.19;1;1.115;1;0;1.00;0.17
18TL15133_2281;941;47.34083;-64.5775;402796;20.33;16-sep-15;23:01:00;28.91;14.31;248.17562;0.32;NaN;0.243;0.11;1;0.77;1;0.37;1;2.385;1;0;2.08;0.32
18TL15133_2281;941;47.34083;-64.5775;402795;35.6;16-sep-15;23:01:00;30.51;6.15;233.52714;0.21;NaN;0.099;0.275;1;3.17;1;0.81;1;10.745;1;0;3.91;0.30
18TL15133_2282;951;47.32367;-64.30433;402800;4.96;17-sep-15;02:49:00;28.62;15.72;264.52118;0.97;NaN;0.359;0.075;1;0.315;1;0.29;1;1.88;1;0;1.09;0.17
18TL15133_2282;951;47.32367;-64.30433;402799;26.77;17-sep-15;02:49:00;30.08;9.03;261.52896;0.15;NaN;0.089;0.275;1;2.6;1;0.705;1;5.835;1;0;3.69;0.45
18TL15133_2282;951;47.32367;-64.30433;402798;50.57;17-sep-15;02:49:00;31.21;2.28;231.47278;0.2;NaN;0.101;0.47;1;5.875;1;1.25;1;19.035;1;0;4.70;0.31
18TL15133_2283;961;47.16217;-64.59;402803;4.86;17-sep-15;06:22:00;28.48;16.97;248.04164;2.09;NaN;0.591;0.06;1;0.09;1;0.205;1;1.64;1;0;0.44;0.05
18TL15133_2283;961;47.16217;-64.59;402802;24.89;17-sep-15;06:22:00;29.02;14.13;234.465;0.28;NaN;0.187;0.175;1;1.36;1;0.69;1;7.76;1;0;1.97;0.18
18TL15133_2283;961;47.16217;-64.59;402801;28.96;17-sep-15;06:22:00;29.5;11.62;213.78742;0.31;NaN;0.126;0.17;1;1.265;1;0.65;1;7.215;1;0;1.95;0.18
18TL15133_2284;971;47.09933;-64.296;402806;4.96;17-sep-15;07:53:00;28.59;17.18;250.72124;0.94;NaN;0.347;0.05;1;0.05;1;0.145;1;0.94;1;0;0.34;0.05
18TL15133_2284;971;47.09933;-64.296;402805;24.59;17-sep-15;07:53:00;29.84;9.19;215.97576;0.25;NaN;0.115;0.26;1;2.33;1;0.85;1;11.28;1;0;2.74;0.21
18TL15133_2284;971;47.09933;-64.296;402804;40.95;17-sep-15;07:53:00;30.27;6.17;210.75054;0.24;NaN;0.115;0.355;1;3.565;1;1;1;15.91;1;0;3.56;0.22
18TL15133_2285;981;46.91933;-64.536;402808;5.26;17-sep-15;12:22:00;28.51;17.02;251.92706;1.955;NaN;0.454;0.055;1;0.055;1;0.17;1;1.065;1;0;0.32;0.05
18TL15133_2285;981;46.91933;-64.536;402807;31.14;17-sep-15;12:22:00;29.69;10.15;193.24382;0.33;NaN;0.158;0.245;1;1.81;1;0.86;1;12.42;1;0;2.10;0.15
18TL15133_2286;991;46.99817;-64.303;402810;5.45;17-sep-15;13:42:00;28.57;16.95;254.38336;1.22;NaN;0.341;0.05;1;0.05;1;0.15;1;1.045;1;0;0.33;0.05
18TL15133_2286;991;46.99817;-64.303;402809;34.31;17-sep-15;13:42:00;29.77;9.59;202.80106;0.355;NaN;0.135;0.24;1;2.045;1;0.81;1;11.625;1;0;2.52;0.18
18TL15133_2157;1001;47.03933;-64.246;402812;4.96;17-sep-15;16:13:00;28.59;17.37;253.57948;1.15;NaN;0.225;0.06;1;0.19;1;0.175;1;1.485;1;0;1.09;0.13
18TL15133_2157;1001;47.03933;-64.246;402811;36.99;17-sep-15;16:13:00;29.9;8.19;188.2419;0.32;NaN;0.151;0.31;1;2.9;1;0.995;1;16.55;1;0;2.91;0.18
18TL15133_2158;1011;47.253;-64.186;402815;4.56;17-sep-15;17:48:00;28.68;16.79;256.39306;0.955;NaN;0.232;0.06;1;0.13;1;0.155;1;1.085;1;0;0.84;0.12
18TL15133_2158;1011;47.253;-64.186;402814;24.89;17-sep-15;17:48:00;30.16;7.54;269.47844;0.29;NaN;0.09;0.24;1;2.215;1;0.66;1;4.13;1;0;3.36;0.54
18TL15133_2158;1011;47.253;-64.186;402813;45.02;17-sep-15;17:48:00;31.33;2.23;215.97576;0.4;NaN;0.105;0.355;1;6.375;1;1.35;1;21.42;1;0;4.72;0.30
18TL15133_2159;1021;47.38067;-64.25233;402818;4.46;17-sep-15;21:17:00;28.47;15.71;268.89786;1.525;NaN;0.429;0.06;1;0.165;1;0.23;1;1.415;1;0;0.72;0.12
18TL15133_2159;1021;47.38067;-64.25233;402817;24.99;17-sep-15;21:17:00;29.52;10.88;256.75034;0.345;NaN;0.128;0.225;1;1.915;1;0.59;1;3.735;1;0;3.25;0.51
18TL15133_2159;1021;47.38067;-64.25233;402816;53.54;17-sep-15;21:17:00;31.62;1.76;250.14066;0.245;NaN;0.094;0.235;1;6.45;1;1.205;1;15.165;1;0;5.35;0.43
18TL15133_2160;1041;47.53833;-63.93317;402821;5.26;18-sep-15;01:09:00;28.49;15.58;266.75418;1.48;NaN;0.456;0.06;1;0.17;1;0.245;1;1.405;1;0;0.69;0.12
18TL15133_2160;1041;47.53833;-63.93317;402820;21.62;18-sep-15;01:09:00;29.44;12.26;261.57362;0.395;NaN;0.288;0.24;1;2.74;1;0.71;1;5.415;1;0;3.86;0.51
18TL15133_2160;1041;47.53833;-63.93317;402819;51.06;18-sep-15;01:09:00;31.82;1.22;266.66486;0.12;NaN;0.062;0.16;1;8.325;1;1.23;1;14.965;1;0;6.77;0.56
18TL15133_2161;1051;47.60117;-63.446;402825;4.76;18-sep-15;04:32:00;28.88;15.08;264.34254;0.83;NaN;0.305;0.04;1;0.11;1;0.225;1;1.165;1;0;0.49;0.09
18TL15133_2161;1051;47.60117;-63.446;402824;24.29;18-sep-15;04:32:00;30.41;8.03;274.07842;0.16;NaN;0.108;0.25;1;4.64;1;0.865;1;6.78;1;0;5.36;0.68
18TL15133_2161;1051;47.60117;-63.446;402823;49.77;18-sep-15;04:32:00;31.86;0.2;274.16774;0.065;NaN;0.051;0.105;1;10.715;1;1.385;1;17.575;1;0;7.74;0.61
18TL15133_2161;1051;47.60117;-63.446;402822;81.1;18-sep-15;04:32:00;32.25;0.49;222.09418;0.085;NaN;0.059;0.115;1;13.63;1;1.63;1;24.87;1;0;8.36;0.55
18TL15133_2162;1061;47.54717;-63.09433;402829;4.86;18-sep-15;07:13:00;29.18;15.52;259.96586;0.79;NaN;0.332;0.055;1;0.18;1;0.225;1;0.735;1;0;0.80;0.24
18TL15133_2162;1061;47.54717;-63.09433;402828;24.29;18-sep-15;07:13:00;30.53;7;283.27838;0.27;NaN;0.125;0.36;1;4.51;1;0.9;1;6.26;1;0;5.01;0.72
18TL15133_2162;1061;47.54717;-63.09433;402827;49.68;18-sep-15;07:13:00;31.6;0.16;265.99496;0.1;NaN;0.065;0.17;1;9.445;1;1.38;1;16.935;1;0;6.84;0.56
18TL15133_2162;1061;47.54717;-63.09433;402826;56.12;18-sep-15;07:13:00;31.61;0.14;266.3969;0.09;NaN;0.066;0.175;1;9.175;1;1.345;1;16.13;1;0;6.82;0.57
18TL15133_2163;1071;47.6115;-62.78017;402833;4.07;18-sep-15;10:34:00;28.98;16.26;254.02608;0.87;NaN;0.318;0.04;1;0.11;1;0.125;1;0.525;1;0;0.88;0.21
18TL15133_2163;1071;47.6115;-62.78017;402832;24.89;18-sep-15;10:34:00;30.57;5.24;287.92302;0.51;NaN;0.188;0.44;1;3.37;1;0.8;1;4.365;1;0;4.21;0.77
18TL15133_2163;1071;47.6115;-62.78017;402831;50.17;18-sep-15;10:34:00;31.65;-0.16;266.21826;0.07;NaN;0.057;0.195;1;9.705;1;1.365;1;17.665;1;0;7.11;0.55
18TL15133_2163;1071;47.6115;-62.78017;402830;58.1;18-sep-15;10:34:00;31.67;-0.14;267.37942;0.07;NaN;0.064;0.19;1;9.815;1;1.375;1;17.595;1;0;7.14;0.56
18TL15133_2164;1081;47.362;-62.80717;402836;4.86;18-sep-15;13:28:00;28.98;16.6;253.13288;0.875;NaN;0.189;0.055;1;0.15;1;0.14;1;0.565;1;0;1.07;0.27
18TL15133_2164;1081;47.362;-62.80717;402835;24.89;18-sep-15;13:28:00;30.02;7.03;274.83764;0.41;NaN;0.188;0.435;1;2.125;1;0.705;1;2.53;1;0;3.01;0.84
18TL15133_2164;1081;47.362;-62.80717;402834;48.39;18-sep-15;13:28:00;31.57;0.44;282.20654;0.11;NaN;0.057;0.28;1;7.22;1;1.145;1;12.65;1;0;6.31;0.57
18TL15133_2165;1091;47.3585;-63.17883;402840;4.96;18-sep-15;16:15:00;29.07;16.17;257.55422;0.87;NaN;0.236;0.065;1;0.45;1;0.185;1;1.07;1;0;2.43;0.42
18TL15133_2165;1091;47.3585;-63.17883;402839;24.39;18-sep-15;16:15:00;30.57;4.78;288.057;0.39;NaN;0.17;0.415;1;3.66;1;0.805;1;5.265;1;0;4.55;0.70
18TL15133_2165;1091;47.3585;-63.17883;402838;49.87;18-sep-15;16:15:00;31.61;0.39;255.76782;0.095;NaN;0.068;0.145;1;10;1;1.745;1;18.115;1;0;5.73;0.55
18TL15133_2165;1091;47.3585;-63.17883;402837;66.03;18-sep-15;16:15:00;31.94;-0.02;240.7174;0.1;NaN;0.072;0.095;1;10.53;1;1.49;1;21.5;1;0;7.07;0.49
18TL15133_2166;1101;47.1815;-63.20983;402844;4.76;18-sep-15;18:42:00;28.78;16.25;260.63576;0.955;NaN;0.289;0.05;1;0.445;1;0.215;1;1.365;1;0;2.07;0.33
18TL15133_2166;1101;47.1815;-63.20983;402843;24.59;18-sep-15;18:42:00;30.35;7.25;271.5328;0.15;NaN;0.083;0.335;1;3.775;1;0.835;1;6.015;1;0;4.52;0.63
18TL15133_2166;1101;47.1815;-63.20983;402842;49.88;18-sep-15;18:42:00;31.39;0.29;264.69982;0.105;NaN;0.074;0.395;1;9.15;1;1.375;1;14.97;1;0;6.65;0.61
18TL15133_2166;1101;47.1815;-63.20983;402841;65.74;18-sep-15;18:42:00;31.67;-0.1;254.24938;0.145;NaN;0.088;0.255;1;9.87;1;1.46;1;17.675;1;0;6.76;0.56
18TL15133_2167;1111;47.0685;-63.413;402847;4.56;18-sep-15;21:01:00;28.75;15.92;264.11924;1.08;NaN;0.36;0.04;1;0.39;1;0.19;1;1.22;1;0;2.05;0.32
18TL15133_2167;1111;47.0685;-63.413;402846;24.49;18-sep-15;21:01:00;29.98;8.71;260.99304;0.2;NaN;0.096;0.285;1;2.345;1;0.69;1;4.38;1;0;3.40;0.54
18TL15133_2167;1111;47.0685;-63.413;402845;53.25;18-sep-15;21:01:00;31.27;0.66;264.78914;0.115;NaN;0.08;0.41;1;6.83;1;1.165;1;12.075;1;0;5.86;0.57
18TL15133_2168;1121;47.07833;-62.9855;402851;3.87;19-sep-15;00:26:00;29.11;16.9;253.53482;0.53;NaN;0.219;0.05;1;0.38;1;0.14;1;0.825;1;0;2.71;0.46
18TL15133_2168;1121;47.07833;-62.9855;402850;23.7;19-sep-15;00:26:00;30.59;4.74;292.92494;0.54;NaN;0.145;0.405;1;1.795;1;0.66;1;2.185;1;0;2.72;0.82
18TL15133_2168;1121;47.07833;-62.9855;402849;49.68;19-sep-15;00:26:00;31.43;-0.37;264.29788;0.09;NaN;0.07;0.395;1;9.91;1;1.495;1;15.605;1;0;6.63;0.64
18TL15133_2168;1121;47.07833;-62.9855;402848;54.83;19-sep-15;00:26:00;31.45;-0.39;264.78914;0.07;NaN;0.069;0.39;1;9.97;1;1.48;1;15.73;1;0;6.74;0.63
18TL15133_2169;1131;46.95633;-63.347;402855;4.36;19-sep-15;02:40:00;28.77;15.8;258.89402;1.16;NaN;0.377;0.045;1;0.37;1;0.24;1;1.545;1;0;1.54;0.24
18TL15133_2169;1131;46.95633;-63.347;402854;24.3;19-sep-15;02:40:00;30.33;7.67;270.81824;0.33;NaN;0.114;0.28;1;2.04;1;0.655;1;3.55;1;0;3.11;0.57
18TL15133_2169;1131;46.95633;-63.347;402853;49.28;19-sep-15;02:40:00;31.12;0.36;265.86098;0.1;NaN;0.083;0.34;1;7.45;1;1.295;1;14.065;1;0;5.75;0.53
18TL15133_2169;1131;46.95633;-63.347;402852;54.44;19-sep-15;02:40:00;31.14;0.33;266.8435;0.09;NaN;0.081;0.34;1;7.205;1;1.24;1;13.42;1;0;5.81;0.54
18TL15133_2170;1141;46.91933;-63.4135;402858;4.36;19-sep-15;05:12:00;28.67;16.73;257.50956;0.64;NaN;0.254;0.05;1;0.45;1;0.235;1;1.51;1;0;1.91;0.30
18TL15133_2170;1141;46.91933;-63.4135;402857;24.79;19-sep-15;05:12:00;30.13;8.56;264.6105;0.4;NaN;0.125;0.245;1;1.43;1;0.595;1;3.34;1;0;2.40;0.43
18TL15133_2170;1141;46.91933;-63.4135;402856;49.88;19-sep-15;05:12:00;31.16;0.99;253.93676;0.13;NaN;0.089;0.34;1;6.87;1;1.225;1;15.59;1;0;5.61;0.44
18TL15133_2171;1151;46.89883;-63.29333;402862;4.46;19-sep-15;07:19:00;28.61;17.02;254.20472;0.75;NaN;0.281;0.03;1;0.34;1;0.175;1;1.14;1;0;1.94;0.30
18TL15133_2171;1151;46.89883;-63.29333;402861;24.59;19-sep-15;07:19:00;30.43;7.28;274.79298;0.34;NaN;0.123;0.3;1;2.68;1;0.74;1;4.385;1;0;3.62;0.61
18TL15133_2171;1151;46.89883;-63.29333;402860;49.68;19-sep-15;07:19:00;31.1;0.13;264.52118;0.09;NaN;0.09;0.315;1;7.62;1;1.32;1;14.17;1;0;5.77;0.54
18TL15133_2171;1151;46.89883;-63.29333;402859;56.62;19-sep-15;07:19:00;31.21;0.1;265.14642;0.09;NaN;0.082;0.33;1;7.77;1;1.315;1;14.215;1;0;5.91;0.55
18TL15133_2172;1161;46.77067;-63.03783;402866;4.56;19-sep-15;11:01:00;28.91;16.81;253.6688;0.87;NaN;0.299;0;1;0.33;1;0.135;1;0.79;1;0;2.44;0.42
18TL15133_2172;1161;46.77067;-63.03783;402865;25.09;19-sep-15;11:01:00;30.53;4.87;273.45318;0.405;NaN;0.14;0.43;1;3.175;1;0.83;1;5.71;1;0;3.83;0.56
18TL15133_2172;1161;46.77067;-63.03783;402864;49.88;19-sep-15;11:01:00;31.21;-0.13;273.85512;0.095;NaN;0.078;0.285;1;7.61;1;1.35;1;12.87;1;0;5.64;0.59
18TL15133_2172;1161;46.77067;-63.03783;402863;56.82;19-sep-15;11:01:00;31.23;-0.18;273.9891;0.095;NaN;0.077;0.27;1;7.735;1;1.3;1;13.15;1;0;5.95;0.59
18TL15133_2173;1181;46.87033;-62.87117;402870;4.76;19-sep-15;20:37:00;28.92;17.5;255.14258;0.71;NaN;0.251;0.04;1;0.35;1;0.15;1;0.72;1;0;2.33;0.49
18TL15133_2173;1181;46.87033;-62.87117;402869;24.59;19-sep-15;20:37:00;30.74;3.53;281.44732;0.34;NaN;0.117;0.43;1;4.23;1;0.94;1;6.86;1;0;4.50;0.62
18TL15133_2173;1181;46.87033;-62.87117;402868;49.78;19-sep-15;20:37:00;31.25;-0.2;278.18714;0.1;NaN;0.069;0.295;1;7.815;1;1.34;1;12.49;1;0;5.83;0.63
18TL15133_2173;1181;46.87033;-62.87117;402867;59.89;19-sep-15;20:37:00;31.28;-0.21;279.5716;0.125;NaN;0.07;0.3;1;7.385;1;1.265;1;11.95;1;0;5.84;0.62
18TL15133_2174;1191;46.9095;-62.53167;402874;4.46;19-sep-15;23:19:00;28.89;17.42;254.16006;0.815;NaN;0.312;0.035;1;0.305;1;0.105;1;0.485;1;0;2.90;0.63
18TL15133_2174;1191;46.9095;-62.53167;402873;24.59;19-sep-15;23:19:00;30.7;2.97;314.80834;0.45;NaN;0.161;0.315;1;3.08;1;0.79;1;3.28;1;0;3.90;0.94
18TL15133_2174;1191;46.9095;-62.53167;402872;49.98;19-sep-15;23:19:00;31.34;-0.3;276.98132;0.09;NaN;0.076;0.32;1;8.34;1;1.37;1;13.415;1;0;6.09;0.62
18TL15133_2174;1191;46.9095;-62.53167;402871;62.96;19-sep-15;23:19:00;31.38;-0.3;275.95414;0.09;NaN;0.077;0.33;1;8.51;1;1.35;1;13.84;1;0;6.30;0.61
18TL15133_2175;1201;46.771;-62.46283;402878;4.76;20-sep-15;00:42:00;28.75;17.98;251.92706;0.83;NaN;0.361;0.03;1;0.335;1;0.12;1;0.61;1;0;2.79;0.55
18TL15133_2175;1201;46.771;-62.46283;402877;24.59;20-sep-15;00:42:00;30.7;3.37;308.24332;0.42;NaN;0.163;0.3;1;2.525;1;0.785;1;3.44;1;0;3.22;0.73
18TL15133_2175;1201;46.771;-62.46283;402876;49.98;20-sep-15;00:42:00;31.17;-0.02;284.43954;0.1;NaN;0.079;0.2;1;6.31;1;1.24;1;10.515;1;0;5.09;0.60
18TL15133_2175;1201;46.771;-62.46283;402875;59.2;20-sep-15;00:42:00;31.18;-0.05;283.90362;0.085;NaN;0.08;0.205;1;6.19;1;1.215;1;10.195;1;0;5.09;0.61
18TL15133_2176;1211;46.904;-62.33567;402882;4.26;20-sep-15;05:23:00;28.9;17.47;250.9892;0.87;NaN;0.315;0.065;1;0.485;1;0.19;1;0.65;1;0;2.55;0.75
18TL15133_2176;1211;46.904;-62.33567;402881;24;20-sep-15;05:23:00;30.57;3.79;304.40256;0.46;NaN;0.204;0.405;1;3.22;1;0.81;1;3.995;1;0;3.98;0.81
18TL15133_2176;1211;46.904;-62.33567;402880;49.18;20-sep-15;05:23:00;31.52;-0.22;275.01628;0.09;NaN;0.069;0.365;1;9.025;1;1.35;1;14.915;1;0;6.69;0.61
18TL15133_2176;1211;46.904;-62.33567;402879;61.58;20-sep-15;05:23:00;31.54;-0.23;275.5522;0.08;NaN;0.067;0.36;1;8.99;1;1.36;1;14.855;1;0;6.61;0.61
18TL15133_2177;1221;46.68433;-62.04783;402886;4.76;20-sep-15;08:47:00;29.15;17.76;247.55038;0.53;NaN;0.194;0.015;1;0.4;1;0.12;1;0.66;1;0;3.33;0.61
18TL15133_2177;1221;46.68433;-62.04783;402885;24.59;20-sep-15;08:47:00;30.76;2.77;311.81612;0.39;NaN;0.16;0.15;1;2.575;1;0.775;1;3.465;1;0;3.32;0.74
18TL15133_2177;1221;46.68433;-62.04783;402884;49.98;20-sep-15;08:47:00;31.22;0.07;283.1444;0.07;NaN;0.074;0.19;1;6.085;1;1.2;1;10.945;1;0;5.07;0.56
18TL15133_2177;1221;46.68433;-62.04783;402883;56.72;20-sep-15;08:47:00;31.23;0.07;283.1444;0.075;NaN;0.074;0.195;1;6.055;1;1.18;1;10.845;1;0;5.13;0.56
18TL15133_2178;1231;46.71533;-61.75283;402890;4.56;20-sep-15;12:57:00;28.75;17.91;246.21058;1.135;NaN;0.358;0.03;1;0.39;1;0.105;1;0.595;1;0;3.71;0.66
18TL15133_2178;1231;46.71533;-61.75283;402889;25.09;20-sep-15;12:57:00;30.73;2.71;303.50936;0.385;NaN;0.131;0.16;1;2.135;1;0.715;1;3.61;1;0;2.99;0.59
18TL15133_2178;1231;46.71533;-61.75283;402888;49.88;20-sep-15;12:57:00;31.43;-0.08;288.2803;0.1;NaN;0.075;0.21;1;6.225;1;1.215;1;10.405;1;0;5.12;0.60
18TL15133_2178;1231;46.71533;-61.75283;402887;67.43;20-sep-15;12:57:00;31.44;-0.09;288.14632;0.105;NaN;0.074;0.2;1;6.355;1;1.225;1;10.64;1;0;5.19;0.60
18TL15133_2179;1251;46.54167;-61.42167;402894;4.76;20-sep-15;16:45:00;28.8;18.02;248.62222;1.175;NaN;0.331;0.04;1;0.375;1;0.13;1;0.645;1;0;2.88;0.58
18TL15133_2179;1251;46.54167;-61.42167;402893;24.89;20-sep-15;16:45:00;30.43;5.69;278.58908;0.3;NaN;0.165;0.15;1;1.02;1;0.57;1;3.215;1;0;1.79;0.32
18TL15133_2179;1251;46.54167;-61.42167;402892;49.78;20-sep-15;16:45:00;31.54;0.84;275.68618;0.09;NaN;0.072;0.375;1;7.02;1;1.16;1;12.475;1;0;6.05;0.56
18TL15133_2179;1251;46.54167;-61.42167;402891;64.35;20-sep-15;16:45:00;32.21;1.14;267.37942;0.135;NaN;0.071;0.245;1;9.095;1;1.235;1;13.62;1;0;7.36;0.67
18TL15133_2180;1261;46.3155;-61.72767;402897;4.56;20-sep-15;19:25:00;28.8;17.36;253.08822;1.395;NaN;0.448;0.035;1;0.37;1;0.185;1;1.31;1;0;2.00;0.28
18TL15133_2180;1261;46.3155;-61.72767;402896;24.79;20-sep-15;19:25:00;29.4;11.76;227.27474;0.38;NaN;0.171;0.195;1;1.57;1;0.59;1;4.98;1;0;2.66;0.32
18TL15133_2180;1261;46.3155;-61.72767;402895;52.46;20-sep-15;19:25:00;31.05;1.38;281.26868;0.15;NaN;0.101;0.415;1;3.77;1;1.005;1;9.61;1;0;3.75;0.39
18TL15133_2181;1271;46.30983;-61.93283;402900;4.76;20-sep-15;21:30:00;28.77;17.67;253.13288;1.36;NaN;0.408;0.03;1;0.37;1;0.18;1;1.265;1;0;2.06;0.29
18TL15133_2181;1271;46.30983;-61.93283;402899;24.69;20-sep-15;21:30:00;29.12;14.23;228.6592;1.175;NaN;0.37;0.125;1;1.12;1;0.475;1;3.73;1;0;2.36;0.30
18TL15133_2181;1271;46.30983;-61.93283;402898;42.84;20-sep-15;21:30:00;30.76;3.01;272.96192;0.29;NaN;0.112;0.18;1;2.37;1;0.805;1;7.03;1;0;2.94;0.34
18TL15133_2182;1281;46.24533;-61.96467;402903;5.36;20-sep-15;22:30:00;28.77;17.71;252.59696;0.92;NaN;0.345;0.035;1;0.35;1;0.135;1;1.02;1;0;2.59;0.34
18TL15133_2182;1281;46.24533;-61.96467;402902;24.5;20-sep-15;22:30:00;29.31;13.74;245.94262;1.08;NaN;0.375;0.05;1;0.515;1;0.335;1;1.965;1;0;1.54;0.26
18TL15133_2182;1281;46.24533;-61.96467;402901;43.63;20-sep-15;22:30:00;30.85;2.53;277.38326;0.145;NaN;0.105;0.255;1;2.665;1;0.875;1;7.365;1;0;3.05;0.36
18TL15133_2183;1291;46.09217;-62.25283;402906;4.96;21-sep-15;02:15:00;28.78;18.55;248.71154;1.3;NaN;0.406;0.03;1;0.365;1;0.12;1;0.75;1;0;3.04;0.49
18TL15133_2183;1291;46.09217;-62.25283;402905;24.79;21-sep-15;02:15:00;29.41;11.73;221.78156;0.55;NaN;0.261;0.17;1;1.425;1;0.63;1;6.11;1;0;2.26;0.23
18TL15133_2183;1291;46.09217;-62.25283;402904;35.5;21-sep-15;02:15:00;30.34;6.98;232.27666;0.355;NaN;0.133;0.24;1;1.93;1;0.8;1;8.83;1;0;2.41;0.22
18TL15133_2184;1301;45.916;-62.5175;402909;4.26;21-sep-15;05:02:00;29.05;18.86;259.20664;3.22;NaN;0.46;0.03;1;0.39;1;0.17;1;1.635;1;0;2.29;0.24
18TL15133_2184;1301;45.916;-62.5175;402908;25.19;21-sep-15;05:02:00;29.61;14.42;228.16794;3.22;NaN;0.668;0.16;1;0.905;1;0.585;1;6.85;1;0;1.55;0.13
18TL15133_2184;1301;45.916;-62.5175;402907;32.13;21-sep-15;05:02:00;30.26;9.01;234.6883;1.45;NaN;0.146;0.18;1;1.095;1;0.59;1;7.065;1;0;1.86;0.15
18TL15133_2185;1311;45.94117;-63.106;402912;5.06;21-sep-15;08:22:00;29.36;17.54;255.9018;2.74;NaN;0.47;0.075;1;0.415;1;0.23;1;1.53;1;0;1.80;0.27
18TL15133_2185;1311;45.94117;-63.106;402911;24.69;21-sep-15;08:22:00;29.65;14.6;207.31172;3.04;NaN;0.511;0.085;1;0.43;1;0.655;1;5.765;1;0;0.66;0.07
18TL15133_2185;1311;45.94117;-63.106;402910;30.35;21-sep-15;08:22:00;29.72;14.19;198.15642;3.61;NaN;1.066;0.05;1;0.385;1;0.65;1;5.865;1;0;0.59;0.07
18TL15133_2186;1331;45.959;-63.30267;402916;4.46;21-sep-15;13:28:00;29.12;18.03;243.44166;0.74;NaN;0.559;0.075;1;0.49;1;0.41;1;1.36;1;0;1.20;0.36
18TL15133_2186;1331;45.959;-63.30267;402915;22.02;21-sep-15;13:28:00;29.71;14.49;187.43802;3.13;NaN;0.511;0.08;1;0.495;1;0.575;1;4.675;1;0;0.86;0.11
18TL15133_2187;1341;46.02467;-63.356;402918;4.76;21-sep-15;17:24:00;29.09;18.68;248.93484;2.91;NaN;0.55;0.06;1;0.365;1;0.3;1;0.82;1;0;1.22;0.45
18TL15133_2187;1341;46.02467;-63.356;402917;21.82;21-sep-15;17:24:00;29.7;14.62;183.73124;3.04;NaN;0.615;0.09;1;0.49;1;0.58;1;3.755;1;0;0.84;0.13
18TL15133_2188;1351;45.791;-62.4125;402920;4.56;21-sep-15;23:48:00;29.32;17.78;260.45712;4.18;NaN;0.656;0.065;1;0.46;1;0.23;1;1.165;1;0;2.00;0.39
18TL15133_2188;1351;45.791;-62.4125;402919;23.6;21-sep-15;23:48:00;29.39;17.38;244.2902;3.87;NaN;0.717;0.065;1;0.37;1;0.25;1;1.4;1;0;1.48;0.26
18TL15133_2189;1361;45.928;-62.1215;402923;4.66;22-sep-15;02:06:00;29.04;18.27;250.81056;2.26;NaN;0.461;0.055;1;0.47;1;0.13;1;0.95;1;0;3.62;0.49
18TL15133_2189;1361;45.928;-62.1215;402922;24.89;22-sep-15;02:06:00;29.63;13.93;221.2903;0.84;NaN;0.247;0.2;1;1.01;1;0.645;1;8.7;1;0;1.57;0.12
18TL15133_2189;1361;45.928;-62.1215;402921;40.66;22-sep-15;02:06:00;30.62;5.74;241.11934;0.48;NaN;0.136;0.395;1;2.055;1;0.895;1;12.935;1;0;2.30;0.16
18TL15133_2190;1371;45.726;-61.772;402925;4.86;22-sep-15;05:48:00;29.08;18.61;242.23584;2.565;NaN;0.411;0.055;1;0.45;1;0.15;1;2.535;1;0;3.00;0.18
18TL15133_2190;1371;45.726;-61.772;402924;25.39;22-sep-15;05:48:00;29.69;13.6;120.53734;7.57;NaN;3.087;0.07;1;0.465;1;0.305;1;5.825;1;0;1.52;0.08
18TL15133_2191;1381;45.78217;-61.65283;402928;4.66;22-sep-15;07:01:00;29.13;18.58;243.8436;2.26;NaN;0.426;0.06;1;0.45;1;0.14;1;1.39;1;0;3.21;0.32
18TL15133_2191;1381;45.78217;-61.65283;402927;24.69;22-sep-15;07:01:00;29.06;18.57;215.08256;2.96;NaN;0.478;0.06;1;0.405;1;0.425;1;7.455;1;0;0.95;0.05
18TL15133_2191;1381;45.78217;-61.65283;402926;33.12;22-sep-15;07:01:00;29.97;10.49;122.94898;3.22;NaN;1.103;0.06;1;0.445;1;0.455;1;7.79;1;0;0.98;0.06
18TL15133_2192;1391;45.87583;-61.67833;402931;4.26;22-sep-15;08:50:00;29.06;18.31;248.26494;2.345;NaN;0.43;0.065;1;0.33;1;0.12;1;0.8;1;0;2.75;0.41
18TL15133_2192;1391;45.87583;-61.67833;402930;24.3;22-sep-15;08:50:00;29.29;17.14;219.9505;1.725;NaN;0.484;0.13;1;0.685;1;0.49;1;7.485;1;0;1.40;0.09
18TL15133_2192;1391;45.87583;-61.67833;402929;38.28;22-sep-15;08:50:00;30.71;4.71;207.35638;0.745;NaN;0.127;0.4;1;2.23;1;0.925;1;16.915;1;0;2.41;0.13
18TL15133_2193;1401;45.90883;-61.632;402933;4.76;22-sep-15;12:48:00;29.08;18.37;245.00476;2.26;NaN;0.428;0.055;1;0.36;1;0.135;1;1.1;1;0;2.67;0.33
18TL15133_2193;1401;45.90883;-61.632;402932;29.85;22-sep-15;12:48:00;29.8;12.96;189.89432;1.285;NaN;0.182;0.07;1;0.43;1;0.41;1;4.795;1;0;1.05;0.09
18TL15133_2194;1411;45.97767;-61.68933;402936;4.46;22-sep-15;13:56:00;29.18;18.31;249.56008;2.395;NaN;0.461;0.065;1;0.32;1;0.155;1;0.905;1;0;2.06;0.35
18TL15133_2194;1411;45.97767;-61.68933;402935;24.59;22-sep-15;13:56:00;29.49;15.11;211.19714;1.115;NaN;0.264;0.05;1;0.39;1;0.405;1;3.825;1;0;0.96;0.10
18TL15133_2194;1411;45.97767;-61.68933;402934;41.16;22-sep-15;13:56:00;30.93;2.84;264.96778;0.26;NaN;0.098;0.46;1;2.42;1;0.895;1;10.605;1;0;2.70;0.23
18TL15133_2195;1421;46.01283;-61.85033;402939;4.66;22-sep-15;18:39:00;28.99;18.3;250.14066;1.415;NaN;0.364;0.075;1;0.47;1;0.185;1;1.63;1;0;2.54;0.29
18TL15133_2195;1421;46.01283;-61.85033;402938;24.2;22-sep-15;18:39:00;29.76;13;220.6204;0.93;NaN;0.221;0.085;1;0.485;1;0.545;1;7.07;1;0;0.89;0.07
18TL15133_2195;1421;46.01283;-61.85033;402937;49.58;22-sep-15;18:39:00;30.92;2.58;262.86876;0.18;NaN;0.118;0.55;1;3.225;1;1.09;1;13.815;1;0;2.96;0.23
18TL15133_2196;1431;46.1965;-61.6265;402943;4.96;22-sep-15;20:53:00;28.75;18.09;250.14066;1.185;NaN;0.408;0.065;1;0.435;1;0.15;1;0.6;1;0;2.90;0.72
18TL15133_2196;1431;46.1965;-61.6265;402942;24.2;22-sep-15;20:53:00;29.16;13.8;221.37962;0.83;NaN;0.273;0.08;1;0.515;1;0.45;1;3.995;1;0;1.14;0.13
18TL15133_2196;1431;46.1965;-61.6265;402941;49.09;22-sep-15;20:53:00;31.06;1.46;281.75994;0.14;NaN;0.097;0.63;1;3.52;1;1.05;1;10.62;1;0;3.35;0.33
18TL15133_2196;1431;46.1965;-61.6265;402940;57.02;22-sep-15;20:53:00;31.09;1.37;282.42984;0.2;NaN;0.098;0.59;1;3.22;1;0.995;1;9.985;1;0;3.24;0.32
18TL15133_2197;1441;46.31567;-61.52983;402947;4.26;22-sep-15;23:16:00;28.76;17.27;253.08822;0.9;NaN;0.359;0.055;1;0.48;1;0.15;1;1;1;0;3.20;0.48
18TL15133_2197;1441;46.31567;-61.52983;402946;24.4;22-sep-15;23:16:00;29.41;11.03;225.0864;0.38;NaN;0.176;0.225;1;1.49;1;0.61;1;4.965;1;0;2.44;0.30
18TL15133_2197;1441;46.31567;-61.52983;402945;49.68;22-sep-15;23:16:00;30.99;1.55;283.09974;0.16;NaN;0.097;0.46;1;3.31;1;0.99;1;10.205;1;0;3.34;0.32
18TL15133_2197;1441;46.31567;-61.52983;402944;60.19;22-sep-15;23:16:00;31.12;1.2;282.9211;0.15;NaN;0.091;0.5;1;3.71;1;1.025;1;11.005;1;0;3.62;0.34
18TL15133_2198;1451;46.6035;-61.2215;402951;4.86;23-sep-15;03:29:00;28.86;18.15;248.26494;0.835;NaN;0.327;0.05;1;0.465;1;0.105;1;0.64;1;0;4.43;0.73
18TL15133_2198;1451;46.6035;-61.2215;402950;24.49;23-sep-15;03:29:00;30.16;8.15;234.82228;0.14;NaN;0.259;0.445;1;2.42;1;0.815;1;8.41;1;0;2.97;0.29
18TL15133_2198;1451;46.6035;-61.2215;402949;50.18;23-sep-15;03:29:00;31.16;0.95;287.1638;0.09;NaN;0.077;0.41;1;5.71;1;1.12;1;10.685;1;0;5.10;0.53
18TL15133_2198;1451;46.6035;-61.2215;402948;73.38;23-sep-15;03:29:00;32.34;1.44;257.15228;0.075;NaN;0.064;0.335;1;8.245;1;1.16;1;13.115;1;0;7.11;0.63
18TL15133_2199;1461;46.75733;-61.353;402955;4.66;23-sep-15;05:57:00;29;17.47;247.68436;0.75;NaN;0.32;0.06;1;0.49;1;0.125;1;1.235;1;0;3.92;0.40
18TL15133_2199;1461;46.75733;-61.353;402954;25.09;23-sep-15;05:57:00;30.76;2.85;290.69194;0.36;NaN;0.198;0.21;1;3.185;1;0.91;1;7.16;1;0;3.50;0.44
18TL15133_2199;1461;46.75733;-61.353;402953;50.27;23-sep-15;05:57:00;31.21;0.25;282.9211;0.07;NaN;0.077;0.245;1;5.7;1;1.145;1;10.62;1;0;4.98;0.54
18TL15133_2199;1461;46.75733;-61.353;402952;67.62;23-sep-15;05:57:00;32.07;0.88;269.7464;0.06;NaN;0.068;0.29;1;7.125;1;1.185;1;12.575;1;0;6.01;0.57
18TL15133_2200;1471;46.80517;-61.42833;402959;4.86;23-sep-15;09:00:00;29.14;17.3;248.22028;0.75;NaN;0.253;0.06;1;0.455;1;0.12;1;0.345;1;0;3.79;1.32
18TL15133_2200;1471;46.80517;-61.42833;402958;24.89;23-sep-15;09:00:00;30.6;6.19;287.96768;0.85;NaN;0.321;0.235;1;1.19;1;0.63;1;2.345;1;0;1.89;0.51
18TL15133_2200;1471;46.80517;-61.42833;402957;50.17;23-sep-15;09:00:00;31.49;-0.04;285.3774;0.07;NaN;0.071;0.275;1;5.945;1;1.205;1;10.69;1;0;4.93;0.56
18TL15133_2200;1471;46.80517;-61.42833;402956;62.37;23-sep-15;09:00:00;31.62;0.08;276.57938;0.065;NaN;0.067;0.285;1;6.375;1;1.195;1;11.795;1;0;5.33;0.54
18TL15133_2201;1481;46.91367;-61.69867;402962;4.66;23-sep-15;14:27:00;29.4;16.83;247.46106;0.8;NaN;0.177;0.05;1;0.325;1;0.17;1;0.625;1;0;1.91;0.52
18TL15133_2201;1481;46.91367;-61.69867;402961;24.3;23-sep-15;14:27:00;30.96;4.97;283.76964;0.45;NaN;0.18;0.255;1;2.585;1;0.835;1;4.74;1;0;3.10;0.55
18TL15133_2201;1481;46.91367;-61.69867;402960;50.57;23-sep-15;14:27:00;31.44;0.32;292.523;0.13;NaN;0.086;0.165;1;4.55;1;1.11;1;9.4;1;0;4.10;0.48
18TL15133_2202;1491;47.00817;-61.5425;402965;4.86;23-sep-15;15:31:00;29.84;15.58;260.05518;0.98;NaN;0.167;0.05;1;0.41;1;0.2;1;0.685;1;0;2.05;0.60
18TL15133_2202;1491;47.00817;-61.5425;402964;24.79;23-sep-15;15:31:00;31.27;2.9;279.61626;0.425;NaN;0.16;0.285;1;3.08;1;0.925;1;7.025;1;0;3.33;0.44
18TL15133_2202;1491;47.00817;-61.5425;402963;35.1;23-sep-15;15:31:00;31.34;2.41;278.4551;0.32;NaN;0.135;0.275;1;3.185;1;0.935;1;7.29;1;0;3.41;0.44
18TL15133_2203;1501;46.819;-61.328;402969;4.36;23-sep-15;18:01:00;29.79;16.59;254.07074;0.93;NaN;0.188;0.05;1;0.465;1;0.135;1;0.39;1;0;3.44;1.19
18TL15133_2203;1501;46.819;-61.328;402968;24.89;23-sep-15;18:01:00;30.85;6.7;275.19492;0.54;NaN;0.237;0.21;1;2.22;1;0.785;1;4.365;1;0;2.83;0.51
18TL15133_2203;1501;46.819;-61.328;402967;49.78;23-sep-15;18:01:00;31.48;-0.1;285.06478;0.055;NaN;0.066;0.275;1;6.15;1;1.175;1;11.02;1;0;5.23;0.56
18TL15133_2203;1501;46.819;-61.328;402966;62.07;23-sep-15;18:01:00;31.88;0.6;268.00466;0.11;NaN;0.067;0.295;1;6.815;1;1.125;1;12.145;1;0;6.06;0.56
18TL15133_2204;1511;46.8335;-61.20383;402973;4.86;23-sep-15;20:17:00;29.55;17.18;250.67658;0.67;NaN;0.197;0.07;1;0.58;1;0.165;1;0.84;1;0;3.52;0.69
18TL15133_2204;1511;46.8335;-61.20383;402972;24.89;23-sep-15;20:17:00;30.92;2.19;308.10934;0.515;NaN;0.17;0.32;1;3.675;1;0.88;1;5.005;1;0;4.18;0.73
18TL15133_2204;1511;46.8335;-61.20383;402971;50.27;23-sep-15;20:17:00;31.53;0.05;282.2512;0.09;NaN;0.066;0.305;1;6.865;1;1.17;1;12.005;1;0;5.87;0.57
18TL15133_2204;1511;46.8335;-61.20383;402970;64.05;23-sep-15;20:17:00;32.06;0.8;275.95414;0.11;NaN;0.064;0.295;1;8.115;1;1.145;1;12.665;1;0;7.09;0.64
18TL15133_2205;1521;46.89267;-60.929;402977;4.36;23-sep-15;23:57:00;29.18;17.42;246.7465;0.955;NaN;0.325;0.065;1;0.46;1;0.1;1;0.425;1;0;4.60;1.08
18TL15133_2205;1521;46.89267;-60.929;402976;24.2;23-sep-15;23:57:00;30.2;8.74;271.89008;1;NaN;0.474;0.21;1;1.75;1;0.695;1;3.63;1;0;2.52;0.48
18TL15133_2205;1521;46.89267;-60.929;402975;49.08;23-sep-15;23:57:00;31.3;0.39;291.8531;0.075;NaN;0.114;0.34;1;5.55;1;1.035;1;8.84;1;0;5.36;0.63
18TL15133_2205;1521;46.89267;-60.929;402974;124.82;23-sep-15;23:57:00;33.59;3.94;197.44186;0.04;NaN;0.046;0.15;1;15.035;1;1.375;1;18.83;1;0;10.93;0.80
18TL15133_2206;1531;46.96783;-60.973;402981;4.76;24-sep-15;02:59:00;29.31;17.26;247.77368;0.74;NaN;0.297;0.06;1;0.435;1;0.145;1;0.52;1;0;3.00;0.84
18TL15133_2206;1531;46.96783;-60.973;402980;24.39;24-sep-15;02:59:00;30.72;4.34;299.8919;0.41;NaN;0.295;0.275;1;3.655;1;0.88;1;5.86;1;0;4.15;0.62
18TL15133_2206;1531;46.96783;-60.973;402979;49.98;24-sep-15;02:59:00;31.6;0.26;285.95798;0.06;NaN;0.116;0.31;1;7.065;1;1.065;1;10.58;1;0;6.63;0.67
18TL15133_2206;1531;46.96783;-60.973;402978;102.91;24-sep-15;02:59:00;33.4;3.46;217.0476;0.05;NaN;0.04;0.095;1;13.675;1;1.27;1;16.415;1;0;10.77;0.83
18TL15133_2207;1541;47.01467;-61.30633;402984;4.76;24-sep-15;05:41:00;29.94;15.52;262.1542;0.94;NaN;0.257;0.07;1;0.535;1;0.21;1;0.665;1;0;2.55;0.80
18TL15133_2207;1541;47.01467;-61.30633;402983;24.79;24-sep-15;05:41:00;31.31;2.3;311.2802;0.6;NaN;0.205;0.31;1;3.725;1;0.875;1;6.04;1;0;4.26;0.62
18TL15133_2207;1541;47.01467;-61.30633;402982;47.89;24-sep-15;05:41:00;31.83;0.67;292.2997;0.37;NaN;0.123;0.33;1;5.74;1;1.02;1;10.475;1;0;5.63;0.55
18TL15133_2208;1551;47.129;-61.24383;402987;4.96;24-sep-15;07:52:00;30.41;15.54;257.64354;0.655;NaN;0.154;0.075;1;0.545;1;0.225;1;1.195;1;0;2.42;0.46
18TL15133_2208;1551;47.129;-61.24383;402986;24.69;24-sep-15;07:52:00;31.33;2.44;297.61424;0.495;NaN;0.24;0.33;1;4.895;1;0.975;1;7.9;1;0;5.02;0.62
18TL15133_2208;1551;47.129;-61.24383;402985;50.27;24-sep-15;07:52:00;31.94;0.58;288.81622;0.26;NaN;0.099;0.28;1;6.74;1;1.075;1;11.89;1;0;6.27;0.57
18TL15133_2209;1571;47.17067;-61.108;402991;4.46;24-sep-15;12:27:00;30.35;15.33;258.71538;1.39;NaN;0.141;0.045;1;0.37;1;0.135;1;0.745;1;0;2.74;0.50
18TL15133_2209;1571;47.17067;-61.108;402990;24.89;24-sep-15;12:27:00;31.35;0.86;298.9987;1.3;NaN;0.165;0.33;1;4.85;1;0.96;1;7.58;1;0;5.05;0.64
18TL15133_2209;1571;47.17067;-61.108;402989;49.78;24-sep-15;12:27:00;32.09;0.86;299.13268;0.18;NaN;0.067;0.21;1;5.395;1;0.985;1;9.155;1;0;5.48;0.59
18TL15133_2209;1571;47.17067;-61.108;402988;58.9;24-sep-15;12:27:00;32.15;0.95;297.52492;0.14;NaN;0.067;0.2;1;6.87;1;0.975;1;9.155;1;0;7.05;0.75
18TL15133_2210;1581;47.16083;-61.55917;402993;4.76;24-sep-15;15:37:00;29.79;15.85;257.77752;1.33;NaN;0.35;0.04;1;0.41;1;0.19;1;0.275;1;0;2.16;1.49
18TL15133_2210;1581;47.16083;-61.55917;402992;27.96;24-sep-15;15:37:00;30.87;6.61;241.87856;0.74;NaN;0.171;0.21;1;1.855;1;0.75;1;5.375;1;0;2.47;0.35
18TL15133_2211;1591;47.23583;-61.5665;402995;4.76;24-sep-15;17:34:00;29.85;15.22;265.2804;1.955;NaN;0.339;0.055;1;0.41;1;0.15;1;0.075;1;0;2.73;5.47
18TL15133_2211;1591;47.23583;-61.5665;402994;23.7;24-sep-15;17:34:00;30.19;11.99;230.8922;1.57;NaN;0.353;0.11;1;0.905;1;0.455;1;2.82;1;0;1.99;0.32
18TL15133_2212;1601;47.4125;-61.22167;402998;5.26;24-sep-15;20:44:00;30.38;16.12;253.98142;0.44;NaN;0.143;0.045;1;0.405;1;0.095;1;0.515;1;0;4.26;0.79
18TL15133_2212;1601;47.4125;-61.22167;402997;24.69;24-sep-15;20:44:00;30.65;13.84;265.727;0.75;NaN;0.259;0.115;1;0.93;1;0.39;1;2.44;1;0;2.38;0.38
18TL15133_2212;1601;47.4125;-61.22167;402996;36.59;24-sep-15;20:44:00;31.37;3.43;276.49006;0.45;NaN;0.12;0.255;1;2.33;1;0.795;1;5.795;1;0;2.93;0.40
18TL15133_2213;1611;47.33017;-61.173;429003;4.96;24-sep-15;22:57:00;30.26;15.28;259.29596;0.44;NaN;0.16;0.035;1;0.405;1;0.135;1;0.575;1;0;3.00;0.70
18TL15133_2213;1611;47.33017;-61.173;429002;24.29;24-sep-15;22:57:00;30.92;6.43;285.824;0.52;NaN;0.357;0.25;1;3.445;1;0.81;1;5.765;1;0;4.25;0.60
18TL15133_2213;1611;47.33017;-61.173;429001;46.8;24-sep-15;22:57:00;31.6;1.2;295.2026;0.36;NaN;0.127;0.31;1;4.03;1;0.995;1;7.935;1;0;4.05;0.51
18TL15133_2214;1621;47.25867;-60.91333;429007;5.06;25-sep-15;01:54:00;30.34;13.6;270.6396;0.61;NaN;0.184;0.035;1;0.405;1;0.21;1;1.235;1;0;1.93;0.33
18TL15133_2214;1621;47.25867;-60.91333;429006;24.49;25-sep-15;01:54:00;31.42;0.92;293.4162;0.6;NaN;0.229;0.41;1;4.435;1;1;1;8.065;1;0;4.43;0.55
18TL15133_2214;1621;47.25867;-60.91333;429005;49.68;25-sep-15;01:54:00;31.99;0.92;303.4647;0.11;NaN;0.06;0.21;1;6.335;1;0.93;1;7.355;1;0;6.81;0.86
18TL15133_2214;1621;47.25867;-60.91333;429004;69.11;25-sep-15;01:54:00;32.34;1.26;288.9502;0.08;NaN;0.057;0.175;1;8.33;1;1.025;1;10.365;1;0;8.13;0.80
18TL15133_2215;1631;47.0715;-60.70883;429011;5.16;25-sep-15;04:49:00;28.98;17.45;245.31738;1.06;NaN;0.277;0.055;1;0.39;1;0.095;1;0.47;1;0;4.11;0.83
18TL15133_2215;1631;47.0715;-60.70883;429010;24.69;25-sep-15;04:49:00;30.32;8.25;276.53472;0.63;NaN;0.363;0.22;1;1.365;1;0.73;1;3.83;1;0;1.87;0.36
18TL15133_2215;1631;47.0715;-60.70883;429009;49.58;25-sep-15;04:49:00;31.4;0.16;293.01426;0.14;NaN;0.084;0.26;1;5.14;1;1.09;1;8.11;1;0;4.72;0.63
18TL15133_2215;1631;47.0715;-60.70883;429008;153.46;25-sep-15;04:49:00;33.98;4.89;162.74104;0.03;NaN;0.041;0.11;1;16.89;1;1.5;1;23;1;0;11.26;0.73
18TL15133_2216;1641;47.13017;-60.6325;429015;4.86;25-sep-15;07:06:00;29.46;16.79;248.7562;0.655;NaN;0.237;0.05;1;0.48;1;0.15;1;0.565;1;0;3.20;0.85
18TL15133_2216;1641;47.13017;-60.6325;429014;24.49;25-sep-15;07:06:00;30.64;6.05;282.6978;0.39;NaN;0.403;0.31;1;2.175;1;0.75;1;4.985;1;0;2.90;0.44
18TL15133_2216;1641;47.13017;-60.6325;429013;50.07;25-sep-15;07:06:00;31.9;0.87;299.17734;0.255;NaN;0.094;0.265;1;5.065;1;0.94;1;7.51;1;0;5.39;0.67
18TL15133_2216;1641;47.13017;-60.6325;429012;166.04;25-sep-15;07:06:00;33.98;4.92;164.25948;0.015;NaN;0.034;0.065;1;17.84;1;1.465;1;21.805;1;0;12.18;0.82
18TL15133_2217;1651;47.10417;-60.52617;429019;4.26;25-sep-15;09:17:00;29;17.38;243.8436;0.885;NaN;0.263;0.055;1;0.405;1;0.085;1;0.48;1;0;4.76;0.84
18TL15133_2217;1651;47.10417;-60.52617;429018;24.99;25-sep-15;09:17:00;30.17;9.78;261.61828;0.46;NaN;0.407;0.08;1;0.415;1;0.455;1;1.81;1;0;0.91;0.23
18TL15133_2217;1651;47.10417;-60.52617;429017;49.28;25-sep-15;09:17:00;31.26;1.28;288.5036;0.13;NaN;0.08;0.335;1;3.5;1;0.91;1;6.945;1;0;3.85;0.50
18TL15133_2217;1651;47.10417;-60.52617;429016;161.78;25-sep-15;09:17:00;33.9;4.69;170.06528;0.045;NaN;0.041;0.165;1;16.505;1;1.485;1;21.53;1;0;11.11;0.77
18TL15133_2218;1661;47.176;-60.5245;429023;5.26;25-sep-15;11:45:00;29.92;15.57;252.86492;0.655;NaN;0.22;0.04;1;0.405;1;0.155;1;0.64;1;0;2.61;0.63
18TL15133_2218;1661;47.176;-60.5245;429022;24.89;25-sep-15;11:45:00;30.6;8.46;287.11914;1.205;NaN;0.334;0.115;1;0.83;1;0.475;1;2.17;1;0;1.75;0.38
18TL15133_2218;1661;47.176;-60.5245;429021;49.18;25-sep-15;11:45:00;31.83;0.71;299.17734;0.165;NaN;0.095;0.315;1;5.52;1;0.99;1;7.675;1;0;5.58;0.72
18TL15133_2218;1661;47.176;-60.5245;429020;168.81;25-sep-15;11:45:00;34.28;5.59;131.47904;0.01;NaN;0.027;0.055;1;20.09;1;1.615;1;26.595;2;2048;12.44;0.76
18TL15133_2219;1671;47.3905;-60.7485;429026;4.86;25-sep-15;15:03:00;30.73;14.3;263.2707;0.74;NaN;0.212;0.04;1;0.425;1;0.155;1;0.825;1;0;2.74;0.52
18TL15133_2219;1671;47.3905;-60.7485;429025;25.29;25-sep-15;15:03:00;31.32;1.67;302.48218;0.655;NaN;0.221;0.29;1;2.995;1;0.865;1;5.965;1;0;3.46;0.50
18TL15133_2219;1671;47.3905;-60.7485;429024;59.19;25-sep-15;15:03:00;32.16;1.05;299.08802;0.12;NaN;0.06;0.19;1;5.74;1;0.95;1;8.065;1;0;6.04;0.71
18TL15133_2220;1681;47.60517;-60.79667;429029;4.96;25-sep-15;17:43:00;29.8;14.71;261.61828;0.92;NaN;0.273;0.045;1;0.39;1;0.175;1;0.74;1;0;2.23;0.53
18TL15133_2220;1681;47.60517;-60.79667;429028;26.38;25-sep-15;17:43:00;31.28;4.38;303.06276;0.41;NaN;0.165;0.345;1;1.77;1;0.66;1;2.665;1;0;2.68;0.66
18TL15133_2220;1681;47.60517;-60.79667;429027;51.26;25-sep-15;17:43:00;31.82;0.7;290.15602;0.1;NaN;0.07;0.315;1;5.39;1;1.08;1;10.225;1;0;4.99;0.53
18TL15133_2221;1691;47.59683;-61.0715;429032;5.06;25-sep-15;20:11:00;29.57;14.61;260.85906;1.31;NaN;0.437;0.05;1;0.39;1;0.19;1;0.795;1;0;2.05;0.49
18TL15133_2221;1691;47.59683;-61.0715;429031;24.89;25-sep-15;20:11:00;30.76;7.54;257.64354;0.485;NaN;0.192;0.21;1;1.465;1;0.67;1;4.005;1;0;2.19;0.37
18TL15133_2221;1691;47.59683;-61.0715;429030;34.51;25-sep-15;20:11:00;31.03;5.59;263.9406;0.34;NaN;0.146;0.27;1;2.065;1;0.8;1;5.615;1;0;2.58;0.37
18TL15133_2222;1701;47.66633;-61.20017;429035;4.96;25-sep-15;21:54:00;29.43;14.65;258.44742;2.09;NaN;0.492;0.065;1;0.42;1;0.195;1;0.88;1;0;2.15;0.48
18TL15133_2222;1701;47.66633;-61.20017;429034;25.09;25-sep-15;21:54:00;29.44;14.31;249.60474;0.83;NaN;0.478;0.175;1;1.325;1;0.605;1;4.085;1;0;2.19;0.32
18TL15133_2222;1701;47.66633;-61.20017;429033;29.15;25-sep-15;21:54:00;30.54;9.07;240.09216;0.91;NaN;0.184;0.165;1;1.195;1;0.57;1;3.605;1;0;2.10;0.33
18TL15133_2223;1711;47.747;-60.89667;429039;5.06;26-sep-15;01:58:00;29.46;14.23;262.33284;1.21;NaN;0.387;0.055;1;0.39;1;0.2;1;0.865;1;0;1.95;0.45
18TL15133_2223;1711;47.747;-60.89667;429038;24.39;26-sep-15;01:58:00;30.89;4.11;289.30748;0.61;NaN;0.181;0.43;1;1.975;1;0.785;1;4.295;1;0;2.52;0.46
18TL15133_2223;1711;47.747;-60.89667;429037;49.58;26-sep-15;01:58:00;31.71;0.57;286.98516;0.105;NaN;0.074;0.285;1;4.405;1;1.15;1;11.105;1;0;3.83;0.40
18TL15133_2223;1711;47.747;-60.89667;429036;57.8;26-sep-15;01:58:00;31.91;0.36;287.34244;0.09;NaN;0.066;0.24;1;7.215;1;1.165;1;11.585;1;0;6.19;0.62
18TL15133_2224;1721;47.94017;-60.9625;429043;4.26;26-sep-15;05:03:00;29.99;13.84;262.51148;0.74;NaN;0.264;0.04;1;0.41;1;0.19;1;0.79;1;0;2.16;0.52
18TL15133_2224;1721;47.94017;-60.9625;429042;24.59;26-sep-15;05:03:00;31.09;2.56;304.40256;0.39;NaN;0.155;0.335;1;3.145;1;0.89;1;5.105;1;0;3.53;0.62
18TL15133_2224;1721;47.94017;-60.9625;429041;49.97;26-sep-15;05:03:00;32.12;0.07;291.45116;0.07;NaN;0.051;0.12;1;6.475;1;1.075;1;11.185;1;0;6.02;0.58
18TL15133_2224;1721;47.94017;-60.9625;429040;91.6;26-sep-15;05:03:00;32.62;1;269.2998;0.05;NaN;0.041;0.125;1;10.955;1;1.16;1;13.545;1;0;9.44;0.81
18TL15133_2225;1751;47.88583;-60.81367;429056;4.96;26-sep-15;15:17:00;29.62;13.57;266.44156;1.15;NaN;0.281;0.055;1;0.395;1;0.19;1;0.685;1;0;2.08;0.58
18TL15133_2225;1751;47.88583;-60.81367;429055;23.6;26-sep-15;15:17:00;30.95;3.23;300.60646;0.41;NaN;0.14;0.45;1;2.41;1;0.785;1;3.54;1;0;3.07;0.68
18TL15133_2225;1751;47.88583;-60.81367;429054;50.07;26-sep-15;15:17:00;32.23;0.26;288.01234;0.045;NaN;0.04;0.125;1;8.735;1;1.13;1;11.875;1;0;7.73;0.74
18TL15133_2225;1751;47.88583;-60.81367;429053;147.1;26-sep-15;15:17:00;32.98;1.73;250.45328;0.02;NaN;0.065;0.075;1;10.18;1;1.175;1;14.095;1;0;8.66;0.72
18TL15133_2226;1761;47.79117;-60.56317;429061;4.96;26-sep-15;18:04:00;30.69;14.04;263.44934;0.46;NaN;0.155;0.045;1;0.4;1;0.145;1;0.655;1;0;2.76;0.61
18TL15133_2226;1761;47.79117;-60.56317;429060;24.49;26-sep-15;18:04:00;31.17;6.6;308.73458;0.55;NaN;0.209;0.285;1;0.69;1;0.51;1;1.875;1;0;1.35;0.37
18TL15133_2226;1761;47.79117;-60.56317;429059;50.07;26-sep-15;18:04:00;31.9;0.96;338.38882;0.08;NaN;0.051;0.265;1;1.69;1;0.68;1;1.97;1;0;2.49;0.86
18TL15133_2226;1761;47.79117;-60.56317;429058;99.63;26-sep-15;18:04:00;32.84;1.18;264.25322;0.02;NaN;0.03;0.045;1;10.425;1;1.095;1;12.345;1;0;9.52;0.84
18TL15133_2226;1761;47.79117;-60.56317;429057;301.33;26-sep-15;18:04:00;34.64;6.1;112.58786;0.005;NaN;0.024;0.045;1;19.9;1;1.66;1;28.715;1;0;11.99;0.69
18TL15133_2227;1771;47.6445;-60.5405;429066;4.26;26-sep-15;20:28:00;30.72;14.21;262.73478;0.55;NaN;0.196;0.03;1;0.4;1;0.14;1;0.62;1;0;2.86;0.65
18TL15133_2227;1771;47.6445;-60.5405;429065;23.8;26-sep-15;20:28:00;30.96;4.82;286.44924;0.485;NaN;0.181;0.385;1;1.83;1;0.755;1;4.13;1;0;2.42;0.44
18TL15133_2227;1771;47.6445;-60.5405;429064;49.87;26-sep-15;20:28:00;31.95;0.25;300.69578;0.09;NaN;0.06;0.195;1;5.365;1;1.08;1;9.41;1;0;4.97;0.57
18TL15133_2227;1771;47.6445;-60.5405;429063;99.24;26-sep-15;20:28:00;32.84;1.26;264.20856;0.02;NaN;0.033;0.07;1;11.04;1;1.175;1;13.365;1;0;9.40;0.83
18TL15133_2227;1771;47.6445;-60.5405;429062;134.72;26-sep-15;20:28:00;33.03;1.84;248.48824;0.02;NaN;0.033;0.06;1;10.655;1;1.22;1;14.025;1;0;8.73;0.76
18TL15133_2228;1781;47.57333;-60.45483;429071;3.57;26-sep-15;22:38:00;30.5;14.8;257.55422;0.45;NaN;0.198;0.035;1;0.41;1;0.135;1;0.545;1;0;3.04;0.75
18TL15133_2228;1781;47.57333;-60.45483;429070;25.09;26-sep-15;22:38:00;31.47;4.94;326.64324;1.21;NaN;0.455;0.145;1;0.71;1;0.55;1;1.52;1;0;1.29;0.47
18TL15133_2228;1781;47.57333;-60.45483;429069;49.28;26-sep-15;22:38:00;31.96;1.54;322.17724;0.175;NaN;0.07;0.2;1;2.11;1;0.735;1;3.05;1;0;2.87;0.69
18TL15133_2228;1781;47.57333;-60.45483;429068;99.24;26-sep-15;22:38:00;32.91;1.5;257.73286;0.03;NaN;0.031;0.045;1;11.225;1;1.19;1;13.25;1;0;9.43;0.85
18TL15133_2228;1781;47.57333;-60.45483;429067;212.99;26-sep-15;22:38:00;34.16;5.39;142.28676;0.005;NaN;0.027;0.045;1;15.925;1;1.465;1;23.285;1;0;10.87;0.68
18TL15133_2229;1791;47.4825;-60.5245;429075;4.26;27-sep-15;00:36:00;30.63;14.49;260.54644;0.46;NaN;0.184;0.04;1;0.595;1;0.14;1;0.65;1;0;4.25;0.92
18TL15133_2229;1791;47.4825;-60.5245;429074;23.9;27-sep-15;00:36:00;31.2;6.83;310.69962;0.83;NaN;0.343;0.17;1;1;1;0.445;1;1.12;1;0;2.25;0.89
18TL15133_2229;1791;47.4825;-60.5245;429073;49.58;27-sep-15;00:36:00;32.1;0.43;314.54038;0.06;NaN;0.05;0.13;1;7.11;1;0.945;1;7.485;1;0;7.52;0.95
18TL15133_2229;1791;47.4825;-60.5245;429072;108.56;27-sep-15;00:36:00;32.74;1.41;263.31536;0.03;NaN;0.158;0.12;1;11.25;1;1.11;1;12.78;1;0;10.14;0.88
18TL15133_2230;1801;47.405;-60.55917;429079;4.76;27-sep-15;02:32:00;30.75;13.77;264.69982;0.46;NaN;0.18;0.04;1;0.51;1;0.16;1;0.655;1;0;3.19;0.78
18TL15133_2230;1801;47.405;-60.55917;429078;25.19;27-sep-15;02:32:00;31.46;2.48;306.94818;0.3;NaN;0.13;0.37;1;4.135;1;0.89;1;5.97;1;0;4.65;0.69
18TL15133_2230;1801;47.405;-60.55917;429077;50.07;27-sep-15;02:32:00;32.26;0.76;286.98516;0.06;NaN;0.063;0.135;1;8.48;1;1.045;1;10.765;1;0;8.11;0.79
18TL15133_2230;1801;47.405;-60.55917;429076;73.96;27-sep-15;02:32:00;32.34;1.07;284.35022;0.06;NaN;0.051;0.16;1;8.925;1;1.085;1;11.02;1;0;8.23;0.81
18TL15133_2231;1811;47.32967;-60.4435;429083;4.56;27-sep-15;03:48:00;30.76;14.12;261.261;0.44;NaN;0.161;0.035;1;0.42;1;0.14;1;0.565;1;0;3.00;0.74
18TL15133_2231;1811;47.32967;-60.4435;429082;24.29;27-sep-15;03:48:00;31.61;3.53;332.2704;0.76;NaN;0.331;0.18;1;1.265;1;0.535;1;1.545;1;0;2.36;0.82
18TL15133_2231;1811;47.32967;-60.4435;429081;47.5;27-sep-15;03:48:00;32.34;1.18;296.89968;0.03;NaN;0.04;0.125;1;7.895;1;0.91;1;7.54;1;0;8.68;1.05
18TL15133_2231;1811;47.32967;-60.4435;429080;69.9;27-sep-15;03:48:00;32.46;1.29;294.80066;0.03;NaN;0.036;0.11;1;7.675;1;0.94;1;7.75;1;0;8.16;0.99
18TL15133_2232;1821;47.286;-60.14417;429088;5.06;27-sep-15;07:38:00;31.02;13.03;268.76388;0.45;NaN;0.185;0.03;1;0.395;1;0.18;1;0.695;1;0;2.19;0.57
18TL15133_2232;1821;47.286;-60.14417;429087;24.39;27-sep-15;07:38:00;31.96;3.9;329.72478;0.74;NaN;0.425;0.215;1;1.065;1;0.525;1;1.14;1;0;2.03;0.93
18TL15133_2232;1821;47.286;-60.14417;429086;49.68;27-sep-15;07:38:00;32.24;1.65;317.66658;0.07;NaN;0.047;0.045;1;2.48;1;0.715;1;2.385;1;0;3.47;1.04
18TL15133_2232;1821;47.286;-60.14417;429085;99.24;27-sep-15;07:38:00;32.95;2.57;271.89008;0.02;NaN;0.029;0.035;1;8.51;1;0.985;1;8.395;1;0;8.64;1.01
18TL15133_2232;1821;47.286;-60.14417;429084;296.2;27-sep-15;07:38:00;34.73;5.97;117.54512;0;NaN;0.016;0.045;1;21.18;1;1.74;1;31.8;1;0;12.17;0.67
18TL15133_2233;1831;47.23417;-60.20083;429093;5.06;27-sep-15;10:30:00;30.88;13.3;267.64738;0.41;NaN;0.165;0.03;1;0.385;1;0.155;1;0.585;1;0;2.48;0.66
18TL15133_2233;1831;47.23417;-60.20083;429092;24.59;27-sep-15;10:30:00;31.3;9.74;306.1443;0.725;NaN;0.254;0.035;1;0.405;1;0.28;1;0.685;1;0;1.45;0.59
18TL15133_2233;1831;47.23417;-60.20083;429091;49.88;27-sep-15;10:30:00;32.09;2.24;324.54422;0.24;NaN;0.102;0.265;1;1.91;1;0.635;1;1.615;1;0;3.01;1.18
18TL15133_2233;1831;47.23417;-60.20083;429090;100.13;27-sep-15;10:30:00;32.68;2.03;290.60262;0.025;NaN;0.029;0.04;1;6.125;1;0.93;1;6.675;1;0;6.59;0.92
18TL15133_2233;1831;47.23417;-60.20083;429089;188.33;27-sep-15;10:30:00;34.08;5.17;159.6595;0.01;NaN;0.026;0.045;1;16.36;1;1.46;1;21.085;1;0;11.21;0.78
