CTD;CTD;CTD;CTD;CTD;CTD;CTD;CTD;CTD;CTD;CTD;labo;labo;CTD;labo;labo;labo;labo;labo;labo;labo;labo;labo;calc;calc
Fichier;Station;Latitude;Longitude;Echantillon;zbouteille;Date;Heure;PSAL;TE90;DOXY;CHL_01;OXYM_01;FLOR;NO2_01;Q_NO2;NOx_01;Q_NOX;PO4_01;Q_PO4;Si_01;Q_Si;QCFF;N_P;N_Si
(nom);(nom/no);(degres);(degres);(no_unique);(dbar);(jj-mmm-yyyy);(GMT);(psu);(celsius);(ml/l);(mg/m**3);(mmol/m**3);(mg/m**3);(mmol/m**3);((none));(mmol/m**3);((none));(mmol/m**3);((none));(mmol/m**3);((none));((none));((none));((none))
18TL17177_2422;11;46.06833;-63.31083;437792;4.46;05-sep-17;23:14:00;28.26;17.46;273.40852;2.46;6.0685;7.619;0.04;1;0.34;1;0.4;1;1.345;1;256;0.85;0.25
18TL17177_2422;11;46.06833;-63.31083;437791;16.26;05-sep-17;23:14:00;28.49;16.1;231.47278;3.83;5.515;9.686;0.08;1;0.42;1;0.605;1;2.71;1;256;0.69;0.15
18TL17177_2464;21;46.07867;-63.34583;437794;4.56;06-sep-17;02:50:00;28.21;17.48;270.4163;2.495;6.042;8.173;0.04;1;0.245;1;0.42;1;1.025;1;256;0.58;0.24
18TL17177_2464;21;46.07867;-63.34583;437793;17.45;06-sep-17;02:50:00;28.42;16.49;236.43004;11.38;5.67;11.948;0.04;1;0.505;1;0.405;1;1.545;1;256;1.25;0.33
18TL17177_2475;31;46.05;-63.51217;437796;4.66;06-sep-17;06:24:00;28.14;17.81;250.85522;1.865;5.633;7.065;0.045;1;0.315;1;0.42;1;0.75;1;256;0.75;0.42
18TL17177_2475;31;46.05;-63.51217;437795;19.14;06-sep-17;06:24:00;28.82;13.74;186.14288;3.835;4.7;8.268;0.095;1;0.71;1;0.695;1;5.405;1;256;1.02;0.13
18TL17177_2486;41;45.95383;-63.39017;437798;5.06;06-sep-17;08:48:00;28.36;17.3;268.13864;2.845;5.973;8.075;0.04;1;0.4;1;0.275;1;1.32;1;256;1.45;0.30
18TL17177_2486;41;45.95383;-63.39017;437797;19.64;06-sep-17;08:48:00;28.95;12.41;224.6398;3.09;5.2835;3.945;0.145;1;0.98;1;0.565;1;5.505;1;256;1.73;0.18
18TL17177_2491;51;45.887;-62.808;437800;5.26;06-sep-17;12:53:00;28.5;15.85;259.74256;2.365;4.49;5.659;0.05;1;0.42;1;0.325;1;2.495;1;1280;1.29;0.17
18TL17177_2491;51;45.887;-62.808;437799;33.82;06-sep-17;12:53:00;29.37;9.5;244.82612;1.335;5.248;2.557;0.28;1;2.045;1;0.645;1;8.36;1;256;3.17;0.24
18TL17177_2492;61;45.90383;-62.66333;437802;5.45;06-sep-17;16:51:00;28.06;17.23;261.75226;1.945;5.8995;5.216;0.04;1;0.275;1;0.14;1;1.915;1;256;1.96;0.14
18TL17177_2492;61;45.90383;-62.66333;437801;27.07;06-sep-17;16:51:00;29.62;7.79;244.11156;0.805;5.405;1.317;0.26;1;1.89;1;0.64;1;8.605;1;256;2.95;0.22
18TL17177_2493;71;45.81867;-62.42233;437804;4.07;06-sep-17;20:31:00;28.37;16.69;251.4358;2.145;5.6445;7.534;0.04;1;0.39;1;0.3;1;2.32;1;256;1.30;0.17
18TL17177_2493;71;45.81867;-62.42233;437803;19.44;06-sep-17;20:31:00;28.37;16.42;247.72902;2.32;5.486;8.196;0.04;1;0.34;1;0.31;1;2.49;1;256;1.10;0.14
18TL17177_2497;81;45.9075;-62.425;437807;4.76;07-sep-17;01:35:00;28.07;17.44;259.07266;1.225;5.733;4.198;0.05;1;0.39;1;0.205;1;2.65;1;256;1.90;0.15
18TL17177_2497;81;45.9075;-62.425;437806;24.79;07-sep-17;01:35:00;29.47;8.27;237.8145;0.275;NaN;1.362;0.43;1;2.965;1;0.895;1;13.08;1;0;3.31;0.23
18TL17177_2497;81;45.9075;-62.425;437805;33.52;07-sep-17;01:35:00;30.3;4.18;247.28242;0.21;5.45;0.911;0.455;1;3.67;1;1;1;15.045;1;256;3.67;0.24
18TL17177_2413;101;45.96967;-62.399;437810;5.26;07-sep-17;04:59:00;27.79;17.54;255.14258;1.205;5.725;3.619;0.31;1;2.1;1;0.695;1;9.1;1;256;3.02;0.23
18TL17177_2413;101;45.96967;-62.399;437809;25.29;07-sep-17;04:59:00;29.42;8.69;245.1834;0.28;NaN;1.256;0.04;1;0.27;1;0.13;1;2.225;1;0;2.08;0.12
18TL17177_2413;101;45.96967;-62.399;437808;36.49;07-sep-17;04:59:00;29.78;6.8;247.90766;0.205;5.481;0.81;0.37;1;2.505;1;0.78;1;10.42;1;256;3.21;0.24
18TL17177_2424;111;46.0605;-62.056;437813;4.66;07-sep-17;07:31:00;27.17;18.07;251.52512;1.045;5.658;4.007;0.04;1;0.27;1;0.075;1;1.555;1;256;3.60;0.17
18TL17177_2424;111;46.0605;-62.056;437812;24.89;07-sep-17;07:31:00;29.79;6.33;254.7853;0.18;NaN;0.806;0.405;1;3.03;1;0.765;1;9.87;1;0;3.96;0.31
18TL17177_2424;111;46.0605;-62.056;437811;37.29;07-sep-17;07:31:00;30.41;3.73;264.96778;0.125;NaN;0.355;0.42;1;3.415;1;0.86;1;11.07;1;0;3.97;0.31
18TL17177_2434;121;45.9015;-62.10417;437816;4.36;07-sep-17;10:08:00;28.04;17.45;256.88432;1.085;5.7815;3.732;0.04;1;0.25;1;0.14;1;2.03;1;256;1.79;0.12
18TL17177_2434;121;45.9015;-62.10417;437815;24.1;07-sep-17;10:08:00;29.18;9.96;239.64556;1.055;NaN;2.71;0.11;1;0.775;1;0.59;1;7.06;1;0;1.31;0.11
18TL17177_2434;121;45.9015;-62.10417;437814;36.1;07-sep-17;10:08:00;30.72;2.6;255.85714;0.11;NaN;0.499;0.355;1;4.045;1;1.025;1;14.455;1;0;3.95;0.28
18TL17177_2445;131;45.87467;-61.766;437819;4.36;07-sep-17;13:52:00;27.95;18.39;247.46106;2.215;5.6125;4.322;0.04;1;0.24;1;0.13;1;1.51;1;256;1.85;0.16
18TL17177_2445;131;45.87467;-61.766;437818;23.5;07-sep-17;13:52:00;27.97;18.05;244.64748;0.45;NaN;1.66;0.115;1;0.955;1;0.375;1;5.37;1;0;2.55;0.18
18TL17177_2445;131;45.87467;-61.766;437817;36.2;07-sep-17;13:52:00;30.74;2.5;257.59888;0.415;NaN;0.478;0.115;1;1.065;1;0.39;1;5.515;1;0;2.73;0.19
18TL17177_2458;151;45.77683;-61.65117;437821;3.17;07-sep-17;20:35:00;27.87;18.75;249.06882;2.04;5.644;5.314;0.04;1;0.235;1;0.14;1;1.52;1;256;1.68;0.15
18TL17177_2458;151;45.77683;-61.65117;437820;27.77;07-sep-17;20:35:00;30.12;5.49;226.4262;0.185;5.0115;0.719;0.455;1;3.585;1;1.155;1;18.055;1;256;3.10;0.20
18TL17177_2459;161;45.873;-61.74117;437824;4.86;07-sep-17;22:41:00;27.89;18.68;249.56008;2.48;5.552;5.475;0.04;1;0.23;1;0.145;1;1.62;1;256;1.59;0.14
18TL17177_2459;161;45.873;-61.74117;437823;24.89;07-sep-17;22:41:00;28.85;12.59;218.03012;0.98;NaN;1.151;0.125;1;0.905;1;0.47;1;6.755;1;0;1.93;0.13
18TL17177_2459;161;45.873;-61.74117;437822;36.4;07-sep-17;22:41:00;30.78;2.23;254.60666;0.11;5.659;0.507;0.345;1;4.4;1;1.135;1;16.24;1;256;3.88;0.27
18TL17177_2460;171;46.025;-61.72917;437827;5.36;08-sep-17;01:02:00;27.76;18.28;249.33678;1.675;5.6285;4.005;0.04;1;0.23;1;0.115;1;1.9;1;256;2.00;0.12
18TL17177_2460;171;46.025;-61.72917;437826;24.89;08-sep-17;01:02:00;29.19;10.37;198.33506;0.305;NaN;0.95;0.165;1;0.99;1;0.655;1;11.1;1;0;1.51;0.09
18TL17177_2460;171;46.025;-61.72917;437825;46.81;08-sep-17;01:02:00;31.29;1.2;251.6591;0.08;5.5735;0.372;0.185;1;6.525;1;1.24;1;16.79;1;256;5.26;0.39
18TL17177_2461;181;46.10783;-61.573;437830;4.86;08-sep-17;03:28:00;27.88;18.2;248.57756;1.515;5.619;3.184;0.04;1;0.23;1;0.135;1;1.575;1;256;1.70;0.15
18TL17177_2461;181;46.10783;-61.573;437829;25.09;08-sep-17;03:28:00;28.46;14.63;229.999;0.85;NaN;1.373;0.15;1;1.26;1;0.48;1;6.54;1;0;2.63;0.19
18TL17177_2461;181;46.10783;-61.573;437828;46.11;08-sep-17;03:28:00;31.3;1.21;253.53482;0.07;5.6375;0.383;0.17;1;6.52;1;1.205;1;16.45;1;256;5.41;0.40
18TL17177_2462;191;46.18617;-61.56933;437833;4.96;08-sep-17;06:03:00;27.28;18.35;249.4261;1.32;5.5975;3.833;0.04;1;0.23;1;0.08;1;1.45;1;256;2.88;0.16
18TL17177_2462;191;46.18617;-61.56933;437832;24.5;08-sep-17;06:03:00;28.03;16.91;238.30576;0.3;NaN;1.25;0.1;1;0.78;1;0.32;1;4.365;1;0;2.44;0.18
18TL17177_2462;191;46.18617;-61.56933;437831;50.38;08-sep-17;06:03:00;31.84;1.23;257.4649;0.065;5.721;0.298;0.19;1;8.435;1;1.225;1;15.425;1;256;6.89;0.55
18TL17177_2463;201;46.3805;-61.45317;437836;4.66;08-sep-17;09:08:00;27.31;18.22;249.2028;1.595;5.553;3.648;0.04;1;0.23;1;0.115;1;1.455;1;256;2.00;0.16
18TL17177_2463;201;46.3805;-61.45317;437835;24;08-sep-17;09:08:00;27.65;18.13;244.78146;0.95;NaN;3.215;0.045;1;0.505;1;0.215;1;2.58;1;0;2.35;0.20
18TL17177_2463;201;46.3805;-61.45317;437834;61.08;08-sep-17;09:08:00;32.55;1.77;263.76196;0.075;5.7115;0.188;0.13;1;10.94;1;1.185;1;13.645;1;256;9.23;0.80
18TL17177_2465;211;46.392;-61.54983;437839;3.77;08-sep-17;11:07:00;27.08;17.63;250.22998;1.335;5.7325;4.022;0.04;1;0.23;1;0.11;1;1.845;1;256;2.09;0.12
18TL17177_2465;211;46.392;-61.54983;437838;23.9;08-sep-17;11:07:00;28.51;13.89;217.58352;0.205;NaN;0.994;0.09;1;0.535;1;0.545;1;6.775;1;0;0.98;0.08
18TL17177_2465;211;46.392;-61.54983;437837;60.88;08-sep-17;11:07:00;32.32;1.45;269.43378;0.04;5.9815;0.181;0.16;1;9.91;1;1.135;1;13.07;1;256;8.73;0.76
18TL17177_2466;221;46.42467;-61.369;437842;4.56;08-sep-17;12:52:00;27.29;18.17;248.66688;1.58;5.5945;3.92;0.04;1;0.23;1;0.08;1;1.465;1;256;2.88;0.16
18TL17177_2466;221;46.42467;-61.369;437841;23.9;08-sep-17;12:52:00;27.72;17.87;241.69992;0.61;NaN;2.237;0.04;1;0.23;1;0.13;1;1.77;1;0;1.77;0.13
18TL17177_2466;221;46.42467;-61.369;437840;59.5;08-sep-17;12:52:00;32.67;1.95;257.06296;0.06;5.688;0.136;0.135;1;11.52;1;1.195;1;14.42;1;256;9.64;0.80
18TL17177_2467;231;46.5305;-61.15917;437845;5.95;08-sep-17;14:51:00;27.28;18.16;250.5426;1.14;5.7205;3.174;0.04;1;0.23;1;0.06;1;1.265;1;256;3.83;0.18
18TL17177_2467;231;46.5305;-61.15917;437844;24.89;08-sep-17;14:51:00;27.29;17.99;246.21058;0.805;NaN;2.432;0.04;1;0.23;1;0.085;1;1.555;1;0;2.71;0.15
18TL17177_2467;231;46.5305;-61.15917;437843;51.66;08-sep-17;14:51:00;32.98;2.5;245.22806;0.04;5.4885;0.134;0.1;1;12.655;1;1.195;1;15.485;1;256;10.59;0.82
18TL17177_2468;241;46.65317;-61.326;437848;4.86;08-sep-17;17:38:00;27.34;17.84;254.24938;1.385;5.6445;9.008;0.04;1;0.23;1;0.13;1;1.635;1;256;1.77;0.14
18TL17177_2468;241;46.65317;-61.326;437847;24.79;08-sep-17;17:38:00;28.83;12.02;231.29414;0.25;NaN;1.316;0.125;1;0.85;1;0.54;1;5.64;1;0;1.57;0.15
18TL17177_2468;241;46.65317;-61.326;437846;65.44;08-sep-17;17:38:00;32.62;1.71;281.44732;0.03;8.3435;0.104;0.07;1;10.23;1;1.065;1;11.33;1;256;9.61;0.90
18TL17177_2469;251;46.8235;-61.2025;437851;4.26;08-sep-17;19:49:00;27.22;17.58;255.09792;1.14;5.738;4.489;0.04;1;0.245;1;0.1;1;1.645;1;256;2.45;0.15
18TL17177_2469;251;46.8235;-61.2025;437850;24.89;08-sep-17;19:49:00;28.85;10.84;252.7756;0.465;NaN;1.376;0.145;1;0.935;1;0.465;1;3.65;1;0;2.01;0.26
18TL17177_2469;251;46.8235;-61.2025;437849;65.24;08-sep-17;19:49:00;32.14;1.13;292.70164;0.04;6.4685;0.168;0.16;1;8.235;1;1.04;1;10.53;1;256;7.92;0.78
18TL17177_2470;261;46.75717;-61.38467;437854;4.86;08-sep-17;22:21:00;27.05;17.77;257.4649;1.24;5.7905;4.487;0.04;1;0.245;1;0.085;1;1.45;1;256;2.88;0.17
18TL17177_2470;261;46.75717;-61.38467;437853;24.89;08-sep-17;22:21:00;29.97;5.91;263.58332;0.145;NaN;0.384;0.355;1;2.545;1;0.725;1;8.325;1;0;3.51;0.31
18TL17177_2470;261;46.75717;-61.38467;437852;66.24;08-sep-17;22:21:00;32.22;1.28;267.37942;0.055;5.816;0.211;0.155;1;9.855;1;1.16;1;13.935;1;256;8.50;0.71
18TL17177_2471;271;46.99617;-60.9695;437858;4.76;09-sep-17;01:25:00;27.14;17.75;253.26686;1.145;5.6375;4.364;0.04;1;0.23;1;0.06;1;1.53;1;256;3.83;0.15
18TL17177_2471;271;46.99617;-60.9695;437857;24.69;09-sep-17;01:25:00;28.91;10.41;252.329;0.405;NaN;1.738;0.145;1;1.18;1;0.425;1;3.38;1;0;2.78;0.35
18TL17177_2471;271;46.99617;-60.9695;437856;50.17;09-sep-17;01:25:00;31.44;1.35;288.90554;0.04;NaN;0.162;0.23;1;5.74;1;0.97;1;8.87;1;0;5.92;0.65
18TL17177_2471;271;46.99617;-60.9695;437855;98.75;09-sep-17;01:25:00;32.88;2.19;269.12116;0.04;6.003;0.091;0.11;1;11.365;1;1.125;1;12.83;1;256;10.10;0.89
18TL17177_2472;281;47.03933;-60.866;437862;5.65;09-sep-17;03:29:00;27.11;17.65;251.97172;1.145;5.688;4.042;0.04;1;0.23;1;0.105;1;1.525;1;256;2.19;0.15
18TL17177_2472;281;47.03933;-60.866;437861;25.19;09-sep-17;03:29:00;29.03;9.52;256.52704;0.18;NaN;0.969;0.16;1;0.975;1;0.44;1;2.895;1;0;2.22;0.34
18TL17177_2472;281;47.03933;-60.866;437860;49.58;09-sep-17;03:29:00;31.19;2.23;300.02588;0.08;NaN;0.234;0.27;1;4.39;1;0.905;1;6.48;1;0;4.85;0.68
18TL17177_2472;281;47.03933;-60.866;437859;115.9;09-sep-17;03:29:00;33.31;3.21;233.61646;0.035;5.2675;0.074;0.08;1;13.815;1;1.245;1;15.44;1;256;11.10;0.89
18TL17177_2473;291;47.15133;-61.25117;437865;4.86;09-sep-17;07:24:00;28.08;17.51;253.31152;0.835;5.726;4.217;0.04;1;0.78;1;0.13;1;1.37;1;256;6.00;0.57
18TL17177_2473;291;47.15133;-61.25117;437864;25.19;09-sep-17;07:24:00;30;5.23;306.09964;0.14;NaN;1.077;0.26;1;1.295;1;0.575;1;3.23;1;0;2.25;0.40
18TL17177_2473;291;47.15133;-61.25117;437863;47.99;09-sep-17;07:24:00;31.69;1.48;281.09004;0.045;6.2165;0.307;0.28;1;7.975;1;1.035;1;12.375;1;256;7.71;0.64
18TL17177_2474;301;47.19267;-61.15667;437868;4.76;09-sep-17;08:29:00;27.94;17.22;254.69598;0.885;5.668;3.696;0.055;1;0.78;1;0.125;1;1.285;1;256;6.24;0.61
18TL17177_2474;301;47.19267;-61.15667;437867;25.39;09-sep-17;08:29:00;29.82;6.6;286.2706;0.18;NaN;1.345;0.295;1;1.02;1;0.535;1;3.405;1;0;1.91;0.30
18TL17177_2474;301;47.19267;-61.15667;437866;51.76;09-sep-17;08:29:00;31.97;1.13;296.36376;0.055;6.51;0.188;0.205;1;7.245;1;0.985;1;10.08;1;256;7.36;0.72
18TL17177_2476;311;47.30333;-60.9245;437871;5.06;09-sep-17;11:06:00;28.13;17.07;256.16976;1.365;5.786;4.808;0.04;1;0.78;1;0.135;1;1.415;1;256;5.78;0.55
18TL17177_2476;311;47.30333;-60.9245;437870;24.59;09-sep-17;11:06:00;29.84;7.57;271.71144;0.105;NaN;0.797;0.335;1;1.66;1;0.66;1;4.36;1;0;2.52;0.38
18TL17177_2476;311;47.30333;-60.9245;437869;62.56;09-sep-17;11:06:00;32.14;1.18;310.78894;0.045;6.8455;0.18;0.17;1;7.255;1;0.91;1;7.615;1;256;7.97;0.95
18TL17177_2477;321;47.4315;-60.928;437874;4.76;09-sep-17;13:52:00;28.23;16.71;260.45712;1.835;5.746;5.63;0.04;1;0.78;1;0.18;1;1.78;1;256;4.33;0.44
18TL17177_2477;321;47.4315;-60.928;437873;24.89;09-sep-17;13:52:00;28.84;14.33;258.26878;0.805;NaN;3.506;0.075;1;0.78;1;0.295;1;2.565;1;0;2.64;0.30
18TL17177_2477;321;47.4315;-60.928;437872;50.27;09-sep-17;13:52:00;31.63;1.37;292.65698;0.065;6.4645;0.242;0.275;1;5.56;1;0.94;1;10.485;1;256;5.91;0.53
18TL17177_2478;331;47.3865;-60.7665;437877;4.26;09-sep-17;15:45:00;28.82;16.51;260.90372;0.805;5.884;2.055;0.05;1;0.78;1;0.135;1;1.555;1;256;5.78;0.50
18TL17177_2478;331;47.3865;-60.7665;437876;24.29;09-sep-17;15:45:00;29.29;11.73;258.31344;0.625;NaN;2.338;0.18;1;2.22;1;0.55;1;4.195;1;0;4.04;0.53
18TL17177_2478;331;47.3865;-60.7665;437875;58.6;09-sep-17;15:45:00;32.08;1.16;316.10348;0.07;6.926;0.196;0.18;1;8.675;1;0.875;1;6.925;1;256;9.91;1.25
18TL17177_2479;341;47.284;-60.70233;437880;4.36;09-sep-17;18:25:00;28.32;17.01;262.24352;1.155;5.9045;5.629;0.05;1;0.78;1;0.185;1;3.68;1;256;4.22;0.21
18TL17177_2479;341;47.284;-60.70233;437879;24.79;09-sep-17;18:25:00;29.49;9.22;271.13086;0.14;NaN;1.006;0.265;1;0.99;1;0.565;1;3.39;1;0;1.75;0.29
18TL17177_2479;341;47.284;-60.70233;437878;59.1;09-sep-17;18:25:00;31.9;1.23;318.02386;0.085;6.8915;0.268;0.22;1;4.125;1;0.85;1;6.43;1;256;4.85;0.64
18TL17177_2480;351;47.13933;-60.6915;437884;4.17;09-sep-17;21:48:00;27.16;17.91;255.41054;1.19;5.706;4.045;0.045;1;0.78;1;0.09;1;1.445;1;256;8.67;0.54
18TL17177_2480;351;47.13933;-60.6915;437883;24.49;09-sep-17;21:48:00;27.44;16.83;246.21058;0.335;NaN;2.096;0.1;1;0.78;1;0.21;1;1.865;1;0;3.71;0.42
18TL17177_2480;351;47.13933;-60.6915;437882;49.97;09-sep-17;21:48:00;31.79;1.43;343.25676;0.13;7.449;0.769;0.23;1;5.265;1;0.735;1;3.81;1;256;7.16;1.38
18TL17177_2480;351;47.13933;-60.6915;437881;176.25;09-sep-17;21:48:00;34.35;6;147.69062;0.01;3.4135;0.016;0.08;1;30.06;1;1.555;1;21.715;1;256;19.33;1.38
18TL17177_2481;361;47.10983;-60.39083;437888;4.17;09-sep-17;23:39:00;27.36;17.79;256.08044;0.74;5.783;3.45;0.04;1;0.78;1;0.085;1;1.235;1;256;9.18;0.63
18TL17177_2481;361;47.10983;-60.39083;437887;24.29;09-sep-17;23:39:00;27.57;16.81;252.7756;0.71;NaN;2.786;0.05;1;0.78;1;0.145;1;1.53;1;0;5.38;0.51
18TL17177_2481;361;47.10983;-60.39083;437886;49.38;09-sep-17;23:39:00;31.78;1.42;310.78894;0.115;6.869;0.267;0.21;1;7.165;1;0.845;1;6.23;1;256;8.48;1.15
18TL17177_2481;361;47.10983;-60.39083;437885;157.32;09-sep-17;23:39:00;34.08;5.3;166.5818;0.03;3.74;0.089;0.095;1;27.905;2;1.525;1;20.115;1;2304;18.30;1.39
18TL17177_2482;371;47.28617;-60.591;437892;5.55;10-sep-17;04:06:00;28.34;16.98;261.30566;1.16;5.853;4.85;0.045;1;0.78;1;0.16;1;1.56;1;256;4.88;0.50
18TL17177_2482;371;47.28617;-60.591;437891;24.79;10-sep-17;04:06:00;28.97;13.66;260.01052;0.545;NaN;2.438;0.125;1;1.515;1;0.45;1;3.155;1;0;3.37;0.48
18TL17177_2482;371;47.28617;-60.591;437890;49.58;10-sep-17;04:06:00;31.68;1.19;305.38508;0.11;NaN;0.313;0.265;1;6.015;1;0.905;1;7.22;1;0;6.65;0.83
18TL17177_2482;371;47.28617;-60.591;437889;72.97;10-sep-17;04:06:00;32.13;1.19;316.4161;0.065;6.9915;0.215;0.17;1;9.385;1;0.865;1;6.75;1;256;10.85;1.39
18TL17177_2483;381;47.4285;-60.42033;437896;5.06;10-sep-17;07:06:00;29.89;17.53;251.6591;0.205;5.677;0.932;0.04;1;0.78;1;0.145;1;0.955;1;256;5.38;0.82
18TL17177_2483;381;47.4285;-60.42033;437895;26.38;10-sep-17;07:06:00;31.38;4.7;340.13056;0.93;7.518;3;0.18;1;0.78;1;0.495;1;1.245;1;256;1.58;0.63
18TL17177_2483;381;47.4285;-60.42033;437894;50.97;10-sep-17;07:06:00;31.98;1.22;320.8821;0.12;NaN;0.385;0.21;1;6.875;1;0.845;1;6.175;1;0;8.14;1.11
18TL17177_2483;381;47.4285;-60.42033;437893;90.32;10-sep-17;07:06:00;32.73;1.67;287.29778;0.03;6.369;0.08;0.095;1;14.335;1;1.04;1;10.31;1;256;13.78;1.39
18TL17177_2484;391;47.47717;-60.48617;437900;4.36;10-sep-17;09:14:00;30.13;17.41;251.12318;0.175;5.658;0.9;0.04;1;0.78;1;0.145;1;0.83;1;256;5.38;0.94
18TL17177_2484;391;47.47717;-60.48617;437899;23.01;10-sep-17;09:14:00;30.14;15.44;280.19684;1.27;NaN;2.405;0.045;1;0.78;1;0.345;1;0.915;1;0;2.26;0.85
18TL17177_2484;391;47.47717;-60.48617;437898;49.68;10-sep-17;09:14:00;31.99;1.77;346.65092;0.145;NaN;0.882;0.22;1;4.14;1;0.67;1;2.3;1;0;6.18;1.80
18TL17177_2484;391;47.47717;-60.48617;437897;118.57;10-sep-17;09:14:00;33.54;3.74;211.9117;0.015;5.044;0.059;0.06;1;21.59;1;1.305;1;15.925;1;256;16.54;1.36
18TL17177_2485;401;47.61533;-60.45817;437904;4.26;10-sep-17;12:48:00;29.21;17.03;254.562;0.335;5.761;1.225;0.04;1;0.78;1;0.12;1;1.105;1;256;6.50;0.71
18TL17177_2485;401;47.61533;-60.45817;437903;23.7;10-sep-17;12:48:00;31.02;7.06;334.45874;1.19;NaN;4.068;0.13;1;0.78;1;0.495;1;1.14;1;0;1.58;0.68
18TL17177_2485;401;47.61533;-60.45817;437902;48.78;10-sep-17;12:48:00;32;0.97;341.29172;0.105;NaN;0.472;0.145;1;7.44;1;0.75;1;3.735;1;0;9.92;1.99
18TL17177_2485;401;47.61533;-60.45817;437901;279.06;10-sep-17;12:48:00;34.67;6.58;110.9801;0.01;2.6115;NaN;0.05;1;34.2;1;1.755;1;27.645;1;256;19.49;1.24
18TL17177_2487;411;47.78967;-60.6;437908;5.75;10-sep-17;15:29:00;28.93;16.59;260.94838;0.74;5.87;2.454;0.04;1;0.78;1;0.15;1;1.3;1;256;5.20;0.60
18TL17177_2487;411;47.78967;-60.6;437907;25.38;10-sep-17;15:29:00;30.55;12.9;285.55604;0.87;NaN;2.666;0.04;1;0.78;1;0.33;1;0.755;1;0;2.36;1.03
18TL17177_2487;411;47.78967;-60.6;437906;50.67;10-sep-17;15:29:00;31.92;0.98;345.53442;0.155;NaN;0.602;0.18;1;5.295;1;0.735;1;3.385;1;0;7.20;1.56
18TL17177_2487;411;47.78967;-60.6;437905;262.41;10-sep-17;15:29:00;34.55;6.43;116.07134;0.01;2.7145;0.022;0.05;1;33.85;1;1.725;1;26.88;1;256;19.62;1.26
18TL17177_2488;421;47.759;-60.90617;437911;5.45;10-sep-17;20:03:00;29.77;17.38;253.8921;0.215;5.7125;1.039;0.04;1;0.78;1;0.145;1;1.065;1;256;5.38;0.73
18TL17177_2488;421;47.759;-60.90617;437910;24.69;10-sep-17;20:03:00;30.09;17.22;251.79308;0.405;NaN;1.768;0.06;1;0.78;1;0.33;1;1.145;1;0;2.36;0.68
18TL17177_2488;421;47.759;-60.90617;437909;57.51;10-sep-17;20:03:00;31.94;1.2;323.1151;0.075;7.09;0.366;0.18;1;6.765;1;0.855;1;6.37;1;256;7.91;1.06
18TL17177_2489;431;47.79633;-61.05833;437914;4.56;10-sep-17;23:55:00;28.47;16.14;263.09206;1.175;5.9085;5.239;0.04;1;0.78;1;0.195;1;1.8;1;256;4.00;0.43
18TL17177_2489;431;47.79633;-61.05833;437913;24.79;10-sep-17;23:55:00;29.44;15.33;253.04356;0.37;NaN;2.243;0.04;1;0.78;1;0.34;1;2.77;1;0;2.29;0.28
18TL17177_2489;431;47.79633;-61.05833;437912;42.14;10-sep-17;23:55:00;31.53;1.19;289.26282;0.065;6.361;0.282;0.2;1;7.33;1;1.01;1;10.05;1;256;7.26;0.73
18TL17177_2490;441;47.89367;-60.82867;437919;4.16;11-sep-17;02:48:00;28.4;15.83;263.80662;0.9;5.926;4.266;0.04;1;0.78;1;0.175;1;1.795;1;256;4.46;0.43
18TL17177_2490;441;47.89367;-60.82867;437918;24.99;11-sep-17;02:48:00;29.28;11.38;250.05134;0.36;NaN;2.675;0.11;1;1.215;1;0.48;1;3.275;1;0;2.53;0.37
18TL17177_2490;441;47.89367;-60.82867;437917;49.87;11-sep-17;02:48:00;31.58;1.47;354.06448;0.19;7.447;1.308;0.255;1;2.795;1;0.68;1;2.575;1;256;4.11;1.09
18TL17177_2490;441;47.89367;-60.82867;437916;99.83;11-sep-17;02:48:00;32.92;1.8;277.96384;0.01;NaN;0.031;0.04;1;13.85;1;1.1;1;11.225;1;0;12.59;1.23
18TL17177_2490;441;47.89367;-60.82867;437915;135.01;11-sep-17;02:48:00;33.38;3.24;222.58544;0.02;5.0815;0.045;0.04;1;21.56;1;1.325;1;15.87;1;256;16.27;1.36
18TL17177_2494;711;47.97167;-65.87717;437995;4.86;18-sep-17;18:58:00;27.62;13.53;278.18714;2.11;6.307;7.776;0.025;1;0.22;1;0.255;1;2.915;1;256;0.86;0.08
18TL17177_2494;711;47.97167;-65.87717;437994;24.69;18-sep-17;18:58:00;28.97;8.71;266.3969;0.55;NaN;1.779;0.13;1;3.89;1;0.675;1;7.59;1;0;5.76;0.51
18TL17177_2494;711;47.97167;-65.87717;437993;33.12;18-sep-17;18:58:00;29.15;6.93;241.20866;0.51;5.473;1.811;0.215;1;5.415;1;0.95;1;12.98;1;256;5.70;0.42
18TL17177_2495;731;47.85633;-65.3585;441504;4.76;19-sep-17;01:29:00;27.57;14.49;275.64152;1.34;6.11;6.644;0.025;1;0.545;1;0.235;1;3.52;1;256;2.32;0.15
18TL17177_2495;731;47.85633;-65.3585;441503;24.49;19-sep-17;01:29:00;29.18;7.7;272.38134;0.305;NaN;1.23;0.12;1;5.02;1;0.7;1;7.415;1;0;7.17;0.68
18TL17177_2495;731;47.85633;-65.3585;441502;50.17;19-sep-17;01:29:00;30.46;2.25;231.60676;0.09;NaN;0.45;0.17;1;10.94;1;1.23;1;20.51;1;0;8.89;0.53
18TL17177_2495;731;47.85633;-65.3585;441501;60.88;19-sep-17;01:29:00;31.38;0.87;230.17764;0.11;5.336;0.449;0.07;1;12.895;1;1.375;1;21.44;1;256;9.38;0.60
18TL17177_2496;741;47.96367;-64.79367;441507;4.76;19-sep-17;07:16:00;27.82;14.25;277.87452;1.265;6.233;6.09;0.02;1;0.225;1;0.125;1;2.305;1;256;1.80;0.10
18TL17177_2496;741;47.96367;-64.79367;441506;24.79;19-sep-17;07:16:00;29.35;5.5;243.88826;0.2;NaN;1.159;0.135;1;9.35;1;1.055;1;15.795;1;0;8.86;0.59
18TL17177_2496;741;47.96367;-64.79367;441505;49.67;19-sep-17;07:16:00;30.53;1.91;242.59312;0.07;6.447;0.395;0.14;1;11.855;1;1.215;1;18.855;1;256;9.76;0.63
18TL17177_2498;881;47.9755;-62.27383;441552;4.66;21-sep-17;02:11:00;28.4;14.98;274.34638;1.19;6.19;4.639;0.02;1;0.17;1;0.13;1;1.865;1;256;1.31;0.09
18TL17177_2498;881;47.9755;-62.27383;441551;24.09;21-sep-17;02:11:00;30.83;2.34;325.21412;0.17;NaN;0.871;0.115;1;5.31;1;0.785;1;5.18;1;0;6.76;1.03
18TL17177_2498;881;47.9755;-62.27383;441550;49.08;21-sep-17;02:11:00;31.8;0.07;281.17936;0.06;NaN;0.14;0.1;1;10.71;1;1.21;1;16.615;1;0;8.85;0.64
18TL17177_2498;881;47.9755;-62.27383;441549;73.56;21-sep-17;02:11:00;32.22;0.46;274.97162;0.04;6.0945;0.149;0.115;1;10.91;1;1.185;1;16.77;1;256;9.21;0.65
18TL17177_2499;891;47.9635;-61.95683;441556;4.86;21-sep-17;05:14:00;28.29;15.04;271.7561;1.32;6.1335;4.434;0.02;1;0.29;1;0.14;1;2.225;1;256;2.07;0.13
18TL17177_2499;891;47.9635;-61.95683;441555;24.39;21-sep-17;05:14:00;30.59;1.74;305.96566;0.12;NaN;0.409;0.12;1;6.495;1;0.955;1;8.005;1;0;6.80;0.81
18TL17177_2499;891;47.9635;-61.95683;441554;49.48;21-sep-17;05:14:00;31.36;0.04;274.03376;0.11;NaN;0.2;0.185;1;7.66;1;1.22;1;14.535;1;0;6.28;0.53
18TL17177_2499;891;47.9635;-61.95683;441553;57.6;21-sep-17;05:14:00;31.53;0;272.06872;0.065;6.128;0.161;0.145;1;7.92;1;1.23;1;15.52;1;256;6.44;0.51
18TL17177_2500;931;47.9785;-61.138;441560;3.47;21-sep-17;18:06:00;28.95;14.65;273.49784;1.32;6.1805;4.291;0.015;1;0.205;1;0.155;1;1.65;1;256;1.32;0.12
18TL17177_2500;931;47.9785;-61.138;441559;24.09;21-sep-17;18:06:00;30.75;1.95;321.73064;0.23;NaN;1.108;0.115;1;5.22;1;0.835;1;5.445;1;0;6.25;0.96
18TL17177_2500;931;47.9785;-61.138;441558;49.28;21-sep-17;18:06:00;31.7;0.8;315.79086;0.125;NaN;0.35;0.1;1;6.19;1;0.92;1;8.495;1;0;6.73;0.73
18TL17177_2500;931;47.9785;-61.138;441557;79.31;21-sep-17;18:06:00;32.27;0.9;298.95404;0.04;6.698;0.131;0.1;1;8.485;1;0.985;1;9.485;1;256;8.61;0.89
18TL17177_2501;941;47.77717;-61.11867;441563;4.46;21-sep-17;20:51:00;28.68;14.94;274.56968;1.38;6.292;5.074;0.01;1;0.125;1;0.12;1;1.635;1;256;1.04;0.08
18TL17177_2501;941;47.77717;-61.11867;441562;24.69;21-sep-17;20:51:00;30.32;5.4;276.57938;0.3;NaN;1.193;0.17;1;3.875;1;0.77;1;6.35;1;0;5.03;0.61
18TL17177_2501;941;47.77717;-61.11867;441561;29.35;21-sep-17;20:51:00;30.53;4.32;282.16188;0.16;6.243;0.803;0.155;1;4.195;1;0.805;1;6.745;1;256;5.21;0.62
18TL17177_2502;951;47.76983;-61.681;441566;4.76;22-sep-17;00:28:00;28.12;15.66;269.7464;1.335;6.093;5.036;0.03;1;0.165;1;0.095;1;1.51;1;256;1.74;0.11
18TL17177_2502;951;47.76983;-61.681;441565;23.8;22-sep-17;00:28:00;30.51;4.2;255.81248;0.16;NaN;0.614;0.28;1;4.455;1;0.97;1;9.105;1;0;4.59;0.49
18TL17177_2502;951;47.76983;-61.681;441564;36.89;22-sep-17;00:28:00;31.13;1.21;280.9114;0.06;6.2345;0.278;0.2;1;5.565;1;1.01;1;10.815;1;256;5.51;0.51
18TL17177_2503;961;47.75183;-62.17767;441570;4.36;22-sep-17;04:10:00;28.05;15.08;270.6396;1.32;6.129;4.918;0.01;1;0.12;1;0.11;1;1.775;1;256;1.09;0.07
18TL17177_2503;961;47.75183;-62.17767;441569;24.69;22-sep-17;04:10:00;30.1;3.16;302.5715;0.12;NaN;0.963;0.08;1;4.94;1;0.785;1;6.695;1;0;6.29;0.74
18TL17177_2503;961;47.75183;-62.17767;441568;49.48;22-sep-17;04:10:00;31.52;-0.14;247.90766;0.04;NaN;0.195;0.16;1;8.265;1;1.315;1;18.8;1;0;6.29;0.44
18TL17177_2503;961;47.75183;-62.17767;441567;56.12;22-sep-17;04:10:00;31.6;-0.15;246.65718;0.03;5.5955;0.236;0.155;1;8.305;1;1.315;1;18.855;1;256;6.32;0.44
18TL17177_2504;971;47.649;-61.98967;441573;4.56;22-sep-17;06:52:00;27.87;15.86;266.57554;1.24;6.0345;4.104;0.02;1;0.14;1;0.095;1;1.57;1;256;1.47;0.09
18TL17177_2504;971;47.649;-61.98967;441572;24.59;22-sep-17;06:52:00;30.54;2.78;279.5716;0.175;NaN;0.746;0.19;1;4.41;1;0.84;1;7.035;1;0;5.25;0.63
18TL17177_2504;971;47.649;-61.98967;441571;37.98;22-sep-17;06:52:00;30.92;2.2;249.8727;0.06;5.591;0.354;0.36;1;4.85;1;1.09;1;12.325;1;256;4.45;0.39
18TL17177_2505;981;47.4745;-62.08617;441576;3.77;22-sep-17;09:46:00;27.8;15.9;265.14642;1.13;5.9615;4.068;0.015;1;0.125;1;0.095;1;1.52;1;256;1.32;0.08
18TL17177_2505;981;47.4745;-62.08617;441575;24.39;22-sep-17;09:46:00;29.88;7.71;260.85906;1.22;NaN;1.506;0.08;1;0.55;1;0.34;1;3.205;1;0;1.62;0.17
18TL17177_2505;981;47.4745;-62.08617;441574;33.32;22-sep-17;09:46:00;30.94;2.33;240.80672;0.115;5.441;0.457;0.37;1;4.265;1;1.03;1;10.995;1;256;4.14;0.39
18TL17177_2506;991;47.297;-62.476;441579;3.17;22-sep-17;12:47:00;27.71;15.96;265.2804;1.285;6.0125;3.997;0.02;1;0.12;1;0.095;1;1.615;1;256;1.26;0.07
18TL17177_2506;991;47.297;-62.476;441578;22.61;22-sep-17;12:47:00;29.91;5;300.96374;0.135;NaN;0.908;0.1;1;4.48;1;0.7;1;4.405;1;0;6.40;1.02
18TL17177_2506;991;47.297;-62.476;441577;60.09;22-sep-17;12:47:00;31.54;-0.17;249.4261;0.045;5.5975;0.216;0.19;1;7.97;1;1.3;1;17.975;1;256;6.13;0.44
18TL17177_2412;1001;47.508;-62.62683;441582;3.87;22-sep-17;15:15:00;27.95;15.52;270.32698;1.29;6.099;4.199;0.01;1;0.2;1;0.135;1;2.095;1;256;1.48;0.10
18TL17177_2412;1001;47.508;-62.62683;441581;23.3;22-sep-17;15:15:00;29.59;4.95;289.30748;0.16;NaN;1.092;0.105;1;5.985;1;0.795;1;6.605;1;0;7.53;0.91
18TL17177_2412;1001;47.508;-62.62683;441580;64.15;22-sep-17;15:15:00;31.72;-0.04;265.32506;0.05;5.9265;0.242;0.09;1;10.52;1;1.265;1;19.105;1;256;8.32;0.55
18TL17177_2414;1011;47.74817;-62.81267;441585;4.76;22-sep-17;18:48:00;27.85;15.79;271.44348;1.38;6.134;5.155;0.02;1;0.435;1;0.155;1;2.065;1;256;2.81;0.21
18TL17177_2414;1011;47.74817;-62.81267;441584;24.49;22-sep-17;18:48:00;30.18;3.15;300.07054;0.08;NaN;0.639;0.07;1;4.745;1;0.83;1;8.22;1;0;5.72;0.58
18TL17177_2414;1011;47.74817;-62.81267;441583;59.19;22-sep-17;18:48:00;31.52;-0.19;244.78146;0.04;5.4575;0.228;0.08;1;11.395;1;1.395;1;18.865;1;256;8.17;0.60
18TL17177_2415;1021;47.88167;-62.98833;441589;4.86;22-sep-17;22:02:00;27.95;15.5;273.63182;1.22;6.18;4.783;0.015;1;0.12;1;0.075;1;1.47;1;256;1.60;0.08
18TL17177_2415;1021;47.88167;-62.98833;441588;23.3;22-sep-17;22:02:00;30.12;2.91;274.83764;0.13;NaN;0.95;0.08;1;7.265;1;1.01;1;10.17;1;0;7.19;0.71
18TL17177_2415;1021;47.88167;-62.98833;441587;49.08;22-sep-17;22:02:00;31.72;0.29;281.358;0.06;NaN;0.155;0.09;1;10.435;1;1.18;1;15.69;1;0;8.84;0.67
18TL17177_2415;1021;47.88167;-62.98833;441586;69.5;22-sep-17;22:02:00;31.93;0.15;255.54452;0.055;5.709;0.225;0.095;1;12.44;1;1.34;1;19.52;1;256;9.28;0.64
18TL17177_2416;1041;47.8985;-63.40233;441593;4.76;23-sep-17;02:11:00;28.21;14.7;278.27646;1.205;6.4935;3.241;0.04;1;1.54;1;0.34;1;2.47;1;256;4.53;0.62
18TL17177_2416;1041;47.8985;-63.40233;441592;23.9;23-sep-17;02:11:00;31;1.89;305.16178;0.11;NaN;0.909;0.01;1;9.27;1;1.01;1;10.565;1;0;9.18;0.88
18TL17177_2416;1041;47.8985;-63.40233;441591;49.18;23-sep-17;02:11:00;31.93;0.49;272.2027;0.05;NaN;0.118;0.03;1;12.785;1;1.33;1;17.82;1;0;9.61;0.72
18TL17177_2416;1041;47.8985;-63.40233;441590;75.94;23-sep-17;02:11:00;32.19;0.65;238.2611;0.035;5.359;0.171;0.06;1;14.2;1;1.435;1;20.85;1;256;9.90;0.68
18TL17177_2417;1051;47.78333;-63.66183;441597;4.86;23-sep-17;05:25:00;28.57;13.7;286.76186;1.06;6.5;3.252;0.01;1;0.185;1;0.145;1;1.23;1;256;1.28;0.15
18TL17177_2417;1051;47.78333;-63.66183;441596;24.49;23-sep-17;05:25:00;30.55;4.95;308.6006;0.27;NaN;1.702;0.11;1;4.55;1;0.76;1;4.765;1;0;5.99;0.95
18TL17177_2417;1051;47.78333;-63.66183;441595;47;23-sep-17;05:25:00;31.8;0.4;222.00486;0.14;NaN;0.219;0.11;1;14.01;1;1.52;1;21.525;1;0;9.22;0.65
18TL17177_2417;1051;47.78333;-63.66183;441594;65.64;23-sep-17;05:25:00;32.04;0.54;237.76984;0.05;5.3285;0.221;0.11;1;13.825;1;1.46;1;20.975;1;256;9.47;0.66
18TL17177_2418;1061;47.75533;-63.9445;441607;1.59;23-sep-17;08:22:00;28.39;13.06;290.42398;0.855;6.5785;2.815;0.02;1;0.11;1;0.105;1;2.13;1;256;1.05;0.05
18TL17177_2418;1061;47.75533;-63.9445;441606;4.66;23-sep-17;08:22:00;28.39;13.06;292.7463;1;NaN;2.844;0.02;1;0.295;1;0.155;1;1.7;1;0;1.90;0.17
18TL17177_2418;1061;47.75533;-63.9445;441605;9.62;23-sep-17;08:22:00;28.69;13.07;287.11914;0.9;NaN;3.52;0.08;1;1.745;1;0.425;1;2.595;1;0;4.11;0.67
18TL17177_2418;1061;47.75533;-63.9445;441604;19.44;23-sep-17;08:22:00;30.14;6.29;296.58706;0.185;6.86;0.806;0.12;1;3.93;1;0.675;1;3.745;1;256;5.82;1.05
18TL17177_2418;1061;47.75533;-63.9445;441603;29.65;23-sep-17;08:22:00;30.81;3.89;311.01224;0.12;NaN;0.436;0.12;1;5.14;1;0.76;1;4.975;1;0;6.76;1.03
18TL17177_2418;1061;47.75533;-63.9445;441602;39.66;23-sep-17;08:22:00;31.38;1.46;314.89766;0.1;NaN;0.315;0.08;1;7.305;1;0.92;1;7.845;1;0;7.94;0.93
18TL17177_2418;1061;47.75533;-63.9445;441601;49.67;23-sep-17;08:22:00;31.67;0.52;306.85886;0.1;6.881;0.163;0.06;1;8.91;1;1.005;1;10.32;1;256;8.87;0.86
18TL17177_2418;1061;47.75533;-63.9445;441600;59.19;23-sep-17;08:22:00;31.84;0.42;271.66678;0.08;NaN;0.148;0.02;1;11.45;1;1.18;1;15.465;1;0;9.70;0.74
18TL17177_2418;1061;47.75533;-63.9445;441599;69.7;23-sep-17;08:22:00;32.03;0.53;213.96606;0.1;NaN;0.284;0.125;1;14.605;1;1.6;1;26.795;1;0;9.13;0.55
18TL17177_2418;1061;47.75533;-63.9445;441598;78.22;23-sep-17;08:22:00;32.13;0.6;211.77772;0.1;4.787;0.305;0.13;1;14.645;1;1.64;1;25.94;1;256;8.93;0.56
18TL17177_2419;1071;47.689;-64.17633;441611;4.07;23-sep-17;11:33:00;27.86;14.27;281.04538;1.175;6.344;3.767;0.02;1;0.18;1;0.145;1;1.91;1;256;1.24;0.09
18TL17177_2419;1071;47.689;-64.17633;441610;23;23-sep-17;11:33:00;29.55;8.94;284.17158;0.135;NaN;0.821;0.115;1;5.365;1;0.805;1;7.375;1;0;6.66;0.73
18TL17177_2419;1071;47.689;-64.17633;441609;49.58;23-sep-17;11:33:00;31.47;1.54;290.7366;0.13;NaN;0.259;0.13;1;8.925;1;1.095;1;12.985;1;0;8.15;0.69
18TL17177_2419;1071;47.689;-64.17633;441608;69.9;23-sep-17;11:33:00;32.05;0.59;244.5135;0.115;5.462;0.3;0.17;1;12.8;1;1.515;1;19.37;1;256;8.45;0.66
18TL17177_2420;1081;47.81517;-64.37283;441613;4.66;23-sep-17;14:23:00;27.99;14.27;278.76772;1.795;6.248;5.996;0.02;1;0.395;1;0.22;1;2.24;1;256;1.80;0.18
18TL17177_2420;1081;47.81517;-64.37283;441612;29.65;23-sep-17;14:23:00;29.9;6.6;270.23766;0.13;5.969;0.459;0.14;1;4.23;1;0.745;1;8.68;1;256;5.68;0.49
18TL17177_2421;1091;47.57383;-64.39617;441616;3.47;23-sep-17;17:25:00;28.05;13.9;287.8337;0.98;6.533;2.645;0.02;1;0.105;1;0.11;1;1.415;1;256;0.95;0.07
18TL17177_2421;1091;47.57383;-64.39617;441615;23.9;23-sep-17;17:25:00;28.81;10.22;298.28414;0.22;NaN;0.907;0.04;1;0.69;1;0.275;1;2.02;1;0;2.51;0.34
18TL17177_2421;1091;47.57383;-64.39617;441614;45.51;23-sep-17;17:25:00;30.81;3.46;282.29586;0.18;6.4145;0.525;0.13;1;4.85;1;0.795;1;7.465;1;256;6.10;0.65
18TL17177_2423;1101;47.43583;-64.66;441618;4.16;23-sep-17;20:27:00;27.54;16.42;265.727;1.11;6.0115;3.609;0.02;1;0.105;1;0.1;1;1.91;1;256;1.05;0.05
18TL17177_2423;1101;47.43583;-64.66;441617;28.06;23-sep-17;20:27:00;29.65;7.48;242.10186;0.19;5.4415;0.573;0.16;1;4.535;1;0.845;1;10.975;1;256;5.37;0.41
18TL17177_2425;1111;47.32433;-64.39067;441621;4.76;23-sep-17;23:18:00;27.69;15.91;269.70174;0.915;6.208;3.413;0.02;1;0.145;1;0.08;1;1.71;1;256;1.81;0.08
18TL17177_2425;1111;47.32433;-64.39067;441620;24.49;23-sep-17;23:18:00;29.39;9.01;290.0667;0.245;NaN;1.051;0.08;1;2.16;1;0.52;1;3.08;1;0;4.15;0.70
18TL17177_2425;1111;47.32433;-64.39067;441619;49.58;23-sep-17;23:18:00;31.28;1.36;259.07266;0.13;5.731;0.502;0.12;1;10.19;1;1.205;1;17.485;1;256;8.46;0.58
18TL17177_2426;1121;47.24367;-64.51233;441624;4.66;24-sep-17;01:31:00;27.29;16.73;264.02992;1.06;5.9385;3.821;0.02;1;0.285;1;0.125;1;2.29;1;256;2.28;0.12
18TL17177_2426;1121;47.24367;-64.51233;441623;23.9;24-sep-17;01:31:00;29.45;7.84;267.46874;0.17;NaN;0.761;0.13;1;4.84;1;0.79;1;7.75;1;0;6.13;0.62
18TL17177_2426;1121;47.24367;-64.51233;441622;36.99;24-sep-17;01:31:00;30.47;3.95;253.84744;0.095;5.6675;0.377;0.135;1;7.575;1;1.025;1;14.865;1;256;7.39;0.51
18TL17177_2427;1131;47.095;-64.638;441626;4.86;24-sep-17;04:41:00;27.49;16.24;267.0668;1.93;5.874;4.596;0.035;1;0.41;1;0.22;1;3.13;1;256;1.86;0.13
18TL17177_2427;1131;47.095;-64.638;441625;25.19;24-sep-17;04:41:00;29.25;8.68;217.98546;0.45;5.0065;0.923;0.245;1;3.94;1;0.81;1;11.805;1;256;4.86;0.33
18TL17177_2428;1141;47.1615;-64.33183;441629;4.96;24-sep-17;07:32:00;27.66;15.75;268.6299;1.25;6.09;4.175;0.02;1;0.1;1;0.165;1;1.535;1;256;0.61;0.07
18TL17177_2428;1141;47.1615;-64.33183;441628;24.29;24-sep-17;07:32:00;28.64;10.79;247.59504;0.61;NaN;1.242;0.13;1;2.9;1;0.59;1;6.365;1;0;4.92;0.46
18TL17177_2428;1141;47.1615;-64.33183;441627;41.55;24-sep-17;07:32:00;30.68;2.27;235.3582;0.13;5.2495;0.392;0.12;1;10.015;1;1.18;1;21.69;1;256;8.49;0.46
18TL17177_2429;1151;46.89583;-64.54083;441631;4.36;24-sep-17;11:14:00;27.47;16.22;261.0377;1.29;5.5965;4.022;0.05;1;1.4;1;0.37;1;5.49;1;256;3.78;0.26
18TL17177_2429;1151;46.89583;-64.54083;441630;30.24;24-sep-17;11:14:00;29.46;5.47;217.22624;0.315;4.8605;0.975;0.125;1;7.015;1;1.1;1;17.105;1;256;6.38;0.41
18TL17177_2430;1161;46.99133;-64.32967;441634;3.17;24-sep-17;14:31:00;27.42;16.4;261.61828;1.19;5.712;3.695;0.04;1;0.785;1;0.23;1;3.715;1;256;3.41;0.21
18TL17177_2430;1161;46.99133;-64.32967;441633;23.8;24-sep-17;14:31:00;29.41;7.09;237.3679;0.2;NaN;0.685;0.11;1;7.915;1;1.06;1;16.84;1;0;7.47;0.47
18TL17177_2430;1161;46.99133;-64.32967;441632;33.52;24-sep-17;14:31:00;30.32;2.47;210.97384;0.16;4.807;0.519;0.115;1;9.065;1;1.19;1;20.52;1;256;7.62;0.44
18TL17177_2431;1171;47.03983;-64.24917;441637;3.77;24-sep-17;16:28:00;27.66;15.83;268.36194;1.35;5.8975;4.97;0.035;1;0.69;1;0.19;1;2.99;1;256;3.63;0.23
18TL17177_2431;1171;47.03983;-64.24917;441636;24.1;24-sep-17;16:28:00;28.83;7.76;214.01072;0.71;NaN;1.42;0.13;1;5.395;1;0.86;1;12.675;1;0;6.27;0.43
18TL17177_2431;1171;47.03983;-64.24917;441635;36.69;24-sep-17;16:28:00;30.76;1.58;198.02244;0.12;4.35;0.457;0.135;1;9.96;1;1.305;1;25.95;1;256;7.63;0.38
18TL17177_2432;1191;47.43367;-64.01133;441640;3.97;25-sep-17;01:19:00;27.66;16;264.8338;0.71;6.0785;4.651;0.07;1;2.5;1;0.445;1;4.53;1;256;5.62;0.55
18TL17177_2432;1191;47.43367;-64.01133;441639;24.49;25-sep-17;01:19:00;30.31;3.77;279.125;0.115;NaN;0.482;0.1;1;7.085;1;0.895;1;10.225;1;0;7.92;0.69
18TL17177_2432;1191;47.43367;-64.01133;441638;39.17;25-sep-17;01:19:00;31.16;1.66;264.11924;0.07;5.8385;0.311;0.125;1;9.565;1;1.13;1;16.625;1;256;8.46;0.58
18TL17177_2433;1201;47.5285;-63.84367;441644;4.66;25-sep-17;03:58:00;27.81;15.92;263.18138;0.93;6.0455;4.482;0.03;1;1.035;1;0.235;1;3.01;1;256;4.40;0.34
18TL17177_2433;1201;47.5285;-63.84367;441643;24.49;25-sep-17;03:58:00;29.98;4.49;249.60474;0.09;NaN;0.583;0.1;1;9.695;1;1.105;1;16.07;1;0;8.77;0.60
18TL17177_2433;1201;47.5285;-63.84367;441642;49.18;25-sep-17;03:58:00;31.73;0.42;234.33102;0.06;NaN;0.19;0.09;1;13.505;1;1.435;1;21.855;1;0;9.41;0.62
18TL17177_2433;1201;47.5285;-63.84367;441641;63.06;25-sep-17;03:58:00;31.8;0.43;235.22422;0.06;5.3655;0.245;0.1;1;13.505;1;1.41;1;21.825;1;256;9.58;0.62
18TL17177_2435;1211;47.471;-63.837;441648;4.86;25-sep-17;06:14:00;27.65;16.08;262.73478;1.095;5.988;4.007;0.02;1;0.195;1;0.105;1;1.895;1;256;1.86;0.10
18TL17177_2435;1211;47.471;-63.837;441647;24.59;25-sep-17;06:14:00;29.95;4.59;269.5231;0.09;NaN;0.576;0.1;1;7.52;1;0.955;1;10.47;1;0;7.87;0.72
18TL17177_2435;1211;47.471;-63.837;441646;48.98;25-sep-17;06:14:00;31.6;0.43;252.06104;0.05;NaN;0.17;0.08;1;12.83;1;1.325;1;20.735;1;0;9.68;0.62
18TL17177_2435;1211;47.471;-63.837;441645;59.89;25-sep-17;06:14:00;31.78;0.43;241.92322;0.07;5.4215;0.289;0.1;1;13.195;1;1.4;1;21.19;1;256;9.43;0.62
18TL17177_2436;1221;47.4635;-63.65317;441652;4.46;25-sep-17;08:34:00;27.69;16.11;260.76974;1.385;5.7225;4.509;0.02;1;0.1;1;0.095;1;1.84;1;256;1.05;0.05
18TL17177_2436;1221;47.4635;-63.65317;441651;24;25-sep-17;08:34:00;29.85;4.13;265.45904;0.08;NaN;0.587;0.095;1;9.065;1;1.075;1;14.22;1;0;8.43;0.64
18TL17177_2436;1221;47.4635;-63.65317;441650;49.48;25-sep-17;08:34:00;31.74;0.12;220.35244;0.075;NaN;0.25;0.135;1;13.87;1;1.555;1;23.955;1;0;8.92;0.58
18TL17177_2436;1221;47.4635;-63.65317;441649;65.14;25-sep-17;08:34:00;31.84;0.28;220.97768;0.1;5.0345;0.306;0.14;1;14.135;1;1.44;1;24.605;1;256;9.82;0.57
18TL17177_2437;1231;47.361;-63.40533;441656;3.97;25-sep-17;11:02:00;27.7;15.87;263.36002;1.38;5.9295;4.332;0.02;1;0.14;1;0.125;1;1.795;1;256;1.12;0.08
18TL17177_2437;1231;47.361;-63.40533;441655;23.2;25-sep-17;11:02:00;29.11;7.65;260.72508;0.19;NaN;1.146;0.08;1;4.89;1;0.805;1;7.92;1;0;6.07;0.62
18TL17177_2437;1231;47.361;-63.40533;441654;48.29;25-sep-17;11:02:00;31.1;0.55;259.51926;0.045;NaN;0.219;0.1;1;11.63;1;1.325;1;18.785;1;0;8.78;0.62
18TL17177_2437;1231;47.361;-63.40533;441653;68.71;25-sep-17;11:02:00;31.85;0.09;212.84956;0.06;4.769;0.256;0.12;1;14.115;1;1.595;1;25.85;1;256;8.85;0.55
18TL17177_2438;1241;47.48283;-63.20783;441660;4.26;25-sep-17;13:54:00;27.69;15.95;263.85128;1.7;5.8275;5.084;0.02;1;0.1;1;0.11;1;1.74;1;256;0.91;0.06
18TL17177_2438;1241;47.48283;-63.20783;441659;23.6;25-sep-17;13:54:00;29.02;7.77;257.55422;0.165;NaN;1.035;0.095;1;5.83;1;1.23;1;8.715;1;0;4.74;0.67
18TL17177_2438;1241;47.48283;-63.20783;441658;48.88;25-sep-17;13:54:00;31.55;-0.37;218.92332;0.06;NaN;0.235;0.09;1;12.86;1;1.59;1;23.735;1;0;8.09;0.54
18TL17177_2438;1241;47.48283;-63.20783;441657;74.36;25-sep-17;13:54:00;31.75;-0.11;218.47672;0.05;4.8415;0.268;0.115;1;13.45;1;1.555;1;25.535;1;256;8.65;0.53
18TL17177_2439;1251;47.34867;-63.1245;441664;3.67;25-sep-17;15:21:00;27.77;15.91;268.00466;1.48;5.977;3.186;0.02;1;0.1;1;0.105;1;1.695;1;256;0.95;0.06
18TL17177_2439;1251;47.34867;-63.1245;441663;23.3;25-sep-17;15:21:00;29.06;8.7;265.68234;0.195;NaN;1.283;0.09;1;4.98;1;0.845;1;8.21;1;0;5.89;0.61
18TL17177_2439;1251;47.34867;-63.1245;441662;48.78;25-sep-17;15:21:00;31.24;-0.41;235.04558;0.05;NaN;0.221;0.07;1;10.13;1;1.42;1;18.875;1;0;7.13;0.54
18TL17177_2439;1251;47.34867;-63.1245;441661;68.31;25-sep-17;15:21:00;31.48;-0.37;224.10388;0.05;5.0895;0.343;0.08;1;10.58;1;1.49;1;22.79;1;256;7.10;0.46
18TL17177_2440;1261;47.43933;-62.89967;441667;4.56;25-sep-17;19:16:00;28.02;15.08;275.59686;1.095;6.1655;4.305;0.02;1;0.115;1;0.14;1;1.655;1;256;0.82;0.07
18TL17177_2440;1261;47.43933;-62.89967;441666;23.3;25-sep-17;19:16:00;29.69;6.63;282.78712;0.1;NaN;0.753;0.09;1;5.285;1;0.9;1;8.915;1;0;5.87;0.59
18TL17177_2440;1261;47.43933;-62.89967;441665;47.89;25-sep-17;19:16:00;30.91;0.74;274.34638;0.08;5.964;0.347;0.085;1;6.73;1;1.075;1;13.5;1;256;6.26;0.50
18TL17177_2441;1271;47.27783;-62.80983;441670;4.56;25-sep-17;22:06:00;27.76;16.21;263.31536;1.16;5.8565;3.846;0.035;1;0.825;1;0.195;1;2.16;1;256;4.23;0.38
18TL17177_2441;1271;47.27783;-62.80983;441669;24.59;25-sep-17;22:06:00;30.08;3.25;298.3288;0.115;NaN;0.712;0.105;1;5.855;1;0.795;1;5.96;1;0;7.36;0.98
18TL17177_2441;1271;47.27783;-62.80983;441668;51.46;25-sep-17;22:06:00;31.17;0.02;270.77358;0.03;5.9835;0.203;0.075;1;9.005;1;1.215;1;15.17;1;256;7.41;0.59
18TL17177_2442;1281;47.1205;-63.11433;441674;4.66;26-sep-17;02:17:00;27.77;16.09;268.49592;1.305;6.0485;5.085;0.025;1;0.405;1;0.12;1;1.915;1;256;3.38;0.21
18TL17177_2442;1281;47.1205;-63.11433;441673;24.39;26-sep-17;02:17:00;29.76;4.14;280.55412;0.12;NaN;0.817;0.08;1;5.165;1;0.83;1;8.18;1;0;6.22;0.63
18TL17177_2442;1281;47.1205;-63.11433;441672;49.18;26-sep-17;02:17:00;31.06;-0.35;239.10964;0.05;NaN;0.211;0.07;1;10.01;1;1.475;1;19.09;1;0;6.79;0.52
18TL17177_2442;1281;47.1205;-63.11433;441671;61.87;26-sep-17;02:17:00;31.34;-0.46;233.5718;0.05;5.229;0.3;0.08;1;10.21;1;1.48;1;20.52;1;256;6.90;0.50
18TL17177_2443;1291;47.17517;-63.39783;441678;4.86;26-sep-17;05:48:00;27.61;16.4;262.24352;1.38;5.8375;4.474;0.02;1;0.255;1;0.085;1;1.605;1;256;3.00;0.16
18TL17177_2443;1291;47.17517;-63.39783;441677;24.49;26-sep-17;05:48:00;29.52;5.22;256.795;0.1;NaN;0.764;0.105;1;6.03;1;0.915;1;11.305;1;0;6.59;0.53
18TL17177_2443;1291;47.17517;-63.39783;441676;49.58;26-sep-17;05:48:00;31.23;-0.47;233.16986;0.075;NaN;0.34;0.09;1;10.81;1;1.48;1;20.315;1;0;7.30;0.53
18TL17177_2443;1291;47.17517;-63.39783;441675;55.53;26-sep-17;05:48:00;31.27;-0.48;233.03588;0.08;5.2665;0.406;0.1;1;10.14;1;1.435;1;18.01;1;256;7.07;0.56
18TL17177_2444;1301;46.93683;-63.45583;441681;4.26;26-sep-17;10:38:00;27.57;16.5;260.18916;0.945;5.814;3.235;0.03;1;0.47;1;0.135;1;2.245;1;256;3.48;0.21
18TL17177_2444;1301;46.93683;-63.45583;441680;23.01;26-sep-17;10:38:00;29.72;4.81;265.45904;0.12;NaN;0.724;0.34;1;2.86;1;0.755;1;7.955;1;0;3.79;0.36
18TL17177_2444;1301;46.93683;-63.45583;441679;48.79;26-sep-17;10:38:00;31;0.02;231.91938;0.04;5.418;0.295;0.2;1;7.485;1;1.405;1;18.6;1;256;5.33;0.40
18TL17177_2446;1331;46.67;-63.35567;441684;3.37;26-sep-17;17:11:00;27.45;17.05;260.45712;1.285;5.7995;3.596;0.025;1;0.24;1;0.075;1;1.695;1;256;3.20;0.14
18TL17177_2446;1331;46.67;-63.35567;441683;23.5;26-sep-17;17:11:00;29.22;5.53;251.83774;0.2;NaN;1.036;0.125;1;5.79;1;0.84;1;9.94;1;0;6.89;0.58
18TL17177_2446;1331;46.67;-63.35567;441682;39.96;26-sep-17;17:11:00;30.32;2.11;215.12722;0.055;4.812;0.375;0.32;1;5.25;1;1.06;1;17.775;1;256;4.95;0.30
18TL17177_2447;1341;46.7675;-63.039;441688;4.66;26-sep-17;20:09:00;27.42;17.02;260.72508;1.35;5.912;4.742;0.025;1;0.245;1;0.085;1;1.655;1;256;2.88;0.15
18TL17177_2447;1341;46.7675;-63.039;441687;23.2;26-sep-17;20:09:00;29.21;5.96;240.7174;0.105;NaN;1.002;0.29;1;3.94;1;0.915;1;13.075;1;0;4.31;0.30
18TL17177_2447;1341;46.7675;-63.039;441686;49.18;26-sep-17;20:09:00;30.94;-0.15;245.89796;0.045;NaN;0.283;0.235;1;6.705;1;1.64;1;16.6;1;0;4.09;0.40
18TL17177_2447;1341;46.7675;-63.039;441685;59.3;26-sep-17;20:09:00;30.99;-0.15;242.36982;0.055;5.397;0.383;0.18;1;6.62;1;1.445;1;16.345;1;256;4.58;0.41
18TL17177_2448;1351;46.5385;-63.28033;441690;4.96;26-sep-17;23:40:00;27.39;17.09;260.01052;1.42;5.8765;3.976;0.02;1;0.255;1;0.075;1;1.515;1;256;3.40;0.17
18TL17177_2448;1351;46.5385;-63.28033;441689;32.43;26-sep-17;23:40:00;29.81;4.38;203.11368;0.1;4.692;0.527;0.25;1;6.655;1;1.11;1;18.11;1;256;6.00;0.37
18TL17177_2449;1361;46.49117;-62.954;441693;4.86;27-sep-17;01:24:00;27.38;17.05;257.86684;1.27;5.7895;3.337;0.035;1;0.4;1;0.135;1;1.84;1;256;2.96;0.22
18TL17177_2449;1361;46.49117;-62.954;441692;25.39;27-sep-17;01:24:00;29.51;5.12;219.77186;0.27;NaN;0.747;0.23;1;5.435;1;1.01;1;14.74;1;0;5.38;0.37
18TL17177_2449;1361;46.49117;-62.954;441691;34.61;27-sep-17;01:24:00;30.18;3.04;218.20876;0.155;4.704;0.449;0.32;1;5.62;1;1.1;1;16.925;1;256;5.11;0.33
18TL17177_2450;1371;46.50933;-62.68533;441695;4.36;27-sep-17;06:17:00;27.53;16.67;260.54644;1.06;5.9065;3.461;0.02;1;0.22;1;0.07;1;1.675;1;256;3.14;0.13
18TL17177_2450;1371;46.50933;-62.68533;441694;25.78;27-sep-17;06:17:00;29.78;4.66;246.70184;0.225;5.515;0.641;0.205;1;3.905;1;0.755;1;8.845;1;256;5.17;0.44
18TL17177_2451;1381;46.5245;-62.55017;441698;4.36;27-sep-17;10:19:00;27.57;16.61;259.60858;1.13;5.8455;3.159;0.03;1;0.32;1;0.08;1;1.955;1;256;4.00;0.16
18TL17177_2451;1381;46.5245;-62.55017;441697;24.69;27-sep-17;10:19:00;29.07;7.38;216.95828;0.305;NaN;0.977;0.25;1;4.105;1;0.72;1;9.755;1;0;5.70;0.42
18TL17177_2451;1381;46.5245;-62.55017;441696;32.72;27-sep-17;10:19:00;30.14;3.45;254.562;0.1;5.345;0.333;0.3;1;4.975;1;0.87;1;11.035;1;256;5.72;0.45
18TL17177_2452;1391;46.6985;-62.5715;441701;4.07;27-sep-17;13:10:00;27.46;16.57;255.2319;1.095;5.7705;3.092;0.045;1;0.895;1;0.23;1;2.85;1;256;3.89;0.31
18TL17177_2452;1391;46.6985;-62.5715;441700;23.21;27-sep-17;13:10:00;29.55;5.25;275.15026;0.125;NaN;0.812;0.135;1;3.72;1;0.745;1;7.695;1;0;4.99;0.48
18TL17177_2452;1391;46.6985;-62.5715;441699;53.45;27-sep-17;13:10:00;30.99;0.2;257.19694;0.03;5.7185;0.224;0.18;1;7.015;1;1.215;1;14.94;1;256;5.77;0.47
18TL17177_2453;1411;46.93733;-62.43167;441705;3.37;27-sep-17;17:25:00;27.67;16.12;260.54644;1.29;5.857;4.482;0.02;1;0.34;1;0.1;1;1.795;1;256;3.40;0.19
18TL17177_2453;1411;46.93733;-62.43167;441704;23.3;27-sep-17;17:25:00;30.24;3.55;299.57928;0.11;NaN;0.601;0.085;1;4.75;1;0.83;1;5.6;1;0;5.72;0.85
18TL17177_2453;1411;46.93733;-62.43167;441703;48.29;27-sep-17;17:25:00;31.21;0.05;252.50764;0.04;NaN;0.255;0.11;1;7.31;1;1.275;1;16.405;1;0;5.73;0.45
18TL17177_2453;1411;46.93733;-62.43167;441702;61.48;27-sep-17;17:25:00;31.25;0.06;251.79308;0.03;5.064;0.259;0.135;1;7.24;1;1.27;1;16.845;1;256;5.70;0.43
18TL17177_2454;1421;46.8565;-62.03883;441709;5.06;28-sep-17;02:41:00;27.5;16.52;256.1251;1.13;5.837;2.125;0.02;1;0.3;1;0.115;1;0.855;1;256;2.61;0.35
18TL17177_2454;1421;46.8565;-62.03883;441708;24.1;28-sep-17;02:41:00;30.61;3.18;278.4551;0.07;NaN;0.859;0.23;1;5.21;1;1.03;1;10.895;1;0;5.06;0.48
18TL17177_2454;1421;46.8565;-62.03883;441707;48.98;28-sep-17;02:41:00;31.27;0.48;256.30374;0.05;NaN;0.266;0.22;1;6.735;1;1.205;1;14.585;1;0;5.59;0.46
18TL17177_2454;1421;46.8565;-62.03883;441706;58.01;28-sep-17;02:41:00;31.34;0.47;254.69598;0.03;5.5875;0.27;0.2;1;6.92;1;1.23;1;15.01;1;256;5.63;0.46
18TL17177_2455;1431;46.8495;-61.77617;441713;5.16;28-sep-17;05:21:00;27.67;16.3;257.6882;1.74;5.865;3.341;0.02;1;0.215;1;0.08;1;0.62;1;256;2.69;0.35
18TL17177_2455;1431;46.8495;-61.77617;441712;24.79;28-sep-17;05:21:00;30.61;2.98;280.06286;0.08;NaN;0.403;0.21;1;4.735;1;0.95;1;10.3;1;0;4.98;0.46
18TL17177_2455;1431;46.8495;-61.77617;441711;49.28;28-sep-17;05:21:00;31.71;0.96;257.37558;0.05;NaN;0.208;0.11;1;8.155;1;1.195;1;16.365;1;0;6.82;0.50
18TL17177_2455;1431;46.8495;-61.77617;441710;57.71;28-sep-17;05:21:00;31.75;0.96;256.66102;0.05;5.6665;0.266;0.11;1;8.18;1;1.195;1;16.375;1;256;6.85;0.50
18TL17177_2456;1441;47.19117;-61.499;441716;4.76;28-sep-17;08:49:00;28.2;15.63;261.261;NaN;NaN;5.448;NaN;9;NaN;9;NaN;9;NaN;9;0;NaN;NaN
18TL17177_2456;1441;47.19117;-61.499;441715;24.39;28-sep-17;08:49:00;29.25;13.97;244.15622;1.29;5.4625;2.063;0.065;1;0.95;1;0.335;1;2.415;1;256;2.84;0.39
18TL17177_2456;1441;47.19117;-61.499;441714;30.74;28-sep-17;08:49:00;30.25;8.22;238.61838;0.255;5.396;0.755;0.19;1;3.665;1;0.855;1;8.15;1;256;4.29;0.45
18TL17177_2457;1451;47.36633;-61.40017;441719;3.57;28-sep-17;11:40:00;28.29;15.43;258.49208;2.915;5.81;7.331;0.035;1;0.555;1;0.21;1;0.99;1;256;2.64;0.56
18TL17177_2457;1451;47.36633;-61.40017;441718;23.9;28-sep-17;11:40:00;30.34;7.09;256.43772;0.405;5.7015;0.749;0.17;1;3.33;1;0.74;1;5.975;1;256;4.50;0.56
18TL17177_2457;1451;47.36633;-61.40017;441717;33.81;28-sep-17;11:40:00;30.73;5.49;264.87846;NaN;NaN;0.666;NaN;9;NaN;9;NaN;9;NaN;9;0;NaN;NaN
