CTD;CTD;CTD;CTD;CTD;CTD;CTD;CTD;labo;labo;labo;labo;terrain;labo;labo;labo;labo;labo;labo;labo;labo;labo;labo;calc;calc
Fichier;Station;Latitude;Longitude;Echantillon;zbouteille;Date;Heure;PSAL_BS;Q_PSAL;OXYM_01;Q_OXYM;TEMP_XX;Q_TEMP_RT;CHL_03;Q_CHL;NOx_01;Q_NOX;PO4_01;Q_PO4;Si_01;Q_Si;QCFF;N_P;N_Si
(nom);(nom/no);(degres);(degres);(no_unique);(dbar);(jj-mmm-yyyy);(GMT);(PSU);((none));(mmol/m**3);((none));(celsius);((none));(mg/m**3);((none));(mmol/m**3);((none));(mmol/m**3);((none));(mmol/m**3);((none));((none));((none));((none))
18HU03075_002;STN27;47.5467;-52.5867;257387;5;19-nov-03;01:03:00;31.58;1;6.91493730407524;1;5.51;1;0.42;1;1.47;1;0.54;1;2.85;1;0;2.72;0.52
18HU03075_002;STN27;47.5467;-52.5867;257386;9;19-nov-03;01:03:00;31.58;1;6.9169368562472;1;5.5;1;0.44;1;1.23;1;0.53;1;2.77;1;0;2.32;0.44
18HU03075_002;STN27;47.5467;-52.5867;257385;20;19-nov-03;01:03:00;31.58;1;6.93493730407523;1;5.43;1;0.43;1;1.12;1;0.5;1;2.66;1;0;2.24;0.42
18HU03075_002;STN27;47.5467;-52.5867;257384;30;19-nov-03;01:03:00;31.64;1;7.01593596059113;1;4.92;1;0.46;1;1.7;1;0.58;1;3.27;1;0;2.93;0.52
18HU03075_002;STN27;47.5467;-52.5867;257383;40;19-nov-03;01:03:00;31.68;1;7.01893640841917;1;4.79;1;0.38;1;2.07;1;0.59;1;3.42;1;0;3.51;0.61
18HU03075_002;STN27;47.5467;-52.5867;257382;51;19-nov-03;01:03:00;31.69;1;7.01593596059113;1;4.77;1;0.29;1;1.79;1;0.57;1;3.16;1;0;3.14;0.57
18HU03075_002;STN27;47.5467;-52.5867;257381;77;19-nov-03;01:03:00;32.04;1;7.22993506493506;1;3.17;1;0.33;1;2.82;1;0.71;1;4.29;1;0;3.97;0.66
18HU03075_002;STN27;47.5467;-52.5867;257380;101;19-nov-03;01:03:00;32.38;1;7.35793327362293;1;0.88;1;0.1;1;4.68;1;0.89;1;5.93;1;0;5.26;0.79
18HU03075_002;STN27;47.5467;-52.5867;257379;152;19-nov-03;01:03:00;32.77;1;7.15593596059113;1;-1.02;1;NaN;9;8.44;1;1.24;1;10.68;1;0;6.81;0.79
18HU03075_002;STN27;47.5467;-52.5867;257378;174;19-nov-03;01:03:00;33.04;1;6.92693909538737;1;-1.16;1;NaN;9;10.69;1;1.36;1;13.65;1;0;7.86;0.78
18HU03075_113;SEGB-01;46.5833;-52.9333;257392;5;19-nov-03;07:26:00;31.69;1;7.10993730407524;1;4.47;1;0.59;1;2.84;1;0.62;1;3.75;1;0;4.58;0.76
18HU03075_113;SEGB-01;46.5833;-52.9333;257391;10;19-nov-03;07:26:00;31.7;1;7.12893640841917;1;4.37;1;0.52;1;1.76;1;0.59;1;3.25;1;0;2.98;0.54
18HU03075_113;SEGB-01;46.5833;-52.9333;257390;20;19-nov-03;07:26:00;31.75;1;7.1169368562472;1;4.31;1;0.42;1;2.65;1;0.59;1;3.82;1;0;4.49;0.69
18HU03075_113;SEGB-01;46.5833;-52.9333;257389;31;19-nov-03;07:26:00;31.79;1;7.11893640841917;1;4.25;1;0.35;1;2.02;1;0.63;1;3.47;1;0;3.21;0.58
18HU03075_113;SEGB-01;46.5833;-52.9333;257388;49;19-nov-03;07:26:00;31.94;1;7.14993506493507;1;3.64;1;0.23;1;1.82;1;0.59;1;3.4;1;0;3.08;0.54
18HU03075_225;SEGB-02;46.5;-52.85;257393;177;19-nov-03;08:32:00;33;1;7.1079355127631;1;-1.24;1;NaN;9;NaN;9;NaN;9;NaN;9;0;NaN;NaN
18HU03075_264;SEGB-03;46.35;-52.7333;257403;5;19-nov-03;10:13:00;31.65;1;6.91193909538737;1;5.93;1;0.78;1;0.5;1;0.39;1;1.68;1;0;1.28;0.30
18HU03075_264;SEGB-03;46.35;-52.7333;257402;10;19-nov-03;10:13:00;31.65;1;6.91493730407524;1;5.93;1;0.8;1;0.6;1;0.39;1;1.73;1;0;1.54;0.35
18HU03075_264;SEGB-03;46.35;-52.7333;257401;20;19-nov-03;10:13:00;31.68;1;6.88693909538737;1;5.94;1;0.74;1;1.4;1;0.43;1;1.77;1;0;3.26;0.79
18HU03075_264;SEGB-03;46.35;-52.7333;257400;30;19-nov-03;10:13:00;31.73;1;6.8859381997313;1;5.85;1;0.54;1;0.7;1;0.42;1;1.93;1;0;1.67;0.36
18HU03075_264;SEGB-03;46.35;-52.7333;257399;39;19-nov-03;10:13:00;31.84;1;6.89893864755934;1;5.56;1;0.35;1;1.71;1;0.48;1;2.49;1;0;3.56;0.69
18HU03075_264;SEGB-03;46.35;-52.7333;257398;50;19-nov-03;10:13:00;32.79;1;7.51993282579489;1;0.21;1;0.13;1;3.67;1;0.82;1;3.79;1;0;4.48;0.97
18HU03075_264;SEGB-03;46.35;-52.7333;257397;75;19-nov-03;10:13:00;33.04;1;6.62094043887147;1;-0.47;1;0.17;1;10.65;1;1.46;1;12;1;0;7.29;0.89
18HU03075_264;SEGB-03;46.35;-52.7333;257396;100;19-nov-03;10:13:00;33.22;1;6.64894088669951;1;-0.86;1;0.02;1;9.74;1;1.22;1;13.85;1;0;7.98;0.70
18HU03075_264;SEGB-03;46.35;-52.7333;257395;151;19-nov-03;10:13:00;33.32;1;6.45594267801164;1;-0.68;1;NaN;9;12.2;1;1.44;2;16.8;2;2048;8.47;0.73
18HU03075_264;SEGB-03;46.35;-52.7333;257394;168;19-nov-03;10:13:00;33.32;1;6.45494178235558;1;-0.68;1;NaN;9;10.76;1;1.37;2;16.7;2;2048;7.85;0.64
18HU03075_284;SEGB-04;46.2083;-52.6083;257404;125;19-nov-03;12:20:00;33.26;1;6.63094043887147;1;-0.88;1;NaN;9;NaN;9;NaN;9;NaN;9;0;NaN;NaN
18HU03075_304;SEGB-05;46.07;-52.5;257412;6;19-nov-03;13:38:00;31.76;1;6.95793775190327;1;5.72;1;0.84;1;0.74;1;0.4;1;1.81;1;0;1.85;0.41
18HU03075_304;SEGB-05;46.07;-52.5;257411;9;19-nov-03;13:38:00;31.76;1;6.9609381997313;1;5.72;1;0.89;1;0.72;1;0.45;1;1.94;1;0;1.60;0.37
18HU03075_304;SEGB-05;46.07;-52.5;257410;20;19-nov-03;13:38:00;31.76;1;6.9519368562472;1;5.72;1;0.85;1;2.19;1;0.49;1;2.51;1;0;4.47;0.87
18HU03075_304;SEGB-05;46.07;-52.5;257409;30;19-nov-03;13:38:00;31.89;1;6.84693909538737;1;5.97;1;0.41;1;2.38;1;0.47;1;1.71;1;0;5.06;1.39
18HU03075_304;SEGB-05;46.07;-52.5;257408;40;19-nov-03;13:38:00;31.97;1;6.77293999104344;1;5.8;1;0.34;1;1.04;1;0.46;1;2.41;1;0;2.26;0.43
18HU03075_304;SEGB-05;46.07;-52.5;257407;49;19-nov-03;13:38:00;32.97;1;6.08094491715181;1;0.47;1;0.08;1;6.86;1;1.23;1;11.21;1;0;5.58;0.61
18HU03075_304;SEGB-05;46.07;-52.5;257406;75;19-nov-03;13:38:00;33.06;1;6.07594491715181;1;0.26;1;0.38;1;7.46;1;1.25;1;12.48;1;0;5.97;0.60
18HU03075_304;SEGB-05;46.07;-52.5;257405;88;19-nov-03;13:38:00;33.26;1;6.45794223018361;1;-0.76;1;0.03;1;11.74;2;1.38;1;17.04;1;2048;8.51;0.69
18HU03075_315;SEGB-06;45.7883;-52.2667;257413;79;19-nov-03;16:02:00;33.15;1;6.15994402149575;1;-0.15;1;NaN;9;NaN;9;NaN;9;NaN;9;0;NaN;NaN
18HU03075_326;SEGB-07;45.4583;-52;257420;5;19-nov-03;18:14:00;32.07;1;6.48594267801164;1;8.17;1;0.61;1;0.58;1;0.39;1;1.8;1;0;1.49;0.32
18HU03075_326;SEGB-07;45.4583;-52;257419;10;19-nov-03;18:14:00;32.06;1;6.47894088669951;1;8.17;1;0.79;1;0.75;1;0.34;1;1.79;1;0;2.21;0.42
18HU03075_326;SEGB-07;45.4583;-52;257418;20;19-nov-03;18:14:00;32.03;1;6.52094267801164;1;7.85;1;0.69;1;0.68;1;0.4;1;1.99;1;0;1.70;0.34
18HU03075_326;SEGB-07;45.4583;-52;257417;30;19-nov-03;18:14:00;32.05;1;6.51594267801164;1;7.87;1;0.7;1;0.58;1;0.36;1;1.75;1;0;1.61;0.33
18HU03075_326;SEGB-07;45.4583;-52;257416;40;19-nov-03;18:14:00;31.96;1;6.68193909538737;1;6.98;1;0.84;1;0.67;1;0.38;1;2;1;0;1.76;0.34
18HU03075_326;SEGB-07;45.4583;-52;257415;50;19-nov-03;18:14:00;32.8;1;6.19994402149575;1;1.32;1;0.18;1;2.57;1;0.64;1;6.9;1;0;4.02;0.37
18HU03075_326;SEGB-07;45.4583;-52;257414;77;19-nov-03;18:14:00;32.83;1;6.23594491715181;1;0.72;1;0.12;1;5.12;1;1.06;1;10.35;1;0;4.83;0.49
18HU03075_339;SEGB-08;45.095;-51.7;257421;68;19-nov-03;21:03:00;32.77;1;6.33494178235558;1;1.89;1;NaN;9;NaN;9;NaN;9;NaN;9;0;NaN;NaN
18HU03075_003;SEGB-09;44.725;-51.395;257428;5;19-nov-03;23:24:00;32.41;1;6.42794223018361;1;8.75;1;1.02;1;0.64;1;0.55;1;1.99;1;0;1.16;0.32
18HU03075_003;SEGB-09;44.725;-51.395;257427;10;19-nov-03;23:24:00;32.42;1;6.43194133452754;1;8.71;1;0.98;1;0.84;1;0.36;1;2.33;1;0;2.33;0.36
18HU03075_003;SEGB-09;44.725;-51.395;257426;20;19-nov-03;23:24:00;32.43;1;6.47294223018361;1;8.56;1;1.04;1;0.76;1;0.31;1;2.25;1;0;2.45;0.34
18HU03075_003;SEGB-09;44.725;-51.395;257425;30;19-nov-03;23:24:00;32.43;1;6.48494178235558;1;8.42;1;0.81;1;0.77;1;0.65;1;2.04;1;0;1.18;0.38
18HU03075_003;SEGB-09;44.725;-51.395;257424;40;19-nov-03;23:24:00;32.42;1;6.49094267801164;1;8.29;1;0.8;1;0.57;1;0.31;1;1.63;1;0;1.84;0.35
18HU03075_003;SEGB-09;44.725;-51.395;257423;50;19-nov-03;23:24:00;32.42;1;6.48894088669951;1;8.15;1;0.61;1;1.12;1;0.44;1;3;1;0;2.55;0.37
18HU03075_003;SEGB-09;44.725;-51.395;257422;69;19-nov-03;23:24:00;32.71;1;6.84193909538737;1;1.49;1;0.34;1;4.19;1;1.06;1;9.43;1;0;3.95;0.44
18HU03075_014;SEGB-10;44.3633;-51.1033;257430;70;20-nov-03;15:00:00;32.67;1;6.54094043887147;1;3.03;1;NaN;9;NaN;9;NaN;9;NaN;9;0;NaN;NaN
18HU03075_025;SEGB-11;44;-50.8083;257437;5;20-nov-03;17:29:00;32.38;1;6.68993954321541;1;8.01;1;1.26;1;0.73;1;0.4;1;2.59;1;0;1.82;0.28
18HU03075_025;SEGB-11;44;-50.8083;257436;10;20-nov-03;17:29:00;32.38;1;6.68793999104344;1;7.99;1;1.52;1;1.17;1;0.91;1;3.22;1;0;1.29;0.36
18HU03075_025;SEGB-11;44;-50.8083;257435;20;20-nov-03;17:29:00;32.38;1;6.64493954321541;1;7.87;1;1.18;1;0.99;1;0.7;1;2.66;1;0;1.41;0.37
18HU03075_025;SEGB-11;44;-50.8083;257434;25;20-nov-03;17:29:00;32.38;1;6.62194133452754;1;7.79;1;0.93;1;1.03;1;0.77;1;2.6;1;0;1.34;0.40
18HU03075_025;SEGB-11;44;-50.8083;257433;40;20-nov-03;17:29:00;32.38;1;6.60694133452754;1;7.68;1;0.59;1;NaN;9;NaN;9;NaN;9;0;NaN;NaN
18HU03075_025;SEGB-11;44;-50.8083;257432;50;20-nov-03;17:29:00;32.63;1;6.79493954321541;1;2.66;1;0.26;1;4.39;1;2.02;1;9.33;1;0;2.17;0.47
18HU03075_025;SEGB-11;44;-50.8083;257431;69;20-nov-03;17:29:00;32.63;1;6.78293999104344;1;2.64;1;0.32;1;2.7;1;0.96;1;8.65;1;0;2.81;0.31
18HU03075_036;SEGB-12;43.6333;-50.5167;257444;5;20-nov-03;20:38:00;32.42;1;6.58994178235558;1;8.38;1;1.16;1;0.53;1;0.4;1;2.57;1;0;1.32;0.21
18HU03075_036;SEGB-12;43.6333;-50.5167;257443;10;20-nov-03;20:38:00;32.42;1;6.58394088669951;1;8.38;1;1.19;1;0.48;1;0.3;1;1.98;1;0;1.60;0.24
18HU03075_036;SEGB-12;43.6333;-50.5167;257442;20;20-nov-03;20:38:00;32.42;1;6.58694133452754;1;8.38;1;1.14;1;0.48;1;0.33;1;2.37;1;0;1.45;0.20
18HU03075_036;SEGB-12;43.6333;-50.5167;257441;30;20-nov-03;20:38:00;32.42;1;6.55894088669951;1;8.35;1;1.11;1;1.31;1;1.2;1;3.5;1;0;1.09;0.37
18HU03075_036;SEGB-12;43.6333;-50.5167;257440;40;20-nov-03;20:38:00;32.42;1;6.53194133452754;1;8.31;1;1.22;1;1.23;1;1.12;1;3.34;1;0;1.10;0.37
18HU03075_036;SEGB-12;43.6333;-50.5167;257439;50;20-nov-03;20:38:00;32.88;1;6.21394536497985;1;3.29;1;0.25;1;3;1;1.02;1;7.43;1;0;2.94;0.40
18HU03075_036;SEGB-12;43.6333;-50.5167;257438;64;20-nov-03;20:38:00;32.91;1;6.20594491715181;1;3.01;1;0.31;1;4.41;1;1.74;1;8.59;1;0;2.53;0.51
18HU03075_047;SEGB-13;43.2;-50.1667;257451;5;20-nov-03;23:33:00;32.44;1;6.91893864755934;1;6.79;1;2.17;1;0.48;1;0.37;1;1.74;1;0;1.30;0.28
18HU03075_047;SEGB-13;43.2;-50.1667;257450;10;20-nov-03;23:33:00;32.44;1;6.94793775190327;1;6.71;1;1.95;1;0.48;1;0.44;1;2.32;1;0;1.09;0.21
18HU03075_047;SEGB-13;43.2;-50.1667;257449;20;20-nov-03;23:33:00;32.45;1;7.0769368562472;1;6.04;1;2.72;1;1.3;1;0.45;1;2.47;1;0;2.89;0.53
18HU03075_047;SEGB-13;43.2;-50.1667;257448;31;20-nov-03;23:33:00;32.5;1;7.05793775190327;1;4.4;1;2.2;1;1.22;1;0.54;1;2.4;1;0;2.26;0.51
18HU03075_047;SEGB-13;43.2;-50.1667;257447;41;20-nov-03;23:33:00;32.58;1;6.98993730407524;1;3.83;1;1.84;1;3.49;1;0.68;1;4.26;1;0;5.13;0.82
18HU03075_047;SEGB-13;43.2;-50.1667;257446;50;20-nov-03;23:33:00;32.62;1;6.9509381997313;1;3.52;1;1.12;1;2.4;1;0.5;1;3.74;1;0;4.80;0.64
18HU03075_047;SEGB-13;43.2;-50.1667;257445;65;20-nov-03;23:33:00;32.75;1;6.87793775190327;1;2.73;1;1.52;1;2.74;1;0.67;1;6.58;1;0;4.09;0.42
18HU03075_058;SEGB-14;42.92;-49.9417;257452;165;21-nov-03;01:52:00;33.76;1;6.74693909538737;1;0.54;1;NaN;9;NaN;9;NaN;9;NaN;9;0;NaN;NaN
18HU03075_069;SEGB-15;42.85;-49.8867;257462;5;21-nov-03;02:44:00;32.59;1;7.218934169279;1;3.05;1;1.15;1;3.43;1;0.62;1;3.98;1;0;5.53;0.86
18HU03075_069;SEGB-15;42.85;-49.8867;257461;10;21-nov-03;02:44:00;32.84;1;7.01993730407524;1;1.82;1;0.4;1;7.31;1;0.93;1;7.28;1;0;7.86;1.00
18HU03075_069;SEGB-15;42.85;-49.8867;257460;20;21-nov-03;02:44:00;33.11;1;6.99493730407524;1;0.65;1;0.19;1;7.47;1;0.93;1;7.74;1;0;8.03;0.97
18HU03075_069;SEGB-15;42.85;-49.8867;257459;30;21-nov-03;02:44:00;33.18;1;6.9869368562472;1;0.51;1;0.19;1;5.91;1;0.85;1;7.29;1;0;6.95;0.81
18HU03075_069;SEGB-15;42.85;-49.8867;257458;40;21-nov-03;02:44:00;33.24;1;6.97493730407524;1;0.37;1;0.15;1;5.74;1;0.81;1;6.89;1;0;7.09;0.83
18HU03075_069;SEGB-15;42.85;-49.8867;257457;51;21-nov-03;02:44:00;33.3;1;6.96493730407524;1;0.33;1;0.17;1;8.1;1;0.94;1;8.21;1;0;8.62;0.99
18HU03075_069;SEGB-15;42.85;-49.8867;257456;76;21-nov-03;02:44:00;33.48;1;6.90293775190327;1;0.03;1;0.08;1;8.2;1;0.95;1;8.28;1;0;8.63;0.99
18HU03075_069;SEGB-15;42.85;-49.8867;257455;100;21-nov-03;02:44:00;33.6;1;6.83993954321541;1;0.36;1;0.08;1;7;1;0.83;1;6.95;1;0;8.43;1.01
18HU03075_069;SEGB-15;42.85;-49.8867;257454;151;21-nov-03;02:44:00;33.76;1;6.74393864755934;1;0.62;1;NaN;9;8.32;1;0.9;1;8.42;1;0;9.24;0.99
18HU03075_069;SEGB-15;42.85;-49.8867;257453;389;21-nov-03;02:44:00;34.7;1;6.32294223018361;1;3.83;1;NaN;9;11.99;1;1.07;1;8.51;1;0;11.21;1.41
18HU03075_080;SEGB-16;42.775;-49.8283;257463;1361;21-nov-03;05:04:00;34.84;1;6.51394088669951;1;3.46;1;NaN;9;NaN;9;NaN;9;NaN;9;0;NaN;NaN
18HU03075_091;SEGB-17;42.5883;-49.6833;257464;2528;21-nov-03;07:38:00;34.9;1;6.25994402149575;1;2.65;1;NaN;9;NaN;9;NaN;9;NaN;9;0;NaN;NaN
18HU03075_102;SEGB-18;42.395;-49.5183;257474;5;21-nov-03;13:26:00;33.15;1;6.30094267801164;1;10.79;1;1.27;1;0.36;1;0.22;1;1.32;1;0;1.64;0.27
18HU03075_102;SEGB-18;42.395;-49.5183;257473;9;21-nov-03;13:26:00;33.15;1;6.29994402149575;1;10.78;1;1.01;1;0.49;1;0.25;1;1.32;1;0;1.96;0.37
18HU03075_102;SEGB-18;42.395;-49.5183;257472;20;21-nov-03;13:26:00;33.17;1;6.24694357366771;1;10.77;1;1;1;1.31;1;0.29;1;2.45;1;0;4.52;0.53
18HU03075_102;SEGB-18;42.395;-49.5183;257471;30;21-nov-03;13:26:00;33.19;1;6.20194581280788;1;10.83;1;0.93;1;0.81;1;0.28;1;1.63;1;0;2.89;0.50
18HU03075_102;SEGB-18;42.395;-49.5183;257470;40;21-nov-03;13:26:00;33.22;1;6.14394536497985;1;10.24;1;0.27;1;1.14;1;0.3;1;1.52;1;0;3.80;0.75
18HU03075_102;SEGB-18;42.395;-49.5183;257469;49;21-nov-03;13:26:00;33.24;1;6.29094267801164;1;8.58;1;0.18;1;3.48;1;0.47;1;2.58;1;0;7.40;1.35
18HU03075_102;SEGB-18;42.395;-49.5183;257468;74;21-nov-03;13:26:00;33.79;1;6.32994402149575;1;5.77;1;0.07;1;7.31;1;0.71;1;4.2;1;0;10.30;1.74
18HU03075_102;SEGB-18;42.395;-49.5183;257467;100;21-nov-03;13:26:00;34.35;1;5.74494849977609;1;5.17;1;0.02;1;13.29;1;1.07;1;7.43;1;0;12.42;1.79
18HU03075_102;SEGB-18;42.395;-49.5183;257466;151;21-nov-03;13:26:00;34.56;1;5.50995073891626;1;4.76;1;NaN;9;15.52;1;1.22;1;8.59;1;0;12.72;1.81
18HU03075_102;SEGB-18;42.395;-49.5183;257465;2943;21-nov-03;13:26:00;34.89;1;6.26094491715181;1;2.24;1;NaN;9;13.22;1;1.04;1;13.19;1;0;12.71;1.00
18HU03075_277;FC-12;47;-48.1167;257604;6;25-nov-03;07:54:00;32.25;1;7.1619368562472;1;4.62;1;0.54;1;2.18;1;0.47;1;3.13;1;0;4.64;0.70
18HU03075_277;FC-12;47;-48.1167;257603;11;25-nov-03;07:54:00;32.3;1;7.23693461710703;1;4.24;1;0.73;1;1.81;1;0.49;1;2.99;1;0;3.69;0.61
18HU03075_277;FC-12;47;-48.1167;257602;21;25-nov-03;07:54:00;32.78;1;7.44393193013883;1;2.52;1;1.09;1;3.63;1;0.56;1;4.52;1;0;6.48;0.80
18HU03075_277;FC-12;47;-48.1167;257601;30;25-nov-03;07:54:00;32.93;1;7.36093372145096;1;2.54;1;0.75;1;3.95;1;0.65;1;4.71;1;0;6.08;0.84
18HU03075_277;FC-12;47;-48.1167;257600;40;25-nov-03;07:54:00;32.97;1;7.3129355127631;1;2.76;1;0.52;1;3.68;1;0.54;1;4.23;1;0;6.81;0.87
18HU03075_277;FC-12;47;-48.1167;257599;51;25-nov-03;07:54:00;33.01;1;7.23193461710703;1;3;1;0.37;1;3.68;1;0.57;1;4.17;1;0;6.46;0.88
18HU03075_277;FC-12;47;-48.1167;257598;76;25-nov-03;07:54:00;33.11;1;7.1069368562472;1;1.93;1;0.21;1;NaN;9;NaN;9;NaN;9;0;NaN;NaN
18HU03075_277;FC-12;47;-48.1167;257597;101;25-nov-03;07:54:00;33.2;1;6.95293775190327;1;-1.01;1;0.07;1;9.72;1;1.27;1;11.09;1;0;7.65;0.88
18HU03075_277;FC-12;47;-48.1167;257596;129;25-nov-03;07:54:00;33.35;1;6.75793999104344;1;-0.79;1;NaN;9;10.94;1;1.24;1;13.19;1;0;8.82;0.83
18HU03075_278;FC-11;47;-48.6167;257605;100;25-nov-03;10:20:00;33.2;1;6.65993954321541;1;-0.93;1;NaN;9;NaN;9;NaN;9;NaN;9;0;NaN;NaN
18HU03075_279;FC-10;47;-49.1167;257612;5;25-nov-03;12:13:00;32.06;1;7.0279355127631;1;5.49;1;0.88;1;0.97;1;0.41;1;2.33;1;0;2.37;0.42
18HU03075_279;FC-10;47;-49.1167;257611;10;25-nov-03;12:13:00;32.06;1;7.03093596059113;1;5.48;1;0.86;1;1.14;1;0.5;1;2.81;1;0;2.28;0.41
18HU03075_279;FC-10;47;-49.1167;257610;20;25-nov-03;12:13:00;32.12;1;7.03293775190327;1;5.15;1;0.54;1;1.94;1;0.55;1;3.07;1;0;3.53;0.63
18HU03075_279;FC-10;47;-49.1167;257609;30;25-nov-03;12:13:00;32.36;1;7.0119368562472;1;3.79;1;0.33;1;2.16;1;0.61;1;3.83;1;0;3.54;0.56
18HU03075_279;FC-10;47;-49.1167;257608;40;25-nov-03;12:13:00;32.51;1;6.94993730407524;1;2.89;1;0.26;1;3.2;1;0.72;1;4.94;1;0;4.44;0.65
18HU03075_279;FC-10;47;-49.1167;257607;50;25-nov-03;12:13:00;32.83;1;6.12694581280788;1;1.86;1;0.15;1;6.32;1;1.15;1;10.42;1;0;5.50;0.61
18HU03075_279;FC-10;47;-49.1167;257606;75;25-nov-03;12:13:00;33.17;1;6.69193909538737;1;-0.71;1;0.1;1;8.87;1;1.01;1;11.74;1;0;8.78;0.76
18HU03075_280;FC-09;47;-50;257619;6;25-nov-03;16:22:00;31.96;1;6.87893864755934;1;6.61;1;1.05;1;0.68;1;0.41;1;2.03;1;0;1.66;0.33
18HU03075_280;FC-09;47;-50;257618;11;25-nov-03;16:22:00;31.96;1;6.87693909538737;1;6.61;1;1.01;1;1.17;1;0.45;1;2.5;1;0;2.60;0.47
18HU03075_280;FC-09;47;-50;257617;20;25-nov-03;16:22:00;31.96;1;6.86993730407524;1;6.6;1;1.05;1;1.26;1;0.46;1;2.55;1;0;2.74;0.49
18HU03075_280;FC-09;47;-50;257616;30;25-nov-03;16:22:00;32.02;1;6.96393864755934;1;5.79;1;0.7;1;0.88;1;0.44;1;2.33;1;0;2.00;0.38
18HU03075_280;FC-09;47;-50;257615;40;25-nov-03;16:22:00;32.2;1;6.76893864755934;1;4.75;1;0.3;1;1.61;1;0.63;1;3.63;1;0;2.56;0.44
18HU03075_280;FC-09;47;-50;257614;50;25-nov-03;16:22:00;32.51;1;6.26794446932378;1;3.47;1;0.16;1;3.27;1;0.81;1;6.34;1;0;4.04;0.52
18HU03075_280;FC-09;47;-50;257613;75;25-nov-03;16:22:00;32.9;1;5.76894760412002;1;1.41;1;0.12;1;6.93;1;1.24;1;12.05;1;0;5.59;0.58
18HU03075_281;STN27;47.5467;-52.5867;257629;4;26-nov-03;14:54:00;31.62;1;7.1519368562472;1;4.68;1;0.6;1;1.11;1;0.44;1;2.93;1;0;2.52;0.38
18HU03075_281;STN27;47.5467;-52.5867;257628;9;26-nov-03;14:54:00;31.7;1;7.20193461710703;1;4.22;1;0.45;1;1.08;1;0.43;1;3.06;1;0;2.51;0.35
18HU03075_281;STN27;47.5467;-52.5867;257627;20;26-nov-03;14:54:00;31.82;1;7.17193461710703;1;3.9;1;0.31;1;1.38;1;0.37;1;3.32;1;0;3.73;0.42
18HU03075_281;STN27;47.5467;-52.5867;257626;29;26-nov-03;14:54:00;31.86;1;7.19893640841917;1;3.7;1;0.33;1;1.44;1;0.45;1;3.42;1;0;3.20;0.42
18HU03075_281;STN27;47.5467;-52.5867;257625;39;26-nov-03;14:54:00;31.87;1;7.2229355127631;1;3.64;1;0.4;1;1.26;1;0.48;1;3.63;1;0;2.63;0.35
18HU03075_281;STN27;47.5467;-52.5867;257624;49;26-nov-03;14:54:00;31.87;1;7.22693461710703;1;3.61;1;0.36;1;1.67;1;0.48;1;3.48;1;0;3.48;0.48
18HU03075_281;STN27;47.5467;-52.5867;257623;75;26-nov-03;14:54:00;32.16;1;7.27993506493507;1;2.5;1;0.14;1;2.01;1;0.48;1;4.09;1;0;4.19;0.49
18HU03075_281;STN27;47.5467;-52.5867;257622;99;26-nov-03;14:54:00;32.5;1;7.40193237796686;1;1.5;1;0.2;1;3.19;1;0.81;1;5.41;1;0;3.94;0.59
18HU03075_281;STN27;47.5467;-52.5867;257621;151;26-nov-03;14:54:00;32.87;1;7.1519368562472;1;-1.1;1;0.03;1;6.6;1;0.71;1;9.01;1;0;9.30;0.73
18HU03075_281;STN27;47.5467;-52.5867;257620;175;26-nov-03;14:54:00;33.16;1;6.73193909538737;1;-0.96;1;NaN;9;9.29;1;0.91;1;14.09;1;0;10.21;0.66
18HU03075_282;FC-08;47;-50.6667;257630;172;26-nov-03;22:16:00;33.25;1;6.74094043887147;1;-0.96;1;NaN;9;NaN;9;NaN;9;NaN;9;0;NaN;NaN
18HU03075_283;FC-07;47;-51;257638;5;26-nov-03;23:32:00;31.92;1;6.9509381997313;1;6.14;1;0.87;1;0.9;1;0.44;1;1.97;1;0;2.05;0.46
18HU03075_283;FC-07;47;-51;257637;10;26-nov-03;23:32:00;31.92;1;6.9569368562472;1;6.15;1;0.86;1;0.75;1;0.46;1;1.91;1;0;1.63;0.39
18HU03075_283;FC-07;47;-51;257636;20;26-nov-03;23:32:00;31.92;1;6.9609381997313;1;6.14;1;0.86;1;0.64;1;0.45;1;1.93;1;0;1.42;0.33
18HU03075_283;FC-07;47;-51;257635;30;26-nov-03;23:32:00;31.93;1;6.9509381997313;1;6.08;1;0.82;1;2.17;1;0.55;1;2.6;1;0;3.95;0.83
18HU03075_283;FC-07;47;-51;257634;40;26-nov-03;23:32:00;32.08;1;7.15993506493507;1;4.12;1;0.38;1;1.89;1;0.62;1;3.18;1;0;3.05;0.59
18HU03075_283;FC-07;47;-51;257633;50;26-nov-03;23:32:00;32.83;1;7.12993506493507;1;-0.28;1;0.11;1;6.27;1;1.03;1;7.24;1;0;6.09;0.87
18HU03075_283;FC-07;47;-51;257632;75;26-nov-03;23:32:00;33.11;1;6.51194133452754;1;-0.71;1;0.04;1;9.03;1;1.34;1;12.47;1;0;6.74;0.72
18HU03075_283;FC-07;47;-51;257631;103;26-nov-03;23:32:00;33.21;1;5.79794670846395;1;-1.03;1;0.06;1;11.13;1;1.22;1;13.83;1;0;9.12;0.80
18HU03075_285;FC-06;47;-51.485;257639;99;27-nov-03;01:49:00;33.12;1;6.74493954321541;1;-0.96;1;NaN;9;NaN;9;NaN;9;NaN;9;0;NaN;NaN
18HU03075_295;FC-05;47;-52.0333;257648;5;27-nov-03;04:06:00;31.87;1;7.2079355127631;1;4.66;1;0.67;1;1.37;1;0.53;1;2.73;1;0;2.58;0.50
18HU03075_295;FC-05;47;-52.0333;257647;10;27-nov-03;04:06:00;31.87;1;7.27693461710703;1;4.31;1;0.87;1;1.66;1;0.58;1;3.09;1;0;2.86;0.54
18HU03075_295;FC-05;47;-52.0333;257646;20;27-nov-03;04:06:00;31.87;1;7.293934169279;1;4.07;1;0.75;1;2.12;1;0.57;1;3.02;1;0;3.72;0.70
18HU03075_295;FC-05;47;-52.0333;257645;30;27-nov-03;04:06:00;31.93;1;7.35593372145096;1;3.5;1;0.49;1;2.38;1;0.57;1;3.44;1;0;4.18;0.69
18HU03075_295;FC-05;47;-52.0333;257644;40;27-nov-03;04:06:00;32.21;1;7.32993506493507;1;2.49;1;0.25;1;3.29;1;0.77;1;4.22;1;0;4.27;0.78
18HU03075_295;FC-05;47;-52.0333;257643;50;27-nov-03;04:06:00;32.3;1;7.338934169279;1;2.52;1;0.2;1;3.13;1;0.73;1;4.25;1;0;4.29;0.74
18HU03075_295;FC-05;47;-52.0333;257642;75;27-nov-03;04:06:00;32.64;1;7.33093372145096;1;-1.04;1;0.05;1;6.77;1;0.93;1;7.44;1;0;7.28;0.91
18HU03075_295;FC-05;47;-52.0333;257641;100;27-nov-03;04:06:00;32.78;1;7.2729355127631;1;-1.2;1;0.05;1;7.96;1;1.16;1;8.83;1;0;6.86;0.90
18HU03075_295;FC-05;47;-52.0333;257640;135;27-nov-03;04:06:00;33.09;1;6.9159381997313;1;-1.19;1;NaN;9;10.59;1;1.17;1;12.72;1;0;9.05;0.83
18HU03075_296;FC-04;47;-52.3217;257657;5;27-nov-03;06:21:00;31.79;1;7.2329355127631;1;4.43;1;0.59;1;1.69;1;0.71;1;3.24;1;0;2.38;0.52
18HU03075_296;FC-04;47;-52.3217;257656;10;27-nov-03;06:21:00;31.79;1;7.23093596059113;1;4.42;1;0.82;1;1.85;1;0.6;1;3.12;1;0;3.08;0.59
18HU03075_296;FC-04;47;-52.3217;257655;20;27-nov-03;06:21:00;31.79;1;7.27493506493507;1;4.06;1;0.65;1;2.42;1;0.64;1;3.65;1;0;3.78;0.66
18HU03075_296;FC-04;47;-52.3217;257654;29;27-nov-03;06:21:00;31.98;1;7.42793327362293;1;3.19;1;0.8;1;2.73;1;0.68;1;3.85;1;0;4.01;0.71
18HU03075_296;FC-04;47;-52.3217;257653;40;27-nov-03;06:21:00;32.16;1;7.34593372145096;1;2.54;1;0.27;1;3.03;1;0.7;1;3.96;1;0;4.33;0.77
18HU03075_296;FC-04;47;-52.3217;257652;49;27-nov-03;06:21:00;32.28;1;7.34293327362293;1;1.88;1;0.14;1;3.43;1;0.77;1;4.34;1;0;4.45;0.79
18HU03075_296;FC-04;47;-52.3217;257651;74;27-nov-03;06:21:00;32.71;1;7.30793327362293;1;-0.82;1;0.07;1;7.55;1;1.11;1;7.73;1;0;6.80;0.98
18HU03075_296;FC-04;47;-52.3217;257650;100;27-nov-03;06:21:00;32.89;1;7.15993506493507;1;-1.23;1;0.03;1;9.15;1;1.2;1;9.96;1;0;7.63;0.92
18HU03075_296;FC-04;47;-52.3217;257649;120;27-nov-03;06:21:00;32.9;1;7.13893640841917;1;-1.23;1;NaN;9;9.49;1;1.05;1;10.16;1;0;9.04;0.93
18HU03075_297;FC-03;47;-52.58;257666;5;27-nov-03;07:55:00;31.93;1;6.9819368562472;1;5.81;1;0.88;1;0.84;1;0.45;1;2.04;1;0;1.87;0.41
18HU03075_297;FC-03;47;-52.58;257665;10;27-nov-03;07:55:00;31.93;1;6.98293775190327;1;5.79;1;0.94;1;0.73;1;0.44;1;2.01;1;0;1.66;0.36
18HU03075_297;FC-03;47;-52.58;257664;20;27-nov-03;07:55:00;31.94;1;7.0519368562472;1;5.32;1;0.63;1;1.15;1;0.53;1;2.5;1;0;2.17;0.46
18HU03075_297;FC-03;47;-52.58;257663;30;27-nov-03;07:55:00;32.03;1;7.28493506493507;1;3.32;1;0.31;1;2.5;1;0.71;1;3.25;1;0;3.52;0.77
18HU03075_297;FC-03;47;-52.58;257662;40;27-nov-03;07:55:00;32.18;1;7.33993506493506;1;2.62;1;0.32;1;2.46;1;0.72;1;3.29;1;0;3.42;0.75
18HU03075_297;FC-03;47;-52.58;257661;50;27-nov-03;07:55:00;32.25;1;7.32493506493507;1;2.31;1;0.23;1;3.63;1;0.74;1;3.94;1;0;4.91;0.92
18HU03075_297;FC-03;47;-52.58;257660;75;27-nov-03;07:55:00;32.66;1;7.368934169279;1;-0.88;1;0.09;1;6.37;1;0.87;1;6.39;1;0;7.32;1.00
18HU03075_297;FC-03;47;-52.58;257659;100;27-nov-03;07:55:00;32.79;1;7.18193461710703;1;-1.23;1;0.02;1;8.47;1;1.1;1;8.81;1;0;7.70;0.96
18HU03075_297;FC-03;47;-52.58;257658;153;27-nov-03;07:55:00;33.13;1;6.80493954321541;1;-0.98;1;NaN;9;9.96;1;1.13;1;11.53;1;0;8.81;0.86
18HU03075_298;FC-02;47;-52.705;257667;183;27-nov-03;09:22:00;33.23;1;6.66993954321541;1;-0.92;1;NaN;9;NaN;9;NaN;9;NaN;9;0;NaN;NaN
18HU03075_299;FC-01;47;-52.8317;257675;5;27-nov-03;10:32:00;31.47;1;7.10493730407524;1;4.88;1;0.39;1;1.4;1;0.54;1;2.67;1;0;2.59;0.52
18HU03075_299;FC-01;47;-52.8317;257674;10;27-nov-03;10:32:00;31.59;1;7.0519368562472;1;4.97;1;0.38;1;1.28;1;0.53;1;2.48;1;0;2.42;0.52
18HU03075_299;FC-01;47;-52.8317;257673;20;27-nov-03;10:32:00;31.65;1;7.03993730407524;1;4.88;1;0.33;1;2.9;1;0.63;1;3;1;0;4.60;0.97
18HU03075_299;FC-01;47;-52.8317;257672;30;27-nov-03;10:32:00;31.65;1;7.03593596059113;1;4.85;1;0.32;1;1.46;1;0.54;1;2.49;1;0;2.70;0.59
18HU03075_299;FC-01;47;-52.8317;257671;40;27-nov-03;10:32:00;31.71;1;7.06593596059113;1;4.48;1;0.31;1;1.59;1;0.6;1;2.99;1;0;2.65;0.53
18HU03075_299;FC-01;47;-52.8317;257670;49;27-nov-03;10:32:00;31.76;1;7.15593596059113;1;4.21;1;0.39;1;1.6;1;0.62;1;2.91;1;0;2.58;0.55
18HU03075_299;FC-01;47;-52.8317;257669;74;27-nov-03;10:32:00;32.18;1;7.25093596059113;1;2.36;1;0.14;1;3;1;0.73;1;3.83;1;0;4.11;0.78
18HU03075_299;FC-01;47;-52.8317;257668;102;27-nov-03;10:32:00;32.69;1;7.21593596059113;1;-0.18;1;0.09;1;6.63;1;1.04;1;7.16;1;0;6.38;0.93
18HU03075_300;STN27;47.5467;-52.5867;257685;4;29-nov-03;00:40:00;31.61;1;7.06793775190327;1;4.7;1;0.31;1;0.9;1;0.42;1;2.71;1;0;2.14;0.33
18HU03075_300;STN27;47.5467;-52.5867;257684;9;29-nov-03;00:40:00;31.61;1;7.06293775190327;1;4.7;1;0.32;1;1.3;1;0.45;1;2.73;1;0;2.89;0.48
18HU03075_300;STN27;47.5467;-52.5867;257683;20;29-nov-03;00:40:00;31.61;1;7.06393640841917;1;4.7;1;0.33;1;1.08;1;0.28;1;2.81;1;0;3.86;0.38
18HU03075_300;STN27;47.5467;-52.5867;257682;29;29-nov-03;00:40:00;31.65;1;7.07093596059113;1;4.46;1;0.22;1;1.29;1;0.46;1;3.1;1;0;2.80;0.42
18HU03075_300;STN27;47.5467;-52.5867;257681;39;29-nov-03;00:40:00;31.71;1;7.07493506493507;1;4.28;1;0.21;1;1.52;1;0.49;1;3.26;1;0;3.10;0.47
18HU03075_300;STN27;47.5467;-52.5867;257680;49;29-nov-03;00:40:00;31.91;1;7.12493506493507;1;3.55;1;0.18;1;1.48;1;0.52;1;3.87;1;0;2.85;0.38
18HU03075_300;STN27;47.5467;-52.5867;257679;75;29-nov-03;00:40:00;32.37;1;7.34593372145096;1;1.59;1;0.15;1;2.25;1;0.43;1;3.94;1;0;5.23;0.57
18HU03075_300;STN27;47.5467;-52.5867;257678;102;29-nov-03;00:40:00;32.61;1;7.32493506493507;1;0.92;1;0.13;1;3.62;1;0.54;1;5.51;1;0;6.70;0.66
18HU03075_300;STN27;47.5467;-52.5867;257677;152;29-nov-03;00:40:00;33.05;1;6.9209381997313;1;-1.11;1;0.05;1;7.45;1;1.25;1;10.23;1;0;5.96;0.73
18HU03075_300;STN27;47.5467;-52.5867;257676;164;29-nov-03;00:40:00;33.16;1;6.66493954321541;1;-0.96;1;NaN;9;8.4;1;0.7;1;13.68;1;0;12.00;0.61
18HU03075_407;TB-07;48;-53.3917;257953;5;04-dec-03;18:27:00;31.53;1;6.94493730407524;1;4.76;1;0.24;1;2.38;1;0.52;1;3.3;1;0;4.58;0.72
18HU03075_407;TB-07;48;-53.3917;257952;11;04-dec-03;18:27:00;31.53;1;6.94793775190327;1;4.77;1;0.24;1;1.81;1;0.52;1;3.15;1;0;3.48;0.57
18HU03075_407;TB-07;48;-53.3917;257951;20;04-dec-03;18:27:00;31.53;1;6.9419368562472;1;4.77;1;0.27;1;1.33;1;0.51;1;3.01;1;0;2.61;0.44
18HU03075_407;TB-07;48;-53.3917;257950;30;04-dec-03;18:27:00;31.55;1;6.93793775190327;1;4.77;1;0.22;1;1.32;1;0.45;1;2.51;1;0;2.93;0.53
18HU03075_407;TB-07;48;-53.3917;257949;39;04-dec-03;18:27:00;31.85;1;6.97893864755934;1;4.12;1;0.03;1;2.87;1;0.63;1;3.52;1;0;4.56;0.82
18HU03075_407;TB-07;48;-53.3917;257948;50;04-dec-03;18:27:00;32.02;1;7.08493730407524;1;3.28;1;0.01;1;2.55;1;0.6;1;3.67;1;0;4.25;0.69
18HU03075_407;TB-07;48;-53.3917;257947;74;04-dec-03;18:27:00;32.32;1;7.31493506493507;1;0.97;1;0.02;1;4.24;1;0.84;1;5.01;1;0;5.05;0.85
18HU03075_407;TB-07;48;-53.3917;257946;100;04-dec-03;18:27:00;32.52;1;7.233934169279;1;0;1;0.03;1;6;1;1.69;1;6.49;1;0;3.55;0.92
18HU03075_407;TB-07;48;-53.3917;257945;151;04-dec-03;18:27:00;32.74;1;7.1829355127631;1;-0.94;1;NaN;9;8.22;1;0.66;1;6.65;1;0;12.45;1.24
18HU03075_407;TB-07;48;-53.3917;257944;569;04-dec-03;18:27:00;34.08;1;4.36696148678907;1;1.36;1;NaN;9;19.12;1;2.15;1;43;1;0;8.89;0.44
18HU03075_408;TB-10;47.7567;-53.6117;257963;5;04-dec-03;23:23:00;31.47;1;6.9409381997313;1;4.97;1;0.36;1;1.07;1;0.42;1;2.64;1;0;2.55;0.41
18HU03075_408;TB-10;47.7567;-53.6117;257962;11;04-dec-03;23:23:00;31.47;1;6.94393640841917;1;4.98;1;0.35;1;1.45;1;0.46;1;2.8;1;0;3.15;0.52
18HU03075_408;TB-10;47.7567;-53.6117;257961;21;04-dec-03;23:23:00;31.47;1;6.93893864755934;1;4.98;1;0.35;1;1.44;1;0.53;1;3.13;1;0;2.72;0.46
18HU03075_408;TB-10;47.7567;-53.6117;257960;30;04-dec-03;23:23:00;31.47;1;6.9359381997313;1;4.98;1;0.31;1;1.16;1;0.45;1;2.74;1;0;2.58;0.42
18HU03075_408;TB-10;47.7567;-53.6117;257959;41;04-dec-03;23:23:00;31.47;1;6.93993730407523;1;4.98;1;0.3;1;1.58;1;0.48;1;2.9;1;0;3.29;0.54
18HU03075_408;TB-10;47.7567;-53.6117;257958;49;04-dec-03;23:23:00;31.5;1;6.9369368562472;1;4.91;1;0.28;1;1.64;1;0.5;1;3.02;1;0;3.28;0.54
18HU03075_408;TB-10;47.7567;-53.6117;257957;75;04-dec-03;23:23:00;32.42;1;7.36293327362293;1;0.32;1;0;1;4.76;1;0.74;1;5.02;1;0;6.43;0.95
18HU03075_408;TB-10;47.7567;-53.6117;257956;101;04-dec-03;23:23:00;32.64;1;7.30693461710703;1;-0.77;1;0.05;1;6.23;1;0.79;1;5.68;1;0;7.89;1.10
18HU03075_408;TB-10;47.7567;-53.6117;257955;150;04-dec-03;23:23:00;32.87;1;7.0279355127631;1;-0.96;1;NaN;9;9.06;1;0.97;1;8.53;1;0;9.34;1.06
18HU03075_408;TB-10;47.7567;-53.6117;257954;284;04-dec-03;23:23:00;33.81;1;5.62994849977609;1;0.85;1;NaN;9;14.23;1;1.25;1;19.1;1;0;11.38;0.75
18HU03075_005;S27-10;47.99;-50.48;257984;134;05-dec-03;17:14:00;33.21;1;6.83493954321541;1;-0.83;1;NaN;9;NaN;9;NaN;9;NaN;9;0;NaN;NaN
18HU03075_006;S27-09;47.94;-50.72;257992;6;05-dec-03;18:31:00;32.53;1;7.4449328257949;1;1.92;1;0.62;1;3.86;1;0.58;1;4.67;1;0;6.66;0.83
18HU03075_006;S27-09;47.94;-50.72;257991;10;05-dec-03;18:31:00;32.53;1;7.44293327362293;1;1.92;1;0.6;1;3.63;1;0.57;1;4.57;1;0;6.37;0.79
18HU03075_006;S27-09;47.94;-50.72;257990;21;05-dec-03;18:31:00;32.53;1;7.4499328257949;1;1.93;1;0.62;1;4.57;1;0.8;1;5.34;1;0;5.71;0.86
18HU03075_006;S27-09;47.94;-50.72;257989;30;05-dec-03;18:31:00;32.53;1;7.44593372145096;1;1.92;1;0.63;1;4.56;1;0.6;1;5.36;1;0;7.60;0.85
18HU03075_006;S27-09;47.94;-50.72;257988;41;05-dec-03;18:31:00;32.54;1;7.438934169279;1;1.9;1;0.71;1;4.23;1;0.6;1;5.16;1;0;7.05;0.82
18HU03075_006;S27-09;47.94;-50.72;257987;51;05-dec-03;18:31:00;32.54;1;7.42593372145096;1;1.89;1;0.73;1;4.75;1;0.62;1;5.47;1;0;7.66;0.87
18HU03075_006;S27-09;47.94;-50.72;257986;74;05-dec-03;18:31:00;32.79;1;7.1519368562472;1;1.04;1;0.12;1;6.73;1;0.91;1;7.1;1;0;7.40;0.95
18HU03075_006;S27-09;47.94;-50.72;257985;99;05-dec-03;18:31:00;33.2;1;6.8559381997313;1;-0.81;1;0.05;1;10.52;1;0.91;1;11.49;1;0;11.56;0.92
18HU03075_007;S27-08;47.89;-50.95;257993;123;05-dec-03;20:15:00;33.19;1;6.8359381997313;1;-0.94;1;NaN;9;NaN;9;NaN;9;NaN;9;0;NaN;NaN
18HU03075_008;S27-07;47.84;-51.19;258003;5;05-dec-03;21:31:00;32.41;1;7.49993282579489;1;1.85;1;0.93;1;4.35;1;0.62;1;5.08;1;0;7.02;0.86
18HU03075_008;S27-07;47.84;-51.19;258002;10;05-dec-03;21:31:00;32.41;1;7.4899328257949;1;1.85;1;1.13;1;4.25;1;0.59;1;4.94;1;0;7.20;0.86
18HU03075_008;S27-07;47.84;-51.19;258001;20;05-dec-03;21:31:00;32.41;1;7.48793327362293;1;1.86;1;0.96;1;4.22;1;0.55;1;4.85;1;0;7.67;0.87
18HU03075_008;S27-07;47.84;-51.19;258000;30;05-dec-03;21:31:00;32.45;1;7.43693237796686;1;1.78;1;0.84;1;4.64;1;0.58;1;5.17;1;0;8.00;0.90
18HU03075_008;S27-07;47.84;-51.19;257999;39;05-dec-03;21:31:00;32.53;1;7.3749328257949;1;1.54;1;0.47;1;4.95;1;0.63;1;5.41;1;0;7.86;0.91
18HU03075_008;S27-07;47.84;-51.19;257998;49;05-dec-03;21:31:00;32.71;1;7.24493506493507;1;0.66;1;0.19;1;6.74;1;0.73;1;6.71;1;0;9.23;1.00
18HU03075_008;S27-07;47.84;-51.19;257997;75;05-dec-03;21:31:00;32.89;1;7.06793775190327;1;-0.75;1;0.04;1;8.94;1;0.82;1;8.93;1;0;10.90;1.00
18HU03075_008;S27-07;47.84;-51.19;257996;100;05-dec-03;21:31:00;33.07;1;6.98093596059113;1;-0.84;1;0.05;1;9.75;1;0.86;1;9.59;1;0;11.34;1.02
18HU03075_008;S27-07;47.84;-51.19;257995;151;05-dec-03;21:31:00;33.34;1;6.71893864755934;1;-0.76;1;NaN;9;11.31;1;0.93;1;13.22;1;0;12.16;0.86
18HU03075_008;S27-07;47.84;-51.19;257994;174;05-dec-03;21:31:00;33.34;1;6.71493954321541;1;-0.75;1;NaN;9;11.36;1;1;1;12.63;1;0;11.36;0.90
18HU03075_009;S27-06;47.79;-51.42;258004;138;05-dec-03;23:25:00;33.32;1;6.66894088669951;1;-0.85;1;NaN;9;NaN;9;NaN;9;NaN;9;0;NaN;NaN
18HU03075_010;S27-05;47.74;-51.65;258013;5;06-dec-03;00:38:00;32.23;1;7.413934169279;1;2.26;1;0.72;1;3.62;1;0.57;1;4.14;1;0;6.35;0.87
18HU03075_010;S27-05;47.74;-51.65;258012;10;06-dec-03;00:38:00;32.23;1;7.41693237796686;1;2.26;1;0.84;1;3.61;1;0.65;1;4.64;1;0;5.55;0.78
18HU03075_010;S27-05;47.74;-51.65;258011;20;06-dec-03;00:38:00;32.25;1;7.40093372145096;1;2.19;1;0.74;1;3.1;1;0.49;1;3.67;1;0;6.33;0.84
18HU03075_010;S27-05;47.74;-51.65;258010;31;06-dec-03;00:38:00;32.38;1;7.3699328257949;1;1.83;1;0.54;1;4.35;1;0.61;1;4.86;1;0;7.13;0.90
18HU03075_010;S27-05;47.74;-51.65;258009;40;06-dec-03;00:38:00;32.49;1;7.31093372145096;1;1.32;1;0.26;1;4.77;1;0.63;1;5.65;1;0;7.57;0.84
18HU03075_010;S27-05;47.74;-51.65;258008;49;06-dec-03;00:38:00;32.68;1;7.283934169279;1;1.07;1;0.12;1;5.55;1;0.63;1;6.17;1;0;8.81;0.90
18HU03075_010;S27-05;47.74;-51.65;258007;73;06-dec-03;00:38:00;32.81;1;7.10093596059113;1;-0.84;1;0.05;1;8.23;1;0.81;1;8.76;1;0;10.16;0.94
18HU03075_010;S27-05;47.74;-51.65;258006;99;06-dec-03;00:38:00;32.91;1;7.04593596059113;1;-0.71;1;0.04;1;8.73;1;0.82;1;9.08;1;0;10.65;0.96
18HU03075_010;S27-05;47.74;-51.65;258005;149;06-dec-03;00:38:00;33.23;1;6.79993954321541;1;-0.96;1;NaN;9;10.75;1;0.95;1;11.84;1;0;11.32;0.91
18HU03075_011;S27-04;47.68;-51.88;258014;179;06-dec-03;02:26:00;33.3;1;6.68094043887147;1;-0.88;1;NaN;9;NaN;9;NaN;9;NaN;9;0;NaN;NaN
18HU03075_012;S27-03;47.63;-52.12;258024;5;06-dec-03;03:36:00;31.9;1;7.313934169279;1;2.82;1;0.58;1;2.7;1;0.58;1;4.2;1;0;4.66;0.64
18HU03075_012;S27-03;47.63;-52.12;258023;10;06-dec-03;03:36:00;31.9;1;7.31093372145096;1;2.82;1;0.57;1;2.58;1;0.52;1;4.01;1;0;4.96;0.64
18HU03075_012;S27-03;47.63;-52.12;258022;20;06-dec-03;03:36:00;31.95;1;7.3129355127631;1;2.74;1;0.62;1;2.91;1;0.54;1;4.26;1;0;5.39;0.68
18HU03075_012;S27-03;47.63;-52.12;258021;29;06-dec-03;03:36:00;31.96;1;7.31093372145096;1;2.7;1;0.56;1;2.57;1;0.38;1;3.73;1;0;6.76;0.69
18HU03075_012;S27-03;47.63;-52.12;258020;40;06-dec-03;03:36:00;32.08;1;7.32593372145096;1;2.51;1;0.43;1;3.79;1;0.67;1;4.8;1;0;5.66;0.79
18HU03075_012;S27-03;47.63;-52.12;258019;51;06-dec-03;03:36:00;32.34;1;7.30993506493507;1;1.87;1;0.21;1;4.52;1;0.66;1;4.82;1;0;6.85;0.94
18HU03075_012;S27-03;47.63;-52.12;258018;76;06-dec-03;03:36:00;32.61;1;7.29993506493507;1;1.36;1;0.13;1;5.27;1;0.69;1;5.46;1;0;7.64;0.97
18HU03075_012;S27-03;47.63;-52.12;258017;101;06-dec-03;03:36:00;32.76;1;7.21993506493506;1;0.69;1;0.1;1;6.3;1;0.69;1;6.51;1;0;9.13;0.97
18HU03075_012;S27-03;47.63;-52.12;258016;150;06-dec-03;03:36:00;33.23;1;6.77793999104344;1;-0.8;1;NaN;9;10.55;1;0.93;1;11.08;1;0;11.34;0.95
18HU03075_012;S27-03;47.63;-52.12;258015;164;06-dec-03;03:36:00;33.32;1;6.58894088669951;1;-0.83;1;NaN;9;11.65;1;0.88;1;15.07;1;0;13.24;0.77
18HU03075_013;S27-02;47.58;-52.35;258025;164;06-dec-03;06:03:00;33.41;1;6.46394312583968;1;-0.62;1;NaN;9;NaN;9;NaN;9;NaN;9;0;NaN;NaN
18HU03075_015;STN27;47.5467;-52.5867;258035;5;06-dec-03;08:45:00;31.66;1;7.10593596059113;1;3.93;1;0.34;1;1.65;1;0.54;1;3.43;1;0;3.06;0.48
18HU03075_015;STN27;47.5467;-52.5867;258034;10;06-dec-03;08:45:00;31.67;1;7.0969368562472;1;3.94;1;0.34;1;1.5;1;0.57;1;3.59;1;0;2.63;0.42
18HU03075_015;STN27;47.5467;-52.5867;258033;21;06-dec-03;08:45:00;31.67;1;7.11993506493507;1;3.91;1;0.44;1;1.81;1;0.54;1;3.18;1;0;3.35;0.57
18HU03075_015;STN27;47.5467;-52.5867;258032;30;06-dec-03;08:45:00;31.71;1;7.12393640841917;1;3.86;1;0.4;1;2.32;1;0.71;1;4.15;1;0;3.27;0.56
18HU03075_015;STN27;47.5467;-52.5867;258031;40;06-dec-03;08:45:00;31.73;1;7.1119368562472;1;3.85;1;0.3;1;1.81;1;0.58;1;3.57;1;0;3.12;0.51
18HU03075_015;STN27;47.5467;-52.5867;258030;51;06-dec-03;08:45:00;31.88;1;7.15093596059113;1;3.4;1;0.25;1;2.04;1;0.62;1;3.76;1;0;3.29;0.54
18HU03075_015;STN27;47.5467;-52.5867;258029;75;06-dec-03;08:45:00;32.31;1;7.2579355127631;1;1.55;1;0.09;1;3.64;1;0.76;1;5.04;1;0;4.79;0.72
18HU03075_015;STN27;47.5467;-52.5867;258028;99;06-dec-03;08:45:00;32.52;1;7.28693461710703;1;0.45;1;0.09;1;4.77;1;0.84;1;6.39;1;0;5.68;0.75
18HU03075_015;STN27;47.5467;-52.5867;258027;151;06-dec-03;08:45:00;32.98;1;6.9009381997313;1;-0.95;1;0.03;1;8.33;1;1.05;1;11.11;1;0;7.93;0.75
18HU03075_015;STN27;47.5467;-52.5867;258026;174;06-dec-03;08:45:00;33.2;1;6.71993954321541;1;-0.96;1;NaN;9;9.9;1;1.07;1;13.51;1;0;9.25;0.73
