CTD;CTD;CTD;CTD;CTD;CTD;CTD;CTD;CTD;CTD;labo;labo;labo;labo;labo;labo;labo;labo;labo;labo;labo;labo;labo;calc;calc
Fichier;Station;Latitude;Longitude;Echantillon;zbouteille;Date;Heure;PSAL;TEMP_XX;OXYM_01;Q_OXYM;CHL_XX;Q_CHL;NO2_01;Q_NO2;NOx_01;Q_NOX;PO4_01;Q_PO4;Si_01;Q_Si;QCFF;N_P;N_Si
(nom);(nom/no);(degres);(degres);(no_unique);(dbar);(jj-mmm-yyyy);(GMT);(psu);(celsius);(mmol/m**3);((none));(mg/m**3);((none));(mmol/m**3);((none));(mmol/m**3);((none));(mmol/m**3);((none));(mmol/m**3);((none));((none));((none));((none))
18NA96013_113;CAST#1;46.0537;-60.626;158704;1;07-jul-96;12:26:00;22.316;15.59;6.322;1;NaN;9;0.1015;1;0.09;1;0.2605;1;1.735;1;0;0.35;0.05
18NA96013_113;CAST#1;46.0537;-60.626;158703;34;07-jul-96;12:26:00;25.16;4.939;7.125;1;NaN;9;0.161;1;3.685;1;0.6695;1;5.35;1;0;5.50;0.69
18NA96013_113;CAST#1;46.0537;-60.626;158702;69;07-jul-96;12:26:00;25.186;1.14;7.163;1;NaN;9;0.1305;1;6.62;1;0.87;1;8.765;1;0;7.61;0.76
18NA96013_113;CAST#1;46.0537;-60.626;158701;136;07-jul-96;12:26:00;25.513;-0.002;7.572;1;NaN;9;0.1455;1;5.94;1;1.098;1;10.375;1;0;5.41;0.57
18NA96013_225;CAST#1;46.0707;-60.6447;158706;7;07-jul-96;12:57:00;22.603;14.411;6.436;1;NaN;9;0.1045;1;0.07;1;0.286;1;2.005;1;0;0.24;0.03
18NA96013_225;CAST#1;46.0707;-60.6447;158705;35;07-jul-96;12:57:00;25.125;5.499;7.056;1;NaN;9;0.2855;1;3.055;1;0.707;1;4.925;1;0;4.32;0.62
18NA96013_264;CAST#1;46.1108;-60.555;158710;1;07-jul-96;13:42:00;22.237;16.243;6.228;1;NaN;9;0.094;1;0.03;1;0.2255;1;2.06;1;0;0.13;0.01
18NA96013_264;CAST#1;46.1108;-60.555;158709;5;07-jul-96;13:42:00;22.248;16.187;6.225;1;NaN;9;0.1055;1;0.05;1;0.256;1;2.13;1;0;0.20;0.02
18NA96013_264;CAST#1;46.1108;-60.555;158708;15;07-jul-96;13:42:00;24.32;9.696;6.601;1;NaN;9;0.102;1;0.145;1;0.1915;1;2.23;1;0;0.76;0.07
18NA96013_264;CAST#1;46.1108;-60.555;158707;225;07-jul-96;13:42:00;25.569;0.196;4.726;1;NaN;9;0.1215;1;14.045;1;1.4855;1;24.73;1;0;9.45;0.57
18NA96013_284;CAST#1;46.2197;-60.3697;158712;5;07-jul-96;15:08:00;22.146;17.624;6.03;1;NaN;9;0.1005;1;0.01;1;0.229;1;2.02;1;0;0.04;0.00
18NA96013_284;CAST#1;46.2197;-60.3697;158711;15;07-jul-96;15:08:00;22.609;17.156;6.028;1;NaN;9;0.1075;1;0.025;1;0.28;1;2.175;1;0;0.09;0.01
18NA96013_304;CAST#1;46.2275;-60.3217;158715;1;07-jul-96;15:30:00;22.187;18.184;5.988;1;NaN;9;0.0995;1;0.02;1;0.2145;1;2.115;1;0;0.09;0.01
18NA96013_304;CAST#1;46.2275;-60.3217;158714;4;07-jul-96;15:30:00;22.186;18.159;5.987;1;NaN;9;0.0965;1;0;1;0.19;1;1.985;1;0;0.00;0.00
18NA96013_304;CAST#1;46.2275;-60.3217;158713;7;07-jul-96;15:30:00;22.184;18.086;5.986;1;NaN;9;0.101;1;0.01;1;0.234;1;2.07;1;0;0.04;0.00
18NA96013_315;CAST#1;46.1785;-60.4088;158718;1;07-jul-96;16:10:00;22.076;17.711;6.059;1;NaN;9;0.096;1;0;1;0.1925;1;1.755;1;0;0.00;0.00
18NA96013_315;CAST#1;46.1785;-60.4088;158717;5;07-jul-96;16:10:00;22.081;17.617;6.077;1;NaN;9;0.102;1;0.01;1;0.2225;1;2.125;1;0;0.04;0.00
18NA96013_315;CAST#1;46.1785;-60.4088;158716;15;07-jul-96;16:10:00;22.962;12.589;6.251;1;NaN;9;0.0995;1;0.02;1;0.223;1;2.25;1;0;0.09;0.01
18NA96013_326;CAST#1;46.1852;-60.4348;158723;5;07-jul-96;16:39:00;22.156;17.237;6.102;1;NaN;9;0.101;1;0.04;1;0.178;1;2.015;1;0;0.22;0.02
18NA96013_326;CAST#1;46.1852;-60.4348;158722;25;07-jul-96;16:39:00;24.779;2.94;7.434;1;NaN;9;0.1365;1;3.29;1;0.5645;1;5.075;1;0;5.83;0.65
18NA96013_326;CAST#1;46.1852;-60.4348;158721;50;07-jul-96;16:39:00;25.099;1.033;7.241;1;NaN;9;0.116;1;6.12;1;0.742;1;8.875;1;0;8.25;0.69
18NA96013_326;CAST#1;46.1852;-60.4348;158720;100;07-jul-96;16:39:00;25.439;0.319;5.856;1;NaN;9;0.111;1;11.11;1;1.162;1;17.415;1;0;9.56;0.64
18NA96013_326;CAST#1;46.1852;-60.4348;158719;175;07-jul-96;16:39:00;25.562;0.202;4.784;1;NaN;9;0.115;1;14.76;1;1.5005;1;25.845;1;0;9.84;0.57
18NA96013_339;CAST#2;46.1447;-60.5005;158730;1;07-jul-96;17:23:00;22.188;17.245;6.12;1;NaN;9;0.092;1;0.01;1;0.1735;1;1.895;1;0;0.06;0.01
18NA96013_339;CAST#2;46.1447;-60.5005;158729;5;07-jul-96;17:23:00;22.19;17.131;6.13;1;NaN;9;0.0985;1;0.01;1;0.182;1;2.015;1;0;0.05;0.00
18NA96013_339;CAST#2;46.1447;-60.5005;158728;15;07-jul-96;17:23:00;23.555;10.88;6.773;1;NaN;9;0.097;1;0.03;1;0.2005;1;2.17;1;0;0.15;0.01
18NA96013_339;CAST#1;46.1447;-60.5005;158727;50;07-jul-96;17:23:00;25.086;1.87;7.304;1;NaN;9;0.1165;1;5.15;1;0.636;1;7.17;1;0;8.10;0.72
18NA96013_339;CAST#1;46.1447;-60.5005;158726;100;07-jul-96;17:23:00;25.43;0.326;5.972;1;NaN;9;0.1125;1;11.155;1;1.1045;1;16.62;1;0;10.10;0.67
18NA96013_339;CAST#1;46.1447;-60.5005;158725;150;07-jul-96;17:23:00;25.556;0.208;NaN;9;NaN;9;0.112;1;14.065;1;1.4815;1;25.385;1;0;9.49;0.55
18NA96013_339;CAST#1;46.1447;-60.5005;158724;257;07-jul-96;17:23:00;25.576;0.192;4.724;1;NaN;9;0.1095;1;14.9;1;1.5685;1;27.32;1;0;9.50;0.55
18NA96013_003;CAST#1;46.1327;-60.5453;158732;3;07-jul-96;18:13:00;22.309;16.803;6.183;1;NaN;9;0.0885;1;0;1;0.1915;1;2.13;1;0;0.00;0.00
18NA96013_003;CAST#1;46.1327;-60.5453;158731;7;07-jul-96;18:13:00;22.448;15.678;6.269;1;NaN;9;0.0875;1;0.06;1;0.198;1;2.145;1;0;0.30;0.03
18NA96013_014;CAST#1;46.036;-60.7258;158737;9;07-jul-96;19:31:00;22.878;14.455;6.652;1;NaN;9;0.077;1;0.06;1;0.179;1;1.915;1;0;0.34;0.03
18NA96013_014;CAST#1;46.036;-60.7258;158736;42;07-jul-96;19:31:00;25.299;5.692;6.985;1;NaN;9;0.306;1;3.12;1;0.5115;1;5.26;1;0;6.10;0.59
18NA96013_014;CAST#1;46.036;-60.7258;158735;72;07-jul-96;19:31:00;25.597;0.294;7.801;1;NaN;9;0.096;1;5.16;1;0.68;1;7.105;1;0;7.59;0.73
18NA96013_014;CAST#1;46.036;-60.7258;158734;97;07-jul-96;19:31:00;25.639;0.057;7.767;1;NaN;9;0.1045;1;5.67;1;0.7355;1;8.165;1;0;7.71;0.69
18NA96013_014;CAST#1;46.036;-60.7258;158733;172;07-jul-96;19:31:00;25.652;0.021;7.748;1;NaN;9;0.117;1;5.13;1;0.7625;1;7.745;1;0;6.73;0.66
18NA96013_025;CAST#1;45.9845;-60.767;158739;7;07-jul-96;20:12:00;22.872;13.973;6.493;1;NaN;9;0.0775;1;0;1;0.1645;1;1.605;1;0;0.00;0.00
18NA96013_025;CAST#1;45.9845;-60.767;158738;25;07-jul-96;20:12:00;25.165;6.42;6.951;1;NaN;9;0.253;1;2.12;1;0.49;1;4.2;1;0;4.33;0.50
18NA96013_036;CAST#1;45.9525;-60.8045;158741;7;08-jul-96;11:18:00;22.406;14.974;6.376;1;0.3204;1;0.0695;1;0.01;1;0.179;1;1.435;1;0;0.06;0.01
18NA96013_036;CAST#1;45.9525;-60.8045;158740;25;08-jul-96;11:18:00;24.294;10.391;6.646;1;0.4806;1;0.214;1;0.63;1;0.3695;1;3.215;1;0;1.71;0.20
18NA96013_047;CAST#1;45.9217;-60.8277;158745;1;08-jul-96;11:42:00;21.462;16.257;6.287;1;0.3204;1;0.064;1;0;1;0.116;1;0.93;1;0;0.00;0.00
18NA96013_047;CAST#1;45.9217;-60.8277;158744;5;08-jul-96;11:42:00;21.464;16.15;6.305;1;NaN;9;0.078;1;0;1;0.1005;1;0.995;1;0;0.00;0.00
18NA96013_047;CAST#1;45.9217;-60.8277;158743;30;08-jul-96;11:42:00;24.138;9.625;6.73;1;NaN;9;0.3145;1;0.85;1;0.353;1;3.555;1;0;2.41;0.24
18NA96013_047;CAST#1;45.9217;-60.8277;158742;53;08-jul-96;11:42:00;24.219;8.012;6.759;1;NaN;9;0.4535;1;1.455;1;0.4705;1;4.825;1;0;3.09;0.30
18NA96013_058;CAST#1;45.8933;-60.9082;158747;5;08-jul-96;12:18:00;21.512;16.395;6.202;1;NaN;9;0.0595;1;0;7;0.1065;1;1.025;1;32;0.00;0.00
18NA96013_058;CAST#1;45.8933;-60.9082;158746;15;08-jul-96;12:18:00;23.083;12.508;6.567;1;NaN;9;0.0695;1;0;7;0.2175;1;1.965;1;32;0.00;0.00
18NA96013_069;CAST#1;45.8733;-61.071;158749;1;08-jul-96;13:43:00;20.161;19.076;6.613;1;0.4806;1;0.07;1;0.115;1;0.2005;1;1.37;1;0;0.57;0.08
18NA96013_069;CAST#1;45.8733;-61.071;158748;4;08-jul-96;13:43:00;21.272;16.456;6.134;1;0.4005;1;0.0615;1;0;1;0.1115;1;1.91;1;0;0.00;0.00
18NA96013_080;CAST#1;45.8895;-60.9992;158751;1;08-jul-96;14:10:00;20.302;19.495;6.239;1;0.3204;1;0.075;1;0.065;1;0.152;1;1.19;1;0;0.43;0.05
18NA96013_080;CAST#1;45.8895;-60.9992;158750;4;08-jul-96;14:10:00;20.399;18.76;6.223;1;NaN;9;0.0735;1;0.08;1;0.1455;1;1.14;1;0;0.55;0.07
18NA96013_091;CAST#1;45.9032;-61.0558;158753;1;08-jul-96;15:16:00;20.39;19.527;5.988;1;0.3204;1;0.07;1;0.055;1;0.1535;1;1.31;1;0;0.36;0.04
18NA96013_091;CAST#1;45.9032;-61.0558;158752;7;08-jul-96;15:16:00;21.774;13.774;6.883;1;0.4806;1;0.0745;1;0.05;1;0.3025;1;1.735;1;0;0.17;0.03
18NA96013_102;CAST#1;45.916;-60.9632;158756;1;08-jul-96;15:59:00;21.319;17.341;6.222;1;0.2403;1;0.0725;1;0.04;1;0.157;1;1.16;1;0;0.25;0.03
18NA96013_102;CAST#1;45.916;-60.9632;158755;5;08-jul-96;15:59:00;21.739;15.646;6.464;1;0.4005;1;0.0705;1;0.045;1;0.187;1;1.16;1;0;0.24;0.04
18NA96013_102;CAST#1;45.916;-60.9632;158754;11;08-jul-96;15:59:00;21.979;13.883;6.559;1;0.5607;1;0.0745;1;0.05;1;0.2305;1;1.49;1;0;0.22;0.03
18NA96013_114;CAST#1;45.7857;-61.0115;158760;2;08-jul-96;17:17:00;21.612;15.903;6.428;1;0.1602;1;0.077;1;0.03;1;0.162;1;1.115;1;0;0.19;0.03
18NA96013_114;CAST#1;45.7857;-61.0115;158759;6;08-jul-96;17:17:00;21.562;15.583;6.431;1;0.2403;1;0.075;1;0.025;1;0.168;1;1.1;1;0;0.15;0.02
18NA96013_114;CAST#1;45.7857;-61.0115;158758;16;08-jul-96;17:17:00;21.876;6.296;7.318;1;1.1214;1;0.08;1;0.02;1;0.2515;1;1.875;1;0;0.08;0.01
18NA96013_114;CAST#1;45.7857;-61.0115;158757;62;08-jul-96;17:17:00;22.047;5.134;6.85;1;NaN;9;0.2115;1;0.25;1;0.392;1;4.15;1;0;0.64;0.06
18NA96013_127;CAST#1;45.7287;-61.0955;158763;1;08-jul-96;17:59:00;21.519;15.989;6.518;1;0.2403;1;0.0725;1;0.015;1;0.1625;1;1.17;1;0;0.09;0.01
18NA96013_127;CAST#1;45.7287;-61.0955;158762;5;08-jul-96;17:59:00;21.535;15.003;6.531;1;0.2403;1;0.0765;1;0.02;1;0.1595;1;1.17;1;0;0.13;0.02
18NA96013_127;CAST#1;45.7287;-61.0955;158761;25;08-jul-96;17:59:00;21.715;4.127;6.413;1;0.7209;1;0.0845;1;0.025;1;0.389;1;5.725;1;0;0.06;0.00
18NA96013_138;CAST#1;45.7843;-61.0817;158766;1;08-jul-96;18:33:00;21.537;15.973;6.598;1;0.0801;1;0.0715;1;0;1;0.164;1;1.155;1;0;0.00;0.00
18NA96013_138;CAST#1;45.7843;-61.0817;158765;5;08-jul-96;18:33:00;21.671;14.569;6.678;1;0.1602;1;0.074;1;0.025;1;0.1885;1;1.255;1;0;0.13;0.02
18NA96013_138;CAST#1;45.7843;-61.0817;158764;22;08-jul-96;18:33:00;21.746;4.777;7.025;1;NaN;9;0.0755;1;0.02;1;0.318;1;3.215;1;0;0.06;0.01
18NA96013_149;CAST#1;45.8037;-60.9128;158769;5;08-jul-96;19:26:00;21.538;16.035;6.347;1;0;1;0.0705;1;0;1;0.14;1;1.03;1;0;0.00;0.00
18NA96013_149;CAST#1;45.8037;-60.9128;158768;25;08-jul-96;19:26:00;22.301;6.099;7.191;1;NaN;9;0.1805;1;0.17;1;0.2945;1;2.18;1;0;0.58;0.08
18NA96013_149;CAST#1;45.8037;-60.9128;158767;42;08-jul-96;19:26:00;22.449;6.303;7.054;1;NaN;9;0.278;1;0.42;1;0.341;1;2.905;1;0;1.23;0.14
18NA96013_182;CAST#1;46.0153;-60.7457;158775;1;09-jul-96;11:54:00;22.252;15.609;6.275;1;0.3204;1;0.0665;1;0.34;1;0.188;1;1.595;1;0;1.81;0.21
18NA96013_182;CAST#1;46.0153;-60.7457;158774;7;09-jul-96;11:54:00;22.761;14.498;6.356;1;0.3204;1;0.1045;1;0.08;1;0.1865;1;1.595;1;0;0.43;0.05
18NA96013_182;CAST#1;46.0153;-60.7457;158773;40;09-jul-96;11:54:00;25.228;5.275;7.053;1;0;1;0.1295;1;3.13;1;0.564;1;5.065;1;0;5.55;0.62
18NA96013_182;CAST#1;46.0153;-60.7457;158772;75;09-jul-96;11:54:00;25.497;1.048;7.649;1;NaN;9;0.0905;1;4.86;1;0.67;1;6.635;1;0;7.25;0.73
18NA96013_182;CAST#1;46.0153;-60.7457;158771;100;09-jul-96;11:54:00;25.614;0.191;7.772;1;NaN;9;0.094;1;5.53;1;0.726;1;7.685;1;0;7.62;0.72
18NA96013_182;CAST#1;46.0153;-60.7457;158770;162;09-jul-96;11:54:00;25.644;0.046;7.758;1;NaN;9;0.0945;1;5.765;1;0.7665;1;8.1;1;0;7.52;0.71
18NA96013_193;CAST#1;46.0252;-60.764;158777;7;09-jul-96;12:29:00;22.792;14.805;6.347;1;0.2403;1;0.074;1;0.16;1;0.189;1;1.66;1;0;0.85;0.10
18NA96013_193;CAST#1;46.0252;-60.764;158776;18;09-jul-96;12:29:00;25.341;10.913;6.481;1;0.5607;1;0.2145;1;0.875;1;0.4205;1;3.175;1;0;2.08;0.28
18NA96013_204;CAST#1;46.0813;-60.6778;158779;5;09-jul-96;13:03:00;22.29;16.196;6.189;1;0.1602;1;0.0585;1;0.1;1;0.181;1;1.635;1;0;0.55;0.06
18NA96013_204;CAST#1;46.0813;-60.6778;158778;10;09-jul-96;13:03:00;22.775;15.342;6.347;1;0.4005;1;0.0635;1;0.01;1;0.1955;1;1.81;1;0;0.05;0.01
18NA96013_215;CAST#1;46.0867;-60.6853;158784;1;09-jul-96;13:19:00;22.095;16.429;6.173;1;0.2403;1;0.0585;1;0.19;1;0.1875;1;2.15;1;0;1.01;0.09
18NA96013_215;CAST#1;46.0867;-60.6853;158783;4;09-jul-96;13:19:00;22.309;16.043;6.171;1;0.4005;1;0.0585;1;0.19;1;0.17;1;2.13;1;0;1.12;0.09
18NA96013_215;CAST#1;46.0867;-60.6853;158782;22;09-jul-96;13:19:00;25.338;7.986;6.484;1;0.5607;1;0.232;1;1.265;1;0.4345;1;3.46;1;0;2.91;0.37
18NA96013_215;CAST#1;46.0867;-60.6853;158781;47;09-jul-96;13:19:00;25.387;6.251;6.903;1;NaN;9;0.3195;1;3.11;1;0.5615;1;5.32;1;0;5.54;0.58
18NA96013_215;CAST#1;46.0867;-60.6853;158780;84;09-jul-96;13:19:00;26.085;1.414;6.605;1;NaN;9;0.343;1;1.53;1;1.3215;1;10.25;1;0;1.16;0.15
18NA96013_226;CAST#1;46.0957;-60.7045;158786;5;09-jul-96;13:40:00;22.232;15.878;6.249;1;0.4005;7;0.06;1;0.21;1;0.17;1;1.97;1;32;1.24;0.11
18NA96013_226;CAST#1;46.0957;-60.7045;158785;10;09-jul-96;13:40:00;23.99;14.77;6.358;1;0.4005;7;0.051;1;0.03;1;0.199;1;1.77;1;32;0.15;0.02
18NA96013_237;CAST#1;46.1825;-60.5647;158790;1;09-jul-96;14:32:00;22.473;15.906;6.229;1;0.4005;1;0.0565;1;0.19;1;0.156;1;1.925;1;0;1.22;0.10
18NA96013_237;CAST#1;46.1825;-60.5647;158789;5;09-jul-96;14:32:00;23.753;15.257;6.252;1;0.5607;1;0.056;1;0.13;1;0.2115;1;2.07;1;0;0.61;0.06
18NA96013_237;CAST#1;46.1825;-60.5647;158788;17;09-jul-96;14:32:00;26.104;13.905;6.326;1;0.1602;1;0.073;1;0.095;1;0.3415;1;1.935;1;0;0.28;0.05
18NA96013_237;CAST#1;46.1825;-60.5647;158787;47;09-jul-96;14:32:00;26.651;13.493;6.327;1;NaN;9;0.076;1;0.15;1;0.3735;1;2.065;1;0;0.40;0.07
18NA96013_239;CAST#1;46.2897;-60.418;158793;1;09-jul-96;15:39:00;25.424;14.611;6.359;1;1.8423;1;0.06;1;0.285;1;0.3385;1;1.6;1;0;0.84;0.18
18NA96013_239;CAST#1;46.2897;-60.418;158792;7;09-jul-96;15:39:00;25.732;14.477;6.373;1;0.4806;1;0.057;1;0.075;1;0.2805;1;1.515;1;0;0.27;0.05
18NA96013_239;CAST#1;46.2897;-60.418;158791;14;09-jul-96;15:39:00;26.702;13.976;6.412;1;0.9612;1;0.063;1;0.04;1;0.307;1;1.285;1;0;0.13;0.03
18NA96013_243;CAST#1;46.2437;-60.485;158796;1;09-jul-96;16:15:00;24.285;14.959;6.307;1;0.9612;1;0.058;1;0.23;1;0.213;1;1.83;1;0;1.08;0.13
18NA96013_243;CAST#1;46.2437;-60.485;158795;6;09-jul-96;16:15:00;25.831;14.405;6.356;1;0.3204;1;0.059;1;0.1;1;0.281;1;1.58;1;0;0.36;0.06
18NA96013_243;CAST#1;46.2437;-60.485;158794;20;09-jul-96;16:15:00;28.359;12.992;6.464;1;0.5607;1;0.0655;1;0.045;1;0.3655;1;0.99;1;0;0.12;0.05
18NA96013_244;CAST#1;46.235;-60.5113;158799;1;09-jul-96;17:05:00;23.549;15.432;6.278;1;1.2015;1;0.1055;1;0.31;1;0.176;1;1.81;1;0;1.76;0.17
18NA96013_244;CAST#1;46.235;-60.5113;158798;5;09-jul-96;17:05:00;24.002;15.313;6.199;1;0.7209;1;0.0965;1;0.34;1;0.1705;1;1.705;1;0;1.99;0.20
18NA96013_244;CAST#1;46.235;-60.5113;158797;18;09-jul-96;17:05:00;26.199;14.092;6.179;1;0.4806;1;0.1145;1;0.29;1;0.3615;1;2.06;1;0;0.80;0.14
18NA96013_247;CAST#1;46.213;-60.5163;158802;1;09-jul-96;18:07:00;22.086;15.932;6.205;1;0.6408;1;0.1055;1;0.53;1;0.114;1;1.825;1;0;4.65;0.29
18NA96013_247;CAST#1;46.213;-60.5163;158801;29;09-jul-96;18:07:00;26.482;14.027;6.402;1;0.2403;1;0.126;1;0.165;1;0.2525;1;1.38;1;0;0.65;0.12
18NA96013_247;CAST#1;46.213;-60.5163;158800;71;09-jul-96;18:07:00;27.22;13.631;6.409;1;NaN;9;0.119;1;0.23;1;0.31;1;1.37;1;0;0.74;0.17
18NA96013_253;CAST#1;46.1347;-60.6052;158804;7;09-jul-96;19:01:00;22.759;15.748;6.213;1;0.7209;1;0.1055;1;0.445;1;0.136;1;1.91;1;0;3.27;0.23
18NA96013_253;CAST#1;46.1347;-60.6052;158803;35;09-jul-96;19:01:00;26.293;13.66;6.237;1;0.1602;1;0.1315;1;0.31;1;0.324;1;2.155;1;0;0.96;0.14
18NA96013_257;CAST#1;46.1063;-60.7262;158807;1;10-jul-96;11:15:00;22.051;16.06;5.944;1;0.8811;1;0.1335;1;0.61;1;0.1145;1;2.36;1;0;5.33;0.26
18NA96013_257;CAST#1;46.1063;-60.7262;158806;5;10-jul-96;11:15:00;22.246;15.685;6.187;1;0.4005;1;0.1285;1;0.34;1;0.1055;1;1.755;1;0;3.22;0.19
18NA96013_257;CAST#1;46.1063;-60.7262;158805;11;10-jul-96;11:15:00;23.785;13.322;6.452;1;0.4005;1;0.1195;1;0.14;1;0.1985;1;2.23;1;0;0.71;0.06
18NA96013_261;CAST#1;46.1247;-60.7045;158810;1;10-jul-96;11:58:00;19.656;17.396;5.98;1;1.3617;1;0.225;1;2.78;1;0.1245;1;8.505;1;0;22.33;0.33
18NA96013_261;CAST#1;46.1247;-60.7045;158809;5;10-jul-96;11:58:00;22.906;15.244;6.083;1;0.2403;1;0.132;1;0.4;1;0.1305;1;2.625;1;0;3.07;0.15
18NA96013_261;CAST#1;46.1247;-60.7045;158808;27;10-jul-96;11:58:00;24.299;3.555;3.695;1;0.0801;1;0.544;1;4.63;1;0.8505;1;22.62;1;0;5.44;0.20
18NA96013_263;CAST#1;46.0438;-60.8435;158812;5;10-jul-96;13:26:00;22.64;15.139;6.479;1;0.4005;1;0.147;1;0.24;1;0.157;1;2.93;1;0;1.53;0.08
18NA96013_263;CAST#1;46.0438;-60.8435;158811;9;10-jul-96;13:26:00;23.055;13.298;6.859;1;2.1627;1;0.1465;1;0.1;1;0.208;1;2.225;1;0;0.48;0.04
18NA96013_265;CAST#1;46.0037;-60.965;158815;1;10-jul-96;14:31:00;20.394;17.12;6.136;1;0.6408;1;0.1445;1;0.39;1;0.187;1;3.26;1;0;2.09;0.12
18NA96013_265;CAST#1;46.0037;-60.965;158814;5;10-jul-96;14:31:00;22.669;14.565;6.55;1;0.4806;1;0.14;1;0.19;1;0.1975;1;2.625;1;0;0.96;0.07
18NA96013_265;CAST#1;46.0037;-60.965;158813;7;10-jul-96;14:31:00;22.906;12.964;6.883;1;0.3204;1;0.1685;1;0.13;1;0.2255;1;2.38;1;0;0.58;0.05
18NA96013_275;CAST#1;45.9713;-61.0218;158818;1;10-jul-96;15:22:00;20.474;17.719;6.235;1;0.4005;7;0.1365;1;0.12;1;0.19;1;3.055;1;32;0.63;0.04
18NA96013_275;CAST#1;45.9713;-61.0218;158817;5;10-jul-96;15:22:00;22.066;12.554;7.29;1;0.4005;7;0.14;1;0.19;1;0.2555;1;3.03;1;32;0.74;0.06
18NA96013_275;CAST#1;45.9713;-61.0218;158816;28;10-jul-96;15:22:00;23.196;2.306;4.346;1;NaN;9;0.169;1;11.315;1;1.4975;1;20.105;1;0;7.56;0.56
18NA96013_276;CAST#1;45.9457;-61.1232;158824;1;10-jul-96;16:00:00;20.428;17.739;6.135;1;0.9612;1;0.1185;1;0.09;1;0.1865;1;3.135;1;0;0.48;0.03
18NA96013_276;CAST#1;45.9457;-61.1232;158823;5;10-jul-96;16:00:00;21.615;14.5;6.177;1;0.9612;1;0.1215;1;0.09;1;0.207;1;3.365;1;0;0.43;0.03
18NA96013_276;CAST#1;45.9457;-61.1232;158822;10;10-jul-96;16:00:00;22.445;7.477;7.543;1;0.4806;1;0.19;1;0.2;1;0.4395;1;3.435;1;0;0.46;0.06
18NA96013_276;CAST#1;45.9457;-61.1232;158821;15;10-jul-96;16:00:00;22.986;3.795;1.948;1;1.1214;1;0.537;1;1.85;1;3.8725;1;18.435;1;0;0.48;0.10
18NA96013_276;CAST#1;45.9457;-61.1232;158820;25;10-jul-96;16:00:00;23.056;3.183;0;1;0;1;0;1;0;1;8.2625;4;45.65;1;6;NaN;0.00
18NA96013_276;CAST#1;45.9457;-61.1232;158819;42;10-jul-96;16:00:00;23.052;3.013;0;1;0;1;0;1;0;1;9.155;4;54.075;1;6;NaN;0.00
18NA96013_277;CAST#1;46.053;-60.8967;158826;5;10-jul-96;17:41:00;22.535;15.517;6.407;1;0.5607;1;0.116;1;0.15;1;0.1535;1;2.975;1;0;0.98;0.05
18NA96013_277;CAST#1;46.053;-60.8967;158825;7;10-jul-96;17:41:00;22.935;14.494;6.496;1;0.0801;1;0.1175;1;0.07;1;0.168;1;2.29;1;0;0.42;0.03
18NA96013_278;CAST#1;46.0827;-60.892;158828;5;10-jul-96;17:59:00;22.306;15.721;6.623;1;0.801;1;0.124;1;0.13;1;0.1695;1;3.135;1;0;0.77;0.04
18NA96013_278;CAST#1;46.0827;-60.892;158827;9;10-jul-96;17:59:00;23.396;12.088;6.637;1;0.3204;1;0.1195;1;0.05;1;0.232;1;2.215;1;0;0.22;0.02
18NA96013_279;CAST#1;46.075;-60.8652;158830;5;10-jul-96;18:24:00;22.716;15.249;6.336;1;0.0801;1;0.1095;1;0.075;1;0.1465;1;2.505;1;0;0.51;0.03
18NA96013_279;CAST#1;46.075;-60.8652;158829;9;10-jul-96;18:24:00;23.128;13.914;6.437;1;0.1602;1;0.105;1;0.03;1;0.1545;1;1.99;1;0;0.19;0.02
18NA96013_280;CAST#1;46.0685;-60.8173;158833;1;10-jul-96;18:45:00;21.46;16.802;6.27;1;0.8811;1;0.105;1;0.235;1;0.148;1;3.405;1;0;1.59;0.07
18NA96013_280;CAST#1;46.0685;-60.8173;158832;5;10-jul-96;18:45:00;22.204;15.942;6.373;1;0.5607;1;0.0955;1;0.06;1;0.1395;1;2.505;1;0;0.43;0.02
18NA96013_280;CAST#1;46.0685;-60.8173;158831;10;10-jul-96;18:45:00;23.495;13.795;6.611;1;0.0801;1;0.103;1;0.04;1;0.21;1;2.1;1;0;0.19;0.02
18NA96013_281;CAST#1;46.0878;-60.7267;158836;1;10-jul-96;19:15:00;21.743;16.613;6.23;1;0.4005;1;0.095;1;0.175;1;0.1035;1;2.645;1;0;1.69;0.07
18NA96013_281;CAST#1;46.0878;-60.7267;158835;5;10-jul-96;19:15:00;22.388;15.305;6.269;1;0.6408;1;0.096;1;0.17;1;0.108;1;2.335;1;0;1.57;0.07
18NA96013_281;CAST#1;46.0878;-60.7267;158834;20;10-jul-96;19:15:00;25.591;11.017;6.287;1;0.0801;1;0.1955;1;0.75;1;0.3475;1;2.955;1;0;2.16;0.25
18NA96013_282;CAST#1;45.9145;-60.7572;158840;1;11-jul-96;11:32:00;21.357;16.181;6.199;1;NaN;9;0.067;1;0.01;1;0.053;1;1.01;1;0;0.19;0.01
18NA96013_282;CAST#1;45.9145;-60.7572;158839;5;11-jul-96;11:32:00;21.35;16.184;6.202;1;NaN;9;0.092;1;0.05;1;0.0625;1;1.035;1;0;0.80;0.05
18NA96013_282;CAST#1;45.9145;-60.7572;158838;40;11-jul-96;11:32:00;22.129;2.116;7.209;1;NaN;9;0.2425;1;0.495;1;0.3345;1;4.275;1;0;1.48;0.12
18NA96013_282;CAST#1;45.9145;-60.7572;158837;73;11-jul-96;11:32:00;22.118;1.06;6.882;1;NaN;9;0.201;1;0.4;1;0.4465;1;6.845;1;0;0.90;0.06
18NA96013_285;CAST#1;45.878;-60.675;158843;1;11-jul-96;12:20:00;21.253;17.049;6.089;1;NaN;9;0.0645;1;0;1;0.0595;1;0.925;1;0;0.00;0.00
18NA96013_285;CAST#1;45.878;-60.675;158842;5;11-jul-96;12:20:00;21.263;16.987;6.098;1;NaN;9;0.0695;1;0.02;1;0.055;1;0.94;1;0;0.36;0.02
18NA96013_285;CAST#1;45.878;-60.675;158841;25;11-jul-96;12:20:00;22.027;3.706;7.218;1;NaN;9;0.2565;1;0.44;1;0.286;1;3.285;1;0;1.54;0.13
18NA96013_296;CAST#1;45.9027;-60.6108;158846;1;11-jul-96;13:00:00;21.225;17.217;6.054;1;NaN;9;0.056;1;0;1;0.0485;1;0.945;1;0;0.00;0.00
18NA96013_296;CAST#1;45.9027;-60.6108;158845;5;11-jul-96;13:00:00;21.238;17.175;6.05;1;NaN;9;0.0605;1;0;1;0.053;1;0.92;1;0;0.00;0.00
18NA96013_296;CAST#1;45.9027;-60.6108;158844;22;11-jul-96;13:00:00;21.928;4.004;7.2275;1;NaN;9;0.1335;1;0.1;1;0.257;1;2.51;1;0;0.39;0.04
18NA96013_297;CAST#1;45.9547;-60.5855;158848;1;11-jul-96;13:49:00;20.839;18.505;6.193;1;NaN;9;0.072;1;0.17;1;0.1655;1;2.55;1;0;1.03;0.07
18NA96013_297;CAST#1;45.9547;-60.5855;158847;6;11-jul-96;13:49:00;21.142;14.812;6.502;1;NaN;9;0.0835;1;0.165;1;0.329;1;4.15;1;0;0.50;0.04
18NA96013_298;CAST#1;45.9647;-60.4802;158852;1;11-jul-96;14:46:00;20.85;18.084;6.002;1;NaN;9;0.0825;1;0.08;1;0.1065;1;1.39;1;0;0.75;0.06
18NA96013_298;CAST#1;45.9647;-60.4802;158851;5;11-jul-96;14:46:00;20.848;18.021;5.983;1;NaN;9;0.08;1;0.09;1;0.1135;1;1.375;1;0;0.79;0.07
18NA96013_298;CAST#1;45.9647;-60.4802;158850;25;11-jul-96;14:46:00;21.784;5.04;7.045;1;NaN;9;0.306;1;0.445;1;0.363;1;3.095;1;0;1.23;0.14
18NA96013_298;CAST#1;45.9647;-60.4802;158849;77;11-jul-96;14:46:00;21.758;1.851;6.644;1;NaN;9;0.42;1;0.89;1;0.599;1;6.94;1;0;1.49;0.13
18NA96013_299;CAST#1;46.0072;-60.4083;158854;1;11-jul-96;15:27:00;20.607;19.074;5.952;1;NaN;9;0.0805;1;0.085;1;0.0785;1;0.915;1;0;1.08;0.09
18NA96013_299;CAST#1;46.0072;-60.4083;158853;5;11-jul-96;15:27:00;20.579;19.082;5.998;1;NaN;9;0.081;1;0.09;1;0.079;1;0.96;1;0;1.14;0.09
18NA96013_300;CAST#1;45.9417;-60.529;158857;1;11-jul-96;16:15:00;20.872;18.082;6.03;1;NaN;9;0.088;1;0.09;1;0.1145;1;1.31;1;0;0.79;0.07
18NA96013_300;CAST#1;45.9417;-60.529;158856;5;11-jul-96;16:15:00;20.885;18.013;6.031;1;NaN;9;0.093;1;0.09;1;0.119;1;1.355;1;0;0.76;0.07
18NA96013_300;CAST#1;45.9417;-60.529;158855;35;11-jul-96;16:15:00;21.822;4.379;6.815;1;NaN;9;0.3295;1;0.695;1;0.4395;1;4.95;1;0;1.58;0.14
18NA96013_301;CAST#1;45.8488;-60.7635;158862;1;11-jul-96;17:34:00;21.374;16.528;6.205;1;NaN;9;0.077;1;0.09;1;0.1105;1;0.74;1;0;0.81;0.12
18NA96013_301;CAST#1;45.8488;-60.7635;158861;5;11-jul-96;17:34:00;21.375;16.453;6.22;1;NaN;9;0.086;1;0.1;1;0.1275;1;0.785;1;0;0.78;0.13
18NA96013_301;CAST#1;45.8488;-60.7635;158860;25;11-jul-96;17:34:00;22.118;4.27;7.331;1;NaN;9;0.1895;1;0.27;1;0.285;1;2.04;1;0;0.95;0.13
18NA96013_301;CAST#1;45.8488;-60.7635;158859;50;11-jul-96;17:34:00;22.247;2.266;7.286;1;NaN;9;0.152;1;0.76;1;0.369;1;4.09;1;0;2.06;0.19
18NA96013_301;CAST#1;45.8488;-60.7635;158858;75;11-jul-96;17:34:00;22.336;2.497;7.249;1;NaN;9;0.1655;1;1.17;1;0.4165;1;5.205;1;0;2.81;0.22
18NA96013_302;CAST#1;45.8667;-60.8408;158866;1;11-jul-96;18:10:00;21.574;16.213;6.299;1;NaN;9;0.0935;1;0.09;1;0.1135;1;0.83;1;0;0.79;0.11
18NA96013_302;CAST#1;45.8667;-60.8408;158865;5;11-jul-96;18:10:00;21.516;16.209;6.265;1;NaN;9;0.0785;1;0.09;1;0.1265;1;0.775;1;0;0.71;0.12
18NA96013_302;CAST#1;45.8667;-60.8408;158864;25;11-jul-96;18:10:00;22.452;6.816;6.957;1;NaN;9;0.187;1;0.25;1;0.2705;1;2.045;1;0;0.92;0.12
18NA96013_302;CAST#1;45.8667;-60.8408;158863;50;11-jul-96;18:10:00;23.069;8.248;6.832;1;NaN;9;0.2665;1;0.7;1;0.352;1;3.51;1;0;1.99;0.20
18NA96013_303;CAST#1;45.8195;-60.8518;158871;1;11-jul-96;18:40:00;21.468;16.691;6.188;1;NaN;9;0.0745;1;0.11;1;0.116;1;0.82;1;0;0.95;0.13
18NA96013_303;CAST#1;45.8195;-60.8518;158870;11;11-jul-96;18:40:00;22.152;9.195;7.105;1;NaN;9;0.0805;1;0.09;1;0.19;1;1.335;1;0;0.47;0.07
18NA96013_303;CAST#1;45.8195;-60.8518;158869;36;11-jul-96;18:40:00;22.288;4.443;7.218;1;NaN;9;0.306;1;0.705;1;0.325;1;2.655;1;0;2.17;0.27
18NA96013_303;CAST#1;45.8195;-60.8518;158868;66;11-jul-96;18:40:00;22.487;3.58;7.184;1;NaN;9;0.186;1;1.335;1;0.421;1;4.535;1;0;3.17;0.29
18NA96013_303;CAST#1;45.8195;-60.8518;158867;108;11-jul-96;18:40:00;22.456;1.357;7.176;1;NaN;9;0.207;1;3.95;1;0.667;1;7.62;1;0;5.92;0.52
18NA96013_305;CAST#1;45.7428;-60.798;158874;1;11-jul-96;19:28:00;21.493;16.816;6.219;1;NaN;9;0.0725;1;0.065;1;0.0975;1;0.755;1;0;0.67;0.09
18NA96013_305;CAST#1;45.7428;-60.798;158873;10;11-jul-96;19:28:00;21.617;15.182;6.376;1;NaN;9;0.0835;1;0.08;1;0.1505;1;0.945;1;0;0.53;0.08
18NA96013_305;CAST#1;45.7428;-60.798;158872;37;11-jul-96;19:28:00;22.161;4.876;7.078;1;NaN;9;0.2975;1;0.505;1;0.2785;1;2.94;1;0;1.81;0.17
18NA96013_306;CAST#1;45.7012;-60.7905;158877;1;11-jul-96;19:55:00;21.283;15.699;6.476;1;NaN;9;0.073;1;0.07;1;0.135;1;1.39;1;0;0.52;0.05
18NA96013_306;CAST#1;45.7012;-60.7905;158876;5;11-jul-96;19:55:00;21.325;15.187;6.518;1;NaN;9;0.075;1;0.07;1;0.1325;1;1.315;1;0;0.53;0.05
18NA96013_306;CAST#1;45.7012;-60.7905;158875;19;11-jul-96;19:55:00;22.009;6.701;7.096;1;NaN;9;0.13;1;0.15;1;0.267;1;2.115;1;0;0.56;0.07
18NA96013_307;CAST#1;45.6857;-60.829;158879;5;11-jul-96;20:15:00;21.896;9.471;6.994;1;NaN;9;0.085;1;0.07;1;0.198;1;1.57;1;0;0.35;0.04
18NA96013_307;CAST#1;45.6857;-60.829;158878;12;11-jul-96;20:15:00;21.902;7.39;7.084;1;NaN;9;0.1;1;0.13;1;0.3075;1;2.03;1;0;0.42;0.06
18NA96013_308;CAST#1;45.6568;-60.8555;158883;1;11-jul-96;20:38:00;21.366;14.908;7.028;1;NaN;9;0.07;1;0.065;1;0.184;1;1.235;1;0;0.35;0.05
18NA96013_308;CAST#1;45.6568;-60.8555;158882;5;11-jul-96;20:38:00;21.708;10.427;7.413;1;NaN;9;0.068;1;0.06;1;0.2465;1;1.46;1;0;0.24;0.04
18NA96013_308;CAST#1;45.6568;-60.8555;158881;15;11-jul-96;20:38:00;21.892;2.931;6.412;1;NaN;9;0.593;1;1.125;1;0.71;1;3.365;1;0;1.58;0.33
18NA96013_308;CAST#1;45.6568;-60.8555;158880;23;11-jul-96;20:38:00;21.846;1.726;4.534;1;NaN;9;0.1155;1;2.2;1;1.0175;1;7.01;1;0;2.16;0.31
