CTD;CTD;CTD;CTD;CTD;CTD;CTD;CTD;CTD;CTD;labo;labo;labo;labo;labo;labo;labo;labo;labo;labo;labo;labo;labo;calc;calc
Fichier;Station;Latitude;Longitude;Echantillon;zbouteille;Date;Heure;PSAL;TEMP_XX;OXYM_01;Q_OXYM;CHL_XX;Q_CHL;NO2_01;Q_NO2;NOx_01;Q_NOX;PO4_01;Q_PO4;Si_01;Q_Si;QCFF;N_P;N_Si
(nom);(nom/no);(degres);(degres);(no_unique);(dbar);(jj-mmm-yyyy);(GMT);(psu);(celsius);(mmol/m**3);((none));(mg/m**3);((none));(mmol/m**3);((none));(mmol/m**3);((none));(mmol/m**3);((none));(mmol/m**3);((none));((none));((none));((none))
18NA96022_225;CAST#1;46.0148;-60.7457;175675;1;22-sep-96;11:55:00;22.752;15.521;5.922;1;0.4005;1;0.159;1;0.12;1;0.234;1;3.555;1;0;0.51;0.03
18NA96022_225;CAST#1;46.0148;-60.7457;175676;7;22-sep-96;11:55:00;22.766;15.562;5.929;1;1.2015;1;0.0745;1;0.05;1;0.213;1;3.495;1;0;0.23;0.01
18NA96022_225;CAST#1;46.0148;-60.7457;175674;30;22-sep-96;11:55:00;24.848;7.842;6.079;1;0.0801;1;0.1275;1;4.05;1;0.612;1;7.095;1;0;6.62;0.57
18NA96022_225;CAST#1;46.0148;-60.7457;175673;65;22-sep-96;11:55:00;25.261;4.603;6.499;1;NaN;9;0.0975;1;5.66;1;0.727;1;8.295;1;0;7.79;0.68
18NA96022_225;CAST#1;46.0148;-60.7457;175672;90;22-sep-96;11:55:00;25.578;0.732;7.276;1;NaN;9;0.0915;1;6.59;1;0.812;1;9.36;1;0;8.12;0.70
18NA96022_225;CAST#1;46.0148;-60.7457;175671;110;22-sep-96;11:55:00;25.594;0.525;7.312;1;NaN;9;0.0985;1;6.69;1;0.806;1;9.57;1;0;8.30;0.70
18NA96022_264;CAST#1;46.0233;-60.7647;175678;4;22-sep-96;12:35:00;22.628;15.726;4.647;1;0.4806;1;0.065;1;0.06;1;0.198;1;3.54;1;0;0.30;0.02
18NA96022_264;CAST#1;46.0233;-60.7647;175677;19;22-sep-96;12:35:00;24.584;10.96;5.413;1;0.2403;1;0.1745;1;2.89;1;0.5035;1;6.09;1;0;5.74;0.47
18NA96022_304;CAST#1;46.0553;-60.6242;175683;1;22-sep-96;13:32:00;22.448;16.148;5.947;1;0.9612;1;0.098;1;0.095;1;0.1875;1;4.475;1;0;0.51;0.02
18NA96022_304;CAST#1;46.0553;-60.6242;175682;7;22-sep-96;13:32:00;22.445;16.147;5.925;1;3.7647;1;0.096;1;0.19;1;0.2205;1;4.53;1;0;0.86;0.04
18NA96022_304;CAST#1;46.0553;-60.6242;175681;38;22-sep-96;13:32:00;24.917;6.896;6.126;1;0.4806;1;0.113;1;4.04;1;0.5965;1;6.985;1;0;6.77;0.58
18NA96022_304;CAST#1;46.0553;-60.6242;175680;71;22-sep-96;13:32:00;25.182;1.452;6.792;1;NaN;9;0.078;1;6.93;1;0.767;1;9.885;1;0;9.04;0.70
18NA96022_304;CAST#1;46.0553;-60.6242;175679;120;22-sep-96;13:32:00;25.424;0.263;6.978;1;NaN;9;0.074;1;7.77;1;0.9045;1;13.275;1;0;8.59;0.59
18NA96022_315;CAST#1;46.0705;-60.6432;175685;7;22-sep-96;14:04:00;23.351;15.868;5.852;1;1.1214;1;0.1145;1;0.16;1;0.2455;1;3.595;1;0;0.65;0.04
18NA96022_315;CAST#1;46.0705;-60.6432;175684;35;22-sep-96;14:04:00;24.905;6.633;6.304;1;0.8811;1;0.1335;1;4.625;1;0.6355;1;7.08;1;0;7.28;0.65
18NA96022_326;CAST#1;46.1117;-60.5557;175689;1;22-sep-96;14:40:00;23.213;16.161;5.911;1;0.7209;1;0.0885;1;0.08;1;0.1935;1;3.31;1;0;0.41;0.02
18NA96022_326;CAST#1;46.1117;-60.5557;175688;5;22-sep-96;14:40:00;23.272;16.166;5.919;1;1.2816;1;0.095;1;0.1;1;0.207;1;3.345;1;0;0.48;0.03
18NA96022_326;CAST#1;46.1117;-60.5557;175687;14;22-sep-96;14:40:00;23.341;16.057;NaN;9;1.2015;1;0.0935;1;0.2;1;0.22;1;3.475;1;0;0.91;0.06
18NA96022_326;CAST#1;46.1117;-60.5557;175686;209;22-sep-96;14:40:00;25.556;0.213;4.736;1;NaN;9;0.1005;1;14.96;1;1.5005;1;29.56;1;0;9.97;0.51
18NA96022_339;CAST#1;46.1867;-60.4325;175695;5;22-sep-96;15:56:00;23.366;16.263;5.932;1;1.2015;1;0.1395;1;0.175;1;0.223;1;3.305;1;0;0.78;0.05
18NA96022_339;CAST#1;46.1867;-60.4325;175694;25;22-sep-96;15:56:00;23.396;16.228;5.896;1;0.6408;1;0.103;1;0.21;1;0.2335;1;3.155;1;0;0.90;0.07
18NA96022_339;CAST#1;46.1867;-60.4325;175693;50;22-sep-96;15:56:00;24.945;2.905;6.84;1;2.0025;1;0.1075;1;5.18;1;0.7155;1;7.32;1;0;7.24;0.71
18NA96022_339;CAST#1;46.1867;-60.4325;175692;100;22-sep-96;15:56:00;25.392;0.426;6.187;1;NaN;9;0.1005;1;10.21;1;1.118;1;16.39;2;2048;9.13;0.62
18NA96022_339;CAST#1;46.1867;-60.4325;175691;149;22-sep-96;15:56:00;25.548;0.219;4.816;1;NaN;9;0.1045;1;14.835;1;1.55;1;29;2;2048;9.57;0.51
18NA96022_339;CAST#1;46.1867;-60.4325;175690;170;22-sep-96;15:56:00;25.554;0.213;4.748;1;NaN;9;0.125;1;14.62;1;1.533;1;29.415;2;2048;9.54;0.50
18NA96022_003;CAST#1;46.2263;-60.3205;175697;1;22-sep-96;16:52:00;23.092;15.801;6.069;1;2.2428;1;0.1055;1;0.285;1;0.213;1;4.36;1;0;1.34;0.07
18NA96022_003;CAST#1;46.2263;-60.3205;175696;5;22-sep-96;16:52:00;23.102;15.795;6.05;1;0.7209;1;0.0815;1;0.12;1;0.2035;1;4.03;1;0;0.59;0.03
18NA96022_014;CAST#1;46.2193;-60.3705;175699;5;22-sep-96;17:12:00;23.268;16.137;5.983;1;0.4806;1;0.258;1;0.31;1;0.2085;1;3.38;1;0;1.49;0.09
18NA96022_014;CAST#1;46.2193;-60.3705;175698;15;22-sep-96;17:12:00;23.281;16.057;5.929;1;0.801;1;0.184;1;0.22;1;0.2925;1;3.345;1;0;0.75;0.07
18NA96022_025;CAST#1;46.1785;-60.409;175702;1;22-sep-96;17:39:00;22.71;16.311;5.997;1;0.5607;1;0.095;1;0.13;1;0.1985;1;5.295;1;0;0.65;0.02
18NA96022_025;CAST#1;46.1785;-60.409;175701;5;22-sep-96;17:39:00;23.194;16.188;5.977;1;0.6408;1;0.21;1;0.26;1;0.197;1;3.76;1;0;1.32;0.07
18NA96022_025;CAST#1;46.1785;-60.409;175700;15;22-sep-96;17:39:00;22.539;15.2295;5.809;1;0.4806;1;0.2475;1;0.3;1;0.2125;1;3.03;1;0;1.41;0.10
18NA96022_036;CAST#1;46.1445;-60.5003;175709;1;22-sep-96;18:20:00;23.396;16.144;5.997;1;0.801;1;0.1435;1;0.19;1;0.176;1;3.2;1;0;1.08;0.06
18NA96022_036;CAST#1;46.1445;-60.5003;175708;5;22-sep-96;18:20:00;23.439;16.139;5.507;1;0.4806;1;0.0935;1;0.1;1;0.1925;1;3.645;1;0;0.52;0.03
18NA96022_036;CAST#1;46.1445;-60.5003;175707;15;22-sep-96;18:20:00;23.445;16.056;5.975;1;0.6408;1;0.1605;1;0.545;1;0.232;1;3.24;1;0;2.35;0.17
18NA96022_036;CAST#1;46.1445;-60.5003;175706;50;22-sep-96;18:20:00;25.013;2.447;6.975;1;0;1;0.1475;1;5.52;1;0.6875;1;7.14;1;0;8.03;0.77
18NA96022_036;CAST#1;46.1445;-60.5003;175705;100;22-sep-96;18:20:00;25.386;0.424;5.997;1;NaN;9;0.2195;1;10.355;1;1.08;1;16.67;2;2048;9.59;0.62
18NA96022_036;CAST#1;46.1445;-60.5003;175704;150;22-sep-96;18:20:00;25.537;0.229;4.888;1;NaN;9;0.1595;1;14.39;1;1.508;1;27.53;2;2048;9.54;0.52
18NA96022_036;CAST#1;46.1445;-60.5003;175703;247;22-sep-96;18:20:00;25.56;0.209;4.705;1;NaN;9;0.099;1;13.175;1;1.4345;1;27.085;2;2048;9.18;0.49
18NA96022_047;CAST#1;46.1333;-60.545;175711;1;22-sep-96;19:08:00;23.601;15.675;6.071;1;0.4005;1;0.079;1;0.17;1;0.232;1;3.12;1;0;0.73;0.05
18NA96022_047;CAST#1;46.1333;-60.545;175710;7;22-sep-96;19:08:00;23.642;15.507;6.042;1;0.5607;1;0.079;1;0.085;1;0.2355;1;3.315;1;0;0.36;0.03
18NA96022_058;CAST#1;46.1067;-60.7268;175714;1;23-sep-96;11:13:00;21.906;15.591;5.946;1;0.6408;1;0.102;1;0.13;1;0.206;1;6.45;1;0;0.63;0.02
18NA96022_058;CAST#1;46.1067;-60.7268;175713;5;23-sep-96;11:13:00;23.264;15.81;5.84;1;1.1214;1;0.154;1;0.2;1;0.2175;1;3.665;1;0;0.92;0.05
18NA96022_058;CAST#1;46.1067;-60.7268;175712;13;23-sep-96;11:13:00;23.939;15.631;5.456;1;0.801;1;0.1885;1;0.68;1;0.3;1;4.06;1;0;2.27;0.17
18NA96022_069;CAST#1;46.1238;-60.7042;175717;1;23-sep-96;11:55:00;22.202;16.083;5.888;1;0.801;1;0.0865;1;0.11;1;0.1445;1;5.475;1;0;0.76;0.02
18NA96022_069;CAST#1;46.1238;-60.7042;175716;5;23-sep-96;11:55:00;23.409;16.278;5.76;1;0.801;1;0.0925;1;0.1;1;0.224;1;5.625;1;0;0.45;0.02
18NA96022_069;CAST#1;46.1238;-60.7042;175715;27;23-sep-96;11:55:00;24.043;6.446;0.373;1;0.2403;1;0;1;18.5;1;1.1975;1;37.23;1;0;15.45;0.50
18NA96022_080;CAST#1;46.0897;-60.7245;175720;1;23-sep-96;12:46:00;22.023;15.841;5.832;1;1.4418;1;0.113;1;0.67;1;0.2335;1;6.63;1;0;2.87;0.10
18NA96022_080;CAST#1;46.0897;-60.7245;175719;5;23-sep-96;12:46:00;23.245;15.91;5.799;1;1.2015;1;0.095;1;0.14;1;0.2645;1;3.885;1;0;0.53;0.04
18NA96022_080;CAST#1;46.0897;-60.7245;175718;17;23-sep-96;12:46:00;23.985;14.861;5.602;1;0.6408;1;0.3665;1;1.42;1;0.3725;1;4.33;1;0;3.81;0.33
18NA96022_091;CAST#1;46.0693;-60.8167;175723;1;23-sep-96;13:24:00;21.64;15.698;5.857;1;2.0826;1;0.0905;1;0.185;1;0.251;1;7.71;1;0;0.74;0.02
18NA96022_091;CAST#1;46.0693;-60.8167;175722;5;23-sep-96;13:24:00;22.782;16.325;5.807;1;2.0025;1;0.1325;1;0.415;1;0.1875;1;4.79;1;0;2.21;0.09
18NA96022_091;CAST#1;46.0693;-60.8167;175721;12;23-sep-96;13:24:00;24.052;14.434;5.602;1;0;1;0.351;1;1.505;1;0.377;1;4.74;1;0;3.99;0.32
18NA96022_102;CAST#1;46.0445;-60.8448;175725;5;23-sep-96;13:54:00;23.108;16.33;5.411;1;1.602;1;0.121;1;0.33;1;0.327;1;7;1;0;1.01;0.05
18NA96022_102;CAST#1;46.0445;-60.8448;175724;9;23-sep-96;13:54:00;24.018;15.651;5.051;1;0.4005;1;0.4455;1;1.74;1;0.539;1;7.21;1;0;3.23;0.24
18NA96022_114;CAST#1;45.9717;-61.0202;175728;1;23-sep-96;15:46:00;20.038;15.552;6.019;1;1.3617;1;0.0885;1;0.11;1;0.329;1;8.265;1;0;0.33;0.01
18NA96022_114;CAST#1;45.9717;-61.0202;175727;5;23-sep-96;15:46:00;20.08;15.639;5.931;1;2.0025;1;0.0995;1;0.345;1;0.3605;1;8.02;1;0;0.96;0.04
18NA96022_114;CAST#1;45.9717;-61.0202;175726;27;23-sep-96;15:46:00;23.142;2.714;2.615;1;0;1;0.2015;1;14.895;1;1.901;1;27.69;1;0;7.84;0.54
18NA96022_127;CAST#1;45.9462;-61.122;175735;1;23-sep-96;16:30:00;20.093;15.463;5.811;1;1.2816;1;0.1405;1;0.48;1;0.377;1;8.74;1;0;1.27;0.05
18NA96022_127;CAST#1;45.9462;-61.122;175734;5;23-sep-96;16:30:00;20.467;15.761;5.742;1;3.5244;1;0.128;1;0.46;1;0.4585;1;7.215;1;0;1.00;0.06
18NA96022_127;CAST#1;45.9462;-61.122;175733;10;23-sep-96;16:30:00;21.372;15.783;4.639;1;0.6408;1;0.214;1;1.21;7;0.715;1;8.625;1;512;1.69;0.14
18NA96022_127;CAST#1;45.9462;-61.122;175732;15;23-sep-96;16:30:00;22.806;5.248;0.997;1;0.4806;1;1.5575;1;11.89;7;2.2325;1;17.565;1;512;5.33;0.68
18NA96022_127;CAST#1;45.9462;-61.122;175731;20;23-sep-96;16:30:00;23.042;3.335;0.021;1;NaN;9;0;1;0.565;7;5.685;4;38.465;1;518;NaN;0.01
18NA96022_127;CAST#1;45.9462;-61.122;175730;25;23-sep-96;16:30:00;23.049;3.164;0.022;1;0;1;0;1;0;1;8.24;4;41.5;1;6;NaN;0.00
18NA96022_127;CAST#1;45.9462;-61.122;175729;39;23-sep-96;16:30:00;23.053;3.026;0.023;1;NaN;9;0;1;0;1;10.24;4;52.73;1;6;NaN;0.00
18NA96022_138;CAST#1;46.0043;-60.965;175737;1;23-sep-96;17:49:00;21.251;15.537;5.805;1;2.1627;1;0.1395;1;0.47;1;0.302;1;6.845;1;0;1.56;0.07
18NA96022_138;CAST#1;46.0043;-60.965;175736;7;23-sep-96;17:49:00;21.718;15.931;5.776;1;2.2428;1;0.1405;1;0.52;1;0.291;1;7.67;1;0;1.79;0.07
18NA96022_149;CAST#1;46.0542;-60.896;175739;5;23-sep-96;18:23:00;22.994;16.402;5.785;1;1.1214;1;0.146;1;0.47;1;0.2985;1;7.5;1;0;1.57;0.06
18NA96022_149;CAST#1;46.0542;-60.896;175738;9;23-sep-96;18:23:00;24.01;15.228;5.448;1;0.9612;1;0.2775;1;1.2;1;0.359;1;5.76;1;0;3.34;0.21
18NA96022_160;CAST#1;46.0815;-60.8912;175741;3;23-sep-96;18:43:00;23.078;16.713;5.257;1;3.0438;1;0.207;1;0.8;1;0.3765;1;7.515;1;0;2.12;0.11
18NA96022_160;CAST#1;46.0815;-60.8912;175740;6;23-sep-96;18:43:00;23.582;16.414;5.237;1;0.8811;1;0.2555;1;0.975;1;0.426;1;6.415;1;0;2.29;0.15
18NA96022_171;CAST#1;46.0752;-60.8653;175743;5;23-sep-96;19:07:00;22.539;16.146;5.954;1;2.5632;1;0.133;1;0.25;1;0.273;1;7.04;1;0;0.92;0.04
18NA96022_171;CAST#1;46.0752;-60.8653;175742;9;23-sep-96;19:07:00;23.887;16.014;5.43;1;3.6045;1;0.228;1;1.01;1;0.3695;1;5.91;1;0;2.73;0.17
18NA96022_182;CAST#1;46.0942;-60.708;175745;5;24-sep-96;11:14:00;23.674;15.671;5.68;1;0.4005;1;0.1925;1;0.6;1;0.277;1;4.505;1;0;2.17;0.13
18NA96022_182;CAST#1;46.0942;-60.708;175744;14;24-sep-96;11:14:00;23.911;15.943;5.622;1;0.0801;1;0.168;1;0.37;1;0.2565;1;3.865;1;0;1.44;0.10
18NA96022_193;CAST#1;46.0853;-60.6868;175750;1;24-sep-96;11:31:00;23.229;15.357;5.804;1;0.4005;1;0.13;1;0.21;1;0.2715;1;4.375;1;0;0.77;0.05
18NA96022_193;CAST#1;46.0853;-60.6868;175749;7;24-sep-96;11:31:00;23.611;15.656;5.352;1;0.9612;1;0.1495;1;0.29;1;0.232;1;4.38;1;0;1.25;0.07
18NA96022_193;CAST#1;46.0853;-60.6868;175748;25;24-sep-96;11:31:00;24.448;15.596;5.528;1;0.0801;1;0.209;1;0.74;1;0.288;1;4.76;1;0;2.57;0.16
18NA96022_193;CAST#1;46.0853;-60.6868;175747;50;24-sep-96;11:31:00;25.035;6.608;6.084;1;NaN;9;0.1375;1;5.39;1;0.61;1;8.58;1;0;8.84;0.63
18NA96022_193;CAST#1;46.0853;-60.6868;175746;87;24-sep-96;11:31:00;25.419;4.42;4.931;1;NaN;9;0.1995;1;10.9;1;1.392;1;19.12;1;0;7.83;0.57
18NA96022_204;CAST#1;46.0808;-60.6782;175752;5;24-sep-96;11:52:00;23.095;15.217;5.913;1;1.1214;1;0.127;1;0.13;1;0.207;1;3.975;1;0;0.63;0.03
18NA96022_204;CAST#1;46.0808;-60.6782;175751;17;24-sep-96;11:52:00;23.517;15.527;5.738;1;0.3204;1;0.14;1;0.265;1;0.2365;1;4.17;1;0;1.12;0.06
18NA96022_215;CAST#1;46.1342;-60.6052;175754;2;24-sep-96;12:26:00;24.303;15.659;5.652;1;0.8811;1;0.122;1;0.27;1;0.248;1;4.545;1;0;1.09;0.06
18NA96022_215;CAST#1;46.1342;-60.6052;175753;27;24-sep-96;12:26:00;25.448;16.121;5.489;1;0.801;1;0.141;1;0.45;1;0.3185;1;4.17;1;0;1.41;0.11
18NA96022_226;CAST#1;46.212;-60.5177;175757;9;24-sep-96;13:11:00;25.435;15.708;5.674;1;0.6408;1;0.191;1;0.27;1;0.276;1;3.65;1;0;0.98;0.07
18NA96022_226;CAST#1;46.212;-60.5177;175756;32;24-sep-96;13:11:00;26.3;14.847;5.749;1;0.9612;1;0.1665;1;0.46;1;0.266;1;3.13;1;0;1.73;0.15
18NA96022_226;CAST#1;46.212;-60.5177;175755;72;24-sep-96;13:11:00;27.189;14.169;5.81;1;NaN;9;0.155;1;0.6;1;0.379;1;3.395;1;0;1.58;0.18
18NA96022_237;CAST#1;46.2423;-60.4855;175760;1;24-sep-96;13:39:00;26.33;14.716;5.767;1;1.5219;1;0.153;1;0.36;1;0.288;1;3.64;1;0;1.25;0.10
18NA96022_237;CAST#1;46.2423;-60.4855;175759;7;24-sep-96;13:39:00;27.183;14.128;5.884;1;0.3204;1;0.1555;1;0.63;1;0.3715;1;3.315;1;0;1.70;0.19
18NA96022_237;CAST#1;46.2423;-60.4855;175758;27;24-sep-96;13:39:00;28.484;13.102;5.937;1;0.9612;1;0.152;1;0.76;1;0.4265;1;3.085;1;0;1.78;0.25
18NA96022_239;CAST#1;46.289;-60.4168;175762;1;24-sep-96;14:08:00;28.461;12.983;6.032;1;0.3204;1;0.2085;1;0.69;1;0.378;1;3.195;1;0;1.83;0.22
18NA96022_239;CAST#1;46.289;-60.4168;175761;7;24-sep-96;14:08:00;28.563;12.91;6.047;1;0.4806;1;0.1855;1;0.67;1;0.445;1;3.1;1;0;1.51;0.22
18NA96022_243;CAST#1;46.236;-60.5;175765;1;24-sep-96;15:04:00;25.47;15.598;5.734;1;0.6408;1;0.17;1;0.29;1;0.295;1;3.73;1;0;0.98;0.08
18NA96022_243;CAST#1;46.236;-60.5;175764;5;24-sep-96;15:04:00;25.861;15.288;6.571;1;0.9612;1;0.1665;1;0.33;1;0.3155;1;3.75;1;0;1.05;0.09
18NA96022_243;CAST#1;46.236;-60.5;175763;14;24-sep-96;15:04:00;26.588;14.768;4.913;1;0.7209;1;0.2005;1;0.565;1;0.3945;1;4.375;1;0;1.43;0.13
18NA96022_244;CAST#1;46.1837;-60.5648;175768;1;24-sep-96;16:25:00;24.542;15.989;5.704;1;0.801;1;0.1645;1;0.29;1;0.2555;1;4.1;1;0;1.14;0.07
18NA96022_244;CAST#1;46.1837;-60.5648;175767;15;24-sep-96;16:25:00;25.315;15.74;5.268;1;0.4005;1;0.1715;1;0.33;1;0.4135;1;4.185;1;0;0.80;0.08
18NA96022_244;CAST#1;46.1837;-60.5648;175766;36;24-sep-96;16:25:00;26.569;14.733;5.734;1;0.7209;1;0.2395;1;0.55;1;0.3965;1;3.74;1;0;1.39;0.15
18NA96022_247;CAST#1;46.035;-60.7297;175774;7;24-sep-96;17:53:00;22.806;15.189;6.051;1;0.7209;1;0.0955;1;0.045;1;0.2545;1;4.23;1;0;0.18;0.01
18NA96022_247;CAST#1;46.035;-60.7297;175773;40;24-sep-96;17:53:00;25.062;6.734;6.14;1;0.2403;1;0.1235;1;5.1;1;0.644;1;8.085;1;0;7.92;0.63
18NA96022_247;CAST#1;46.035;-60.7297;175772;75;24-sep-96;17:53:00;25.456;2.533;6.881;1;NaN;9;0.1275;1;6.16;1;0.704;1;8.285;1;0;8.75;0.74
18NA96022_247;CAST#1;46.035;-60.7297;175771;100;24-sep-96;17:53:00;25.579;0.707;7.3;1;NaN;9;0.124;1;6.775;1;0.7865;1;9.755;1;0;8.61;0.69
18NA96022_247;CAST#1;46.035;-60.7297;175770;150;24-sep-96;17:53:00;25.605;0.435;7.327;1;NaN;9;0.118;1;6.89;1;0.7925;1;9.885;1;0;8.69;0.70
18NA96022_247;CAST#1;46.035;-60.7297;175769;177;24-sep-96;17:53:00;25.612;0.405;7.297;1;NaN;9;0.343;1;7.025;1;0.8435;1;10.2;1;0;8.33;0.69
18NA96022_253;CAST#1;45.9847;-60.7678;175776;2;24-sep-96;18:45:00;22.707;14.82;5.976;1;1.1214;1;0.154;1;0.42;1;0.242;1;4.36;1;0;1.74;0.10
18NA96022_253;CAST#1;45.9847;-60.7678;175775;20;24-sep-96;18:45:00;23.195;13.97;5.822;1;0.7209;1;0.2055;1;1.03;1;0.3095;1;4.275;1;0;3.33;0.24
18NA96022_257;CAST#1;45.9542;-60.8037;175778;7;25-sep-96;11:06:00;22.211;13.867;6.005;1;0.6408;7;0.173;1;0.31;1;0.222;1;3.86;1;32;1.40;0.08
18NA96022_257;CAST#1;45.9542;-60.8037;175777;25;25-sep-96;11:06:00;22.337;13.903;5.949;1;0.6408;7;0.1855;1;0.51;1;0.2465;1;4.29;1;32;2.07;0.12
18NA96022_261;CAST#1;45.894;-60.9085;175780;5;25-sep-96;11:53:00;21.689;13.968;6.117;1;1.3617;1;0.125;1;0.055;1;0.2045;1;4.63;1;0;0.27;0.01
18NA96022_261;CAST#1;45.894;-60.9085;175779;15;25-sep-96;11:53:00;22.485;13.853;5.765;1;0.8811;1;0.327;1;1.185;1;0.3245;1;4.795;1;0;3.65;0.25
18NA96022_263;CAST#1;45.9167;-60.962;175783;1;25-sep-96;12:22:00;19.977;13.876;5.96;1;1.2816;1;0.2415;1;0.67;1;0.191;1;7.695;1;0;3.51;0.09
18NA96022_263;CAST#1;45.9167;-60.962;175782;5;25-sep-96;12:22:00;21.897;13.831;5.991;1;1.2015;1;0.1505;1;0.4;1;0.2035;1;4.46;1;0;1.97;0.09
18NA96022_263;CAST#1;45.9167;-60.962;175781;10;25-sep-96;12:22:00;21.993;13.688;5.825;1;0.7209;1;0.273;1;0.76;1;0.3135;1;4.785;1;0;2.42;0.16
18NA96022_265;CAST#1;45.8738;-61.0717;175785;1;25-sep-96;13:14:00;14.958;14.097;6.1;1;0.4806;1;0.6705;1;1.805;1;0.2125;1;12.97;1;0;8.49;0.14
18NA96022_265;CAST#1;45.8738;-61.0717;175784;5;25-sep-96;13:14:00;21.416;15.805;4.96;1;0.7209;1;0.3125;1;1.19;1;0.382;1;12.785;1;0;3.12;0.09
18NA96022_275;CAST#1;45.8962;-60.9995;175787;1;25-sep-96;13:44:00;11.797;12.227;6.487;1;1.0413;1;0.259;1;1.49;1;0.18;1;15.21;1;0;8.28;0.10
18NA96022_275;CAST#1;45.8962;-60.9995;175786;4;25-sep-96;13:44:00;20.357;15.396;5.479;1;3.3642;1;0.242;1;1.07;1;0.3205;1;12.49;1;0;3.34;0.09
18NA96022_276;CAST#1;45.9033;-61.0537;175789;1;25-sep-96;14:20:00;14.727;13.862;6.203;1;2.8836;1;0.229;1;1.12;1;0.219;1;14.64;1;0;5.11;0.08
18NA96022_276;CAST#1;45.9033;-61.0537;175788;5;25-sep-96;14:20:00;21.943;14.957;4.773;1;0.4005;1;0.2975;1;0.99;1;0.3815;1;7.85;1;0;2.60;0.13
18NA96022_277;CAST#1;45.785;-61.0085;175793;1;25-sep-96;16:17:00;21.459;14.674;6.157;1;0.6408;1;0.0625;1;0.11;1;0.1515;1;3.15;1;0;0.73;0.03
18NA96022_277;CAST#1;45.785;-61.0085;175792;5;25-sep-96;16:17:00;21.483;14.619;6.109;1;1.4418;1;0.071;1;0.14;1;0.174;1;3.225;1;0;0.80;0.04
18NA96022_277;CAST#1;45.785;-61.0085;175791;15;25-sep-96;16:17:00;21.565;14.431;5.995;1;0.6408;1;0.104;1;0.295;1;0.1775;1;3.355;1;0;1.66;0.09
18NA96022_277;CAST#1;45.785;-61.0085;175790;56;25-sep-96;16:17:00;22.328;7.349;5.198;1;NaN;9;0.083;1;5.145;1;0.831;1;12.01;1;0;6.19;0.43
18NA96022_278;CAST#1;45.7817;-61.0852;175796;1;25-sep-96;16:52:00;21.108;14.87;6.173;1;0.801;1;0.0675;1;0.12;1;0.1495;1;3.71;1;0;0.80;0.03
18NA96022_278;CAST#1;45.7817;-61.0852;175795;5;25-sep-96;16:52:00;21.381;14.903;6.114;1;0.8811;1;0.1395;1;0.19;1;0.151;1;3.475;1;0;1.26;0.05
18NA96022_278;CAST#1;45.7817;-61.0852;175794;40;25-sep-96;16:52:00;22.017;6.177;4.678;1;NaN;9;0.133;1;5.8;1;0.9075;1;15.335;1;0;6.39;0.38
18NA96022_279;CAST#1;45.7287;-61.098;175799;1;25-sep-96;17:24:00;NaN;NaN;6.126;1;1.5219;1;0.064;1;0.13;1;0.156;1;3.27;1;0;0.83;0.04
18NA96022_279;CAST#1;45.7287;-61.098;175798;5;25-sep-96;17:24:00;21.441;14.789;6.132;1;0.9612;1;0.097;1;0.24;1;0.178;1;3.2;1;0;1.35;0.07
18NA96022_279;CAST#1;45.7287;-61.098;175797;25;25-sep-96;17:24:00;22.005;9.25;5.057;1;0.6408;1;0.17;1;4.1;1;0.617;1;9.79;2;2048;6.65;0.42
18NA96022_280;CAST#1;45.8032;-60.912;175802;5;25-sep-96;18:28:00;21.686;14.516;6.15;1;1.2816;1;0.0645;1;0.16;1;0.156;1;2.935;1;0;1.03;0.05
18NA96022_280;CAST#1;45.8032;-60.912;175801;25;25-sep-96;18:28:00;22.223;10.319;5.854;1;0.3204;1;0.155;1;2.13;1;0.394;1;5.085;1;0;5.41;0.42
18NA96022_280;CAST#1;45.8032;-60.912;175800;40;25-sep-96;18:28:00;22.374;7.404;6.05;1;0.1602;1;0.107;1;2.9;1;0.4765;1;6.055;1;0;6.09;0.48
18NA96022_281;CAST#1;45.819;-60.8527;175807;5;25-sep-96;18:53:00;21.8;14.598;6.201;1;0.801;1;0.0615;1;0.16;1;0.1755;1;2.84;1;0;0.91;0.06
18NA96022_281;CAST#1;45.819;-60.8527;175806;15;25-sep-96;18:53:00;21.815;14.394;6.103;1;1.602;1;0.093;1;0.295;1;0.1795;1;2.635;1;0;1.64;0.11
18NA96022_281;CAST#1;45.819;-60.8527;175805;50;25-sep-96;18:53:00;22.485;5.531;5.731;1;NaN;9;0.084;1;3.42;1;0.546;1;7.42;1;0;6.26;0.46
18NA96022_281;CAST#1;45.819;-60.8527;175804;99;25-sep-96;18:53:00;22.543;4.564;6.244;1;NaN;9;0.084;1;4.125;1;0.618;1;8.655;1;0;6.67;0.48
18NA96022_281;CAST#1;45.819;-60.8527;175803;135;25-sep-96;18:53:00;22.565;4.26;6.219;1;NaN;9;0.101;1;4.48;1;0.687;1;9.69;1;0;6.52;0.46
18NA96022_282;CAST#1;45.848;-60.7647;175812;1;25-sep-96;19:36:00;21.772;14.547;6.167;1;0.3204;1;0.1945;1;0.5;1;0.155;1;2.845;1;0;3.23;0.18
18NA96022_282;CAST#1;45.848;-60.7647;175811;5;25-sep-96;19:36:00;21.768;14.539;6.173;1;0.9612;1;0.0665;1;0.295;1;0.167;1;2.985;1;0;1.77;0.10
18NA96022_282;CAST#1;45.848;-60.7647;175810;25;25-sep-96;19:36:00;22.157;11.254;5.881;1;0.3204;1;0.2385;1;1.81;1;0.359;1;4.805;1;0;5.04;0.38
18NA96022_282;CAST#1;45.848;-60.7647;175809;50;25-sep-96;19:36:00;22.463;5.744;6.161;1;NaN;9;0.0855;1;3.5;1;0.537;1;7.135;1;0;6.52;0.49
18NA96022_282;CAST#1;45.848;-60.7647;175808;65;25-sep-96;19:36:00;22.485;5.173;6.181;1;NaN;9;0.1;1;3.38;1;0.5185;1;7.08;1;0;6.52;0.48
18NA96022_283;CAST#1;45.8692;-60.8375;175816;1;25-sep-96;20:13:00;21.812;14.53;6.21;1;0.1602;1;0.07;1;0.22;1;0.1595;1;2.735;1;0;1.38;0.08
18NA96022_283;CAST#1;45.8692;-60.8375;175815;5;25-sep-96;20:13:00;21.812;14.534;6.183;1;0.9612;1;0.0545;1;0.19;1;0.1555;1;2.685;1;0;1.22;0.07
18NA96022_283;CAST#1;45.8692;-60.8375;175814;20;25-sep-96;20:13:00;21.875;13.909;6.046;1;1.1214;1;0.098;1;0.48;1;0.187;1;2.98;1;0;2.57;0.16
18NA96022_283;CAST#1;45.8692;-60.8375;175813;40;25-sep-96;20:13:00;22.356;7.298;6.026;1;NaN;9;0.1705;1;3.165;1;0.4695;1;6.21;1;0;6.74;0.51
18NA96022_285;CAST#1;45.9215;-60.8268;175820;1;25-sep-96;20:40:00;21.788;13.901;6.195;1;1.3617;1;0.0645;1;0.26;1;0.1935;1;3.435;1;0;1.34;0.08
18NA96022_285;CAST#1;45.9215;-60.8268;175819;5;25-sep-96;20:40:00;21.857;13.905;6.193;1;0.4005;1;0.1455;1;0.28;1;0.191;1;3.43;1;0;1.47;0.08
18NA96022_285;CAST#1;45.9215;-60.8268;175818;30;25-sep-96;20:40:00;23;14.117;5.74;1;0.4806;1;0.2435;1;1.47;1;0.3175;1;4.815;1;0;4.63;0.31
18NA96022_285;CAST#1;45.9215;-60.8268;175817;55;25-sep-96;20:40:00;24.211;12.593;4.563;1;NaN;9;0.133;1;6.28;1;0.89;1;13.685;1;0;7.06;0.46
18NA96022_295;CAST#1;45.915;-60.7572;175824;1;27-sep-96;11:32:00;20.351;13.824;5.779;1;0.801;1;0.2425;1;0.35;1;0.167;1;2.995;1;0;2.10;0.12
18NA96022_295;CAST#1;45.915;-60.7572;175823;5;27-sep-96;11:32:00;21.803;13.963;6.161;1;0.9612;1;0.0995;1;0.31;1;0.164;1;3.24;1;0;1.89;0.10
18NA96022_295;CAST#1;45.915;-60.7572;175822;40;27-sep-96;11:32:00;22.386;5.34;6.184;1;NaN;9;0.1415;1;3.43;1;0.544;1;7.475;1;0;6.31;0.46
18NA96022_295;CAST#1;45.915;-60.7572;175821;68;27-sep-96;11:32:00;22.329;4.077;6.011;1;NaN;9;0.075;1;4.115;1;0.646;1;10.39;1;0;6.37;0.40
18NA96022_297;CAST#1;45.8777;-60.6755;175827;1;27-sep-96;12:19:00;21.63;13.173;6.289;1;0.4005;1;0.1585;1;0.34;1;0.2005;1;4.155;1;0;1.70;0.08
18NA96022_297;CAST#1;45.8777;-60.6755;175826;5;27-sep-96;12:19:00;21.652;13.192;6.277;1;0.2403;1;0.105;1;0.34;1;0.1985;1;4.115;1;0;1.71;0.08
18NA96022_297;CAST#1;45.8777;-60.6755;175825;25;27-sep-96;12:19:00;22.218;9.211;5.955;1;0;1;0.166;1;2.33;1;0.3965;1;5.885;1;0;5.88;0.40
18NA96022_299;CAST#1;45.9012;-60.6115;175830;1;27-sep-96;12:59:00;21.38;13.124;6.338;1;0.2403;1;0.0935;1;0.27;1;0.2165;1;4.79;1;0;1.25;0.06
18NA96022_299;CAST#1;45.9012;-60.6115;175829;5;27-sep-96;12:59:00;21.378;13.127;6.31;1;0.3204;1;0.0955;1;0.275;1;0.1945;1;4.745;1;0;1.41;0.06
18NA96022_299;CAST#1;45.9012;-60.6115;175828;17;27-sep-96;12:59:00;21.995;11.544;NaN;9;0.1602;1;0.1735;1;1.23;1;0.293;1;4.935;1;0;4.20;0.25
18NA96022_300;CAST#1;46.007;-60.4083;175832;1;27-sep-96;14:14:00;19.915;11.753;6.388;1;0.1602;1;0.1975;1;1.025;1;0.248;1;10.64;1;0;4.13;0.10
18NA96022_300;CAST#1;46.007;-60.4083;175831;8;27-sep-96;14:14:00;21.316;12.292;6.055;1;0.4005;1;0.274;1;1;1;0.297;1;6.155;1;0;3.37;0.16
18NA96022_301;CAST#1;45.967;-60.4787;175836;1;27-sep-96;14:44:00;21.269;13.138;6.244;1;0.8811;1;0.1295;1;0.43;1;0.2375;1;5.545;1;0;1.81;0.08
18NA96022_301;CAST#1;45.967;-60.4787;175835;5;27-sep-96;14:44:00;21.299;12.984;6.232;1;0.6408;1;0.1215;1;0.405;1;0.2265;1;5.605;1;0;1.79;0.07
18NA96022_301;CAST#1;45.967;-60.4787;175834;25;27-sep-96;14:44:00;22.013;9.938;5.76;1;0.2403;1;0.196;1;2.48;1;0.4335;1;6.995;1;0;5.72;0.35
18NA96022_301;CAST#1;45.967;-60.4787;175833;75;27-sep-96;14:44:00;22.168;6.112;5.636;1;NaN;9;0.1235;1;4.54;1;0.766;1;10.71;1;0;5.93;0.42
18NA96022_302;CAST#1;45.9408;-60.528;175839;1;27-sep-96;15:38:00;20.98;13.18;6.33;1;0.1602;1;0.187;1;0.42;1;0.2825;1;5.485;1;0;1.49;0.08
18NA96022_302;CAST#1;45.9408;-60.528;175838;5;27-sep-96;15:38:00;21.041;13.062;6.357;1;0.4806;1;0.0995;1;0.25;1;0.2125;1;5.91;1;0;1.18;0.04
18NA96022_302;CAST#1;45.9408;-60.528;175837;34;27-sep-96;15:38:00;22.023;9.691;5.713;1;0.4005;1;0.2155;1;2.705;1;0.524;1;7.75;1;0;5.16;0.35
18NA96022_303;CAST#1;45.9577;-60.5745;175842;1;27-sep-96;16:30:00;20.682;13.44;6.343;1;0.6408;1;0.07;1;0.23;1;0.2515;1;7.17;1;0;0.91;0.03
18NA96022_303;CAST#1;45.9577;-60.5745;175841;5;27-sep-96;16:30:00;20.879;13.123;6.308;1;1.2015;1;0.089;1;0.265;1;0.2985;1;7.15;1;0;0.89;0.04
18NA96022_303;CAST#1;45.9577;-60.5745;175840;25;27-sep-96;16:30:00;NaN;NaN;4.307;1;0.1602;1;0.81;1;4.085;1;1.017;1;13.335;1;0;4.02;0.31
18NA96022_305;CAST#1;45.9543;-60.5855;175844;1;27-sep-96;17:02:00;20.72;13.183;6.386;1;0.5607;7;0.087;1;0.24;1;0.272;1;7.59;1;32;0.88;0.03
18NA96022_305;CAST#1;45.9543;-60.5855;175843;5;27-sep-96;17:02:00;20.772;12.877;5.9;1;0.5607;7;0.088;1;0.35;1;0.329;1;7.44;1;32;1.06;0.05
18NA96022_306;CAST#1;45.7432;-60.8022;175848;1;27-sep-96;19:33:00;21.449;13.843;6.189;1;0.6408;1;0.14;1;0.58;1;0.1875;1;4.53;1;0;3.09;0.13
18NA96022_306;CAST#1;45.7432;-60.8022;175847;5;27-sep-96;19:33:00;21.444;13.843;6.191;1;0.8811;1;0.139;1;0.465;1;0.27;1;4.49;1;0;1.72;0.10
18NA96022_306;CAST#1;45.7432;-60.8022;175846;15;27-sep-96;19:33:00;21.503;13.835;6.2;1;1.2015;1;0.1275;1;0.37;1;0.199;1;4.355;1;0;1.86;0.08
18NA96022_306;CAST#1;45.7432;-60.8022;175845;26;27-sep-96;19:33:00;21.991;12.145;5.858;1;0.2403;1;0.21;1;1.35;1;0.3195;1;5.545;1;0;4.23;0.24
18NA96022_307;CAST#1;45.7013;-60.7933;175851;1;27-sep-96;19:58:00;21.047;14.055;6.121;1;2.8035;1;0.146;1;0.79;1;0.2135;1;5.1;1;0;3.70;0.15
18NA96022_307;CAST#1;45.7013;-60.7933;175850;5;27-sep-96;19:58:00;21.048;14.057;6.136;1;3.1239;1;0.1525;1;0.5;1;0.166;1;4.985;1;0;3.01;0.10
18NA96022_307;CAST#1;45.7013;-60.7933;175849;13;27-sep-96;19:58:00;21.039;14.074;6.086;1;0.6408;1;0.1595;1;0.46;1;0.177;1;5.06;1;0;2.60;0.09
18NA96022_308;CAST#1;45.6752;-60.8285;175853;5;27-sep-96;20:18:00;20.685;14.582;6.124;1;0.8811;1;0.141;1;0.36;1;0.11;1;4.865;1;0;3.27;0.07
18NA96022_308;CAST#1;45.6752;-60.8285;175852;17;27-sep-96;20:18:00;21.967;13.698;4.674;1;2.7234;1;0.9335;1;2.69;1;0.626;1;10.635;2;2048;4.30;0.25
18NA96022_309;CAST#1;45.6572;-60.8567;175856;1;27-sep-96;20:40:00;19.791;14.136;6.419;1;0.9612;1;0.068;1;0.24;1;0.0655;1;4.75;1;0;3.66;0.05
18NA96022_309;CAST#1;45.6572;-60.8567;175855;5;27-sep-96;20:40:00;19.831;14.112;6.375;1;2.8836;1;0.076;1;0.345;1;0.1445;1;4.805;1;0;2.39;0.07
18NA96022_309;CAST#1;45.6572;-60.8567;175854;20;27-sep-96;20:40:00;22.283;5.47;3.261;1;0.2403;1;0.128;1;9.07;2;1.4995;2;13.72;2;2048;6.05;0.66
