CTD;CTD;CTD;CTD;CTD;CTD;CTD;CTD;CTD;CTD;CTD;CTD;labo;labo;labo;labo;labo;labo;labo;labo;labo;labo;labo;labo;labo;labo;labo;calc;calc
Fichier;Station;Latitude;Longitude;Echantillon;zbouteille;Date;Heure;PSAL;TEMP_XX;DOXY;PHPH;CHL_01;Q_CHL;PSAL_BS;Q_PSAL;OXY_02;Q_OXY;NO2_01;Q_NO2;NOx_01;Q_NOX;PO4_01;Q_PO4;Si_01;Q_Si;QCFF;N_P;N_Si
(nom);(nom/no);(degres);(degres);(no_unique);(dbar);(jj-mmm-yyyy);(GMT);(psu);(celsius);(ml/l);((none));(mg/m**3);((none));(PSU);((none));(ml/l);((none));(mmol/m**3);((none));(mmol/m**3);((none));(mmol/m**3);((none));(mmol/m**3);((none));((none));((none));((none))
18VA17667_002;HL_0;44.6937;-63.6403;434818;1.81;04-jan-17;13:11:00;28.9562;4.2183;6.7929;7.873;1.2718;1;NaN;9;NaN;9;0.38;1;8.26333;1;0.95767;1;11.12667;1;0;8.63;0.74
18VA17667_002;HL_0;44.6937;-63.6403;434817;5.26;04-jan-17;13:11:00;29.0243;4.2605;6.771;7.873;1.09638;1;NaN;9;NaN;9;0.36667;1;8.32667;1;0.95367;1;10.98333;1;0;8.73;0.76
18VA17667_002;HL_0;44.6937;-63.6403;434816;10.31;04-jan-17;13:11:00;29.2714;4.4123;6.6556;7.865;1.09638;1;NaN;9;NaN;9;0.35333;1;8.34;1;0.955;1;10.78333;1;0;8.73;0.77
18VA17667_002;HL_0;44.6937;-63.6403;434815;60.53;04-jan-17;13:13:00;31.1201;5.401;1.3529;7.572;0.05825;1;31.333;7;NaN;9;0.15667;1;21.31333;1;3.22;2;40.40333;2;2304;6.62;0.53
18VA17667_113;HL_0;44.6937;-63.6403;434822;1.95;11-jan-17;13:19:00;29.3364;3.2503;6.9276;7.886;0.89903;1;NaN;9;NaN;9;0.4;1;7.96;1;0.926;1;10.66;1;0;8.60;0.75
18VA17667_113;HL_0;44.6937;-63.6403;434821;5.71;11-jan-17;13:19:00;29.3524;3.2695;6.9096;7.891;0.92096;1;NaN;9;NaN;9;0.39333;1;7.95333;1;0.92833;1;10.63;1;0;8.57;0.75
18VA17667_113;HL_0;44.6937;-63.6403;434820;10.61;11-jan-17;13:19:00;29.5427;3.4907;6.8067;7.888;0.70168;1;NaN;9;NaN;9;0.37667;1;8.12;1;0.96067;1;10.56;1;0;8.45;0.77
18VA17667_113;HL_0;44.6937;-63.6403;434819;60.73;11-jan-17;13:21:00;31.0988;5.3999;1.5039;7.642;0.05582;1;31.312;7;NaN;9;0.1;1;21.19333;1;3.32667;2;42.89667;2;2304;6.37;0.49
18VA17667_225;HL_0;44.6937;-63.6403;434826;1.59;18-jan-17;13:20:00;28.8188;2.0131;7.3267;7.876;0.57012;1;NaN;9;NaN;9;0.42;1;8.1;1;0.9105;1;11.6;1;0;8.90;0.70
18VA17667_225;HL_0;44.6937;-63.6403;434825;5.12;18-jan-17;13:20:00;29.4157;3.28;6.9333;7.872;0.78939;1;NaN;9;7.176;1;0.395;1;7.885;1;0.933;1;10.63;1;0;8.45;0.74
18VA17667_225;HL_0;44.6937;-63.6403;434824;10.17;18-jan-17;13:21:00;29.8865;3.7727;6.6381;7.878;0.32279;1;NaN;9;NaN;9;0.37;1;7.695;1;0.9545;1;9.91;1;0;8.06;0.78
18VA17667_225;HL_0;44.6937;-63.6403;434823;60.85;18-jan-17;13:24:00;31.0885;5.394;1.496;7.696;0.07766;1;31.229;1;1.79;1;0.07;1;19.62;1;2.9945;2;40.525;2;2048;6.55;0.48
18VA17667_264;HL_0;44.6937;-63.6403;434830;1.91;25-jan-17;14:50:00;29.3586;2.9094;7.1924;7.887;0.52709;1;NaN;9;NaN;9;0.45;1;8.115;1;0.9485;1;10.555;1;0;8.56;0.77
18VA17667_264;HL_0;44.6937;-63.6403;434829;5.45;25-jan-17;14:50:00;29.9715;3.7006;6.632;7.872;0.32279;1;NaN;9;6.6;1;0.37;1;8.265;1;0.976;1;10.66;1;0;8.47;0.78
18VA17667_264;HL_0;44.6937;-63.6403;434828;10.46;25-jan-17;14:50:00;30.2679;3.6797;6.5136;7.883;0.28193;1;NaN;9;NaN;9;0.3;1;8;1;0.9885;1;10.435;1;0;8.09;0.77
18VA17667_264;HL_0;44.6937;-63.6403;434827;60.79;25-jan-17;14:52:00;31.0531;5.372;1.4253;7.731;0.0631;1;31.243;1;1.697;1;0.09;1;19.41;1;3.035;2;41.435;2;2048;6.40;0.47
18VA17667_284;HL_0;44.6937;-63.6403;434834;1.86;01-feb-17;13:27:00;29.0798;3.1162;7.1061;7.045;0.35139;1;NaN;9;NaN;9;0.37333;1;8.55;1;0.91733;1;13.125;1;0;9.32;0.65
18VA17667_284;HL_0;44.6937;-63.6403;434833;5.61;01-feb-17;13:27:00;30.006;3.3355;6.6837;7.043;0.44946;1;NaN;9;6.9215;1;0.32;1;7.68667;1;0.967;1;10.89;1;0;7.95;0.71
18VA17667_284;HL_0;44.6937;-63.6403;434832;10.63;01-feb-17;13:27:00;30.2957;3.4263;6.5146;7.04;0.27376;1;NaN;9;NaN;9;0.27333;1;7.695;1;0.957;1;10.11;1;0;8.04;0.76
18VA17667_284;HL_0;44.6937;-63.6403;434831;60.73;01-feb-17;13:29:00;31.1136;4.96;2.1821;7.042;0.07038;1;31.172;1;1.8255;1;0.22333;1;18.46667;2;3.205;2;38.34333;2;2048;5.76;0.48
18VA17667_304;HL_0;44.6937;-63.6403;434838;1.94;08-feb-17;13:30:00;30.1764;2.3116;7.0193;7.083;0.47806;1;NaN;9;NaN;9;0.24333;1;7.45;1;0.974;1;10.52667;1;0;7.65;0.71
18VA17667_304;HL_0;44.6937;-63.6403;434837;5.62;08-feb-17;13:30:00;30.1837;2.3098;7.0299;7.081;0.51075;1;NaN;9;7.3;1;0.23667;1;7.39;1;0.95933;1;10.47667;1;0;7.70;0.71
18VA17667_304;HL_0;44.6937;-63.6403;434836;10.59;08-feb-17;13:30:00;30.1919;2.3305;7.0201;7.081;0.49032;1;NaN;9;NaN;9;0.23;1;7.40667;1;0.975;1;10.41333;1;0;7.60;0.71
18VA17667_304;HL_0;44.6937;-63.6403;434835;60.78;08-feb-17;13:32:00;31.0551;4.6285;2.8729;7.089;0.08737;1;31.104;1;2.5735;1;0.23667;1;16.26333;1;2.97;2;36.34;2;2048;5.48;0.45
18VA17667_315;HL_0;44.6937;-63.6403;434842;1.83;15-feb-17;13:50:00;30.2827;1.8614;6.9316;7.737;0.34731;1;NaN;9;NaN;9;0.20667;1;8.25333;1;1.14067;1;13.32667;1;0;7.24;0.62
18VA17667_315;HL_0;44.6937;-63.6403;434841;5.5;15-feb-17;13:50:00;30.3446;1.8361;7.0101;7.74;0.51892;1;NaN;9;7.0435;1;0.2;1;8.24667;1;1.12167;1;12.89333;1;0;7.35;0.64
18VA17667_315;HL_0;44.6937;-63.6403;434840;10.53;15-feb-17;13:50:00;30.4005;1.9885;6.9334;7.744;0.55161;1;NaN;9;NaN;9;0.21333;1;8.26;1;1.11967;1;12.9;1;0;7.38;0.64
18VA17667_315;HL_0;44.6937;-63.6403;434839;60.68;15-feb-17;13:51:00;30.9045;3.817;4.6839;7.707;0.10436;1;30.945;1;4.8895;1;0.18667;1;11.73;1;1.75767;2;21.73;2;2048;6.67;0.54
18VA17667_326;HL_0;44.6937;-63.6403;434846;1.97;22-feb-17;13:17:00;30.127;1.7744;6.6492;7.635;0.40043;1;NaN;9;NaN;9;0.24667;1;8.18;1;1.11867;1;13.78;1;0;7.31;0.59
18VA17667_326;HL_0;44.6937;-63.6403;434845;5.6;22-feb-17;13:18:00;30.2673;1.8165;6.8669;7.644;1.92964;1;NaN;9;7.2925;1;0.25333;1;7.99;1;1.09033;1;12.93;1;0;7.33;0.62
18VA17667_326;HL_0;44.6937;-63.6403;434844;10.56;22-feb-17;13:18:00;30.3194;1.7191;7.0995;7.657;1.00867;1;NaN;9;NaN;9;0.24333;1;8.19667;1;1.058;1;12.67333;1;0;7.75;0.65
18VA17667_326;HL_0;44.6937;-63.6403;434843;60.76;22-feb-17;13:19:00;30.7564;2.4359;6.2314;7.728;0.22064;1;30.849;1;5.8415;1;0.22667;1;9.57;1;1.59467;2;18.99667;2;2048;6.00;0.50
18VA17667_339;HL_0;44.6937;-63.6403;434850;1.81;01-mar-17;13:45:00;26.1243;3.0334;7.1553;7.847;2.8506;1;NaN;9;NaN;9;0.29;1;10.28333;1;0.85067;1;19.70333;2;2048;12.09;0.52
18VA17667_339;HL_0;44.6937;-63.6403;434849;5.55;01-mar-17;13:45:00;29.4506;2.3484;7.231;7.79;2.41205;1;NaN;9;7.7575;1;0.27333;1;8.70333;1;1.00667;1;13.59;1;0;8.65;0.64
18VA17667_339;HL_0;44.6937;-63.6403;434848;10.48;01-mar-17;13:46:00;30.1004;2.1404;7.1428;7.785;1.31566;1;NaN;9;NaN;9;0.24667;1;7.98667;1;1.03067;1;11.75667;2;2048;7.75;0.68
18VA17667_339;HL_0;44.6937;-63.6403;434847;60.62;01-mar-17;13:48:00;30.7364;2.2713;6.0489;7.768;0.20387;1;30.793;1;6.351;1;0.24;1;8.59333;1;1.39267;1;16.34333;2;2048;6.17;0.53
18VA17667_003;HL_0;44.6937;-63.6403;434854;1.4;08-mar-17;13:42:00;29.9041;1.597;7.4811;7.854;2.69711;1;NaN;9;NaN;9;0.22;1;7.38;1;0.95867;1;11.67;1;0;7.70;0.63
18VA17667_003;HL_0;44.6937;-63.6403;434853;5.49;08-mar-17;13:42:00;29.9284;1.5737;7.4765;7.859;2.32433;1;NaN;9;7.664;1;0.21;1;7.59;1;0.94733;1;11.72667;1;0;8.01;0.65
18VA17667_003;HL_0;44.6937;-63.6403;434852;10.51;08-mar-17;13:42:00;30.2408;1.8568;7.2484;7.859;2.25855;1;NaN;9;NaN;9;0.21;1;7.55333;1;1;1;12.09333;2;2048;7.55;0.62
18VA17667_003;HL_0;44.6937;-63.6403;434851;60.66;08-mar-17;13:44:00;30.9833;1.4962;7.2376;7.861;0.29419;1;30.992;1;7.4565;1;0.17;1;6.51333;1;0.94767;1;9.74333;1;0;6.87;0.67
18VA17667_014;HL_0;44.6937;-63.6403;434858;1.16;15-mar-17;12:16:00;30.1566;1.2066;7.6009;7.765;2.56991;1;NaN;9;NaN;9;0.21;1;7.11667;1;0.895;1;10.23;1;0;7.95;0.70
18VA17667_014;HL_0;44.6937;-63.6403;434857;5.29;15-mar-17;12:17:00;30.1624;1.2042;7.6149;7.786;2.52912;1;NaN;9;7.8215;1;0.21333;1;7.4;1;0.91933;1;10.21667;1;0;8.05;0.72
18VA17667_014;HL_0;44.6937;-63.6403;434856;10.38;15-mar-17;12:17:00;30.3123;1.2706;7.5608;7.793;2.36595;1;NaN;9;NaN;9;0.20333;1;7.20667;1;0.91667;1;10.27667;2;2048;7.86;0.70
18VA17667_014;HL_0;44.6937;-63.6403;434855;60.63;15-mar-17;12:19:00;30.9761;1.4227;6.989;7.824;0.44946;1;30.988;1;7.3335;1;0.20333;1;6.57667;1;1.03433;1;10.15667;1;0;6.36;0.65
18VA17667_025;HL_0;44.6937;-63.6403;434862;1.24;22-mar-17;17:30:00;29.9395;2.0191;6.6958;7.944;3.42655;1;NaN;9;NaN;9;0.315;1;5.125;1;0.6025;1;8.95;1;0;8.51;0.57
18VA17667_025;HL_0;44.6937;-63.6403;434861;5.35;22-mar-17;17:30:00;30.0069;1.8547;7.785;7.944;3.67131;1;NaN;9;7.996;1;0.29;1;5.05;1;0.7215;1;7.865;1;0;7.00;0.64
18VA17667_025;HL_0;44.6937;-63.6403;434860;10.21;22-mar-17;17:30:00;30.5813;1.5302;7.5421;7.932;2.52912;1;NaN;9;NaN;9;0.27;1;5.725;1;0.8845;1;8.565;1;0;6.47;0.67
18VA17667_025;HL_0;44.6937;-63.6403;434859;60.59;22-mar-17;17:30:00;30.9859;1.0843;7.621;7.923;1.24988;1;31.033;1;7.829;1;0.245;1;5.11;1;0.9015;1;8.44;1;0;5.67;0.61
18VA17667_036;HL_0;44.6937;-63.6403;434866;1.38;29-mar-17;12:32:00;29.8505;1.1261;8.5154;7.862;12.47603;1;NaN;9;NaN;9;0.29;1;2.755;1;0.504;1;3.555;1;0;5.47;0.77
18VA17667_036;HL_0;44.6937;-63.6403;434865;5.34;29-mar-17;12:32:00;30.1252;1.2286;8.3223;7.863;13.36717;1;NaN;9;8.594;1;0.31;1;2.745;1;0.598;1;3.275;1;0;4.59;0.84
18VA17667_036;HL_0;44.6937;-63.6403;434864;10.53;29-mar-17;12:32:00;30.3368;1.2956;8.0181;7.863;6.32281;1;NaN;9;NaN;9;0.285;1;3.975;1;0.724;1;4.59;1;0;5.49;0.87
18VA17667_036;HL_0;44.6937;-63.6403;434863;60.65;29-mar-17;12:34:00;30.9726;1.1633;7.3823;7.844;0.26967;1;31.017;1;7.5855;1;0.285;1;5.385;1;1.001;1;9.465;1;0;5.38;0.57
18VA17667_047;HL_0;44.6937;-63.6403;434870;1.29;05-apr-17;12:24:00;30.2539;1.476;8.5271;7.873;18.93683;1;NaN;9;NaN;9;0.24;1;1.54;1;0.419;1;0.72;1;0;3.68;2.14
18VA17667_047;HL_0;44.6937;-63.6403;434869;5.34;05-apr-17;12:24:00;30.2547;1.4734;8.5352;7.882;20.05076;1;NaN;9;NaN;9;0.235;1;1.55;1;0.4255;1;0.775;1;0;3.64;2.00
18VA17667_047;HL_0;44.6937;-63.6403;434868;10.32;05-apr-17;12:25:00;30.2563;1.4691;8.5153;7.888;18.93683;1;NaN;9;NaN;9;0.25;1;1.99;1;0.4755;1;1.15;1;0;4.19;1.73
18VA17667_047;HL_0;44.6937;-63.6403;434867;60.74;05-apr-17;12:26:00;30.971;1.1768;7.313;7.837;0.14301;1;30.966;1;NaN;9;0.335;1;5.505;1;1.126;1;10.72;1;0;4.89;0.51
18VA17667_058;HL_0;44.6937;-63.6403;434874;1.46;12-apr-17;13:45:00;27.8105;4.2228;10.144;8.425;7.79751;1;NaN;9;NaN;9;0.1;1;0.815;1;0.1965;1;0.355;1;0;4.15;2.30
18VA17667_058;HL_0;44.6937;-63.6403;434873;5.61;12-apr-17;13:45:00;29.9785;2.3044;10.0411;8.363;12.47603;1;NaN;9;10.238;4;0.115;1;0.845;1;0.227;1;0;1;4;3.72;NaN
18VA17667_058;HL_0;44.6937;-63.6403;434872;10.63;12-apr-17;13:45:00;30.1583;1.9441;8.5799;8.302;27.40271;1;NaN;9;NaN;9;0.155;1;1.045;1;0.351;1;0;1;0;2.98;NaN
18VA17667_058;HL_0;44.6937;-63.6403;434871;60.67;12-apr-17;13:47:00;30.9691;1.2147;7.0049;8.068;1.38144;1;30.995;1;7.367;1;0.385;1;5.735;1;1.113;1;10.77;1;0;5.15;0.53
18VA17667_069;HL_0;44.6937;-63.6403;434878;1.37;20-apr-17;12:14:00;28.9464;4.0908;8.4686;7.531;3.17074;1;NaN;9;NaN;9;0.11;1;0.96;1;0.121;2;0;1;2048;7.93;NaN
18VA17667_069;HL_0;44.6937;-63.6403;434877;5.38;20-apr-17;12:15:00;30.1246;2.2813;8.9531;7.565;3.57422;1;NaN;9;8.863;1;0.1;1;1.025;1;0.166;1;0;1;0;6.17;NaN
18VA17667_069;HL_0;44.6937;-63.6403;434876;10.47;20-apr-17;12:15:00;30.3158;1.4918;8.4241;7.589;2.65325;1;NaN;9;NaN;9;0.195;1;1.865;1;0.378;1;0;1;0;4.93;NaN
18VA17667_069;HL_0;44.6937;-63.6403;434875;60.76;20-apr-17;12:16:00;30.9643;1.2271;6.8567;7.607;1.05253;1;31.014;1;6.964;1;0.435;1;6.19;1;1.2165;1;11.735;1;0;5.09;0.53
18VA17667_080;HL_0;44.6937;-63.6403;434882;1.68;26-apr-17;12:18:00;29.1387;4.9919;8.3696;7.843;2.6515;1;NaN;9;NaN;9;0.095;1;0.84;1;0.128;2;0;1;2048;6.56;NaN
18VA17667_080;HL_0;44.6937;-63.6403;434881;5.47;26-apr-17;12:18:00;29.7241;3.6229;8.6233;7.857;3.58972;1;NaN;9;8.6435;1;0.095;1;0.765;1;0.1355;2;0;1;2048;5.65;NaN
18VA17667_080;HL_0;44.6937;-63.6403;434880;10.49;26-apr-17;12:18:00;30.145;2.4284;8.2726;7.867;2.6515;1;NaN;9;NaN;9;0.145;1;1.335;1;0.3555;1;0;1;0;3.76;NaN
18VA17667_080;HL_0;44.6937;-63.6403;434879;60.76;26-apr-17;12:20:00;30.959;1.2533;6.3565;7.804;0.30645;1;30.983;1;6.3455;1;0.54;1;6.44;1;1.444;1;13.065;1;0;4.46;0.49
18VA17667_091;HL_0;44.6937;-63.6403;434886;1.38;03-may-17;12:30:00;27.9326;5.9017;8.0594;7.608;4.85429;1;NaN;9;NaN;9;0.215;1;1.295;1;0.2775;1;0.815;1;0;4.67;1.59
18VA17667_091;HL_0;44.6937;-63.6403;434885;5.43;03-may-17;12:30:00;29.3375;4.5667;8.24;7.627;6.20043;1;NaN;9;8.2765;1;0.14;1;0.915;1;0.241;1;0;1;0;3.80;NaN
18VA17667_091;HL_0;44.6937;-63.6403;434884;10.41;03-may-17;12:30:00;30.0125;2.8833;7.952;7.646;2.73308;1;NaN;9;NaN;9;0.18;1;1.365;1;0.348;1;0;1;0;3.92;NaN
18VA17667_091;HL_0;44.6937;-63.6403;434883;60.69;03-may-17;12:32:00;30.9554;1.2717;5.984;7.633;0.09397;1;30.977;1;6.091;1;0.655;1;6.595;1;1.4745;1;13.95;1;0;4.47;0.47
18VA17667_102;HL_0;44.6937;-63.6403;434890;1.35;10-may-17;12:28:00;27.5588;7.7984;7.2093;7.575;2.14891;1;NaN;9;NaN;9;0.26;1;4.79;2;0.3505;1;11.495;2;2048;13.67;0.42
18VA17667_102;HL_0;44.6937;-63.6403;434889;5.39;10-may-17;12:29:00;29.5435;5.0211;7.9146;7.572;9.80259;1;NaN;9;8.048;1;0.105;1;1.055;1;0.2685;1;0;1;0;3.93;NaN
18VA17667_102;HL_0;44.6937;-63.6403;434888;10.35;10-may-17;12:29:00;29.7493;4.0208;7.6061;7.595;2.08041;1;NaN;9;NaN;9;0.165;1;1.255;1;0.3145;1;0;1;0;3.99;NaN
18VA17667_102;HL_0;44.6937;-63.6403;434887;60.61;10-may-17;12:31:00;30.9363;1.2705;5.811;7.615;0.08172;1;30.956;1;5.935;1;0.695;1;6.88;1;1.499;1;13.44;1;0;4.59;0.51
18VA17667_114;HL_0;44.6937;-63.6403;434894;1.44;17-may-17;12:31:00;25.7577;7.9465;7.3493;7.638;1.49108;1;NaN;9;NaN;9;0.175;1;2.565;1;0.1805;1;6.27;1;0;14.21;0.41
18VA17667_114;HL_0;44.6937;-63.6403;434893;5.48;17-may-17;12:31:00;28.813;5.9265;7.6824;7.629;12.9216;1;NaN;9;7.9005;1;0.13;1;1.19;1;0.283;1;1.89;1;0;4.20;0.63
18VA17667_114;HL_0;44.6937;-63.6403;434892;10.5;17-may-17;12:32:00;29.4661;4.7745;7.3522;7.636;0.74554;1;NaN;9;NaN;9;0.12;1;1.375;1;0.3575;1;0.61;1;0;3.85;2.25
18VA17667_114;HL_0;44.6937;-63.6403;434891;60.77;17-may-17;12:33:00;30.9262;1.2767;5.5722;7.62;0.08989;1;30.928;1;5.7315;1;0.535;1;7.54;1;1.619;1;14.015;1;0;4.66;0.54
18VA17667_127;HL_0;44.6937;-63.6403;434898;1.49;24-may-17;12:23:00;29.1309;6.5168;7.4874;7.689;2.03961;1;NaN;9;NaN;9;0.14;1;1.27;1;0.266;1;1.515;1;0;4.77;0.84
18VA17667_127;HL_0;44.6937;-63.6403;434897;5.43;24-may-17;12:23:00;29.6499;5.4022;7.7713;7.714;3.67131;1;NaN;9;7.9685;1;0.13;1;1.27;1;0.289;1;1.43;1;0;4.39;0.89
18VA17667_127;HL_0;44.6937;-63.6403;434896;10.49;24-may-17;12:23:00;30.3423;3.6672;7.3037;7.704;1.79486;1;NaN;9;NaN;9;0.14;1;1.605;1;0.427;1;1.73;1;0;3.76;0.93
18VA17667_127;HL_0;44.6937;-63.6403;434895;60.82;24-may-17;12:25:00;30.9124;1.2822;5.3117;7.626;0.0858;1;30.97;1;5.384;1;0.38;1;7.445;1;1.703;1;15.93;1;0;4.37;0.47
18VA17667_138;HL_0;44.6937;-63.6403;434902;1.13;31-may-17;12:37:00;27.602;9.5748;8.3194;7.927;7.79751;1;NaN;9;NaN;9;0.09;1;1.095;1;0.191;1;0;1;0;5.73;NaN
18VA17667_138;HL_0;44.6937;-63.6403;434901;5.29;31-may-17;12:38:00;29.6203;6.4943;8.2676;7.911;8.91145;1;NaN;9;8.795;1;0.08;1;1.03;1;0.212;1;0;1;0;4.86;NaN
18VA17667_138;HL_0;44.6937;-63.6403;434900;10.38;31-may-17;12:38:00;30.045;4.6711;7.4167;7.856;13.36717;1;NaN;9;NaN;9;0.145;1;1.31;1;0.4225;1;1.11;1;0;3.10;1.18
18VA17667_138;HL_0;44.6937;-63.6403;434899;60.66;31-may-17;12:40:00;30.8966;1.2923;5.2347;7.657;0.08494;1;30.924;1;5.3375;1;0.23;1;7.8;1;1.722;1;15.805;1;0;4.53;0.49
18VA17667_149;HL_0;44.6937;-63.6403;434906;1.57;07-jun-17;12:28:00;28.8783;9.4298;7.7035;7.876;3.75289;1;NaN;9;NaN;9;0.1;1;1.2;1;0.181;1;0;1;0;6.63;NaN
18VA17667_149;HL_0;44.6937;-63.6403;434905;5.6;07-jun-17;12:28:00;29.9149;6.878;7.8761;7.861;2.93704;1;NaN;9;7.9065;1;0.09;1;1;1;0.201;1;0;1;0;4.98;NaN
18VA17667_149;HL_0;44.6937;-63.6403;434904;10.51;07-jun-17;12:28:00;30.1496;5.1778;7.2737;7.823;3.05942;1;NaN;9;NaN;9;0.13;1;1.4;1;0.466;1;1.205;1;0;3.00;1.16
18VA17667_149;HL_0;44.6937;-63.6403;434903;60.76;07-jun-17;12:30:00;30.8956;1.3236;4.9344;7.618;0.08252;1;30.92;1;5.3105;1;0.18;1;7.73;1;1.7495;2;15.715;2;2048;4.42;0.49
18VA17667_160;HL_0;44.6937;-63.6403;434910;0.79;14-jun-17;12:32:00;28.6221;11.9377;7.002;8.109;2.20278;1;NaN;9;NaN;9;0.095;1;0.67;1;0.2065;1;0.37;1;0;3.24;1.81
18VA17667_160;HL_0;44.6937;-63.6403;434909;5.32;14-jun-17;12:32:00;30.1333;7.1183;7.9783;8.149;3.58972;1;NaN;9;7.9095;1;0.07;1;1.195;1;0.2265;1;0;1;0;5.28;NaN
18VA17667_160;HL_0;44.6937;-63.6403;434908;10.42;14-jun-17;12:33:00;30.2091;5.7031;7.1903;8.063;6.44519;1;NaN;9;NaN;9;0.12;1;1.45;1;0.451;1;0.73;1;0;3.22;1.99
18VA17667_160;HL_0;44.6937;-63.6403;434907;60.69;14-jun-17;12:34:00;30.8816;1.3879;4.8316;7.718;0.10215;1;30.924;1;5.024;1;0.185;1;7.715;1;1.907;2;18.455;2;2048;4.05;0.42
18VA17667_171;HL_0;44.6937;-63.6403;434914;1.12;20-jun-17;12:23:00;29.2623;12.7874;6.6429;8.071;2.85546;1;NaN;9;NaN;9;0.06;1;0;1;0.24;1;0;1;0;0.00;NaN
18VA17667_171;HL_0;44.6937;-63.6403;434913;5.33;20-jun-17;12:24:00;30.0664;9.204;7.1294;8.085;4.56874;1;NaN;9;7.477;1;0.08;1;0;1;0.3025;1;0;1;0;0.00;NaN
18VA17667_171;HL_0;44.6937;-63.6403;434912;10.34;20-jun-17;12:24:00;30.2517;6.5661;7.4023;8.042;4.93587;1;NaN;9;NaN;9;0.065;1;0;1;0.3605;1;0;1;0;0.00;NaN
18VA17667_171;HL_0;44.6937;-63.6403;434911;60.73;20-jun-17;12:26:00;30.8752;1.4345;4.8336;7.65;0.13892;1;30.884;1;4.876;1;0.23;1;8.305;1;1.9165;2;17.805;2;2048;4.33;0.47
18VA17667_182;HL_0;44.6937;-63.6403;434918;1.48;28-jun-17;12:54:00;29.497;13.7147;4.7081;7.93;2.24357;1;NaN;9;NaN;9;0.11;1;0.32;1;0.451;1;0.865;1;0;0.71;0.37
18VA17667_182;HL_0;44.6937;-63.6403;434917;5.43;28-jun-17;12:54:00;30.6326;8.0363;7.2803;7.987;0.89743;1;NaN;9;6.7075;1;0.14;1;1.33;1;0.688;1;3.155;2;2048;1.93;0.42
18VA17667_182;HL_0;44.6937;-63.6403;434916;10.46;28-jun-17;12:54:00;30.7399;5.6621;6.8835;7.953;3.67131;1;NaN;9;NaN;9;0.135;1;0.485;1;0.632;1;1.535;1;0;0.77;0.32
18VA17667_182;HL_0;44.6937;-63.6403;434915;60.72;28-jun-17;12:56:00;30.8741;1.4492;4.605;7.634;0.10623;1;30.881;1;4.775;1;0.23;1;8.14;1;1.994;2;17.495;2;2048;4.08;0.47
18VA17667_193;HL_0;44.6937;-63.6403;434922;1.22;05-jul-17;13:04:00;28.9482;14.7075;6.6931;8.024;4.56874;1;NaN;9;NaN;9;0.19;1;0.635;1;0.275;1;1.455;1;0;2.31;0.44
18VA17667_193;HL_0;44.6937;-63.6403;434921;5.37;05-jul-17;13:05:00;30.7557;6.3217;7.4278;8.09;2.34148;1;NaN;9;7.863;1;0.09;1;0;1;0.311;1;0;1;0;0.00;NaN
18VA17667_193;HL_0;44.6937;-63.6403;434920;10.48;05-jul-17;13:05:00;30.8465;5.0435;6.4598;8.05;6.3636;1;NaN;9;NaN;9;0.075;1;0;1;0.625;1;2.185;1;0;0.00;0.00
18VA17667_193;HL_0;44.6937;-63.6403;434919;60.71;05-jul-17;13:07:00;30.8623;1.5416;4.3857;7.723;0.31871;1;30.879;1;4.612;1;0.28;1;8.24;1;1.963;2;18.38;1;2048;4.20;0.45
18VA17667_204;HL_0;44.6937;-63.6403;434926;1.16;12-jul-17;12:31:00;28.3155;15.782;6.1056;8.014;1.87644;1;NaN;9;NaN;9;0.07;1;0;1;0.2675;1;1.125;1;0;0.00;0.00
18VA17667_204;HL_0;44.6937;-63.6403;434925;5.46;12-jul-17;12:31:00;30.7669;6.4582;7.8327;8.104;2.36595;1;NaN;9;7.877;1;0.07;1;0;1;0.3535;1;1.8;1;0;0.00;0.00
18VA17667_204;HL_0;44.6937;-63.6403;434924;10.49;12-jul-17;12:31:00;30.9655;5.1285;7.6743;8.114;10.69374;1;NaN;9;NaN;9;0.09;1;0;1;0.578;1;2.77;1;0;0.00;0.00
18VA17667_204;HL_0;44.6937;-63.6403;434923;60.72;12-jul-17;12:33:00;30.8835;1.7391;4.3997;7.842;0.15935;1;30.934;1;4.48;1;0.335;1;7.78;1;2.056;2;18.945;1;2048;3.78;0.41
18VA17667_215;HL_0;44.6937;-63.6403;434930;1.41;19-jul-17;12:21:00;29.1943;15.5095;6.8118;7.829;3.58972;1;NaN;9;NaN;9;0.075;1;0;1;0.2555;1;1.81;1;0;0.00;0.00
18VA17667_215;HL_0;44.6937;-63.6403;434929;5.36;19-jul-17;12:21:00;30.391;9.7847;7.5116;7.913;3.10021;1;NaN;9;7.3435;1;0.06;1;0;1;0.2675;1;0.9;1;0;0.00;0.00
18VA17667_215;HL_0;44.6937;-63.6403;434928;10.33;19-jul-17;12:22:00;30.9217;5.7349;7.5167;7.97;5.75172;1;NaN;9;NaN;9;0.085;1;0.06;1;0.448;1;2.235;1;0;0.13;0.03
18VA17667_215;HL_0;44.6937;-63.6403;434927;60.66;19-jul-17;12:24:00;30.8956;1.9421;4.2549;7.811;0.6129;1;30.914;1;4.497;1;0.43;1;7.58;1;2.1265;2;21.055;2;2048;3.56;0.36
18VA17667_226;HL_0;44.6937;-63.6403;434934;1.31;26-jul-17;12:33:00;29.5334;14.0567;6.9938;7.859;6.07806;1;NaN;9;NaN;9;0.095;1;0.49;1;0.2865;1;0;1;0;1.71;NaN
18VA17667_226;HL_0;44.6937;-63.6403;434933;5.52;26-jul-17;12:33:00;30.6428;9.0381;7.6299;7.919;4.97666;1;NaN;9;7.5815;1;0.125;1;0.19;1;0.267;1;0;1;0;0.71;NaN
18VA17667_226;HL_0;44.6937;-63.6403;434932;10.52;26-jul-17;12:33:00;30.8402;7.0511;7.1251;7.951;6.8939;1;NaN;9;NaN;9;0.07;1;0.23;1;0.463;1;0.155;1;0;0.50;1.48
18VA17667_226;HL_0;44.6937;-63.6403;434931;60.73;26-jul-17;12:35:00;30.9085;2.1358;4.1022;7.867;1.22795;1;30.894;1;4.431;1;0.39;1;6.88;1;2.0905;2;21.01;2;2048;3.29;0.33
18VA17667_237;HL_0;44.6937;-63.6403;434938;1.15;02-aug-17;12:28:00;30.094;17.0852;6.7263;7.512;3.22259;1;NaN;9;NaN;9;0.06;1;0.125;1;0.252;1;0;1;0;0.50;NaN
18VA17667_237;HL_0;44.6937;-63.6403;434937;5.13;02-aug-17;12:29:00;30.3015;14.9018;7.1726;7.617;5.38459;1;NaN;9;7.43;1;0.055;1;0.14;1;0.2815;1;0;1;0;0.50;NaN
18VA17667_237;HL_0;44.6937;-63.6403;434936;10.17;02-aug-17;12:30:00;30.4122;13.2768;6.7689;7.703;15.37225;1;NaN;9;NaN;9;0.065;1;0.13;1;0.421;1;0;1;0;0.31;NaN
18VA17667_237;HL_0;44.6937;-63.6403;434935;60.46;02-aug-17;12:36:00;30.9158;2.4121;4.1206;7.717;0.42086;1;30.959;1;4.3195;1;0.43;1;6.23;1;2.0185;2;19.645;2;2048;3.09;0.32
18VA17667_239;HL_0;44.6937;-63.6403;434942;1.25;09-aug-17;12:36:00;29.8946;18.7335;5.9499;7.504;8.91145;1;NaN;9;NaN;9;0.08;1;0.15;1;0.2895;1;0;1;0;0.52;NaN
18VA17667_239;HL_0;44.6937;-63.6403;434941;5.33;09-aug-17;12:36:00;30.185;18.3477;5.8961;7.538;10.24816;1;NaN;9;6.3245;1;0.065;1;0.09;1;0.291;1;0;1;0;0.31;NaN
18VA17667_239;HL_0;44.6937;-63.6403;434940;10.16;09-aug-17;12:36:00;30.4286;15.542;5.77;7.592;2.1212;1;NaN;9;NaN;9;0.06;1;0.28;1;0.4125;1;0.075;1;0;0.68;3.73
18VA17667_239;HL_0;44.6937;-63.6403;434939;60.63;09-aug-17;12:39:00;30.9266;2.6174;3.9552;7.655;0.29419;1;30.939;1;4.299;1;0.54;1;6.51;1;2.161;2;21.355;2;2048;3.01;0.30
18VA17667_243;HL_0;44.6937;-63.6403;434946;1;16-aug-17;12:38:00;30.0055;19.6938;6.7112;7.624;5.01745;1;NaN;9;NaN;9;0.08;1;0.12;1;0.298;1;0;1;0;0.40;NaN
18VA17667_243;HL_0;44.6937;-63.6403;434945;5;16-aug-17;12:38:00;30.3656;15.2634;6.0921;7.69;5.79251;1;NaN;9;6.8245;1;0.07;1;0.095;1;0.31;1;0;1;0;0.31;NaN
18VA17667_243;HL_0;44.6937;-63.6403;434944;10;16-aug-17;12:38:00;30.5954;11.5218;5.2728;7.74;2.93704;1;NaN;9;NaN;9;0.095;1;0.375;1;0.622;1;0.855;1;0;0.60;0.44
18VA17667_243;HL_0;44.6937;-63.6403;434943;60;16-aug-17;12:38:00;30.9338;2.7471;3.85;7.684;0.14301;1;30.936;1;4.223;1;0.54;1;6.17;1;2.2015;2;21.485;2;2048;2.80;0.29
18VA17667_244;HL_0;44.6937;-63.6403;434950;1;23-aug-17;12:23:00;30.2147;14.9112;6.2957;7.438;4.89508;1;NaN;9;NaN;9;0.07;1;0.105;1;0.31;1;0.945;1;0;0.34;0.11
18VA17667_244;HL_0;44.6937;-63.6403;434949;5;23-aug-17;12:23:00;30.3519;13.627;6.2786;7.458;4.81349;1;NaN;9;6.571;1;0.07;1;0.12;1;0.3065;1;1.045;1;0;0.39;0.11
18VA17667_244;HL_0;44.6937;-63.6403;434948;10;23-aug-17;12:23:00;30.6977;10.2935;5.7273;7.493;3.05942;1;NaN;9;NaN;9;0.17;1;0.845;1;0.6525;1;2.895;2;2048;1.30;0.29
18VA17667_244;HL_0;44.6937;-63.6403;434947;60;23-aug-17;12:23:00;30.9443;2.8415;3.6201;7.523;0.1144;1;30.95;1;3.7185;1;0.69;1;6.015;1;2.4225;2;23.5;2;2048;2.48;0.26
18VA17667_247;HL_0;44.6937;-63.6403;434954;1.36;30-aug-17;12:34:00;29.9423;15.4324;6.7953;7.432;5.01745;1;NaN;9;NaN;9;0.09;1;0;1;0.3465;1;0;1;0;0.00;NaN
18VA17667_247;HL_0;44.6937;-63.6403;434953;5.38;30-aug-17;12:34:00;30.5771;12.436;6.5753;7.464;6.77153;1;NaN;9;6.7365;1;0.09;1;0;1;0.4095;1;0;1;0;0.00;NaN
18VA17667_247;HL_0;44.6937;-63.6403;434952;10.32;30-aug-17;12:34:00;30.8153;9.3692;5.7296;7.503;4.48715;1;NaN;9;NaN;9;0.21;1;0.64;1;0.642;1;2.255;1;0;1.00;0.28
18VA17667_247;HL_0;44.6937;-63.6403;434951;60.72;30-aug-17;12:36:00;30.9429;2.8649;3.5222;7.528;0.17475;1;30.971;1;3.665;1;0.88;1;6.695;1;2.445;2;24.015;2;2048;2.74;0.28
18VA17667_253;HL_0;44.6937;-63.6403;434958;1.3;06-sep-17;12:41:00;30.2524;14.6959;5.4107;7.644;5.62934;1;NaN;9;NaN;9;0.08;1;0;1;0.2725;1;0;1;0;0.00;NaN
18VA17667_253;HL_0;44.6937;-63.6403;434957;5.25;06-sep-17;12:42:00;30.2648;14.6667;6.1874;7.654;5.62934;1;NaN;9;6.5365;1;0.07;1;0;1;0.284;1;0;1;0;0.00;NaN
18VA17667_253;HL_0;44.6937;-63.6403;434956;10.63;06-sep-17;12:42:00;30.3075;14.5435;6.1715;7.658;10.24816;1;NaN;9;NaN;9;0.08;1;0;1;0.354;1;0.245;2;2048;0.00;0.00
18VA17667_253;HL_0;44.6937;-63.6403;434955;60.71;06-sep-17;12:44:00;30.9485;2.9123;2.946;7.694;0.13075;1;30.96;1;3.0325;1;1.735;1;7.835;1;2.795;2;29.95;1;2048;2.80;0.26
18VA17667_257;HL_0;44.6937;-63.6403;434962;1.75;13-sep-17;12:47:00;30.2303;14.2369;6.0128;6.615;4.03844;1;NaN;9;NaN;9;0.07;1;0;1;0.2505;1;0.805;1;0;0.00;0.00
18VA17667_257;HL_0;44.6937;-63.6403;434961;5.86;13-sep-17;12:47:00;30.5083;12.5638;5.7283;6.64;4.20161;1;NaN;9;5.8435;1;0.12;1;0.295;1;0.413;1;1.525;1;0;0.71;0.19
18VA17667_257;HL_0;44.6937;-63.6403;434960;10.91;13-sep-17;12:48:00;30.8376;10.3029;5.6212;6.678;3.05942;1;NaN;9;NaN;9;0.225;1;1.125;1;0.7015;1;3.42;1;0;1.60;0.33
18VA17667_257;HL_0;44.6937;-63.6403;434959;61.21;13-sep-17;12:49:00;30.9487;2.9922;2.8317;6.872;0.13106;1;30.971;1;NaN;9;3.075;1;10.255;1;2.87;2;30.25;1;2048;3.57;0.34
18VA17667_261;HL_0;44.6937;-63.6403;434966;1.2;20-sep-17;12:42:00;30.4948;16.1434;5.6494;7.106;3.34497;1;NaN;9;NaN;9;0.09;1;0;1;0.303;1;0.8;1;0;0.00;0.00
18VA17667_261;HL_0;44.6937;-63.6403;434965;5.54;20-sep-17;12:42:00;30.5045;15.611;5.6454;7.147;4.89508;1;NaN;9;6.0675;1;0.08;1;0;1;0.3365;1;0.795;1;0;0.00;0.00
18VA17667_261;HL_0;44.6937;-63.6403;434964;10.47;20-sep-17;12:43:00;30.5009;15.5198;5.6874;7.181;4.97666;1;NaN;9;NaN;9;0.1;1;0;1;0.4515;1;1.005;1;0;0.00;0.00
18VA17667_261;HL_0;44.6937;-63.6403;434963;60.64;20-sep-17;12:44:00;30.952;3.0929;2.8054;7.342;0.13106;1;30.925;1;3.167;1;5.85;1;15.07;1;2.71;2;29.185;1;2048;5.56;0.52
18VA17667_263;HL_0;44.6937;-63.6403;434970;1.16;27-sep-17;12:23:00;30.1214;18.394;6.9707;7.546;10.69374;1;NaN;9;NaN;9;0.045;1;0;1;0.1655;1;0.18;1;0;0.00;0.00
18VA17667_263;HL_0;44.6937;-63.6403;434969;5.25;27-sep-17;12:23:00;30.2976;17.0991;6.343;7.611;12.69881;1;NaN;9;7.5975;7;0.035;1;0;1;0.154;1;0.3;1;256;0.00;0.00
18VA17667_263;HL_0;44.6937;-63.6403;434968;10.24;27-sep-17;12:23:00;30.3758;16.2814;5.4129;7.66;14.70389;1;NaN;9;NaN;9;0.035;1;0.08;1;0.2105;1;0.64;1;0;0.38;0.13
18VA17667_263;HL_0;44.6937;-63.6403;434967;60.55;27-sep-17;12:26:00;30.9534;3.2014;2.3818;7.631;0.18931;1;30.944;1;2.5045;1;8.2;1;20.285;1;2.882;2;28.17;1;2048;7.04;0.72
18VA17667_265;HL_0;44.6937;-63.6403;434974;1.49;04-oct-17;12:46:00;29.709;15.7597;6.3213;7.517;4.56874;1;NaN;9;NaN;9;0.07;1;0.635;1;0.1635;1;2.1;1;0;3.88;0.30
18VA17667_265;HL_0;44.6937;-63.6403;434973;5.76;04-oct-17;12:46:00;29.9414;16.0642;6.0208;7.525;24.50648;1;NaN;9;6.544;1;0.05;1;0.07;1;0.287;1;1.45;1;0;0.24;0.05
18VA17667_265;HL_0;44.6937;-63.6403;434972;10.73;04-oct-17;12:46:00;30.2588;15.3816;5.1694;7.524;2.20278;1;NaN;9;NaN;9;0.11;1;0.6;1;0.356;1;1.7;1;0;1.69;0.35
18VA17667_265;HL_0;44.6937;-63.6403;434971;60.96;04-oct-17;12:47:00;30.9714;3.2252;2.2578;7.578;0.53118;1;30.956;1;2.1545;1;8.5;1;23.165;2;2.865;2;30.98;2;2048;8.09;0.75
18VA17667_275;HL_0;44.6937;-63.6403;434978;1.46;11-oct-17;12:37:00;29.6073;16.4838;6.4045;7.908;29.63057;1;NaN;9;NaN;9;0.08667;1;0;1;0.30133;1;1.77667;1;0;0.00;0.00
18VA17667_275;HL_0;44.6937;-63.6403;434977;5.53;11-oct-17;12:37:00;30.1154;15.8826;5.5712;7.901;21.38748;1;NaN;9;6.198;1;0.05667;1;0.04;1;0.22933;1;1.96667;1;0;0.17;0.02
18VA17667_275;HL_0;44.6937;-63.6403;434976;10.55;11-oct-17;12:38:00;30.3354;15.0712;4.661;7.893;2.89625;1;NaN;9;NaN;9;0.16333;1;0.74667;1;0.35167;1;2.96333;1;0;2.12;0.25
18VA17667_275;HL_0;44.6937;-63.6403;434975;60.64;11-oct-17;12:40:00;30.9565;3.2821;1.8678;7.82;0.19659;1;30.948;1;2.1605;1;6;1;24.07333;2;2.93533;2;29.74667;2;2048;8.20;0.81
18VA17667_276;HL_0;44.6937;-63.6403;434982;1.38;18-oct-17;12:23:00;30.0929;14.2592;5.6182;7.071;13.58996;1;NaN;9;NaN;9;0.165;1;0.92;1;0.35;1;2.935;1;0;2.63;0.31
18VA17667_276;HL_0;44.6937;-63.6403;434981;5.33;18-oct-17;12:23:00;30.0989;14.2806;5.5884;7.099;12.25324;1;NaN;9;5.992;1;0.165;1;0.91;1;0.35;1;2.88;1;0;2.60;0.32
18VA17667_276;HL_0;44.6937;-63.6403;434980;10.42;18-oct-17;12:24:00;30.4288;14.2502;4.783;7.111;3.39879;1;NaN;9;NaN;9;0.3;1;1.68;1;0.5685;1;4.275;1;0;2.96;0.39
18VA17667_276;HL_0;44.6937;-63.6403;434979;60.63;18-oct-17;12:26:00;30.9533;3.2712;1.4359;7.249;0.23057;1;30.956;1;1.879;1;0.07;1;22.3;2;3.094;2;32.61;2;2048;7.21;0.68
18VA17667_277;HL_0;44.6937;-63.6403;434986;1.32;25-oct-17;12:38:00;30.3766;13.8793;6.3571;7.252;12.9216;1;NaN;9;NaN;9;0.06;1;0.325;1;0.3465;1;0.375;1;0;0.94;0.87
18VA17667_277;HL_0;44.6937;-63.6403;434985;5.51;25-oct-17;12:38:00;30.3793;13.8759;6.3986;7.267;13.36717;1;NaN;9;6.644;1;0.065;1;0.35;1;0.344;1;0.4;1;0;1.02;0.87
18VA17667_277;HL_0;44.6937;-63.6403;434984;10.28;25-oct-17;12:38:00;30.6304;13.3588;5.15;7.287;12.25324;1;NaN;9;NaN;9;0.2;1;1.14;1;0.4845;1;1.055;1;0;2.35;1.08
18VA17667_277;HL_0;44.6937;-63.6403;434983;60.82;25-oct-17;12:40:00;30.962;3.3907;1.4166;7.383;0.14077;1;30.954;1;1.751;1;0.05;1;22.605;2;3.2475;2;34.96;2;2048;6.96;0.65
18VA17667_278;HL_0;44.6937;-63.6403;434990;1.21;01-nov-17;12:38:00;30.0299;13.578;4.2336;6.817;6.3636;1;NaN;9;NaN;9;0.15;1;1.345;1;0.5125;1;1.62;1;0;2.62;0.83
18VA17667_278;HL_0;44.6937;-63.6403;434989;5.17;01-nov-17;12:38:00;30.3573;13.6955;5.5995;6.873;6.3636;1;NaN;9;6.106;1;0.14;1;1.16;1;0.4825;1;1.155;1;0;2.40;1.00
18VA17667_278;HL_0;44.6937;-63.6403;434988;10.25;01-nov-17;12:39:00;30.4195;13.6692;5.4368;6.925;4.28319;1;NaN;9;NaN;9;0.14;1;1.295;1;0.443;1;0.94;1;0;2.92;1.38
18VA17667_278;HL_0;44.6937;-63.6403;434987;60.56;01-nov-17;12:42:00;30.9606;3.3977;1.2484;7.116;0.16018;1;30.925;1;1.3355;1;0.055;1;22.555;2;4.105;2;43.115;2;2048;5.49;0.52
18VA17667_279;HL_0;44.6937;-63.6403;444004;1.52;08-nov-17;13:21:00;30.2547;13.0389;5.4848;7.031;5.09904;1;NaN;9;NaN;9;0.225;1;2.1;1;0.631;1;2.59;1;0;3.33;0.81
18VA17667_279;HL_0;44.6937;-63.6403;444003;5.27;08-nov-17;13:21:00;30.2558;13.0339;5.4798;7.046;4.85429;1;NaN;9;5.7385;1;0.23;1;2.125;1;0.6935;1;2.57;1;0;3.06;0.83
18VA17667_279;HL_0;44.6937;-63.6403;444002;10.58;08-nov-17;13:21:00;30.2531;13.0429;5.461;7.063;4.89508;1;NaN;9;NaN;9;0.24;1;2.185;1;0.682;1;2.665;1;0;3.20;0.82
18VA17667_279;HL_0;44.6937;-63.6403;444001;60.73;08-nov-17;13:23:00;30.9656;3.4407;1.066;7.163;0.10193;1;30.902;1;1.285;1;0.05;1;21.8;2;3.7425;2;43.415;2;2048;5.82;0.50
18VA17667_280;HL_0;44.6937;-63.6403;444008;1.77;15-nov-17;13:47:00;30.2255;11.3326;5.5563;7.052;3.87527;1;NaN;9;NaN;9;0.28;1;2.965;1;0.718;1;3.545;1;0;4.13;0.84
18VA17667_280;HL_0;44.6937;-63.6403;444007;5.41;15-nov-17;13:47:00;30.2276;11.3334;5.5606;7.066;3.83448;1;NaN;9;5.86;1;0.295;1;2.995;1;0.7115;1;3.635;1;0;4.21;0.82
18VA17667_280;HL_0;44.6937;-63.6403;444006;10.44;15-nov-17;13:48:00;30.2284;11.3326;5.5293;7.081;3.75289;1;NaN;9;NaN;9;0.525;1;3.23;1;0.7515;1;3.575;1;0;4.30;0.90
18VA17667_280;HL_0;44.6937;-63.6403;444005;60.66;15-nov-17;13:50:00;30.9595;3.5334;1.1168;7.186;0.08494;1;30.904;1;1.199;1;0.055;1;21.94;2;3.8075;2;47.055;2;2048;5.76;0.47
18VA17667_281;HL_0;44.6937;-63.6403;444012;1.3;22-nov-17;13:50:00;29.6597;9.8803;6.0906;7.315;5.79251;1;NaN;9;NaN;9;0.365;1;4.19;1;0.789;1;4.545;1;0;5.31;0.92
18VA17667_281;HL_0;44.6937;-63.6403;444011;5.34;22-nov-17;13:50:00;29.6717;9.8574;6.0497;7.324;7.01628;1;NaN;9;6.3325;1;0.36;1;4.17;1;0.795;1;4.495;1;0;5.25;0.93
18VA17667_281;HL_0;44.6937;-63.6403;444010;10.49;22-nov-17;13:50:00;29.6891;9.8874;5.9367;7.332;6.68994;1;NaN;9;NaN;9;0.42;1;4.245;1;0.832;1;4.655;1;0;5.10;0.91
18VA17667_281;HL_0;44.6937;-63.6403;444009;60.6;22-nov-17;13:53:00;30.9578;3.5777;1.0829;7.368;0.06553;1;30.877;1;0.9545;1;0.095;1;19.725;2;4.2375;2;49.59;2;2048;4.65;0.40
18VA17667_282;HL_0;44.6937;-63.6403;444016;1.03;28-nov-17;13:33:00;29.0786;8.7729;6.1184;6.546;2.93704;1;NaN;9;NaN;9;0.4;1;5.35;1;0.7865;1;5.685;1;0;6.80;0.94
18VA17667_282;HL_0;44.6937;-63.6403;444015;5.33;28-nov-17;13:34:00;29.5684;9.6957;5.866;6.581;3.50814;1;NaN;9;6.3225;1;0.41;1;5.33;1;0.788;1;5.785;1;0;6.76;0.92
18VA17667_282;HL_0;44.6937;-63.6403;444014;10.39;28-nov-17;13:34:00;30.1153;10.0712;5.1432;6.591;2.98217;1;NaN;9;NaN;9;0.41;1;5.29;1;0.8895;1;5.835;1;0;5.95;0.91
18VA17667_282;HL_0;44.6937;-63.6403;444013;60.6;28-nov-17;13:36:00;30.9599;3.5873;0.8138;6.762;0.03883;1;30.895;1;1.0325;1;0.08;1;20.005;2;3.725;2;49.695;2;2048;5.37;0.40
18VA17667_283;HL_0;44.6937;-63.6403;444020;1.09;06-dec-17;13:38:00;29.9469;8.548;5.7627;6.503;3.50814;1;NaN;9;NaN;9;0.395;1;6.19;1;0.84;1;6.805;1;0;7.37;0.91
18VA17667_283;HL_0;44.6937;-63.6403;444019;5.46;06-dec-17;13:38:00;29.9584;8.5518;5.7568;6.52;3.14101;1;NaN;9;6.016;1;0.4;1;6.22;1;0.8385;1;6.77;1;0;7.42;0.92
18VA17667_283;HL_0;44.6937;-63.6403;444018;10.47;06-dec-17;13:38:00;30.0433;8.5794;5.7227;6.546;3.10021;1;NaN;9;NaN;9;0.43;1;6.285;2;0.856;1;6.815;1;2048;7.34;0.92
18VA17667_283;HL_0;44.6937;-63.6403;444017;60.57;06-dec-17;13:41:00;30.9616;3.8452;0.987;6.71;0.05096;1;30.896;1;1.297;1;0.1;1;20.52;1;3.4425;2;49.075;2;2048;5.96;0.42
18VA17667_285;HL_0;44.6937;-63.6403;444024;1.38;13-dec-17;13:35:00;25.4061;6.6046;6.8501;6.734;1.60072;1;NaN;9;NaN;9;0.44;1;7.67;2;0.8635;1;11.165;1;2048;8.88;0.69
18VA17667_285;HL_0;44.6937;-63.6403;444023;5.44;13-dec-17;13:36:00;28.7675;7.9867;6.1955;6.697;2.28048;1;NaN;9;6.533;1;0.42;1;6.855;1;0.8305;1;9.275;1;0;8.25;0.74
18VA17667_285;HL_0;44.6937;-63.6403;444022;10.55;13-dec-17;13:36:00;29.9133;8.4391;5.7019;6.687;2.03927;1;NaN;9;NaN;9;0.445;1;5.875;2;0.8465;1;7.2;2;2048;6.94;0.82
18VA17667_285;HL_0;44.6937;-63.6403;444021;60.62;13-dec-17;13:38:00;30.9625;3.8047;0.8503;6.809;0.06067;1;30.903;1;1.0695;1;0.13;1;21.495;1;3.1465;2;44.55;2;2048;6.83;0.48
18VA17667_295;HL_0;44.6937;-63.6403;444028;1.39;20-dec-17;13:30:00;27.2881;5.6238;6.4215;6.371;1.88578;1;NaN;9;NaN;9;0.45;1;7.18;2;0.984;1;11.29;1;2048;7.30;0.64
18VA17667_295;HL_0;44.6937;-63.6403;444027;5.35;20-dec-17;13:31:00;30.1426;8.2375;5.3206;6.33;3.1818;1;NaN;9;5.769;1;0.415;1;6.19;1;0.8955;1;8.025;1;0;6.91;0.77
18VA17667_295;HL_0;44.6937;-63.6403;444026;10.39;20-dec-17;13:31:00;30.8018;8.2965;4.5305;6.344;0.83325;1;NaN;9;NaN;9;0.56;1;8.17;2;1.0705;2;10.225;2;2048;7.63;0.80
18VA17667_295;HL_0;44.6937;-63.6403;444025;60.69;20-dec-17;13:33:00;31.6206;5.8511;4.8461;6.541;0.10623;1;31.546;1;5.0075;1;0.27;1;9.72;1;1.399;2;14.785;1;2048;6.95;0.66
