CTD;CTD;CTD;CTD;CTD;CTD;CTD;CTD;CTD;CTD;CTD;labo;labo;CTD;labo;labo;labo;labo;labo;labo;labo;labo;labo;calc;calc
Fichier;Station;Latitude;Longitude;Echantillon;zbouteille;Date;Heure;PSAL;TE90;DOXY;OXYM_01;CHL_03;FLOR;NO2_01;Q_NO2;NOx_01;Q_NOX;PO4_01;Q_PO4;Si_01;Q_Si;QCFF;N_P;N_Si
(nom);(nom/no);(degres);(degres);(no_unique);(dbar);(jj-mmm-yyyy);(GMT);(psu);(celsius);(ml/l);(mmol/m**3);(mg/m**3);(mg/m**3);(mmol/m**3);((none));(mmol/m**3);((none));(mmol/m**3);((none));(mmol/m**3);((none));((none));((none));((none))
18OL03064_668;251;47.8285;-64.24917;275191;1.09;26-oct-03;23:49:00;30.15;7.17;305.07246;6.837;1.97;18.133;0.13;1;1.715;1;0.515;1;3.995;1;256;3.33;0.43
18OL03064_668;251;47.8285;-64.24917;275190;5.16;26-oct-03;23:49:00;30.2;7.07;305.38508;6.817;1.63;15.264;0.14333;1;1.625;1;0.52;1;3.46;1;256;3.13;0.47
18OL03064_668;251;47.8285;-64.24917;275189;14.97;26-oct-03;23:49:00;30.16;7.14;306.18896;6.827;1.735;16.72;0.09;1;1.595;1;0.495;1;3.715;1;256;3.22;0.43
18OL03064_668;251;47.8285;-64.24917;275188;25.09;26-oct-03;23:49:00;30.3;6.87;304.62586;6.786;1.08;10.227;0.11333;1;1.61667;1;0.51667;1;3.86667;1;256;3.13;0.42
18OL03064_668;251;47.8285;-64.24917;275187;40.75;26-oct-03;23:49:00;30.92;5.43;302.61616;6.759;0.44;4.646;0.15;1;3.49333;1;0.70333;1;5.615;1;256;4.97;0.62
18OL03064_669;261;47.74083;-63.99767;275197;1.88;27-oct-03;01:36:00;30.29;6.91;304.93848;6.896;1.59;15.9;0.09667;1;1.36;1;0.5;1;3.42;1;256;2.72;0.40
18OL03064_669;261;47.74083;-63.99767;275196;4.76;27-oct-03;01:36:00;30.28;6.92;306.3676;6.892;1.585;15.714;0.09667;1;1.43;1;0.51333;1;3.19;1;256;2.79;0.45
18OL03064_669;261;47.74083;-63.99767;275195;15.27;27-oct-03;01:36:00;30.49;6.62;309.76176;6.94;1.72;15.843;0.08667;1;1.36667;1;0.50667;1;2.97;1;256;2.70;0.46
18OL03064_669;261;47.74083;-63.99767;275194;25.19;27-oct-03;01:36:00;30.62;6.45;310.6103;6.944;1.47;13.817;0.08667;1;1.29667;1;0.51;1;2.975;1;256;2.54;0.44
18OL03064_669;261;47.74083;-63.99767;275193;51.36;27-oct-03;01:36:00;32;1.63;320.4355;7.014;0.155;2.038;0.135;1;7.44;1;1.03;1;8.195;1;256;7.22;0.91
18OL03064_669;261;47.74083;-63.99767;275192;73.27;27-oct-03;01:36:00;32.31;0.42;265.14642;6.005;0.19;2.121;0.11;1;12.825;1;1.47;1;19.09;1;256;8.72;0.67
18OL03064_670;271;47.66;-63.7495;275203;1.19;29-oct-03;04:16:00;30.54;6.63;308.73458;7.031;1.895;9.381;0.11;1;1.29;1;0.49;1;2.98;1;256;2.63;0.43
18OL03064_670;271;47.66;-63.7495;275202;5.06;29-oct-03;04:16:00;30.56;6.57;307.79672;7.005;1.84;19.165;0.09;1;1.29;1;0.48333;1;2.58;1;256;2.67;0.50
18OL03064_670;271;47.66;-63.7495;275201;14.87;29-oct-03;04:16:00;30.56;6.55;313.2899;6.973;1.73;18.534;0.08667;1;1.35;1;0.5;1;2.725;1;256;2.70;0.50
18OL03064_670;271;47.66;-63.7495;275200;25.09;29-oct-03;04:16:00;31.52;3.41;308.42196;6.9265;0.195;2.483;0.16;1;5.63667;1;0.9;1;6.385;1;256;6.26;0.88
18OL03064_670;271;47.66;-63.7495;275199;49.97;29-oct-03;04:16:00;32.16;0.91;288.5036;6.302;0.13;1.99;0.11667;1;11.04333;1;1.34333;1;15.735;1;256;8.22;0.70
18OL03064_670;271;47.66;-63.7495;275198;62.76;29-oct-03;04:16:00;32.17;0.82;273.67648;6.245;0.145;2.199;0.11667;1;11.35;1;1.35667;1;17.1;1;256;8.37;0.66
18OL03064_671;281;47.5005;-63.2495;275209;1.19;29-oct-03;06:44:00;29.84;9.32;293.50552;6.509;1.395;13.759;0.075;1;0.72;1;0.36;1;2.6;1;256;2.00;0.28
18OL03064_671;281;47.5005;-63.2495;275208;5.06;29-oct-03;06:44:00;29.84;9.33;293.59484;6.493;1.485;13.427;0.065;1;0.76;1;0.385;1;2.58;1;256;1.97;0.29
18OL03064_671;281;47.5005;-63.2495;275207;15.07;29-oct-03;06:44:00;29.84;9.32;294.13076;6.509;1.38;13.521;0.08;1;0.79;1;0.385;1;2.49;1;256;2.05;0.32
18OL03064_671;281;47.5005;-63.2495;275206;24.99;29-oct-03;06:44:00;29.89;9.05;294.62202;6.492;1.12;11.022;0.1;1;1.16;1;0.425;1;2.97;1;256;2.73;0.39
18OL03064_671;281;47.5005;-63.2495;275205;50.07;29-oct-03;06:44:00;32.05;0.02;260.76974;5.603;0.125;2.442;0.11;1;12.6;1;1.59667;1;24.35;1;256;7.89;0.52
18OL03064_671;281;47.5005;-63.2495;275204;75.05;29-oct-03;06:44:00;32.19;0.08;245.13874;5.6;0.195;2.451;0.125;1;12.9;1;1.565;1;24.685;1;256;8.24;0.52
18OL03064_672;291;47.32917;-62.74933;275214;1.39;29-oct-03;09:12:00;30.32;8.76;299.71326;6.647;2.17;20.65;0.09;1;0.645;1;0.435;1;2.505;1;256;1.48;0.26
18OL03064_672;291;47.32917;-62.74933;275213;5.26;29-oct-03;09:12:00;30.32;8.76;299.75792;6.6615;2.025;20.316;0.085;1;0.665;1;0.405;1;2.43;1;256;1.64;0.27
18OL03064_672;291;47.32917;-62.74933;275212;15.07;29-oct-03;09:12:00;30.37;8.76;300.5618;6.623;2.08;18.999;0.07;1;0.65;1;0.41;1;2.62;1;256;1.59;0.25
18OL03064_672;291;47.32917;-62.74933;275211;25.29;29-oct-03;09:12:00;30.59;8.33;299.53462;6.613;1.22;12.265;0.1;1;1.045;1;0.46;1;3.095;1;256;2.27;0.34
18OL03064_672;291;47.32917;-62.74933;275210;50.37;29-oct-03;09:12:00;31.93;0.09;265.23574;6.05;0.255;3.135;0.185;1;10.495;1;1.5;1;19.455;1;256;7.00;0.54
18OL03064_673;301;47.16883;-62.25017;275219;0.99;29-oct-03;11:37:00;30.14;8.75;294.35406;6.609;2.15;22.668;0.1;1;0.845;1;0.445;1;2.665;1;256;1.90;0.32
18OL03064_673;301;47.16883;-62.25017;275218;5.06;29-oct-03;11:37:00;30.14;8.75;295.24726;6.611;2.32;23.332;0.085;1;0.8;1;0.44;1;2.69;1;256;1.82;0.30
18OL03064_673;301;47.16883;-62.25017;275217;15.27;29-oct-03;11:37:00;30.21;8.7;296.94434;6.601;2;18.648;0.09;1;0.87;1;0.465;1;2.955;1;256;1.87;0.29
18OL03064_673;301;47.16883;-62.25017;275216;25.19;29-oct-03;11:37:00;31.05;4.91;290.5133;6.373;0.635;7.486;0.14;1;4.595;1;0.96;1;9.625;1;256;4.79;0.48
18OL03064_673;301;47.16883;-62.25017;275215;35.6;29-oct-03;11:37:00;31.79;1.36;279.70558;6.301;0.265;3.26;0.13;1;7.87;1;1.37;1;15.39;1;256;5.74;0.51
18OL03064_674;311;46.99983;-61.7505;275224;1.09;29-oct-03;14:06:00;30.1;9.36;292.70164;6.485;1.655;15.774;0.07;1;0.84;1;0.49;1;2.835;1;256;1.71;0.30
18OL03064_674;311;46.99983;-61.7505;275223;5.16;29-oct-03;14:06:00;30.1;9.37;293.23756;6.482;1.565;16.182;0.07;1;0.835;1;0.435;1;2.8;1;256;1.92;0.30
18OL03064_674;311;46.99983;-61.7505;275222;15.27;29-oct-03;14:06:00;30.11;9.36;292.9696;6.468;1.335;15.066;0.1;1;0.83;1;0.445;1;2.83;1;256;1.87;0.29
18OL03064_674;311;46.99983;-61.7505;275221;25.29;29-oct-03;14:06:00;30.36;8.28;293.90746;6.429;0.86;8.912;0.115;1;1.345;1;0.54;1;4.03;1;256;2.49;0.33
18OL03064_674;311;46.99983;-61.7505;275220;35.8;29-oct-03;14:06:00;31.71;1.3;276.57938;6.2725;0.24;2.958;0.125;1;7.15;1;1.36;1;15.87;1;256;5.26;0.45
18OL03064_675;321;46.9015;-61.50017;275229;1.29;31-oct-03;19:46:00;30.1;9.27;294.0861;6.493;1.335;13.821;0.07;1;0.96;1;0.455;1;3.09;1;256;2.11;0.31
18OL03064_675;321;46.9015;-61.50017;275228;5.16;31-oct-03;19:46:00;30.11;9.28;293.46086;6.502;1.2;15.145;0.075;1;1.04;1;0.465;1;3.14;1;256;2.24;0.33
18OL03064_675;321;46.9015;-61.50017;275227;15.27;31-oct-03;19:46:00;30.11;9.28;293.8628;6.489;1.155;14.533;0.095;1;1.02;1;0.46;1;3.075;1;256;2.22;0.33
18OL03064_675;321;46.9015;-61.50017;275226;25.39;31-oct-03;19:46:00;30.11;9.25;293.90746;6.479;1.295;13.412;0.075;1;0.935;1;0.475;1;3.115;1;256;1.97;0.30
18OL03064_675;321;46.9015;-61.50017;275225;50.67;31-oct-03;19:46:00;31.82;0.94;270.95222;6.126;0.215;2.813;0.125;1;7.125;1;1.375;1;17.36;1;256;5.18;0.41
18OL03064_676;331;46.83;-61.24883;275235;1.19;31-oct-03;21:23:00;29.92;9.69;287.02982;6.445;0.99;11.562;0.075;1;0.77;1;0.43;1;2.655;1;256;1.79;0.29
18OL03064_676;331;46.83;-61.24883;275234;4.96;31-oct-03;21:23:00;29.92;9.7;287.87836;6.426;0.95;11.116;0.06;1;0.795;1;0.405;1;2.78;1;256;1.96;0.29
18OL03064_676;331;46.83;-61.24883;275233;14.97;31-oct-03;21:23:00;29.92;9.7;290.7366;6.4285;1.05;10.745;0.075;1;0.805;1;0.405;1;2.73;1;256;1.99;0.29
18OL03064_676;331;46.83;-61.24883;275232;25.98;31-oct-03;21:23:00;30.03;9.48;289.35214;6.396;0.685;8.263;0.075;1;0.935;1;0.445;1;3.115;1;256;2.10;0.30
18OL03064_676;331;46.83;-61.24883;275231;50.57;31-oct-03;21:23:00;31.9;0.93;270.37164;6.11;0.195;2.476;0.105;1;7.24;1;1.36;1;16.635;1;256;5.32;0.44
18OL03064_676;331;46.83;-61.24883;275230;59.49;31-oct-03;21:23:00;31.93;0.86;269.65708;6.087;0.235;2.569;0.1;1;7.615;1;1.38;1;17.39;1;256;5.52;0.44
18OL03064_677;341;46.7455;-60.999;275241;1.09;31-oct-03;22:55:00;29.75;11.36;276.62404;6.18;1.72;9.829;0.1;1;0.5;1;0.38;1;1.83;1;256;1.32;0.27
18OL03064_677;341;46.7455;-60.999;275240;5.36;31-oct-03;22:55:00;29.75;11.36;276.04346;6.167;1.695;12.167;0.065;1;0.49;1;0.35;1;2.015;1;256;1.40;0.24
18OL03064_677;341;46.7455;-60.999;275239;15.17;31-oct-03;22:55:00;29.77;11.18;278.09782;6.192;1.7;11.299;0.065;1;0.66;1;0.37;1;2.085;1;256;1.78;0.32
18OL03064_677;341;46.7455;-60.999;275238;25.19;31-oct-03;22:55:00;29.99;10.35;283.94828;6.288;1.255;9.732;0.07;1;0.75;1;0.41;1;3.16;1;256;1.83;0.24
18OL03064_677;341;46.7455;-60.999;275237;50.47;31-oct-03;22:55:00;31.47;3.23;283.68032;6.15;0.315;3.078;0.105;1;5.405;1;1.1;1;11.445;1;256;4.91;0.47
18OL03064_677;341;46.7455;-60.999;275236;60.39;31-oct-03;22:55:00;32.3;1.57;279.61626;6.304;0.295;2.815;0.125;1;8.195;1;1.19;1;12.43;1;256;6.89;0.66
18OL03064_678;351;46.95783;-60.21633;275247;1.19;01-nov-03;02:54:00;30.11;10.25;283.63566;6.269;0.79;6.755;0.075;1;0.83;1;0.42;1;3.09;1;256;1.98;0.27
18OL03064_678;351;46.95783;-60.21633;275246;5.36;01-nov-03;02:54:00;30.14;10.22;283.591;6.2625;0.81;6.656;0.07;1;0.895;1;0.435;1;3.225;1;256;2.06;0.28
18OL03064_678;351;46.95783;-60.21633;275245;14.88;01-nov-03;02:54:00;30.2;10.15;283.72498;6.252;0.785;6.331;0.075;1;0.99;1;0.445;1;3.24;1;256;2.22;0.31
18OL03064_678;351;46.95783;-60.21633;275244;25.09;01-nov-03;02:54:00;30.22;10.12;283.72498;6.275;0.78;6.069;0.07;1;1;1;0.45;1;3.585;1;256;2.22;0.28
18OL03064_678;351;46.95783;-60.21633;275243;49.98;01-nov-03;02:54:00;30.47;9.49;283.09974;6.249;0.53;4.912;0.08;1;1.435;1;0.51;1;3.685;1;256;2.81;0.39
18OL03064_678;351;46.95783;-60.21633;275242;75.75;01-nov-03;02:54:00;32.47;2.62;281.22402;6.339;0.18;2.276;0.125;1;8.66;1;1.055;1;9.705;1;256;8.21;0.89
18OL03064_679;361;47.023;-60.1155;275254;1.59;01-nov-03;04:04:00;29.96;10.6;277.7852;6.249;0.83;7.516;0.065;1;0.67;1;0.395;1;3.035;1;256;1.70;0.22
18OL03064_679;361;47.023;-60.1155;275253;4.86;01-nov-03;04:04:00;29.96;10.6;276.71336;6.2525;0.845;7.196;0.06;1;0.765;1;0.4;1;2.925;1;256;1.91;0.26
18OL03064_679;361;47.023;-60.1155;275252;15.07;01-nov-03;04:04:00;30.02;10.47;279.70558;6.237;0.82;6.833;0.07;1;0.795;1;0.415;1;2.89;1;256;1.92;0.28
18OL03064_679;361;47.023;-60.1155;275251;25.09;01-nov-03;04:04:00;30.49;9.54;280.6881;6.272;0.645;6.146;0.085;1;1.285;1;0.505;1;3.745;1;256;2.54;0.34
18OL03064_679;361;47.023;-60.1155;275250;50.17;01-nov-03;04:04:00;31.12;8.37;295.82784;6.538;1.155;10.548;0.085;1;1.435;1;0.52;1;4.205;1;256;2.76;0.34
18OL03064_679;361;47.023;-60.1155;275249;99.94;01-nov-03;04:04:00;32.94;0.89;299.13268;6.717;0.055;1.51;0.05;1;9.74;1;1.055;1;8.07;1;256;9.23;1.21
18OL03064_679;361;47.023;-60.1155;275248;174.76;01-nov-03;04:04:00;34.21;4.74;165.42064;3.718;NaN;1.388;0.055;1;20.31;1;1.57;1;22.495;1;256;12.94;0.90
18OL03064_680;371;47.09967;-59.99233;275263;1.19;01-nov-03;05:30:00;30.1;10.03;278.36578;6.355;0.805;7.507;0.06333;1;0.86;1;0.41333;1;3.31333;1;256;2.08;0.26
18OL03064_680;371;47.09967;-59.99233;275262;5.16;01-nov-03;05:30:00;30.1;10.04;276.75802;6.343;0.855;7.394;0.075;1;0.93;1;0.415;1;3.215;1;256;2.24;0.29
18OL03064_680;371;47.09967;-59.99233;275261;15.07;01-nov-03;05:30:00;30.28;9.86;284.12692;6.335;0.725;6.83;0.085;1;1.06;1;0.45;1;3.305;1;256;2.36;0.32
18OL03064_680;371;47.09967;-59.99233;275260;25.19;01-nov-03;05:30:00;30.8;8.65;286.4939;6.372;0.59;5.888;0.09;1;1.575;1;0.54;1;4.1;1;256;2.92;0.38
18OL03064_680;371;47.09967;-59.99233;275259;49.98;01-nov-03;05:30:00;31.86;3.6;291.49582;6.599;0.26;2.973;0.145;1;4.845;1;0.95;1;8.065;1;256;5.10;0.60
18OL03064_680;371;47.09967;-59.99233;275258;100.24;01-nov-03;05:30:00;32.75;1.05;299.26666;6.72;0.085;1.711;0.15;1;9.12;1;1.06;1;8.695;1;256;8.60;1.05
18OL03064_680;371;47.09967;-59.99233;275257;200.12;01-nov-03;05:30:00;34.41;5.41;143.71588;3.163;NaN;1.26;0.035;1;22.175;1;1.71;1;25.5;1;256;12.97;0.87
18OL03064_680;371;47.09967;-59.99233;275256;299.96;01-nov-03;05:30:00;34.82;5.51;141.08094;3.207;NaN;1.258;0.035;1;23.275;1;1.765;1;31.91;1;256;13.19;0.73
18OL03064_680;371;47.09967;-59.99233;275255;325.41;01-nov-03;05:30:00;34.83;5.49;143.17996;3.244;NaN;1.279;0.04;1;23.06;1;1.76;1;32.43;1;256;13.10;0.71
18OL03064_681;381;47.27133;-59.78383;275273;1.09;01-nov-03;07:46:00;31.68;7.79;304.84916;6.76;1.105;13.657;0.06667;1;0.7;1;0.41667;1;2.17;1;256;1.68;0.32
18OL03064_681;381;47.27133;-59.78383;275272;4.86;01-nov-03;07:46:00;31.69;7.8;304.93848;6.759;1.12;13.046;0.07;1;0.725;1;0.39;1;1.89;1;256;1.86;0.38
18OL03064_681;381;47.27133;-59.78383;275271;15.07;01-nov-03;07:46:00;31.69;7.81;305.34042;6.767;1.23;13.298;0.08;1;0.64;1;0.405;1;1.99;1;256;1.58;0.32
18OL03064_681;381;47.27133;-59.78383;275270;24.79;01-nov-03;07:46:00;31.69;7.78;305.921;6.761;1.11;12.52;0.085;1;0.835;1;0.395;1;1.805;1;256;2.11;0.46
18OL03064_681;381;47.27133;-59.78383;275269;50.57;01-nov-03;07:46:00;32.42;1.2;300.5618;6.8305;0.12;2.23;0.125;1;7.245;1;1.045;1;9.165;1;256;6.93;0.79
18OL03064_681;381;47.27133;-59.78383;275268;100.63;01-nov-03;07:46:00;32.77;0.26;326.018;7.379;0.04;1.367;0.145;1;5.91;1;0.875;1;4.655;1;256;6.75;1.27
18OL03064_681;381;47.27133;-59.78383;275267;200.22;01-nov-03;07:46:00;34.16;4.81;166.8051;3.594;NaN;1.222;0.03;1;19.92;1;1.625;1;22.485;1;256;12.26;0.89
18OL03064_681;381;47.27133;-59.78383;275266;299.56;01-nov-03;07:46:00;34.75;5.98;140.94696;3.236;NaN;1.139;0.02;1;22.49;1;1.665;1;24.845;1;256;13.51;0.91
18OL03064_681;381;47.27133;-59.78383;275265;400.54;01-nov-03;07:46:00;34.87;5.32;154.12166;3.504;NaN;1.194;0.03;1;22.605;1;1.725;1;32.44;1;256;13.10;0.70
18OL03064_681;381;47.27133;-59.78383;275264;460.71;01-nov-03;07:46:00;34.87;5.3;156.39932;3.556;NaN;1.2;0.03;1;22.105;1;1.7;1;32.885;1;256;13.00;0.67
18OL03064_682;391;47.43383;-59.55933;275283;1.39;01-nov-03;10:43:00;31.72;7.83;305.6977;NaN;1.19;13.74;0.1;1;0.795;1;0.405;1;1.65;1;0;1.96;0.48
18OL03064_682;391;47.43383;-59.55933;275282;4.86;01-nov-03;10:43:00;31.72;7.83;305.74236;6.774;1.15;13.619;0.065;1;0.635;1;0.365;1;1.45;1;256;1.74;0.44
18OL03064_682;391;47.43383;-59.55933;275281;15.27;01-nov-03;10:43:00;31.72;7.83;306.01032;6.774;1.12;13.455;0.075;1;0.565;1;0.385;1;1.64;1;256;1.47;0.34
18OL03064_682;391;47.43383;-59.55933;275280;25.29;01-nov-03;10:43:00;31.72;7.84;305.74236;6.775;1.225;12.879;0.085;1;0.54;1;0.42;1;1.56;1;256;1.29;0.35
18OL03064_682;391;47.43383;-59.55933;275279;50.57;01-nov-03;10:43:00;32.5;1.16;335.12864;7.6;0.035;3.418;0.165;1;3.99;1;0.775;1;3.34;1;256;5.15;1.19
18OL03064_682;391;47.43383;-59.55933;275278;100.43;01-nov-03;10:43:00;32.91;0.36;307.84138;6.957;0.04;1.308;0.055;1;9.605;1;1.055;1;7.14;1;256;9.10;1.35
18OL03064_682;391;47.43383;-59.55933;275277;200.81;01-nov-03;10:43:00;34.33;5.58;171.31576;3.784;NaN;1.171;0.02;1;20.14;1;1.525;1;18.955;1;256;13.21;1.06
18OL03064_682;391;47.43383;-59.55933;275276;300.25;01-nov-03;10:43:00;34.78;5.86;143.93918;3.269;NaN;1.146;0.03;1;22.99;1;1.695;1;25.865;1;256;13.56;0.89
18OL03064_682;391;47.43383;-59.55933;275275;400.64;01-nov-03;10:43:00;34.87;5.31;157.78378;3.586;NaN;1.163;0.025;1;22.3;1;1.735;1;31.22;1;256;12.85;0.71
18OL03064_682;391;47.43383;-59.55933;275274;460.41;01-nov-03;10:43:00;34.88;5.27;159.30222;3.6115;NaN;1.24;0.035;1;22.53;1;1.725;1;32.405;1;256;13.06;0.70
18OL03064_683;401;47.58217;-59.34183;275291;1.09;01-nov-03;13:08:00;31.81;5.44;318.4258;7.011;0.61;6.561;0.14;1;2.47667;1;0.56667;1;2.985;1;256;4.37;0.83
18OL03064_683;401;47.58217;-59.34183;275290;5.06;01-nov-03;13:08:00;31.91;4.95;319.49764;7.059;0.585;6.139;0.13;1;2.72;1;0.54667;1;2.86;1;256;4.98;0.95
18OL03064_683;401;47.58217;-59.34183;275289;14.87;01-nov-03;13:08:00;32.33;3.04;318.51512;7.247;0.285;4.093;0.17;1;4.015;1;0.715;1;3.205;1;256;5.62;1.25
18OL03064_683;401;47.58217;-59.34183;275288;25.38;01-nov-03;13:08:00;32.66;1.29;323.69568;7.314;0.135;2.364;0.175;1;5.23;1;0.835;1;4.32;1;256;6.26;1.21
18OL03064_683;401;47.58217;-59.34183;275287;50.27;01-nov-03;13:08:00;32.75;0.8;319.94424;7.292;0.095;1.859;0.165;1;6.085;1;0.87;1;4.685;1;256;6.99;1.30
18OL03064_683;401;47.58217;-59.34183;275286;100.63;01-nov-03;13:08:00;32.9;0.11;312.97728;7.189;0.05;1.439;0.17;1;7.39;1;0.965;1;5.955;1;256;7.66;1.24
18OL03064_683;401;47.58217;-59.34183;275285;199.82;01-nov-03;13:08:00;34.46;5.88;170.55654;3.657;NaN;1.126;0.025;1;20.735;1;1.51;1;18.885;1;256;13.73;1.10
18OL03064_683;401;47.58217;-59.34183;275284;255.09;01-nov-03;13:08:00;34.67;5.99;149.70032;3.365;NaN;1.131;0.03;1;22.855;1;1.625;1;22.84;1;256;14.06;1.00
18OL03064_684;411;47.67017;-59.86867;275301;1.39;01-nov-03;16:02:00;31.76;8.17;302.08024;6.71;1.185;11.463;0.07;1;0.46667;1;0.34667;1;1.535;1;256;1.35;0.30
18OL03064_684;411;47.67017;-59.86867;275300;5.06;01-nov-03;16:02:00;31.76;8.17;302.39286;6.705;1.045;12.103;0.08;1;0.48;1;0.34;1;1.385;1;256;1.41;0.35
18OL03064_684;411;47.67017;-59.86867;275299;15.17;01-nov-03;16:02:00;31.76;8.17;303.15208;6.704;1.16;12.533;0.08;1;0.515;1;0.355;1;1.485;1;256;1.45;0.35
18OL03064_684;411;47.67017;-59.86867;275298;24.99;01-nov-03;16:02:00;31.76;8.16;302.83946;6.704;1.185;12.304;0.065;1;0.545;1;0.36;1;1.495;1;256;1.51;0.36
18OL03064_684;411;47.67017;-59.86867;275297;50.47;01-nov-03;16:02:00;32.57;1.48;329.63546;7.512;0.155;2.735;0.165;1;4.35;1;0.785;1;3.29;1;256;5.54;1.32
18OL03064_684;411;47.67017;-59.86867;275296;100.73;01-nov-03;16:02:00;32.78;0.31;326.37528;7.387;0.045;1.471;0.165;1;5.99;1;0.905;1;4.375;1;256;6.62;1.37
18OL03064_684;411;47.67017;-59.86867;275295;200.61;01-nov-03;16:02:00;33.94;4.3;205.34668;4.661;NaN;1.197;0.04;1;17.26;1;1.4;1;15.415;1;256;12.33;1.12
18OL03064_684;411;47.67017;-59.86867;275294;300.05;01-nov-03;16:02:00;34.75;5.96;141.7955;3.215;NaN;1.159;0.05;1;23.485;1;1.695;1;25.04;1;256;13.86;0.94
18OL03064_684;411;47.67017;-59.86867;275293;401.22;01-nov-03;16:02:00;34.86;5.39;157.24786;3.566;NaN;1.153;0.05;1;22.7;1;1.715;1;28.68;1;256;13.24;0.79
18OL03064_684;411;47.67017;-59.86867;275292;515;01-nov-03;16:02:00;34.88;5.23;161.84784;3.674;NaN;1.202;0.055;1;22.325;1;1.67;1;31.965;1;256;13.37;0.70
