CTD;CTD;CTD;CTD;CTD;CTD;CTD;CTD;CTD;labo;labo;labo;labo;labo;labo;labo;labo;labo;labo;labo;calc;calc
Fichier;Station;Latitude;Longitude;Echantillon;zbouteille;Date;Heure;TEMP_XX;OXYM_01;Q_OXYM;CHL_XX;Q_CHL;NOx_01;Q_NOX;PO4_01;Q_PO4;Si_01;Q_Si;QCFF;N_P;N_Si
(nom);(nom/no);(degres);(degres);(no_unique);(dbar);(jj-mmm-yyyy);(GMT);(celsius);(mmol/m**3);((none));(mg/m**3);((none));(mmol/m**3);((none));(mmol/m**3);((none));(mmol/m**3);((none));((none));((none));((none))
18HU96006_390;HL1            S2;44.4;-63.46333;158009;1;12-may-96;23:15:00;NaN;8.1;1;1.66;1;0.18;1;0.51;1;0.84;1;0;0.35;0.21
18HU96006_390;HL1            S2;44.4;-63.46333;158008;10;12-may-96;23:15:00;NaN;8.19;1;1.72;1;0.19;1;0.5;1;0.82;1;0;0.38;0.23
18HU96006_390;HL1            S2;44.4;-63.46333;158007;20;12-may-96;23:15:00;NaN;8.28;1;0.89;1;0.32;1;0.53;1;0.63;1;0;0.60;0.51
18HU96006_390;HL1            S2;44.4;-63.46333;158006;30;12-may-96;23:15:00;NaN;8.21;1;0.59;1;0.67;1;0.6;1;0.8;1;0;1.12;0.84
18HU96006_390;HL1            S2;44.4;-63.46333;158005;40;12-may-96;23:15:00;NaN;8.01;1;0.3;1;0.75;1;0.62;1;0.9;1;0;1.21;0.83
18HU96006_390;HL1            S2;44.4;-63.46333;158004;50;12-may-96;23:15:00;NaN;7.91;1;0.19;1;0.76;1;0.63;1;1.01;1;0;1.21;0.75
18HU96006_390;HL1            S2;44.4;-63.46333;158003;60;12-may-96;23:15:00;NaN;7.71;1;0.16;1;0.92;1;0.66;1;1.5;1;0;1.39;0.61
18HU96006_390;HL1            S2;44.4;-63.46333;158002;70;12-may-96;23:15:00;NaN;NaN;9;0.15;1;1.15;1;0.71;1;2.01;1;0;1.62;0.57
18HU96006_390;HL1            S2;44.4;-63.46333;158001;80;12-may-96;23:15:00;NaN;7.5;1;0.2;1;1.23;1;0.77;1;2.39;1;0;1.60;0.51
18HU96006_391;HL2 - AZMP     S3/3;44.27333;-63.31833;158025;1;13-may-96;02:45:00;NaN;8.19;1;1.9;1;0;1;0.46;1;0.41;1;0;0.00;0.00
18HU96006_391;HL2 - AZMP     S3/3;44.27333;-63.31833;158024;10;13-may-96;02:45:00;NaN;8.21;1;1.87;1;0;1;0.4;1;0.34;1;0;0.00;0.00
18HU96006_391;HL2 - AZMP     S3/3;44.27333;-63.31833;158023;20;13-may-96;02:45:00;NaN;8.19;1;0.35;1;0;1;0.41;1;0.35;1;0;0.00;0.00
18HU96006_391;HL2 - AZMP     S3/3;44.27333;-63.31833;158022;30;13-may-96;02:45:00;NaN;8.22;1;1.86;1;0.2;1;0.54;1;0.52;1;0;0.37;0.38
18HU96006_391;HL2 - AZMP     S3/3;44.27333;-63.31833;158021;40;13-may-96;02:45:00;NaN;7.97;1;0.05;1;0.85;1;0.62;1;1.05;1;0;1.37;0.81
18HU96006_391;HL2 - AZMP     S3/3;44.27333;-63.31833;158020;50;13-may-96;02:45:00;NaN;7.92;1;0.05;1;0.31;1;0.6;1;0.8;1;0;0.52;0.39
18HU96006_391;HL2 - AZMP     S3/3;44.27333;-63.31833;158019;60;13-may-96;02:45:00;NaN;7.81;1;0.03;1;0.84;1;0.68;1;1.32;1;0;1.24;0.64
18HU96006_391;HL2 - AZMP     S3/3;44.27333;-63.31833;158018;70;13-may-96;02:45:00;NaN;NaN;9;0.02;1;2.98;1;0.8;1;3.1;1;0;3.72;0.96
18HU96006_391;HL2 - AZMP     S3/3;44.27333;-63.31833;158017;80;13-may-96;02:45:00;NaN;7.18;1;0.03;1;4.27;1;0.86;1;4.41;1;0;4.97;0.97
18HU96006_391;HL2 - AZMP     S3/3;44.27333;-63.31833;158016;90;13-may-96;02:45:00;NaN;NaN;9;0.04;1;4.73;1;0.97;1;4.74;1;0;4.88;1.00
18HU96006_391;HL2 - AZMP     S3/3;44.27333;-63.31833;158015;100;13-may-96;02:45:00;NaN;7.01;1;0.05;1;4.81;1;0.89;1;5.03;1;0;5.40;0.96
18HU96006_391;HL2 - AZMP     S3/3;44.27333;-63.31833;158014;110;13-may-96;02:45:00;NaN;NaN;9;0.06;1;5;1;0.88;1;5.43;1;0;5.68;0.92
18HU96006_391;HL2 - AZMP     S3/3;44.27333;-63.31833;158013;120;13-may-96;02:45:00;NaN;6.76;1;0.04;1;6.72;1;1.04;1;6.81;1;0;6.46;0.99
18HU96006_391;HL2 - AZMP     S3/3;44.27333;-63.31833;158012;130;13-may-96;02:45:00;NaN;NaN;9;0.06;1;10.51;1;1.12;1;9.74;1;0;9.38;1.08
18HU96006_391;HL2 - AZMP     S3/3;44.27333;-63.31833;158011;140;13-may-96;02:45:00;NaN;NaN;9;0.07;1;12.77;1;1.23;1;12.28;1;0;10.38;1.04
18HU96006_391;HL2 - AZMP     S3/3;44.27333;-63.31833;158010;150;13-may-96;02:45:00;NaN;4.75;1;0.05;1;13.33;1;1.24;1;13.16;1;0;10.75;1.01
18HU96006_392;HL3            S4/1;43.88266;-62.87816;158046;1;13-may-96;07:00:00;NaN;7.74;1;0.91;1;0.21;1;0.37;1;0.63;1;0;0.57;0.33
18HU96006_392;HL3            S4/1;43.88266;-62.87816;158045;10;13-may-96;07:00:00;NaN;7.74;1;0.9;1;0.25;1;0.45;1;0.63;1;0;0.56;0.40
18HU96006_392;HL3            S4/1;43.88266;-62.87816;158044;20;13-may-96;07:00:00;NaN;7.82;1;0.95;1;0.28;1;0.44;1;0.69;1;0;0.64;0.41
18HU96006_392;HL3            S4/1;43.88266;-62.87816;158043;30;13-may-96;07:00:00;NaN;7.7;1;1.56;1;0.44;1;0.53;1;2.37;1;0;0.83;0.19
18HU96006_392;HL3            S4/1;43.88266;-62.87816;158042;40;13-may-96;07:00:00;NaN;7.25;1;0.7;1;3.12;1;0.67;1;2.98;1;0;4.66;1.05
18HU96006_392;HL3            S4/1;43.88266;-62.87816;158041;50;13-may-96;07:00:00;NaN;NaN;9;0.42;1;4.57;1;0.73;1;3.79;1;0;6.26;1.21
18HU96006_392;HL3            S4/1;43.88266;-62.87816;158040;60;13-may-96;07:00:00;NaN;5.49;1;0.07;1;10.85;1;0.99;1;7.42;1;0;10.96;1.46
18HU96006_392;HL3            S4/1;43.88266;-62.87816;158039;70;13-may-96;07:00:00;NaN;NaN;9;0.06;1;11.84;1;1.02;1;8.25;1;0;11.61;1.44
18HU96006_392;HL3            S4/1;43.88266;-62.87816;158038;80;13-may-96;07:00:00;NaN;4.72;1;0.05;1;13.23;1;1.04;1;9.14;1;0;12.72;1.45
18HU96006_392;HL3            S4/1;43.88266;-62.87816;158037;90;13-may-96;07:00:00;NaN;NaN;9;0.04;1;14.04;1;1.01;1;9.89;1;0;13.90;1.42
18HU96006_392;HL3            S4/1;43.88266;-62.87816;158036;100;13-may-96;07:00:00;NaN;4.25;1;0.01;1;15.54;1;1.07;1;9.92;1;0;14.52;1.57
18HU96006_392;HL3            S4/1;43.88266;-62.87816;158035;110;13-may-96;07:00:00;NaN;NaN;9;0.01;1;13.94;1;1.05;1;9.01;1;0;13.28;1.55
18HU96006_392;HL3            S4/1;43.88266;-62.87816;158034;120;13-may-96;07:00:00;NaN;4.29;1;0.01;1;15.41;1;1.07;1;10.39;1;0;14.40;1.48
18HU96006_392;HL3            S4/1;43.88266;-62.87816;158033;130;13-may-96;07:00:00;NaN;NaN;9;0.02;1;16.01;1;1.14;1;10.9;1;0;14.04;1.47
18HU96006_392;HL3            S4/1;43.88266;-62.87816;158032;140;13-may-96;07:00:00;NaN;3.76;1;0.01;1;17.57;1;1.22;1;12.18;1;0;14.40;1.44
18HU96006_392;HL3            S4/1;43.88266;-62.87816;158031;150;13-may-96;07:00:00;NaN;NaN;9;0.01;1;18.16;1;1.26;1;12.09;1;0;14.41;1.50
18HU96006_392;HL3            S4/1;43.88266;-62.87816;158030;160;13-may-96;07:00:00;NaN;3.6;1;0.01;1;18.69;1;1.28;1;12.73;1;0;14.60;1.47
18HU96006_392;HL3            S4/1;43.88266;-62.87816;158029;180;13-may-96;07:00:00;NaN;3.49;1;0.01;1;20.24;1;1.33;1;14;1;0;15.22;1.45
18HU96006_392;HL3            S4/1;43.88266;-62.87816;158028;200;13-may-96;07:00:00;NaN;3.54;1;0.01;1;19.8;1;1.34;1;14.8;1;0;14.78;1.34
18HU96006_392;HL3            S4/1;43.88266;-62.87816;158027;220;13-may-96;07:00:00;NaN;3.48;1;0.01;1;20.24;1;1.44;1;16.22;1;0;14.06;1.25
18HU96006_392;HL3            S4/1;43.88266;-62.87816;158026;250;13-may-96;07:00:00;NaN;3.44;1;0.01;1;20.81;1;1.41;1;17.81;1;0;14.76;1.17
18HU96006_393;S5/2;43.48333;-62.44816;158054;1;13-may-96;17:02:00;NaN;7.51;1;0.7;1;0.22;1;0.37;1;0.67;1;0;0.59;0.33
18HU96006_393;S5/2;43.48333;-62.44816;158053;10;13-may-96;17:02:00;NaN;7.47;1;0.67;1;0.16;1;0.32;1;0.45;1;0;0.50;0.36
18HU96006_393;S5/2;43.48333;-62.44816;158052;20;13-may-96;17:02:00;NaN;7.5;1;0.7;1;0.2;1;0.41;1;0.85;1;0;0.49;0.24
18HU96006_393;S5/2;43.48333;-62.44816;158051;30;13-may-96;17:02:00;NaN;7.51;1;0.71;1;0.36;1;0.31;1;0.72;1;0;1.16;0.50
18HU96006_393;S5/2;43.48333;-62.44816;158050;40;13-may-96;17:02:00;NaN;7.7;1;0.93;1;0;1;0.4;1;1;1;0;0.00;0.00
18HU96006_393;S5/2;43.48333;-62.44816;158049;50;13-may-96;17:02:00;NaN;7.22;1;0.92;1;1.69;1;0.53;1;1.69;1;0;3.19;1.00
18HU96006_393;S5/2;43.48333;-62.44816;158048;60;13-may-96;17:02:00;NaN;5.93;1;0.38;1;7.35;1;0.89;1;4.81;1;0;8.26;1.53
18HU96006_393;S5/2;43.48333;-62.44816;158047;70;13-may-96;17:02:00;NaN;4.85;1;0.08;1;12.82;1;1;1;10.42;1;0;12.82;1.23
18HU96006_394;S6/1;43.18349;-62.09966;158064;1;13-may-96;20:34:00;NaN;7.46;1;0.55;1;0.14;1;0.39;1;0.64;1;0;0.36;0.22
18HU96006_394;S6/1;43.18349;-62.09966;158063;10;13-may-96;20:34:00;NaN;7.47;1;0.56;1;0.14;1;0.39;1;0.6;1;0;0.36;0.23
18HU96006_394;S6/1;43.18349;-62.09966;158062;20;13-may-96;20:34:00;NaN;7.45;1;0.59;1;0.14;1;0.31;1;0.58;1;0;0.45;0.24
18HU96006_394;S6/1;43.18349;-62.09966;158061;30;13-may-96;20:34:00;NaN;7.79;1;1.32;1;0.19;1;0.41;1;0.52;1;0;0.46;0.37
18HU96006_394;S6/1;43.18349;-62.09966;158060;40;13-may-96;20:34:00;NaN;7.73;1;4.07;1;0.62;1;0.52;1;0.69;1;0;1.19;0.90
18HU96006_394;S6/1;43.18349;-62.09966;158059;50;13-may-96;20:34:00;NaN;7.27;1;2.33;1;2.15;1;0.67;1;1.84;1;0;3.21;1.17
18HU96006_394;S6/1;43.18349;-62.09966;158058;60;13-may-96;20:34:00;NaN;7.03;1;1.18;1;3.42;1;0.69;1;2.55;1;0;4.96;1.34
18HU96006_394;S6/1;43.18349;-62.09966;158057;70;13-may-96;20:34:00;NaN;NaN;9;0.69;1;5.61;1;0.7;1;3.93;1;0;8.01;1.43
18HU96006_394;S6/1;43.18349;-62.09966;158056;80;13-may-96;20:34:00;NaN;6.03;1;0.31;1;8.2;1;0.71;1;6.05;1;0;11.55;1.36
18HU96006_394;S6/1;43.18349;-62.09966;158055;90;13-may-96;20:34:00;NaN;NaN;9;0.22;1;7.42;1;0.66;1;5.56;1;0;11.24;1.33
18HU96006_395;S7/3;42.859;-61.73899;158082;1;14-may-96;01:39:00;NaN;7.53;1;0.54;1;0.16;1;0.39;1;0.3;1;0;0.41;0.53
18HU96006_395;S7/3;42.859;-61.73899;158081;10;14-may-96;01:39:00;NaN;7.53;1;0.57;1;0.21;1;0.4;1;0.31;1;0;0.52;0.68
18HU96006_395;S7/3;42.859;-61.73899;158080;20;14-may-96;01:39:00;NaN;7.65;1;0.66;1;0.18;1;0.41;1;0.45;1;0;0.44;0.40
18HU96006_395;S7/3;42.859;-61.73899;158079;30;14-may-96;01:39:00;NaN;7.72;1;0.85;1;0.53;1;0.46;1;0.57;1;0;1.15;0.93
18HU96006_395;S7/3;42.859;-61.73899;158078;40;14-may-96;01:39:00;NaN;7.42;1;0.69;1;1.57;1;0.51;1;1.41;1;0;3.08;1.11
18HU96006_395;S7/3;42.859;-61.73899;158077;50;14-may-96;01:39:00;NaN;6.94;1;0.23;1;5.36;1;0.82;1;4.43;1;0;6.54;1.21
18HU96006_395;S7/3;42.859;-61.73899;158076;60;14-may-96;01:39:00;NaN;6.76;1;0.19;1;5.82;1;0.76;1;4.7;1;0;7.66;1.24
18HU96006_395;S7/3;42.859;-61.73899;158075;70;14-may-96;01:39:00;NaN;NaN;9;0.15;1;6.83;1;0.73;1;4.34;1;0;9.36;1.57
18HU96006_395;S7/3;42.859;-61.73899;158074;80;14-may-96;01:39:00;NaN;5.97;1;0.07;1;9.44;1;0.83;1;5.91;1;0;11.37;1.60
18HU96006_395;S7/3;42.859;-61.73899;158073;90;14-may-96;01:39:00;NaN;NaN;9;0.06;1;9.35;1;0.78;1;5.95;1;0;11.99;1.57
18HU96006_395;S7/3;42.859;-61.73899;158072;100;14-may-96;01:39:00;NaN;5.65;1;0.04;1;10.86;1;0.84;1;6.68;1;0;12.93;1.63
18HU96006_395;S7/3;42.859;-61.73899;158071;110;14-may-96;01:39:00;NaN;NaN;9;0.04;1;11.93;1;0.87;1;7.44;1;0;13.71;1.60
18HU96006_395;S7/3;42.859;-61.73899;158070;120;14-may-96;01:39:00;NaN;5.52;1;0.04;1;11.38;1;0.89;1;7.13;1;0;12.79;1.60
18HU96006_395;S7/3;42.859;-61.73899;158069;130;14-may-96;01:39:00;NaN;NaN;9;0.06;1;12.09;1;0.91;1;7.68;1;0;13.29;1.57
18HU96006_395;S7/3;42.859;-61.73899;158068;140;14-may-96;01:39:00;NaN;NaN;9;0.06;1;12.76;1;0.94;1;8.25;1;0;13.57;1.55
18HU96006_395;S7/3;42.859;-61.73899;158067;150;14-may-96;01:39:00;NaN;5.22;1;0.05;1;13.61;1;1.03;1;8;1;0;13.21;1.70
18HU96006_395;S7/3;42.859;-61.73899;158066;175;14-may-96;01:39:00;NaN;4.92;1;0.04;1;15.79;1;1.1;1;9.78;1;0;14.35;1.61
18HU96006_395;S7/3;42.859;-61.73899;158065;200;14-may-96;01:39:00;NaN;4.01;1;0.03;1;18.43;1;1.27;1;10.58;1;0;14.51;1.74
18HU96006_396;HL7            S8/1;42.53483;-61.39849;158100;1;14-may-96;05:32:00;NaN;7.18;1;0.69;1;0.18;1;0.33;1;0.67;1;0;0.55;0.27
18HU96006_396;HL7            S8/1;42.53483;-61.39849;158099;10;14-may-96;05:32:00;NaN;7.17;1;0.73;1;0.18;1;0.34;1;0.71;1;0;0.53;0.25
18HU96006_396;HL7            S8/1;42.53483;-61.39849;158098;20;14-may-96;05:32:00;NaN;7.22;1;0.89;1;0.24;1;0.31;1;0.78;1;0;0.77;0.31
18HU96006_396;HL7            S8/1;42.53483;-61.39849;158097;30;14-may-96;05:32:00;NaN;7.23;1;1.03;1;0.2;1;0.31;1;0.87;1;0;0.65;0.23
18HU96006_396;HL7            S8/1;42.53483;-61.39849;158096;40;14-may-96;05:32:00;NaN;7.26;1;1.93;1;1.01;1;0.47;1;1.15;1;0;2.15;0.88
18HU96006_396;HL7            S8/1;42.53483;-61.39849;158095;50;14-may-96;05:32:00;NaN;6.75;1;1.4;1;3.54;1;0.64;1;2.03;1;0;5.53;1.74
18HU96006_396;HL7            S8/1;42.53483;-61.39849;158094;60;14-may-96;05:32:00;NaN;6.13;1;0.3;1;7.56;1;0.78;1;4.08;1;0;9.69;1.85
18HU96006_396;HL7            S8/1;42.53483;-61.39849;158093;70;14-may-96;05:32:00;NaN;NaN;9;0.08;1;9.89;1;0.8;1;5.71;1;0;12.36;1.73
18HU96006_396;HL7            S8/1;42.53483;-61.39849;158092;80;14-may-96;05:32:00;NaN;5.39;1;0.08;1;9.95;1;1.29;1;5.74;1;0;7.71;1.73
18HU96006_396;HL7            S8/1;42.53483;-61.39849;158091;90;14-may-96;05:32:00;NaN;NaN;9;0.03;1;11.88;1;0.83;1;6.4;1;0;14.31;1.86
18HU96006_396;HL7            S8/1;42.53483;-61.39849;158090;100;14-may-96;05:32:00;NaN;5.32;1;0.03;1;12.01;1;0.84;1;6.49;1;0;14.30;1.85
18HU96006_396;HL7            S8/1;42.53483;-61.39849;158089;110;14-may-96;05:32:00;NaN;NaN;9;0.02;1;8.74;1;0.71;1;5.07;1;0;12.31;1.72
18HU96006_396;HL7            S8/1;42.53483;-61.39849;158088;120;14-may-96;05:32:00;NaN;5.61;1;0.02;1;12.86;1;0.91;1;7.16;1;0;14.13;1.80
18HU96006_396;HL7            S8/1;42.53483;-61.39849;158087;130;14-may-96;05:32:00;NaN;NaN;9;0.02;1;13.99;1;0.96;1;7.83;1;0;14.57;1.79
18HU96006_396;HL7            S8/1;42.53483;-61.39849;158086;140;14-may-96;05:32:00;NaN;NaN;9;0.02;1;14.1;1;0.97;1;7.76;1;0;14.54;1.82
18HU96006_396;HL7            S8/1;42.53483;-61.39849;158085;150;14-may-96;05:32:00;NaN;5.17;1;0.02;1;15.36;1;1.06;1;8.94;1;0;14.49;1.72
18HU96006_396;HL7            S8/1;42.53483;-61.39849;158084;175;14-may-96;05:32:00;NaN;4.25;1;0.02;1;20.15;1;1.32;1;10.89;1;0;15.27;1.85
18HU96006_396;HL7            S8/1;42.53483;-61.39849;158083;200;14-may-96;05:32:00;NaN;4.2;1;0.01;1;19.86;1;1.33;1;11.65;1;0;14.93;1.70
18HU96006_397;S9/4;43.46549;-59.91049;158111;1;14-may-96;16:17:00;NaN;NaN;9;0.32;1;0.07;1;0.4;1;0.5;1;0;0.18;0.14
18HU96006_397;S9/4;43.46549;-59.91049;158110;10;14-may-96;16:17:00;NaN;NaN;9;0.37;1;0.08;1;0.41;1;0.54;1;0;0.20;0.15
18HU96006_397;S9/4;43.46549;-59.91049;158109;20;14-may-96;16:17:00;NaN;NaN;9;0.64;1;0.07;1;0.39;1;0.47;1;0;0.18;0.15
18HU96006_397;S9/4;43.46549;-59.91049;158108;30;14-may-96;16:17:00;NaN;NaN;9;0.48;1;0.18;1;0.46;1;0.6;1;0;0.39;0.30
18HU96006_397;S9/4;43.46549;-59.91049;158107;40;14-may-96;16:17:00;NaN;NaN;9;0.5;1;0.73;1;0.62;1;0.88;1;0;1.18;0.83
18HU96006_397;S9/4;43.46549;-59.91049;158106;50;14-may-96;16:17:00;NaN;NaN;9;1.58;1;1.64;1;0.76;1;1.16;1;0;2.16;1.41
18HU96006_397;S9/4;43.46549;-59.91049;158105;60;14-may-96;16:17:00;NaN;NaN;9;2.81;1;4.1;1;0.98;1;3.25;1;0;4.18;1.26
18HU96006_397;S9/4;43.46549;-59.91049;158104;70;14-may-96;16:17:00;NaN;NaN;9;1.6;1;4.79;1;0.86;1;4.22;1;0;5.57;1.14
18HU96006_397;S9/4;43.46549;-59.91049;158103;80;14-may-96;16:17:00;NaN;NaN;9;0.89;1;5.81;1;0.89;1;5.38;1;0;6.53;1.08
18HU96006_397;S9/4;43.46549;-59.91049;158102;90;14-may-96;16:17:00;NaN;NaN;9;0.59;1;6.11;1;0.88;1;5.81;1;0;6.94;1.05
18HU96006_397;S9/4;43.46549;-59.91049;158101;100;14-may-96;16:17:00;NaN;NaN;9;0.5;1;6.12;1;0.88;1;5.81;1;0;6.95;1.05
18HU96006_398;LL6            S10/1;44.47499;-58.50633;158118;1;14-may-96;23:25:00;NaN;NaN;9;0.25;1;0.32;1;0.41;1;0.3;1;0;0.78;1.07
18HU96006_398;LL6            S10/1;44.47499;-58.50633;158117;10;14-may-96;23:25:00;NaN;NaN;9;0.23;1;0;1;0.42;1;0.45;1;0;0.00;0.00
18HU96006_398;LL6            S10/1;44.47499;-58.50633;158116;20;14-may-96;23:25:00;NaN;NaN;9;0.32;1;0;1;0.45;1;0.47;1;0;0.00;0.00
18HU96006_398;LL6            S10/1;44.47499;-58.50633;158115;30;14-may-96;23:25:00;NaN;NaN;9;0.44;1;0;1;0.59;1;1.56;1;0;0.00;0.00
18HU96006_398;LL6            S10/1;44.47499;-58.50633;158114;40;14-may-96;23:25:00;NaN;NaN;9;0.68;1;0.13;1;0.65;1;1.93;1;0;0.20;0.07
18HU96006_398;LL6            S10/1;44.47499;-58.50633;158113;50;14-may-96;23:25:00;NaN;NaN;9;0.68;1;0.18;1;0.65;1;1.78;1;0;0.28;0.10
18HU96006_398;LL6            S10/1;44.47499;-58.50633;158112;60;14-may-96;23:25:00;NaN;NaN;9;0.68;1;0.18;1;0.62;1;1.77;1;0;0.29;0.10
18HU96006_399;S11/2;44.13266;-58.17649;158129;1;15-may-96;00:42:00;NaN;NaN;9;1.39;1;0;1;0.4;1;0.16;1;0;0.00;0.00
18HU96006_399;S11/2;44.13266;-58.17649;158128;10;15-may-96;00:42:00;NaN;NaN;9;1.67;1;0;1;0.38;1;0.16;1;0;0.00;0.00
18HU96006_399;S11/2;44.13266;-58.17649;158127;20;15-may-96;00:42:00;NaN;NaN;9;1.73;1;0;1;0.42;1;0.19;1;0;0.00;0.00
18HU96006_399;S11/2;44.13266;-58.17649;158126;30;15-may-96;00:42:00;NaN;NaN;9;1.41;1;0;1;0.46;1;0.18;1;0;0.00;0.00
18HU96006_399;S11/2;44.13266;-58.17649;158125;40;15-may-96;00:42:00;NaN;NaN;9;6.13;1;0.59;1;0.53;1;0.48;1;0;1.11;1.23
18HU96006_399;S11/2;44.13266;-58.17649;158124;50;15-may-96;00:42:00;NaN;NaN;9;11.67;1;2.88;1;0.82;1;1.44;1;0;3.51;2.00
18HU96006_399;S11/2;44.13266;-58.17649;158123;60;15-may-96;00:42:00;NaN;NaN;9;11.59;1;4.85;1;0.94;1;3.05;1;0;5.16;1.59
18HU96006_399;S11/2;44.13266;-58.17649;158122;70;15-may-96;00:42:00;NaN;NaN;9;5.53;1;5.19;1;0.92;1;4.31;1;0;5.64;1.20
18HU96006_399;S11/2;44.13266;-58.17649;158121;80;15-may-96;00:42:00;NaN;NaN;9;3.11;1;7.98;1;1.02;1;8.36;1;0;7.82;0.95
18HU96006_399;S11/2;44.13266;-58.17649;158120;90;15-may-96;00:42:00;NaN;NaN;9;1.12;1;6.91;1;0.95;1;7.67;1;0;7.27;0.90
18HU96006_399;S11/2;44.13266;-58.17649;158119;100;15-may-96;00:42:00;NaN;NaN;9;1.27;1;6.04;1;0.86;1;6.31;1;0;7.02;0.96
18HU96006_400;LL8            S12/1;43.78216;-57.83166;158140;1;15-may-96;05:30:00;NaN;NaN;9;0.68;1;0;1;0.35;1;0.28;1;0;0.00;0.00
18HU96006_400;LL8            S12/1;43.78216;-57.83166;158139;10;15-may-96;05:30:00;NaN;NaN;9;0.71;1;0;1;0.31;1;0.29;1;0;0.00;0.00
18HU96006_400;LL8            S12/1;43.78216;-57.83166;158138;20;15-may-96;05:30:00;NaN;NaN;9;0.73;1;0;1;0.3;1;0.26;1;0;0.00;0.00
18HU96006_400;LL8            S12/1;43.78216;-57.83166;158137;30;15-may-96;05:30:00;NaN;NaN;9;1;1;0;1;0.34;1;0.55;1;0;0.00;0.00
18HU96006_400;LL8            S12/1;43.78216;-57.83166;158136;40;15-may-96;05:30:00;NaN;NaN;9;1.35;1;0.85;1;0.44;1;1.36;1;0;1.93;0.62
18HU96006_400;LL8            S12/1;43.78216;-57.83166;158135;50;15-may-96;05:30:00;NaN;NaN;9;1.07;1;1.7;1;0.51;1;1.51;1;0;3.33;1.13
18HU96006_400;LL8            S12/1;43.78216;-57.83166;158134;60;15-may-96;05:30:00;NaN;NaN;9;0.31;1;3.51;1;0.51;1;2.09;1;0;6.88;1.68
18HU96006_400;LL8            S12/1;43.78216;-57.83166;158133;70;15-may-96;05:30:00;NaN;NaN;9;0.1;1;7.03;1;0.66;1;3.54;1;0;10.65;1.99
18HU96006_400;LL8            S12/1;43.78216;-57.83166;158132;80;15-may-96;05:30:00;NaN;NaN;9;0.06;1;7.47;1;0.67;1;3.76;1;0;11.15;1.99
18HU96006_400;LL8            S12/1;43.78216;-57.83166;158131;90;15-may-96;05:30:00;NaN;NaN;9;0.04;1;8.94;1;0.72;1;4.38;1;0;12.42;2.04
18HU96006_400;LL8            S12/1;43.78216;-57.83166;158130;100;15-may-96;05:30:00;NaN;NaN;9;0.04;1;8.66;1;0.66;1;4.2;1;0;13.12;2.06
18HU96006_401;S13/2;44.45716;-57.0105;158151;1;15-may-96;12:00:00;NaN;NaN;9;1.03;1;0;1;0.41;1;0;1;0;0.00;NaN
18HU96006_401;S13/2;44.45716;-57.0105;158150;10;15-may-96;12:00:00;NaN;NaN;9;1.05;1;0;1;0.44;1;0;1;0;0.00;NaN
18HU96006_401;S13/2;44.45716;-57.0105;158149;20;15-may-96;12:00:00;NaN;NaN;9;1.03;1;0;1;0.42;1;0;1;0;0.00;NaN
18HU96006_401;S13/2;44.45716;-57.0105;158148;30;15-may-96;12:00:00;NaN;NaN;9;1.9;1;0;1;0.36;1;0;1;0;0.00;NaN
18HU96006_401;S13/2;44.45716;-57.0105;158147;40;15-may-96;12:00:00;NaN;NaN;9;5.07;1;0.16;1;0.43;1;0.11;1;0;0.37;1.45
18HU96006_401;S13/2;44.45716;-57.0105;158146;50;15-may-96;12:00:00;NaN;NaN;9;10.38;1;4.49;1;0.87;1;2.07;1;0;5.16;2.17
18HU96006_401;S13/2;44.45716;-57.0105;158145;60;15-may-96;12:00:00;NaN;NaN;9;0.87;1;8.08;1;0.84;1;5.48;1;0;9.62;1.47
18HU96006_401;S13/2;44.45716;-57.0105;158144;70;15-may-96;12:00:00;NaN;NaN;9;3.58;1;4.09;1;0.79;1;2.97;1;0;5.18;1.38
18HU96006_401;S13/2;44.45716;-57.0105;158143;80;15-may-96;12:00:00;NaN;NaN;9;2.59;1;5.26;1;0.82;1;4.3;1;0;6.41;1.22
18HU96006_401;S13/2;44.45716;-57.0105;158142;90;15-may-96;12:00:00;NaN;NaN;9;0.5;1;5.59;1;0.8;1;5;1;0;6.99;1.12
18HU96006_401;S13/2;44.45716;-57.0105;158141;100;15-may-96;12:00:00;NaN;NaN;9;0.32;1;8;1;0.91;1;7.13;1;0;8.79;1.12
18HU96006_402;S13/3;44.4295;-57.02083;161411;1;15-may-96;13:10:00;NaN;NaN;9;0.97;1;0.12;1;0.41;1;0.04;1;0;0.29;3.00
18HU96006_402;S13/3;44.4295;-57.02083;161410;10;15-may-96;13:10:00;3.5;NaN;9;0.9;1;0.11;1;0.43;1;0;1;0;0.26;NaN
18HU96006_402;S13/3;44.4295;-57.02083;161409;20;15-may-96;13:10:00;NaN;NaN;9;1.5;1;0.06;1;0.39;1;0;1;0;0.15;NaN
18HU96006_402;S13/3;44.4295;-57.02083;161408;30;15-may-96;13:10:00;2.7;NaN;9;2.94;1;0.02;1;0.42;1;0;1;0;0.05;NaN
18HU96006_402;S13/3;44.4295;-57.02083;161407;40;15-may-96;13:10:00;NaN;NaN;9;9.72;1;0.2;1;0.54;1;0.1;1;0;0.37;2.00
18HU96006_402;S13/3;44.4295;-57.02083;161406;50;15-may-96;13:10:00;1.8;NaN;9;4.29;1;4.48;1;0.82;1;2.77;1;0;5.46;1.62
18HU96006_402;S13/3;44.4295;-57.02083;161405;60;15-may-96;13:10:00;NaN;NaN;9;2.91;1;5.83;1;0.89;1;4.48;1;0;6.55;1.30
18HU96006_402;S13/3;44.4295;-57.02083;161404;70;15-may-96;13:10:00;NaN;NaN;9;1.15;1;7.54;1;0.96;1;6.74;1;0;7.85;1.12
18HU96006_402;S13/3;44.4295;-57.02083;161403;80;15-may-96;13:10:00;NaN;NaN;9;1.35;1;5.96;1;0.86;1;5.07;1;0;6.93;1.18
18HU96006_402;S13/3;44.4295;-57.02083;161402;90;15-may-96;13:10:00;NaN;NaN;9;1.84;1;4.61;1;0.81;1;3.47;1;0;5.69;1.33
18HU96006_402;S13/3;44.4295;-57.02083;161401;100;15-may-96;13:10:00;NaN;NaN;9;0.82;1;6.67;1;0.87;1;5.39;1;0;7.67;1.24
18HU96006_403;S14/1;44.68299;-56.19983;158162;1;15-may-96;17:35:00;NaN;NaN;9;1.48;1;0;1;0.34;1;0.02;1;0;0.00;0.00
18HU96006_403;S14/1;44.68299;-56.19983;158161;10;15-may-96;17:35:00;NaN;NaN;9;1.52;1;0.3;1;0.37;1;0.29;1;0;0.81;1.03
18HU96006_403;S14/1;44.68299;-56.19983;158160;20;15-may-96;17:35:00;NaN;NaN;9;1.25;1;0.17;1;0.36;1;0.27;1;0;0.47;0.63
18HU96006_403;S14/1;44.68299;-56.19983;158159;30;15-may-96;17:35:00;NaN;NaN;9;1.37;1;0.13;1;0.4;1;0.33;1;0;0.33;0.39
18HU96006_403;S14/1;44.68299;-56.19983;158158;40;15-may-96;17:35:00;NaN;NaN;9;4.87;1;0.35;1;0.51;1;0.58;1;0;0.69;0.60
18HU96006_403;S14/1;44.68299;-56.19983;158157;50;15-may-96;17:35:00;NaN;NaN;9;1.99;1;3.52;1;0.63;1;3.36;1;0;5.59;1.05
18HU96006_403;S14/1;44.68299;-56.19983;158156;60;15-may-96;17:35:00;NaN;NaN;9;0.34;1;5.54;1;0.73;1;4.79;1;0;7.59;1.16
18HU96006_403;S14/1;44.68299;-56.19983;158155;70;15-may-96;17:35:00;NaN;NaN;9;0.25;1;6.86;1;0.82;1;5.09;1;0;8.37;1.35
18HU96006_403;S14/1;44.68299;-56.19983;158154;80;15-may-96;17:35:00;NaN;NaN;9;0.2;1;8.63;1;0.84;1;6.98;1;0;10.27;1.24
18HU96006_403;S14/1;44.68299;-56.19983;158153;90;15-may-96;17:35:00;NaN;NaN;9;0.17;1;9.65;1;0.9;1;6.25;1;0;10.72;1.54
18HU96006_403;S14/1;44.68299;-56.19983;158152;100;15-may-96;17:35:00;NaN;NaN;9;0.17;1;11.76;1;0.97;1;8.87;1;0;12.12;1.33
18HU96006_404;S15/2;44.887;-55.37733;158173;1;15-may-96;22:45:00;NaN;NaN;9;1.98;1;0;1;0.42;1;0.15;1;0;0.00;0.00
18HU96006_404;S15/2;44.887;-55.37733;158172;10;15-may-96;22:45:00;NaN;NaN;9;2;1;0;1;0.39;1;0.05;1;0;0.00;0.00
18HU96006_404;S15/2;44.887;-55.37733;158171;20;15-may-96;22:45:00;NaN;NaN;9;2.24;1;0.04;1;1.22;1;0.12;1;0;0.03;0.33
18HU96006_404;S15/2;44.887;-55.37733;158170;30;15-may-96;22:45:00;NaN;NaN;9;3.79;1;0.19;1;0.46;1;0.34;1;0;0.41;0.56
18HU96006_404;S15/2;44.887;-55.37733;158169;40;15-may-96;22:45:00;NaN;NaN;9;1.77;1;1.93;1;0.57;1;1.52;1;0;3.39;1.27
18HU96006_404;S15/2;44.887;-55.37733;158168;50;15-may-96;22:45:00;NaN;NaN;9;0.29;1;5.1;1;0.71;1;4.21;1;0;7.18;1.21
18HU96006_404;S15/2;44.887;-55.37733;158167;60;15-may-96;22:45:00;NaN;NaN;9;0.11;1;6.26;1;0.65;1;3.68;1;0;9.63;1.70
18HU96006_404;S15/2;44.887;-55.37733;158166;70;15-may-96;22:45:00;NaN;NaN;9;0.05;1;7.49;1;0.56;1;3.86;1;0;13.37;1.94
18HU96006_404;S15/2;44.887;-55.37733;158165;80;15-may-96;22:45:00;NaN;NaN;9;0.03;1;8.65;1;0.68;1;4.2;1;0;12.72;2.06
18HU96006_404;S15/2;44.887;-55.37733;158164;90;15-may-96;22:45:00;NaN;NaN;9;0.04;1;9.07;1;0.67;1;4.7;1;0;13.54;1.93
18HU96006_404;S15/2;44.887;-55.37733;158163;100;15-may-96;22:45:00;NaN;NaN;9;0.03;1;10.52;1;0.72;1;5.9;1;0;14.61;1.78
18HU96006_405;S16/1;45.21699;-54.00166;158180;9;16-may-96;04:50:00;NaN;NaN;9;1.2;1;0.06;1;0.46;1;0;1;0;0.13;NaN
18HU96006_405;S16/1;45.21699;-54.00166;158179;20;16-may-96;04:50:00;NaN;NaN;9;1.3;1;0;1;0.4;1;0.15;1;0;0.00;0.00
18HU96006_405;S16/1;45.21699;-54.00166;158178;30;16-may-96;04:50:00;NaN;NaN;9;1.38;1;0;1;0.42;1;0;1;0;0.00;NaN
18HU96006_405;S16/1;45.21699;-54.00166;158177;40;16-may-96;04:50:00;NaN;NaN;9;2.27;1;0.32;1;0.46;1;0.44;1;0;0.70;0.73
18HU96006_405;S16/1;45.21699;-54.00166;158176;50;16-may-96;04:50:00;NaN;NaN;9;3.68;1;0.77;1;0.54;1;0.63;1;0;1.43;1.22
18HU96006_405;S16/1;45.21699;-54.00166;158175;60;16-may-96;04:50:00;NaN;NaN;9;3.99;1;1.92;1;0.68;1;1.67;1;0;2.82;1.15
18HU96006_405;S16/1;45.21699;-54.00166;158174;70;16-may-96;04:50:00;NaN;NaN;9;2.14;1;NaN;9;NaN;9;NaN;9;0;NaN;NaN
18HU96006_406;S17/1;47.03766;-52.53783;161422;1;16-may-96;16:04:00;NaN;NaN;9;0.46;1;0.09;1;0.48;1;0;1;0;0.19;NaN
18HU96006_406;S17/1;47.03766;-52.53783;161421;10;16-may-96;16:04:00;NaN;NaN;9;0.54;1;0;7;0.28;7;0.17;1;512;0.00;0.00
18HU96006_406;S17/1;47.03766;-52.53783;161425;10;16-may-96;16:04:00;1.4;NaN;9;0.46;1;0.07;7;0.49;7;0;1;512;0.14;NaN
18HU96006_406;S17/1;47.03766;-52.53783;161420;20;16-may-96;16:04:00;NaN;NaN;9;0.57;1;0;1;0.36;1;0.31;1;0;0.00;0.00
18HU96006_406;S17/1;47.03766;-52.53783;161419;30;16-may-96;16:04:00;NaN;NaN;9;0.53;1;0;7;0.12;7;0.08;1;512;0.00;0.00
18HU96006_406;S17/1;47.03766;-52.53783;161424;30;16-may-96;16:04:00;1.4;NaN;9;0.49;1;0.27;7;0.45;7;0.45;1;512;0.60;0.60
18HU96006_406;S17/1;47.03766;-52.53783;161418;40;16-may-96;16:04:00;NaN;NaN;9;0.56;1;0.18;1;0.31;1;0.37;1;0;0.58;0.49
18HU96006_406;S17/1;47.03766;-52.53783;161417;50;16-may-96;16:04:00;NaN;NaN;9;2.38;1;0.25;7;0.45;7;0.27;1;512;0.56;0.93
18HU96006_406;S17/1;47.03766;-52.53783;161423;50;16-may-96;16:04:00;-0.2;NaN;9;2.52;1;0.56;7;0.6;7;0;1;512;0.93;NaN
18HU96006_406;S17/1;47.03766;-52.53783;161416;60;16-may-96;16:04:00;NaN;NaN;9;4.45;1;1.1;1;0.59;1;0.93;1;0;1.86;1.18
18HU96006_406;S17/1;47.03766;-52.53783;161415;70;16-may-96;16:04:00;NaN;NaN;9;2.02;1;4.77;1;0.66;1;2.86;1;0;7.23;1.67
18HU96006_406;S17/1;47.03766;-52.53783;161414;80;16-may-96;16:04:00;NaN;NaN;9;0.84;1;6.12;1;0.89;1;4.88;1;0;6.88;1.25
18HU96006_406;S17/1;47.03766;-52.53783;161413;90;16-may-96;16:04:00;NaN;NaN;9;0.37;1;6.34;1;0.69;1;5.63;1;0;9.19;1.13
18HU96006_406;S17/1;47.03766;-52.53783;161412;100;16-may-96;16:04:00;NaN;NaN;9;0.53;1;7.01;1;0.87;1;6.85;1;0;8.06;1.02
