CTD;CTD;CTD;CTD;CTD;CTD;CTD;CTD;CTD;CTD;CTD;CTD;CTD;labo;labo;labo;labo;labo;labo;labo;labo;labo;labo;labo;labo;labo;labo;labo;calc;calc
Fichier;Station;Latitude;Longitude;Echantillon;zbouteille;Date;Heure;PRES;PSAL;TEMP_XX;DOXY;PHPH;CHL_01;Q_CHL;PSAL_BS;Q_PSAL;OXY_02;Q_OXY;NO2_01;Q_NO2;NOx_01;Q_NOX;PO4_01;Q_PO4;Si_01;Q_Si;QCFF;N_P;N_Si
(nom);(nom/no);(degres);(degres);(no_unique);(dbar);(jj-mmm-yyyy);(GMT);(dbar);(psu);(celsius);(ml/l);((none));(mg/m**3);((none));(PSU);((none));(ml/l);((none));(mmol/m**3);((none));(mmol/m**3);((none));(mmol/m**3);((none));(mmol/m**3);((none));((none));((none));((none))
18VA18666_002;HL_02;44.27;-63.32;441739;1.65;07-feb-18;14:31:00;1.656;30.561;1.1477;7.8282;8.13;0.25333;1;30.578;1;7.986;1;0.13;1;5.705;1;0.6995;1;6.575;1;0;8.16;0.87
18VA18666_002;HL_02;44.27;-63.32;441738;5.39;07-feb-18;14:31:00;5.394;30.5626;1.1436;7.7803;8.138;0.26967;1;NaN;9;NaN;9;0.13;1;5.695;1;0.6995;1;6.55;1;0;8.14;0.87
18VA18666_002;HL_02;44.27;-63.32;441737;10.45;07-feb-18;14:31:00;10.453;30.5627;1.1423;7.7894;8.142;0.26968;1;NaN;9;NaN;9;0.13;1;5.675;1;0.6995;1;6.64;1;0;8.11;0.85
18VA18666_002;HL_02;44.27;-63.32;441736;20.42;07-feb-18;14:32:00;20.422;30.5657;1.1876;7.7892;8.146;0.24516;1;NaN;9;NaN;9;0.13;1;5.67;1;0.697;1;6.56;1;0;8.13;0.86
18VA18666_002;HL_02;44.27;-63.32;441735;30.33;07-feb-18;14:32:00;30.331;30.5952;1.3875;7.7764;8.165;0.24107;1;NaN;9;NaN;9;0.125;1;5.44;1;0.685;1;6.22;1;0;7.94;0.87
18VA18666_002;HL_02;44.27;-63.32;441734;40.9;07-feb-18;14:32:00;40.908;30.7349;2.1536;7.6276;8.169;0.36891;1;30.77;1;7.791;1;0.12;1;4.92;1;0.652;1;5.31;1;0;7.55;0.93
18VA18666_002;HL_02;44.27;-63.32;441733;50.04;07-feb-18;14:33:00;50.046;31.1541;2.1706;7.1919;8.149;0.11892;1;NaN;9;NaN;9;0.01;1;6.375;1;0.775;1;7.055;1;0;8.23;0.90
18VA18666_002;HL_02;44.27;-63.32;441732;75.21;07-feb-18;14:34:00;75.215;31.5863;2.7948;6.7067;8.135;0.06553;1;NaN;9;NaN;9;0;1;6.89;1;0.826;1;7.645;1;0;8.34;0.90
18VA18666_002;HL_02;44.27;-63.32;441731;101.24;07-feb-18;14:35:00;101.243;32.3066;3.6238;5.9808;8.108;0.04854;1;NaN;9;NaN;9;0;1;8.685;1;0.9735;1;10.06;1;0;8.92;0.86
18VA18666_002;HL_02;44.27;-63.32;441730;141.08;07-feb-18;14:37:00;141.086;33.129;5.9657;5.1242;8.102;0.03155;1;33.098;1;5.3255;1;0;1;10.91;1;1.062;1;11.75;1;0;10.27;0.93
18VA18666_113;HL_02;44.2675;-63.3175;441749;1.95;23-feb-18;14:59:00;1.953;30.794;1.9643;7.8239;8.145;0.48434;1;30.803;1;7.9795;1;0.115;1;4.955;1;0.641;1;5.365;1;0;7.73;0.92
18VA18666_113;HL_02;44.2675;-63.3175;441748;5.14;23-feb-18;14:59:00;5.148;30.7945;1.9653;7.8267;8.153;0.54712;1;NaN;9;NaN;9;0.125;1;4.995;1;0.645;1;5.345;1;0;7.74;0.93
18VA18666_113;HL_02;44.2675;-63.3175;441747;10.86;23-feb-18;14:59:00;10.866;30.7923;1.9518;7.8085;8.157;0.53815;1;NaN;9;NaN;9;0.125;1;5.01;1;0.646;1;5.655;1;0;7.76;0.89
18VA18666_113;HL_02;44.2675;-63.3175;441746;20.66;23-feb-18;15:00:00;20.668;30.7947;1.9392;7.8004;8.168;0.53367;1;NaN;9;NaN;9;0.11;1;5.02;1;0.647;1;5.425;1;0;7.76;0.93
18VA18666_113;HL_02;44.2675;-63.3175;441745;30.65;23-feb-18;15:00:00;30.656;30.7951;1.9431;7.8141;8.18;0.4978;1;NaN;9;NaN;9;0.14;1;5.005;1;0.6345;1;5.31;1;0;7.89;0.94
18VA18666_113;HL_02;44.2675;-63.3175;441744;40.5;23-feb-18;15:01:00;40.508;30.8026;1.9747;7.8055;8.184;0.43501;1;31.123;7;7.659;1;0.12;1;4.835;1;0.613;1;4.875;1;256;7.89;0.99
18VA18666_113;HL_02;44.2675;-63.3175;441743;50.63;23-feb-18;15:01:00;50.632;31.6557;4.559;7.0474;8.198;0.31841;1;NaN;9;NaN;9;0.085;1;4.78;1;0.583;1;4.355;1;0;8.20;1.10
18VA18666_113;HL_02;44.2675;-63.3175;441742;75.63;23-feb-18;15:02:00;75.636;32.493;4.3473;5.9449;8.122;0.05846;1;NaN;9;NaN;9;0.025;1;9.43;1;0.9815;1;10.165;1;0;9.61;0.93
18VA18666_113;HL_02;44.2675;-63.3175;441741;100.73;23-feb-18;15:03:00;100.731;32.6261;4.2499;5.7076;8.098;0.04149;1;NaN;9;NaN;9;0.02;1;10.145;1;1.0265;1;10.77;1;0;9.88;0.94
18VA18666_113;HL_02;44.2675;-63.3175;441740;141.21;23-feb-18;15:05:00;141.212;33.2164;6.3243;5.0441;8.107;0.02263;1;33.223;1;5.2995;1;0.035;1;11.33;1;1.0325;1;11.145;1;0;10.97;1.02
18VA18666_264;HL_02;44.27;-63.3217;358482;1.3;03-apr-18;13:28:00;1.301;31.3035;2.4043;8.1499;7.637;3.84759;1;31.3;1;8.3775;1;0.045;1;0.41;1;0.2675;1;0.96;1;0;1.53;0.43
18VA18666_264;HL_02;44.27;-63.3217;358481;5.35;03-apr-18;13:28:00;5.354;31.3142;2.3113;8.1729;7.68;4.11294;1;NaN;9;NaN;9;0.045;1;0.445;1;0.286;1;1.035;1;0;1.56;0.43
18VA18666_264;HL_02;44.27;-63.3217;358480;10.41;03-apr-18;13:28:00;10.416;31.3311;2.3123;8.1356;7.883;4.28984;1;NaN;9;NaN;9;0.045;1;0.51;1;0.304;1;1.005;1;0;1.68;0.51
18VA18666_264;HL_02;44.27;-63.3217;358479;20.46;03-apr-18;13:28:00;20.466;31.3389;2.3264;8.115;7.996;4.24561;1;NaN;9;NaN;9;0.05;1;0.53;1;0.314;1;1.065;1;0;1.69;0.50
18VA18666_264;HL_02;44.27;-63.3217;358478;30.76;03-apr-18;13:29:00;30.764;31.3701;2.3293;8.0873;8.007;4.20139;1;NaN;9;NaN;9;0.05;1;0.625;1;0.32;1;1.155;1;0;1.95;0.54
18VA18666_264;HL_02;44.27;-63.3217;358477;40.57;03-apr-18;13:29:00;40.573;31.3999;2.3157;8.0569;8.007;4.11294;1;31.409;1;8.218;1;0.055;1;0.73;1;0.342;1;1.245;1;0;2.13;0.59
18VA18666_264;HL_02;44.27;-63.3217;358476;50.71;03-apr-18;13:30:00;50.719;31.4711;2.3975;7.9628;8.001;4.11294;1;NaN;9;NaN;9;0.06;1;0.925;1;0.3555;1;1.425;1;0;2.60;0.65
18VA18666_264;HL_02;44.27;-63.3217;358475;75.54;03-apr-18;13:31:00;75.544;32.3772;4.7275;7.2588;8.017;0.79675;1;NaN;9;NaN;9;0.09;1;0.93;1;0.312;1;1.175;1;0;2.98;0.79
18VA18666_264;HL_02;44.27;-63.3217;358474;101.06;03-apr-18;13:32:00;101.06;32.5938;5.1804;7.0823;8.027;1.47226;1;NaN;9;NaN;9;0.1;1;1.48;1;0.345;2;1.905;1;2048;4.29;0.78
18VA18666_264;HL_02;44.27;-63.3217;358473;141.19;03-apr-18;13:34:00;141.198;34.2886;9.1479;4.0308;7.884;0.07732;1;34.24;1;4.3075;1;0.085;1;14.595;1;1.039;1;12.545;1;0;14.05;1.16
18VA18666_284;HL_02;44.27;-63.32;358492;1.65;01-may-18;13:29:00;1.657;31.0145;3.5476;7.703;7.987;0.17894;1;31.014;1;7.9225;1;0.025;1;0.225;1;0.2975;1;0.14;1;0;0.76;1.61
18VA18666_284;HL_02;44.27;-63.32;358491;6.03;01-may-18;13:30:00;6.035;31.0088;3.5003;7.7331;7.99;0.19326;1;NaN;9;NaN;9;0.02;1;0;1;0.2935;1;0.115;1;0;0.00;0.00
18VA18666_284;HL_02;44.27;-63.32;358490;10.88;01-may-18;13:30:00;10.88;31.0833;3.2107;7.788;7.992;0.1849;1;NaN;9;NaN;9;0.01;1;0;1;0.282;1;0.085;1;0;0.00;0.00
18VA18666_284;HL_02;44.27;-63.32;358489;20.54;01-may-18;13:30:00;20.547;31.119;2.7396;7.877;7.992;0.08708;1;NaN;9;NaN;9;0.03;1;0;1;0.309;1;0.24;1;0;0.00;0.00
18VA18666_284;HL_02;44.27;-63.32;358488;30.92;01-may-18;13:30:00;30.92;31.2428;2.1023;7.8638;7.983;0.05726;1;NaN;9;NaN;9;0.035;1;0.695;1;0.391;1;0.32;1;0;1.78;2.17
18VA18666_284;HL_02;44.27;-63.32;358487;40.55;01-may-18;13:31:00;40.55;31.3065;1.9449;7.7809;7.975;0.0664;1;31.318;1;7.8585;1;0.06;1;1.445;1;0.4735;1;0.67;1;0;3.05;2.16
18VA18666_284;HL_02;44.27;-63.32;358486;51.25;01-may-18;13:31:00;51.256;31.4484;2.0236;7.4576;7.954;0.10624;1;NaN;9;NaN;9;0.085;1;2.46;1;0.6165;1;1.09;1;0;3.99;2.26
18VA18666_284;HL_02;44.27;-63.32;358485;76.06;01-may-18;13:32:00;76.068;31.694;2.1648;7.247;7.919;0.08964;1;NaN;9;NaN;9;0.105;1;3.475;1;0.676;1;2.55;1;0;5.14;1.36
18VA18666_284;HL_02;44.27;-63.32;358484;100.83;01-may-18;13:33:00;100.832;32.2125;2.9083;6.7784;7.887;0.09628;1;NaN;9;NaN;9;0.11;1;4.985;1;0.6855;1;3.395;1;0;7.27;1.47
18VA18666_284;HL_02;44.27;-63.32;358483;141.08;01-may-18;13:34:00;141.083;34.2156;9.0066;4.2351;7.845;0.05312;1;34.222;1;4.47;1;0.15;1;13.36;1;0.9355;1;11.93;1;0;14.28;1.12
18VA18666_304;HL_02;44.2675;-63.3175;446760;0.68;18-may-18;13:26:00;0.687;30.6543;6.7136;6.9438;8.019;0.28552;1;30.669;1;7.4715;1;0.01;1;0;1;0.236;1;0.27;1;0;0.00;0.00
18VA18666_304;HL_02;44.2675;-63.3175;446759;5.27;18-may-18;13:28:00;5.275;30.6594;6.6449;7.1674;8.005;0.30876;1;NaN;9;NaN;9;0.03;1;0;1;0.2305;1;0.28;1;0;0.00;0.00
18VA18666_304;HL_02;44.2675;-63.3175;446758;10.51;18-may-18;13:29:00;10.517;30.674;6.474;7.2345;8.006;0.39841;1;NaN;9;NaN;9;0;1;0;1;0.2225;2;0.23;1;2048;0.00;0.00
18VA18666_304;HL_02;44.2675;-63.3175;446757;20.68;18-may-18;13:29:00;20.683;31.0929;2.9994;7.8742;8.032;0.20252;1;NaN;9;NaN;9;0;1;0;1;0.2965;1;0.095;1;0;0.00;0.00
18VA18666_304;HL_02;44.2675;-63.3175;446756;30.57;18-may-18;13:30:00;30.577;31.2807;3.1728;7.8063;8.009;0.6878;1;NaN;9;NaN;9;0;1;0.28;1;0.332;1;0.165;1;0;0.84;1.70
18VA18666_304;HL_02;44.2675;-63.3175;446755;40.43;18-may-18;13:30:00;40.434;31.4534;2.7296;7.797;8.008;0.31541;1;31.3;1;8.063;1;0.03;1;1.35;1;0.459;1;0.67;1;0;2.94;2.01
18VA18666_304;HL_02;44.2675;-63.3175;446754;50.91;18-may-18;13:30:00;50.91;31.6063;1.808;7.3433;7.999;0.18592;1;NaN;9;NaN;9;0.05;1;2.295;1;0.5365;1;0.975;1;0;4.28;2.35
18VA18666_304;HL_02;44.2675;-63.3175;446753;76.35;18-may-18;13:31:00;76.353;32.1649;3.0063;6.8529;7.948;0.15389;1;NaN;9;NaN;9;0.1;1;4.51;1;0.6375;1;3.405;1;0;7.07;1.32
18VA18666_304;HL_02;44.2675;-63.3175;446752;100.87;18-may-18;13:32:00;100.87;32.7681;4.1125;6.13;7.919;0.03221;1;NaN;9;NaN;9;0.135;1;7.465;1;0.7605;1;4.27;1;0;9.82;1.75
18VA18666_304;HL_02;44.2675;-63.3175;446751;141.49;18-may-18;13:34:00;141.492;33.9518;7.8753;4.0962;7.849;0.04533;1;33.944;1;4.3145;1;0.11;1;11.34;1;0.921;1;11.27;1;0;12.31;1.01
18VA18666_315;HL_02;44.2675;-63.3175;446761;1.53;07-jun-18;14:03:00;1.538;30.8196;5.3206;7.3663;7.698;0.02263;1;33.41;7;5.1245;7;0.1;1;11.645;2;0.7845;1;11.275;2;2816;14.84;1.03
18VA18666_315;HL_02;44.2675;-63.3175;446762;5.44;07-jun-18;14:03:00;5.447;30.8618;5.1513;7.4742;7.75;0.01886;1;NaN;9;NaN;9;0.17;1;6.425;2;0.629;1;5.88;2;2560;10.21;1.09
18VA18666_315;HL_02;44.2675;-63.3175;446763;10.53;07-jun-18;14:03:00;10.537;30.8908;4.9505;7.4959;7.795;0.02452;1;NaN;9;NaN;9;0.09;1;3.125;1;0.64;1;1.785;1;0;4.88;1.75
18VA18666_315;HL_02;44.2675;-63.3175;446764;20.49;07-jun-18;14:04:00;20.496;31.1605;5.5641;7.3254;7.849;0.31392;1;NaN;9;NaN;9;0.025;1;0.745;1;0.401;1;0.38;1;0;1.86;1.96
18VA18666_315;HL_02;44.2675;-63.3175;446765;30.34;07-jun-18;14:04:00;30.34;31.2263;5.5748;7.2976;7.894;0.42155;1;31.544;7;7.5315;1;0;1;0.25;1;0.311;1;0.275;1;256;0.80;0.91
18VA18666_315;HL_02;44.2675;-63.3175;446766;41.07;07-jun-18;14:04:00;41.078;31.5252;6.4009;7.0866;7.906;0.57852;1;NaN;9;NaN;9;0.01;1;0.23;1;0.3105;1;0.15;2;2048;0.74;1.53
18VA18666_315;HL_02;44.2675;-63.3175;446767;50.73;07-jun-18;14:05:00;50.738;31.4634;4.4081;7.2933;7.943;0.55161;1;NaN;9;NaN;9;0.03;1;0.255;1;0.312;1;0.12;2;2048;0.82;2.13
18VA18666_315;HL_02;44.2675;-63.3175;446768;76.02;07-jun-18;14:05:00;76.029;31.4415;1.0247;7.6298;7.938;0.49331;1;NaN;9;NaN;9;0.015;1;0.18;1;0.3035;1;0.08;2;2048;0.59;2.25
18VA18666_315;HL_02;44.2675;-63.3175;446769;100.95;07-jun-18;14:06:00;100.959;31.8288;1.7151;6.8931;7.845;0.36774;1;NaN;9;NaN;9;0;1;0.2;2;0.3;2;0;2;2048;0.67;NaN
18VA18666_315;HL_02;44.2675;-63.3175;446770;141.08;07-jun-18;14:08:00;141.083;33.3306;6.1506;4.9457;7.773;0.33186;1;30.724;7;7.573;7;0.025;1;0;2;0.298;2;0;2;2304;0.00;NaN
18VA18666_326;HL_02;44.2708;-63.3188;446780;2.31;28-jun-18;15:29:00;2.311;30.6469;9.5086;6.5685;NaN;0.19732;1;30.651;1;7.298;1;0;1;0.04;1;0.3095;1;0.515;1;0;0.13;0.08
18VA18666_326;HL_02;44.2708;-63.3188;446779;4.38;28-jun-18;15:28:00;4.382;30.647;9.5055;6.537;NaN;0.21078;1;NaN;9;NaN;9;0;1;0.05;1;0.3115;1;0.515;1;0;0.16;0.10
18VA18666_326;HL_02;44.2708;-63.3188;446778;8.88;28-jun-18;15:27:00;8.884;30.6469;9.4766;6.5681;NaN;0.21078;1;NaN;9;NaN;9;0;1;0.015;1;0.303;1;0.48;1;0;0.05;0.03
18VA18666_326;HL_02;44.2708;-63.3188;446777;20.22;28-jun-18;15:27:00;20.22;30.6801;9.2162;6.6405;NaN;0.31841;1;NaN;9;NaN;9;0;1;0.04;1;0.3245;1;0.45;1;0;0.12;0.09
18VA18666_326;HL_02;44.2708;-63.3188;446776;29.97;28-jun-18;15:26:00;29.974;31.9966;7.8269;6.7988;NaN;0.5247;1;32.002;1;NaN;9;0;1;0.075;1;0.3525;1;0.745;1;0;0.21;0.10
18VA18666_326;HL_02;44.2708;-63.3188;446775;40.27;28-jun-18;15:25:00;40.271;31.6719;3.4459;6.9661;NaN;0.54712;1;NaN;9;7.2965;1;NaN;9;NaN;9;NaN;9;NaN;9;0;NaN;NaN
18VA18666_326;HL_02;44.2708;-63.3188;446774;49.74;28-jun-18;15:25:00;49.742;31.759;2.4332;6.8632;NaN;0.40361;1;NaN;9;NaN;9;0.18;1;3.605;1;0.73;1;3.345;1;0;4.94;1.08
18VA18666_326;HL_02;44.2708;-63.3188;446773;74.9;28-jun-18;15:24:00;74.901;32.3001;3.1359;6.1765;NaN;0.10938;1;NaN;9;NaN;9;0.185;1;6.895;1;0.8865;1;6.855;1;0;7.78;1.01
18VA18666_326;HL_02;44.2708;-63.3188;446772;101.29;28-jun-18;15:22:00;101.295;32.7924;4.4347;5.7911;NaN;0.10184;1;NaN;9;NaN;9;0.095;1;7.99;1;0.881;1;7.115;1;0;9.07;1.12
18VA18666_326;HL_02;44.2708;-63.3188;446771;155.59;28-jun-18;15:20:00;155.598;34.0125;8.0565;4.0032;NaN;0.0264;1;34.018;1;4.7375;1;0.02;1;13.835;1;1.1815;1;14.685;1;0;11.71;0.94
18VA18666_339;HL_02;44.2675;-63.3175;446790;1.34;28-aug-18;13:10:00;1.348;30.3299;20.6427;5.1914;7.477;0.21526;1;30.237;1;5.495;1;0.02;1;0.05;1;0.141;1;0.54;1;0;0.35;0.09
18VA18666_339;HL_02;44.2675;-63.3175;446789;5.45;28-aug-18;13:10:00;5.457;30.8354;20.9678;5.1627;7.519;0.27356;1;NaN;9;NaN;9;0.015;1;0.065;1;0.1295;1;0.525;1;0;0.50;0.12
18VA18666_339;HL_02;44.2675;-63.3175;446788;10.32;28-aug-18;13:10:00;10.32;31.1652;21.1203;5.1345;7.578;0.18387;1;NaN;9;NaN;9;0.01;1;0.065;1;0.13;1;0.43;1;0;0.50;0.15
18VA18666_339;HL_02;44.2675;-63.3175;446787;20.55;28-aug-18;13:11:00;20.552;31.9796;15.6251;6.7233;7.739;0.83139;1;NaN;9;NaN;9;0.015;1;0.08;1;0.177;1;0.5;1;0;0.45;0.16
18VA18666_339;HL_02;44.2675;-63.3175;446786;30.41;28-aug-18;13:11:00;30.417;32.2752;9.838;7.3302;7.876;1.03924;1;NaN;9;NaN;9;0.01;1;0.085;1;0.2845;2;0.56;1;2048;0.30;0.15
18VA18666_339;HL_02;44.2675;-63.3175;446785;40.77;28-aug-18;13:12:00;40.777;32.5844;7.8382;6.958;7.897;0.74479;1;32.582;1;7.0945;1;0.05;1;0.395;1;0.4125;1;1.425;1;0;0.96;0.28
18VA18666_339;HL_02;44.2675;-63.3175;446784;50.91;28-aug-18;13:12:00;50.911;32.5255;4.4141;6.3396;7.922;0.19802;1;NaN;9;NaN;9;0.07;1;5.93;1;0.7815;1;5.35;1;0;7.59;1.11
18VA18666_339;HL_02;44.2675;-63.3175;446783;75.53;28-aug-18;13:13:00;75.535;33.1696;6.2541;5.7744;7.803;0.09052;1;NaN;9;NaN;9;0.035;1;6.945;1;0.7725;1;5.21;1;0;8.99;1.33
18VA18666_339;HL_02;44.2675;-63.3175;446782;100.64;28-aug-18;13:14:00;100.647;33.969;8.1979;4.6266;7.758;0.02074;1;NaN;9;NaN;9;0.035;1;11.5;1;0.999;1;10.3;1;0;11.51;1.12
18VA18666_339;HL_02;44.2675;-63.3175;446781;141.49;28-aug-18;13:17:00;141.492;34.7451;10.23;3.5352;7.737;0.00754;1;34.704;1;3.779;1;0.04;1;15.725;1;1.227;1;16.44;1;0;12.82;0.96
18VA18666_003;HL_02;44.2675;-63.3175;446800;1.34;30-oct-18;14:17:00;1.34;30.2654;11.141;6.2038;6.927;0.93532;1;30.318;1;6.3505;1;0;1;0;1;0.232;1;0.475;1;0;0.00;0.00
18VA18666_003;HL_02;44.2675;-63.3175;446799;5.98;30-oct-18;14:17:00;5.989;30.2668;11.1401;6.2051;6.972;1.17781;1;NaN;9;NaN;9;0.05;1;0;1;0.2665;1;0.555;1;0;0.00;0.00
18VA18666_003;HL_02;44.2675;-63.3175;446798;10.59;30-oct-18;14:17:00;10.594;30.2685;11.1437;6.1971;7.026;0.83139;1;NaN;9;NaN;9;0.01;1;0;1;0.2605;1;0.495;1;0;0.00;0.00
18VA18666_003;HL_02;44.2675;-63.3175;446797;20.54;30-oct-18;14:18:00;20.542;31.6042;12.6789;5.866;7.097;0.4081;1;NaN;9;NaN;9;0;1;0;1;0.2175;1;0.595;1;0;0.00;0.00
18VA18666_003;HL_02;44.2675;-63.3175;446796;30.5;30-oct-18;14:18:00;30.505;31.8881;12.9065;5.7936;7.19;0.27356;1;NaN;9;NaN;9;0.065;1;0.175;1;0.252;1;0.91;1;0;0.69;0.19
18VA18666_003;HL_02;44.2675;-63.3175;446795;40.33;30-oct-18;14:18:00;40.333;31.8229;4.1706;6.4504;7.3;0.11693;1;31.708;1;6.6765;1;0.03;1;3.64;1;0.679;1;2.795;1;0;5.36;1.30
18VA18666_003;HL_02;44.2675;-63.3175;446794;50.76;30-oct-18;14:19:00;50.766;31.8266;3.8818;6.2623;7.321;0.0528;1;NaN;9;NaN;9;0;1;6.895;1;0.909;1;6.835;1;0;7.59;1.01
18VA18666_003;HL_02;44.2675;-63.3175;446793;75.1;30-oct-18;14:20:00;75.107;31.9967;3.5385;6.2429;7.343;0.04149;1;NaN;9;NaN;9;0.01;1;7.725;1;0.9745;1;7.36;1;0;7.93;1.05
18VA18666_003;HL_02;44.2675;-63.3175;446792;100.95;30-oct-18;14:21:00;100.954;32.3274;3.5141;6.0695;7.366;0.05092;1;NaN;9;NaN;9;0;1;8.205;1;0.991;1;7.945;1;0;8.28;1.03
18VA18666_003;HL_02;44.2675;-63.3175;446791;141.06;30-oct-18;14:22:00;141.066;32.5362;3.8614;5.8078;7.407;0.0264;1;32.505;1;6.076;1;0.01;1;10.325;1;1.1615;1;10.85;1;0;8.89;0.95
18VA18666_014;HL_02;44.2675;-63.3175;446810;1.73;19-nov-18;14:50:00;1.738;30.26;6.7954;6.7296;8.005;0.57403;1;30.268;1;6.9085;1;0.13;1;2.175;1;0.415;1;2.61;1;0;5.24;0.83
18VA18666_014;HL_02;44.2675;-63.3175;446809;5.71;19-nov-18;14:50:00;5.719;30.2655;6.7933;6.7367;8.004;0.56506;1;NaN;9;NaN;9;0.125;1;2.075;1;0.403;1;2.605;1;0;5.15;0.80
18VA18666_014;HL_02;44.2675;-63.3175;446808;10.83;19-nov-18;14:51:00;10.834;30.26;6.7949;6.7392;8.013;0.53816;1;NaN;9;NaN;9;0.13;1;2.11;1;0.408;1;2.63;1;0;5.17;0.80
18VA18666_014;HL_02;44.2675;-63.3175;446807;20.85;19-nov-18;14:51:00;20.858;30.2616;6.7921;6.7247;8.018;0.40361;1;NaN;9;NaN;9;0.11;1;2.395;1;0.434;1;2.775;1;0;5.52;0.86
18VA18666_014;HL_02;44.2675;-63.3175;446806;30.72;19-nov-18;14:51:00;30.726;30.5391;6.4764;6.7037;8.018;0.35877;1;NaN;9;NaN;9;0.095;1;2.58;1;0.462;1;2.755;1;0;5.58;0.94
18VA18666_014;HL_02;44.2675;-63.3175;446805;40.65;19-nov-18;14:52:00;40.656;30.8729;5.9548;6.7256;8.002;0.41258;1;30.774;1;6.843;1;0.09;1;3.195;1;0.5015;1;3.315;1;0;6.37;0.96
18VA18666_014;HL_02;44.2675;-63.3175;446804;50.46;19-nov-18;14:52:00;50.468;31.6042;4.4677;6.462;7.945;0.15653;1;NaN;9;NaN;9;0.075;1;6.005;1;0.7425;1;6.12;1;0;8.09;0.98
18VA18666_014;HL_02;44.2675;-63.3175;446803;75.69;19-nov-18;14:53:00;75.695;31.7471;4.1174;6.3542;7.918;0.11881;1;NaN;9;NaN;9;0.05;1;6.66;1;0.8175;1;6.835;1;0;8.15;0.97
18VA18666_014;HL_02;44.2675;-63.3175;446802;100.92;19-nov-18;14:54:00;100.92;31.7936;3.9787;6.2508;7.912;0.07732;1;NaN;9;NaN;9;0.03;1;6.74;1;0.7995;1;6.865;1;0;8.43;0.98
18VA18666_014;HL_02;44.2675;-63.3175;446801;140.7;19-nov-18;14:56:00;140.709;32.2035;3.6432;6.0816;7.912;0.06412;1;32.133;1;6.2865;1;0.03;1;7.735;1;0.8685;1;7.995;1;0;8.91;0.97
18VA18666_025;HL_02;44.2675;-63.3175;446820;2.07;06-dec-18;14:57:00;2.072;30.3775;4.8672;6.976;8.145;0.21311;1;30.39;1;6.959;1;0.165;1;3.785;1;0.594;1;4.48;1;0;6.37;0.84
18VA18666_025;HL_02;44.2675;-63.3175;446819;5.7;06-dec-18;14:57:00;5.704;30.3773;4.8685;7.0007;8.145;0.18293;1;NaN;9;NaN;9;0.16;1;3.66;1;0.5655;1;4.355;1;0;6.47;0.84
18VA18666_025;HL_02;44.2675;-63.3175;446818;10.33;06-dec-18;14:57:00;10.334;30.3773;4.8707;7.0003;8.146;0.26403;1;NaN;9;NaN;9;0.15;1;3.63;1;0.562;1;4.255;1;0;6.46;0.85
18VA18666_025;HL_02;44.2675;-63.3175;446817;20.37;06-dec-18;14:57:00;20.375;30.399;4.8687;6.9722;8.143;0.20368;1;NaN;9;NaN;9;0.155;1;3.705;1;0.5825;1;4.305;1;0;6.36;0.86
18VA18666_025;HL_02;44.2675;-63.3175;446816;30.76;06-dec-18;14:58:00;30.767;30.419;4.8378;7.0045;8.137;0.15653;1;NaN;9;NaN;9;0.15;1;3.685;1;0.5655;1;4.445;1;0;6.52;0.83
18VA18666_025;HL_02;44.2675;-63.3175;446815;40.75;06-dec-18;14:58:00;40.753;30.4512;4.9351;6.9999;8.144;0.14145;1;30.447;1;7.147;1;0.155;1;3.83;1;0.614;1;4.46;1;0;6.24;0.86
18VA18666_025;HL_02;44.2675;-63.3175;446814;50.49;06-dec-18;14:58:00;50.492;30.4739;4.9363;6.9956;8.153;0.11881;1;NaN;9;NaN;9;0.165;1;3.94;1;0.6165;1;4.58;1;0;6.39;0.86
18VA18666_025;HL_02;44.2675;-63.3175;446813;76.17;06-dec-18;14:59:00;76.171;30.9476;4.7208;6.8349;8.121;0.07921;1;NaN;9;NaN;9;0.135;1;4.745;1;0.635;1;4.995;1;0;7.47;0.95
18VA18666_025;HL_02;44.2675;-63.3175;446812;100.9;06-dec-18;15:00:00;100.907;32.3931;4.9642;5.8161;8.053;0.04526;1;NaN;9;NaN;9;0.06;1;8.885;1;0.8775;1;8.55;1;0;10.13;1.04
18VA18666_025;HL_02;44.2675;-63.3175;446811;141.26;06-dec-18;15:02:00;141.264;33.5381;7.0263;4.9077;8.063;0.01508;1;33.565;1;5.059;1;0.02;1;11.665;1;0.994;1;10.85;1;0;11.74;1.08
18VA18666_036;HL_02;44.2675;-63.3175;446830;2.01;21-dec-18;14:07:00;2.013;30.6041;3.1678;7.3743;8.11;0.31841;1;30.622;1;7.502;1;0.15;1;4.035;1;0.6105;1;5.175;1;0;6.61;0.78
18VA18666_036;HL_02;44.2675;-63.3175;446829;5.35;21-dec-18;14:07:00;5.358;30.6059;3.1614;7.3739;8.11;0.2678;1;NaN;9;NaN;9;0.145;1;3.99;1;0.6065;1;5.075;1;0;6.58;0.79
18VA18666_036;HL_02;44.2675;-63.3175;446828;10.36;21-dec-18;14:08:00;10.369;30.6065;3.1563;7.3781;8.11;0.28143;1;NaN;9;NaN;9;0.15;1;4.01;1;0.608;1;5.085;1;0;6.60;0.79
18VA18666_036;HL_02;44.2675;-63.3175;446827;20.29;21-dec-18;14:08:00;20.298;30.6066;3.1549;7.354;8.108;0.27158;1;NaN;9;NaN;9;0.16;1;4.025;1;0.6195;1;5.085;1;0;6.50;0.79
18VA18666_036;HL_02;44.2675;-63.3175;446826;30.58;21-dec-18;14:08:00;30.587;30.6069;3.1566;7.3697;8.109;0.25837;1;NaN;9;NaN;9;0.15;1;4.01;1;0.611;1;5.095;1;0;6.56;0.79
18VA18666_036;HL_02;44.2675;-63.3175;446825;40.46;21-dec-18;14:09:00;40.464;30.6155;3.1719;7.3683;8.108;0.19425;1;30.629;1;7.4765;1;0.15;1;4.02;1;0.607;1;5.095;1;0;6.62;0.79
18VA18666_036;HL_02;44.2675;-63.3175;446824;50.87;21-dec-18;14:09:00;50.874;30.903;3.6804;7.2375;8.097;0.1471;1;NaN;9;NaN;9;0.16;1;4.495;1;0.622;1;4.9;1;0;7.23;0.92
18VA18666_036;HL_02;44.2675;-63.3175;446823;75.74;21-dec-18;14:10:00;75.746;31.4021;4.2478;6.7233;8.072;0.06035;1;NaN;9;NaN;9;0.06;1;5.265;1;0.663;1;5.315;1;0;7.94;0.99
18VA18666_036;HL_02;44.2675;-63.3175;446822;101.04;21-dec-18;14:11:00;101.042;31.7397;4.3247;6.4977;8.06;0.07544;1;NaN;9;NaN;9;0.03;1;5.63;2;0.6935;2;5.62;2;2048;8.12;1.00
18VA18666_036;HL_02;44.2675;-63.3175;446821;141.22;21-dec-18;14:12:00;141.228;33.0265;5.698;5.3754;8.016;0.02452;1;33.309;7;5.2625;1;0.03;1;10.52;1;0.968;1;10.74;1;256;10.87;0.98
