CTD;CTD;CTD;CTD;CTD;CTD;CTD;CTD;CTD;CTD;CTD;labo;labo;labo;CTD;labo;labo;labo;labo;labo;labo;labo;labo;labo;calc;calc
Fichier;Station;Latitude;Longitude;Echantillon;zbouteille;Date;Heure;PSAL;TE90;DOXY;OXYM_01;CHL_01;CHL_03;FLOR;NO2_01;Q_NO2;NOx_01;Q_NOX;PO4_01;Q_PO4;Si_01;Q_Si;QCFF;N_P;N_Si
(nom);(nom/no);(degres);(degres);(no_unique);(dbar);(jj-mmm-yyyy);(GMT);(psu);(celsius);(ml/l);(mmol/m**3);(mg/m**3);(mg/m**3);(mg/m**3);(mmol/m**3);((none));(mmol/m**3);((none));(mmol/m**3);((none));(mmol/m**3);((none));((none));((none));((none))
18HU99053_551;11;46.8835;-60.14983;226408;2.98;04-dec-99;11:57:00;30.48;5.29;NaN;320.70346;0.47;0.39;1.33;0.35;1;5.96;1;0.82;1;5.98;1;6;7.27;1.00
18HU99053_551;11;46.8835;-60.14983;226407;5.16;04-dec-99;11:57:00;30.48;5.29;302.39286;322.75782;0.49;0.4;1.179;0.27;1;4.93;1;0.8;1;5.08;1;6;6.16;0.97
18HU99053_551;11;46.8835;-60.14983;226406;14.78;04-dec-99;11:57:00;30.48;5.29;303.42004;323.02578;0.42;0.36;1.998;0.26;1;4.69;1;0.77;1;4.72;1;6;6.09;0.99
18HU99053_551;11;46.8835;-60.14983;226405;24.69;04-dec-99;11:57:00;30.48;5.3;304.22392;322.8918;0.57;0.5;1.388;0.34;1;5.36;1;0.87;1;5.64;1;6;6.16;0.95
18HU99053_551;11;46.8835;-60.14983;226404;49.78;04-dec-99;11:57:00;31.13;4.54;295.8725;316.05882;0.28;0.26;1.375;0.24;1;4.73;1;0.79;1;5.45;1;6;5.99;0.87
18HU99053_551;11;46.8835;-60.14983;226403;98.55;04-dec-99;11:57:00;32.62;2.99;272.15804;283.45702;0.03;0.05;0.832;0.15;1;11.39;1;1.19;1;8.21;1;6;9.57;1.39
18HU99053_551;11;46.8835;-60.14983;226402;149.5;04-dec-99;11:57:00;33.88;4.38;234.10772;202.60753;0.03;0.05;0.769;0.15;1;16.58;1;1.3;1;15.4;1;6;12.75;1.08
18HU99053_552;21;46.9835;-60.03367;226415;3.17;04-dec-99;13:17:00;30.53;5.23;291.09388;318.55978;0.55;0.46;1.675;0.23;1;4.3;1;0.75;1;6.01;1;6;5.73;0.72
18HU99053_552;21;46.9835;-60.03367;226414;4.76;04-dec-99;13:17:00;30.53;5.23;291.1832;321.81996;0.46;0.38;1.82;0.24;1;4.22;1;0.88;1;5.89;1;6;4.80;0.72
18HU99053_552;21;46.9835;-60.03367;226413;15.17;04-dec-99;13:17:00;30.53;5.23;292.0764;343.56938;0.39;0.39;1.493;0.27;1;4.91;1;0.62;1;5.41;1;6;7.92;0.91
18HU99053_552;21;46.9835;-60.03367;226412;24.89;04-dec-99;13:17:00;30.53;5.23;291.13854;323.87432;0.32;0.37;1.343;0.27;1;5.06;1;0.71;1;5.73;1;6;7.13;0.88
18HU99053_552;21;46.9835;-60.03367;226411;49.88;04-dec-99;13:17:00;31.73;3.96;273.36386;324.72286;0.16;0.18;0.864;0.23;1;7.43;1;0.83;1;7.79;1;6;8.95;0.95
18HU99053_552;21;46.9835;-60.03367;226410;98.95;04-dec-99;13:17:00;32.94;3.03;255.05326;256.25908;0.06;0.09;0.533;0.11;1;14.25;1;1.17;1;11.95;1;6;12.18;1.19
18HU99053_552;21;46.9835;-60.03367;226409;149.49;04-dec-99;13:17:00;33.74;4.06;232.9019;253.40084;0.02;0.03;0.471;0.15;1;17.59;1;1.31;1;15.39;1;6;13.43;1.14
18HU99053_553;31;47.083;-59.91583;226426;2.08;04-dec-99;14:54:00;31.05;4.33;302.66082;331.10924;0.52;0.45;1.726;0.26;1;4.42;1;0.71;1;5.36;1;6;6.23;0.82
18HU99053_553;31;47.083;-59.91583;226425;5.55;04-dec-99;14:54:00;31.05;4.33;303.10742;330.17138;0.58;0.5;1.794;0.26;1;4.43;1;0.71;1;5.27;1;6;6.24;0.84
18HU99053_553;31;47.083;-59.91583;226424;14.78;04-dec-99;14:54:00;31.06;4.32;302.88412;331.28788;0.51;0.44;1.698;0.25;1;4.3;1;0.67;1;5.49;1;6;6.42;0.78
18HU99053_553;31;47.083;-59.91583;226423;49.38;04-dec-99;14:54:00;31.79;4.58;306.63556;342.7655;0.53;0.48;1.517;0.23;1;2.96;1;0.63;1;3.39;1;6;4.70;0.87
18HU99053_553;31;47.083;-59.91583;226422;97.96;04-dec-99;14:54:00;32.83;1.55;278.32112;298.50744;0.03;0.04;0.368;0.06;1;9.9;1;1.1;1;8.46;1;6;9.00;1.17
18HU99053_553;31;47.083;-59.91583;226421;148.01;04-dec-99;14:54:00;33.42;2.95;263.31536;254.07074;0.01;0.03;0.36;0.06;1;14.04;1;1.22;1;12.35;1;6;11.51;1.14
18HU99053_553;31;47.083;-59.91583;226420;198.14;04-dec-99;14:54:00;34.19;5.5;227.94464;261.97556;0.01;0.02;0.332;0.07;1;19.58;1;1.51;1;16.94;1;6;12.97;1.16
18HU99053_553;31;47.083;-59.91583;226419;247.97;04-dec-99;14:54:00;34.52;5.81;192.79722;155.77408;0;0.01;0.63;0.1;1;22.45;1;1.59;1;18.01;1;6;14.12;1.25
18HU99053_553;31;47.083;-59.91583;226418;297.98;04-dec-99;14:54:00;34.64;5.56;177.12156;179.80116;0;0.01;0.484;0.06;1;23.85;1;1.79;1;28.03;1;6;13.32;0.85
18HU99053_553;31;47.083;-59.91583;226417;347.39;04-dec-99;14:54:00;34.73;5.36;169.39538;215.21654;0.01;0.01;0.453;0.05;1;24.01;1;1.82;1;30.21;1;6;13.19;0.79
18HU99053_553;31;47.083;-59.91583;226416;370.76;04-dec-99;14:54:00;34.76;5.23;166.62646;164.08084;0.01;0.01;0.392;0.07;1;23.42;1;1.74;1;32.64;1;6;13.46;0.72
18HU99053_554;41;47.18183;-59.80033;226439;3.37;04-dec-99;16:20:00;30.95;4.59;316.68406;330.52866;1.04;0.87;2.288;0.2;1;3.6;1;0.47;1;4.46;1;6;7.66;0.81
18HU99053_554;41;47.18183;-59.80033;226438;5.06;04-dec-99;16:20:00;30.95;4.59;316.77338;330.08206;0.93;0.73;2.727;0.16;1;2.97;1;0.56;1;5.39;1;6;5.30;0.55
18HU99053_554;41;47.18183;-59.80033;226437;15.07;04-dec-99;16:20:00;30.99;4.59;316.14814;329.90342;0.59;0.63;2.376;0.2;1;3.3;1;0.56;1;4.5;1;6;5.89;0.73
18HU99053_554;41;47.18183;-59.80033;226436;25.19;04-dec-99;16:20:00;32;4.69;314.67436;325.52674;0.37;0.4;1.776;0.22;1;2.61;1;0.53;1;3.17;1;6;4.92;0.82
18HU99053_554;41;47.18183;-59.80033;226435;49.28;04-dec-99;16:20:00;32.05;4.69;313.0666;324.18694;0.39;0.44;1.575;0.24;1;2.91;1;0.54;1;3.09;1;6;5.39;0.94
18HU99053_554;41;47.18183;-59.80033;226434;99.74;04-dec-99;16:20:00;32.92;1.56;288.54826;299.31132;0.03;0.04;0.691;0.06;1;9.77;1;1.03;1;7.9;1;6;9.49;1.24
18HU99053_554;41;47.18183;-59.80033;226433;148.7;04-dec-99;16:20:00;33.51;3.15;270.37164;NaN;NaN;0.02;0.676;0.06;1;14.15;1;1.17;1;10.6;1;0;12.09;1.33
18HU99053_554;41;47.18183;-59.80033;226432;198.74;04-dec-99;16:20:00;34.3;5.9;230.80288;192.08266;0.01;0.03;0.645;0.06;1;19.62;1;1.43;1;15.8;1;6;13.72;1.24
18HU99053_554;41;47.18183;-59.80033;226431;247.08;04-dec-99;16:20:00;34.61;6.35;201.46126;167.38568;0.01;0.01;0.589;0.05;1;21.96;1;1.48;1;17.24;1;6;14.84;1.27
18HU99053_554;41;47.18183;-59.80033;226430;297.69;04-dec-99;16:20:00;34.69;5.74;182.57008;163.009;0;0.01;0.522;0.04;1;14.98;1;1.32;1;12.73;1;6;11.35;1.18
18HU99053_554;41;47.18183;-59.80033;226429;347.59;04-dec-99;16:20:00;34.74;5.29;168.94878;150.5042;0;0.01;0.586;0.05;1;19.72;1;1.54;1;18.53;1;6;12.81;1.06
18HU99053_554;41;47.18183;-59.80033;226428;396.09;04-dec-99;16:20:00;34.79;5.14;168.32354;161.4459;0;0.01;0.554;0.07;1;23.96;1;1.66;1;34.23;1;6;14.43;0.70
18HU99053_555;51;47.279;-59.6815;226452;2.48;04-dec-99;18:28:00;31.49;4.55;313.82582;325.52674;0.43;0.37;2.161;0.25;1;4.18;1;0.67;1;3.96;1;6;6.24;1.06
18HU99053_555;51;47.279;-59.6815;226451;5.35;04-dec-99;18:28:00;31.48;4.56;313.9598;327.49178;0.51;0.45;2.113;0.21;1;3.1;1;0.44;1;3.99;1;6;7.05;0.78
18HU99053_555;51;47.279;-59.6815;226450;15.07;04-dec-99;18:28:00;31.55;4.51;313.55786;324.72286;0.47;0.47;1.853;0.19;1;3.46;1;0.51;1;4.66;1;6;6.78;0.74
18HU99053_555;51;47.279;-59.6815;226449;24.99;04-dec-99;18:28:00;31.65;4.44;311.36952;321.23938;0.45;0.47;1.804;0.24;1;4.61;1;0.64;1;4.64;1;6;7.20;0.99
18HU99053_555;51;47.279;-59.6815;226448;50.07;04-dec-99;18:28:00;32.27;3.14;289.88806;296.89968;0.06;0.07;0.829;0.07;1;8.61;1;0.86;1;7.14;1;6;10.01;1.21
18HU99053_555;51;47.279;-59.6815;226447;100.73;04-dec-99;18:28:00;33.02;1.91;277.5619;272.69396;0.02;0.03;0.752;0.04;1;8.6;1;0.91;1;7.21;1;6;9.45;1.19
18HU99053_555;51;47.279;-59.6815;226446;149.59;04-dec-99;18:28:00;33.65;3.81;260.01052;229.7757;0.01;0.01;0.257;0.06;1;12.82;1;1.02;1;12.72;1;6;12.57;1.01
18HU99053_555;51;47.279;-59.6815;226445;198.64;04-dec-99;18:28:00;34.37;6.13;227.58736;191.3681;0.01;0.01;0.666;0.04;1;13;1;1.04;1;12.25;1;6;12.50;1.06
18HU99053_555;51;47.279;-59.6815;226444;247.47;04-dec-99;18:28:00;34.64;6.45;199.00496;172.52158;0.07;0.07;0.162;0.06;1;22.08;1;1.46;1;13.5;1;6;15.12;1.64
18HU99053_555;51;47.279;-59.6815;226443;296.89;04-dec-99;18:28:00;34.71;5.88;184.80308;211.80005;0;0;0.221;0.06;1;24.13;2;1.65;1;20.15;1;2054;14.62;1.20
18HU99053_555;51;47.279;-59.6815;226442;347.58;04-dec-99;18:28:00;34.76;5.31;178.37204;158.63232;0;0;0.744;0.07;1;22.56;1;1.44;1;25.39;1;6;15.67;0.89
18HU99053_555;51;47.279;-59.6815;226441;396.19;04-dec-99;18:28:00;34.81;5.07;176.13904;168.54684;0;0.01;0.552;0.05;1;22.52;1;1.62;1;33.17;1;6;13.90;0.68
18HU99053_555;51;47.279;-59.6815;226440;446.86;04-dec-99;18:28:00;34.83;4.96;179.48854;176.407;0;0.01;0.625;0.05;1;19.88;1;1.51;1;32.67;1;6;13.17;0.61
18HU99053_556;61;47.38567;-59.55833;226465;2.78;04-dec-99;20:54:00;32.06;4.86;305.74236;325.43742;0.54;0.5;2.195;0.07;1;20.47;2;1.37;1;16.54;2;2566;14.94;1.24
18HU99053_556;61;47.38567;-59.55833;226464;5.65;04-dec-99;20:54:00;32.06;4.86;306.1443;325.48208;0.51;0.44;2.309;0.2;1;2.46;7;0.42;1;2.59;1;518;5.86;0.95
18HU99053_556;61;47.38567;-59.55833;226463;15.57;04-dec-99;20:54:00;32.06;4.86;306.99284;325.61606;0.53;0.46;2.235;0.2;1;2.46;1;0.5;1;3.03;1;6;4.92;0.81
18HU99053_556;61;47.38567;-59.55833;226462;25.68;04-dec-99;20:54:00;32.06;4.87;308.06468;325.25878;0.53;0.51;2.131;0.2;1;2.22;1;0.43;1;2.85;1;6;5.16;0.78
18HU99053_556;61;47.38567;-59.55833;226461;50.07;04-dec-99;20:54:00;32.28;4.03;295.06862;317.3093;0.27;0.32;1.2;0.17;1;2.99;1;0.56;1;4.14;1;6;5.34;0.72
18HU99053_556;61;47.38567;-59.55833;226460;100.13;04-dec-99;20:54:00;32.77;1.73;290.24534;310.6103;0.04;0.07;0.717;0.08;1;7;1;0.82;1;4.84;1;6;8.54;1.45
18HU99053_556;61;47.38567;-59.55833;226459;148.1;04-dec-99;20:54:00;33.12;1.11;286.9405;290.0667;0.01;0.03;0.721;0.05;1;11.69;1;1.08;1;9.04;1;6;10.82;1.29
18HU99053_556;61;47.38567;-59.55833;226458;199.03;04-dec-99;20:54:00;34.32;6.05;236.07276;191.01082;0.01;0.02;0.45;0.06;1;19.34;1;1.25;1;10.65;1;6;15.47;1.82
18HU99053_556;61;47.38567;-59.55833;226457;249.25;04-dec-99;20:54:00;34.59;6.4;200.0768;168.45752;0;0.01;0.324;0.07;1;16.95;1;1.12;1;15.82;1;6;15.13;1.07
18HU99053_556;61;47.38567;-59.55833;226456;295.7;04-dec-99;20:54:00;34.71;6.04;190.38558;171.76236;0;0.01;0.36;0.06;1;23.35;1;1.27;1;17.87;1;6;18.39;1.31
18HU99053_556;61;47.38567;-59.55833;226455;347.98;04-dec-99;20:54:00;34.76;5.47;181.72154;170.06528;0;0.01;0.657;0.07;1;22.15;1;1.41;1;20.52;1;6;15.71;1.08
18HU99053_556;61;47.38567;-59.55833;226454;396.98;04-dec-99;20:54:00;34.81;5.09;179.04194;171.941;0;0.01;0.212;0.08;1;19.54;1;1.6;1;25.32;1;6;12.21;0.77
18HU99053_556;61;47.38567;-59.55833;226453;444.58;04-dec-99;20:54:00;34.83;4.95;181.63222;178.23806;0.01;0.01;0.111;0.09;1;22.07;1;1.52;1;28.71;1;6;14.52;0.77
18HU99053_557;71;47.48433;-59.4525;226478;1.98;04-dec-99;22:19:00;31.96;4.83;302.1249;330.9306;0.76;0.72;2.071;0.13;1;1.45;1;0.23;1;2.51;1;6;6.30;0.58
18HU99053_557;71;47.48433;-59.4525;226477;5.55;04-dec-99;22:19:00;31.97;4.84;302.88412;NaN;0.9;0.77;2.048;0.14;1;1.38;1;0.35;1;2.5;1;0;3.94;0.55
18HU99053_557;71;47.48433;-59.4525;226476;15.47;04-dec-99;22:19:00;31.97;4.84;304.44722;326.50926;0.79;0.64;2.496;0.19;1;2.04;1;0.37;1;2.24;1;6;5.51;0.91
18HU99053_557;71;47.48433;-59.4525;226475;25.29;04-dec-99;22:19:00;32.03;4.99;305.0278;323.29374;0.63;0.53;1.729;0.1;1;1.23;1;0.36;1;2.03;1;6;3.42;0.61
18HU99053_557;71;47.48433;-59.4525;226474;50.07;04-dec-99;22:19:00;32.14;4.91;305.87634;320.79278;0.53;0.46;1.228;0.11;1;1.48;1;0.35;1;2.22;1;6;4.23;0.67
18HU99053_557;71;47.48433;-59.4525;226473;99.84;04-dec-99;22:19:00;32.79;2.1;288.01234;305.42974;0.04;0.06;0.36;0.12;1;5.43;1;0.6;1;6.18;1;6;9.05;0.88
18HU99053_557;71;47.48433;-59.4525;226472;147.7;04-dec-99;22:19:00;33.19;1.65;285.69002;287.65506;0.01;0.02;0.321;0.07;1;9.56;1;0.9;1;6.91;1;6;10.62;1.38
18HU99053_557;71;47.48433;-59.4525;226471;199.32;04-dec-99;22:19:00;33.81;4.3;259.51926;231.47278;0.01;0.02;0.675;0.06;1;11.61;1;0.92;1;9.24;1;6;12.62;1.26
18HU99053_557;71;47.48433;-59.4525;226470;247.37;04-dec-99;22:19:00;34.49;6.43;217.80682;181.85552;0.01;0.02;0.328;0.03;1;10.88;1;0.96;1;11.68;1;6;11.33;0.93
18HU99053_557;71;47.48433;-59.4525;226469;297.78;04-dec-99;22:19:00;34.72;6.21;198.737;178.01476;0.01;0.02;0.303;0.06;1;19.44;1;1.35;1;17.15;1;6;14.40;1.13
18HU99053_557;71;47.48433;-59.4525;226468;346.19;04-dec-99;22:19:00;34.76;5.55;187.92928;175.37982;0.01;0.02;0.289;0.05;1;18.67;1;1.29;1;16.77;1;6;14.47;1.11
18HU99053_557;71;47.48433;-59.4525;226467;396.48;04-dec-99;22:19:00;34.82;5.09;186.27686;179.44388;0.01;0.02;0.659;0.04;1;15.92;1;1.12;1;22.37;1;6;14.21;0.71
18HU99053_557;71;47.48433;-59.4525;226466;438.14;04-dec-99;22:19:00;34.83;4.96;183.50794;178.05942;0.01;0.02;0.631;0.04;1;16.14;1;1.36;1;25.49;1;6;11.87;0.63
18HU99053_558;81;47.58517;-59.333;226487;2.18;04-dec-99;23:55:00;31.92;4.85;309.85108;325.3481;0.46;0.39;1.771;0.17;1;1.82;1;0.03;2;4.61;1;2054;60.67;0.39
18HU99053_558;81;47.58517;-59.333;226486;5.75;04-dec-99;23:55:00;31.92;4.85;310.387;317.26464;0.55;0.49;2.062;0.21;1;2.46;1;0.5;1;3.19;1;6;4.92;0.77
18HU99053_558;81;47.58517;-59.333;226485;15.67;04-dec-99;23:55:00;31.92;4.85;311.41418;325.70538;0.33;0.33;1.941;0.19;1;2.23;1;0.5;1;3.82;1;6;4.46;0.58
18HU99053_558;81;47.58517;-59.333;226484;25.48;04-dec-99;23:55:00;31.92;4.85;312.1734;325.70538;0.43;0.36;1.878;0.19;1;1.78;1;0.37;1;3.35;1;6;4.81;0.53
18HU99053_558;81;47.58517;-59.333;226483;49.77;04-dec-99;23:55:00;31.92;4.86;313.91514;325.3481;0.62;0.54;1.988;0.14;1;1.7;1;0.37;1;4.13;1;6;4.59;0.41
18HU99053_558;81;47.58517;-59.333;226482;99.83;04-dec-99;23:55:00;32.04;4.71;312.03942;322.13258;0.47;0.4;1.528;0.15;1;2.12;1;0.38;1;2.19;1;6;5.58;0.97
18HU99053_558;81;47.58517;-59.333;226481;147.9;04-dec-99;23:55:00;33.16;2.13;286.9405;282.42984;0.04;0.06;0.671;0.05;1;7.42;1;0.66;2;9.77;1;2054;11.24;0.76
18HU99053_558;81;47.58517;-59.333;226480;199.03;04-dec-99;23:55:00;33.72;3.87;258.71538;238.4844;0.02;0.03;0.665;0.04;1;12.31;1;1;1;7.97;1;6;12.31;1.54
18HU99053_558;81;47.58517;-59.333;226479;228.94;04-dec-99;23:55:00;34.38;5.94;231.69608;190.65354;0.01;0.02;0.601;0.05;1;15.74;1;1.2;1;10.5;1;6;13.12;1.50
