CTD;CTD;CTD;CTD;CTD;CTD;CTD;CTD;CTD;labo;labo;labo;labo;terrain;labo;labo;labo;labo;labo;labo;labo;labo;labo;labo;calc;calc
Fichier;Station;Latitude;Longitude;Echantillon;zbouteille;Date;Heure;PRES;PSAL_BS;Q_PSAL;OXYM_01;Q_OXYM;TEMP_XX;Q_TEMP_RT;CHL_03;Q_CHL;NOx_01;Q_NOX;PO4_01;Q_PO4;Si_01;Q_Si;QCFF;N_P;N_Si
(nom);(nom/no);(degres);(degres);(no_unique);(dbar);(jj-mmm-yyyy);(GMT);(dbar);(PSU);((none));(mmol/m**3);((none));(celsius);((none));(mg/m**3);((none));(mmol/m**3);((none));(mmol/m**3);((none));(mmol/m**3);((none));((none));((none));((none))
18HU01068_002;STN27;47.5467;-52.5867;253810;6;14-nov-01;23:30:00;6.13;31.201;1;341.6;4;6.509;1;0.82;1;0;1;0.53;1;0.51;1;6;0.00;0.00
18HU01068_002;STN27;47.5467;-52.5867;253809;11;14-nov-01;23:30:00;10.97;31.201;1;341.2;4;6.503;1;0.83;1;0;1;0.65;1;0.61;1;6;0.00;0.00
18HU01068_002;STN27;47.5467;-52.5867;253808;21;14-nov-01;23:30:00;21.05;31.201;1;341.2;4;6.518;1;0.8;1;0;1;0.57;1;0.49;1;6;0.00;0.00
18HU01068_002;STN27;47.5467;-52.5867;253807;31;14-nov-01;23:30:00;31.11;31.202;1;341.6;4;6.514;1;0.85;1;0;1;0.52;1;0.49;1;6;0.00;0.00
18HU01068_002;STN27;47.5467;-52.5867;253806;40;14-nov-01;23:30:00;40.4;31.221;1;343.4;4;6.442;1;NaN;9;NaN;9;NaN;9;NaN;9;6;NaN;NaN
18HU01068_002;STN27;47.5467;-52.5867;253805;51;14-nov-01;23:30:00;51.15;31.292;1;345.7;4;6.204;1;NaN;9;NaN;9;NaN;9;NaN;9;6;NaN;NaN
18HU01068_002;STN27;47.5467;-52.5867;253804;75;14-nov-01;23:30:00;75.82;32.324;1;362.2;4;0.255;1;0.11;1;3.71;1;1.54;1;3.37;1;6;2.41;1.10
18HU01068_002;STN27;47.5467;-52.5867;253803;100;14-nov-01;23:30:00;100.42;32.549;1;360;4;-0.706;1;0.08;1;5.31;1;1.62;1;4.72;1;6;3.28;1.13
18HU01068_002;STN27;47.5467;-52.5867;253802;150;14-nov-01;23:30:00;151.59;32.93;1;347;4;-1.111;1;0.06;1;6.54;1;1.39;1;5.47;1;6;4.71;1.20
18HU01068_002;STN27;47.5467;-52.5867;253801;169;14-nov-01;23:30:00;170.3;33.279;1;328.2;4;-0.8;1;NaN;9;8.53;1;1.51;1;9.16;1;6;5.65;0.93
18HU01068_113;SEGB-01;46.5833;-52.9333;253815;6;15-nov-01;06:04:00;5.56;31.38;1;347.9;4;5.661;1;0.7;1;NaN;9;NaN;9;NaN;9;6;NaN;NaN
18HU01068_113;SEGB-01;46.5833;-52.9333;253814;10;15-nov-01;06:04:00;10.52;31.381;1;348.8;4;5.672;1;0.72;1;1.28;1;0.59;1;1.88;1;6;2.17;0.68
18HU01068_113;SEGB-01;46.5833;-52.9333;253813;20;15-nov-01;06:04:00;20.58;31.381;1;349.2;4;5.668;1;0.74;1;1.59;1;0.63;1;2.04;1;6;2.52;0.78
18HU01068_113;SEGB-01;46.5833;-52.9333;253812;30;15-nov-01;06:04:00;30.52;31.424;1;351;4;5.564;1;0.6;1;0.78;1;0.57;1;1.65;1;6;1.37;0.47
18HU01068_113;SEGB-01;46.5833;-52.9333;253811;46;15-nov-01;06:04:00;46.22;31.874;1;360;4;3.428;1;0.26;1;2.04;1;0.77;1;2.91;1;6;2.65;0.70
18HU01068_225;SEGB-02;46.5;-52.85;253816;172;15-nov-01;07:00:00;173.01;32.931;1;339.4;4;-1.04;1;NaN;9;NaN;9;NaN;9;NaN;9;6;NaN;NaN
18HU01068_264;SEGB-03;46.35;-52.7333;253826;6;15-nov-01;08:12:00;5.79;31.658;1;339;4;7.11;1;1.14;1;0.15;1;0.32;1;0.78;1;6;0.47;0.19
18HU01068_264;SEGB-03;46.35;-52.7333;253825;10;15-nov-01;08:12:00;10.24;31.657;1;339.4;4;7.113;1;1.16;1;0.18;1;0.37;1;1.17;1;6;0.49;0.15
18HU01068_264;SEGB-03;46.35;-52.7333;253824;21;15-nov-01;08:12:00;20.73;31.66;1;341.2;4;7.11;1;1.2;1;0.21;1;0.34;1;0.81;1;6;0.62;0.26
18HU01068_264;SEGB-03;46.35;-52.7333;253823;31;15-nov-01;08:12:00;30.78;31.656;1;347;4;7.107;1;1.18;1;1.63;1;0.46;1;1.08;1;6;3.54;1.51
18HU01068_264;SEGB-03;46.35;-52.7333;253822;40;15-nov-01;08:12:00;40.76;32.558;1;381.8;4;0.522;1;0.27;1;4.5;1;1.21;1;3.54;1;6;3.72;1.27
18HU01068_264;SEGB-03;46.35;-52.7333;253821;51;15-nov-01;08:12:00;50.95;32.668;1;364.9;4;-0.953;1;0.17;1;5.54;1;1.33;1;5.66;1;6;4.17;0.98
18HU01068_264;SEGB-03;46.35;-52.7333;253820;75;15-nov-01;08:12:00;75.46;32.878;1;344.3;4;-0.742;1;0.08;1;8.46;1;1.74;1;9.86;1;6;4.86;0.86
18HU01068_264;SEGB-03;46.35;-52.7333;253819;100;15-nov-01;08:12:00;100.95;33.132;1;320.7;4;-0.728;1;0.05;1;11.12;1;1.88;2;15.55;1;2054;5.91;0.72
18HU01068_264;SEGB-03;46.35;-52.7333;253818;150;15-nov-01;08:12:00;151.26;33.268;1;316.2;4;-0.648;1;0.05;1;11.21;1;1.86;2;16.62;2;2054;6.03;0.67
18HU01068_264;SEGB-03;46.35;-52.7333;253817;168;15-nov-01;08:12:00;169.76;33.269;1;316.2;4;-0.649;1;NaN;9;12.11;1;1.9;2;16.44;2;2054;6.37;0.74
18HU01068_284;SEGB-04;46.2083;-52.6083;-253827;0;15-nov-01;10:17:00;0;NaN;9;NaN;9;NaN;9;NaN;9;NaN;9;NaN;9;NaN;9;0;NaN;NaN
18HU01068_284;SEGB-04;46.2083;-52.6083;253827;126;15-nov-01;10:17:00;127.15;33.232;1;318;4;-0.679;1;NaN;9;NaN;9;NaN;9;NaN;9;6;NaN;NaN
18HU01068_304;SEGB-05;46.07;-52.5;-253828;0;15-nov-01;11:22:00;0;NaN;9;NaN;9;NaN;9;NaN;9;NaN;9;NaN;9;NaN;9;0;NaN;NaN
18HU01068_304;SEGB-05;46.07;-52.5;253835;6;15-nov-01;11:22:00;5.61;31.937;1;324.7;4;8.522;1;1.08;1;0.43;1;0.32;1;0.92;1;6;1.34;0.47
18HU01068_304;SEGB-05;46.07;-52.5;253834;11;15-nov-01;11:22:00;11.26;31.937;1;325.1;4;8.526;1;1.13;1;1.69;1;0.46;1;1.49;1;6;3.67;1.13
18HU01068_304;SEGB-05;46.07;-52.5;253833;20;15-nov-01;11:22:00;20.53;31.938;1;325.6;4;8.519;1;1.11;1;0.48;1;0.33;1;1.14;1;6;1.45;0.42
18HU01068_304;SEGB-05;46.07;-52.5;253832;31;15-nov-01;11:22:00;30.76;31.941;1;326.5;4;8.524;1;1.11;1;1.55;1;0.4;1;1.3;1;6;3.88;1.19
18HU01068_304;SEGB-05;46.07;-52.5;253831;40;15-nov-01;11:22:00;40.64;31.942;1;330.9;4;8.514;1;1.08;1;0.48;1;0.37;1;1.27;1;6;1.30;0.38
18HU01068_304;SEGB-05;46.07;-52.5;253830;51;15-nov-01;11:22:00;50.94;32.74;1;328.7;4;1.375;1;0.2;1;6.3;1;1.52;1;7.27;1;6;4.14;0.87
18HU01068_304;SEGB-05;46.07;-52.5;253829;76;15-nov-01;11:22:00;76.17;32.919;1;318;4;0.143;1;0.12;1;7.9;1;1.8;1;11.66;1;6;4.39;0.68
18HU01068_304;SEGB-05;46.07;-52.5;253828;86;15-nov-01;11:22:00;87.19;32.92;1;316.6;4;0.143;1;0.12;1;7.84;1;1.88;1;11.99;1;6;4.17;0.65
18HU01068_315;SEGB-06;45.7883;-52.2667;-253836;0;15-nov-01;14:00:00;0;NaN;9;NaN;9;NaN;9;NaN;9;NaN;9;NaN;9;NaN;9;0;NaN;NaN
18HU01068_315;SEGB-06;45.7883;-52.2667;253842;6;15-nov-01;14:00:00;6.01;32.176;1;315.7;4;9.522;1;0.69;1;0;1;0.52;1;0.34;1;6;0.00;0.00
18HU01068_315;SEGB-06;45.7883;-52.2667;253841;11;15-nov-01;14:00:00;11.48;32.176;1;316.2;4;9.524;1;0.73;1;0;1;0.34;1;0.29;1;6;0.00;0.00
18HU01068_315;SEGB-06;45.7883;-52.2667;253840;21;15-nov-01;14:00:00;20.92;32.176;1;316.2;4;9.53;1;0.74;1;0;1;0.5;1;0.32;1;6;0.00;0.00
18HU01068_315;SEGB-06;45.7883;-52.2667;253839;29;15-nov-01;14:00:00;29.58;32.176;1;317.1;4;9.528;1;0.73;1;0;1;0.38;1;0.29;1;6;0.00;0.00
18HU01068_315;SEGB-06;45.7883;-52.2667;253838;40;15-nov-01;14:00:00;39.99;32.175;1;319.3;4;9.519;1;0.63;1;0;1;0.57;1;0.42;1;6;0.00;0.00
18HU01068_315;SEGB-06;45.7883;-52.2667;253837;51;15-nov-01;14:00:00;51.28;32.85;1;305;4;1.29;1;0.25;1;5.34;1;1.96;1;11.23;1;6;2.72;0.48
18HU01068_315;SEGB-06;45.7883;-52.2667;253836;75;15-nov-01;14:00:00;75.85;32.99;1;286.7;4;0.448;1;0.31;1;7.85;1;2.18;1;15.81;1;6;3.60;0.50
18HU01068_326;SEGB-07;45.4583;-52;-253843;0;15-nov-01;16:21:00;0;NaN;9;NaN;9;NaN;9;NaN;9;NaN;9;NaN;9;NaN;9;0;NaN;NaN
18HU01068_326;SEGB-07;45.4583;-52;253849;5;15-nov-01;16:21:00;4.84;32.206;1;316.6;4;9.533;1;0.67;1;0.19;1;0.24;1;0.89;1;6;0.79;0.21
18HU01068_326;SEGB-07;45.4583;-52;253848;10;15-nov-01;16:21:00;9.64;32.206;1;317.5;4;9.536;1;0.68;1;0.22;1;0.37;1;1.06;1;6;0.59;0.21
18HU01068_326;SEGB-07;45.4583;-52;253847;20;15-nov-01;16:21:00;19.88;32.206;1;317.1;4;9.535;1;0.62;1;0.77;1;0.44;1;1.03;1;6;1.75;0.75
18HU01068_326;SEGB-07;45.4583;-52;253846;30;15-nov-01;16:21:00;30.24;32.207;1;318;4;9.534;1;0.64;1;0;1;0.3;1;0.94;1;6;0.00;0.00
18HU01068_326;SEGB-07;45.4583;-52;253845;40;15-nov-01;16:21:00;40.77;32.212;1;319.3;4;9.547;1;0.55;1;0.85;1;0.44;1;1.02;1;6;1.93;0.83
18HU01068_326;SEGB-07;45.4583;-52;253844;49;15-nov-01;16:21:00;49.67;32.828;1;289.8;4;2.329;1;0.17;1;5.94;1;1.86;1;7.74;1;6;3.19;0.77
18HU01068_326;SEGB-07;45.4583;-52;253843;75;15-nov-01;16:21:00;75.13;32.841;1;297;4;1.867;1;0.12;1;0.8;1;1.47;1;8.39;1;6;0.54;0.10
18HU01068_339;SEGB-08;45.095;-51.7;253856;5;15-nov-01;20:02:00;4.79;32.241;1;314.9;4;9.592;1;0.47;1;0.68;1;0.35;1;1.01;1;6;1.94;0.67
18HU01068_339;SEGB-08;45.095;-51.7;253855;10;15-nov-01;20:02:00;9.71;32.241;1;314.9;4;9.59;1;0.46;1;NaN;9;NaN;9;NaN;9;6;NaN;NaN
18HU01068_339;SEGB-08;45.095;-51.7;253854;19;15-nov-01;20:02:00;19.33;32.242;1;315.3;4;9.593;1;0.45;1;0.25;1;0.42;1;1.08;1;6;0.60;0.23
18HU01068_339;SEGB-08;45.095;-51.7;253853;29;15-nov-01;20:02:00;29.46;32.242;1;316.6;4;9.587;1;0.44;1;0.19;1;0.27;1;0.96;1;6;0.70;0.20
18HU01068_339;SEGB-08;45.095;-51.7;253852;40;15-nov-01;20:02:00;39.9;32.304;1;317.1;4;8.765;1;0.29;1;1.13;1;0.6;1;1.64;1;6;1.88;0.69
18HU01068_339;SEGB-08;45.095;-51.7;253851;50;15-nov-01;20:02:00;50.15;32.795;1;319.8;4;1.676;1;0.12;1;6.46;1;1.78;1;7.84;1;6;3.63;0.82
18HU01068_339;SEGB-08;45.095;-51.7;253850;66;15-nov-01;20:02:00;66.3;32.794;1;318.9;4;1.61;1;0.12;1;4.83;1;1.67;1;7.4;1;6;2.89;0.65
18HU01068_003;SEGB-09;44.725;-51.395;253863;5;15-nov-01;22:37:00;4.85;32.27;1;310.8;4;10.211;1;0.62;1;0;1;0.32;1;0.31;1;6;0.00;0.00
18HU01068_003;SEGB-09;44.725;-51.395;253862;10;15-nov-01;22:37:00;9.92;32.27;1;310.8;4;10.212;1;0.58;1;0;1;0.49;1;0.5;1;6;0.00;0.00
18HU01068_003;SEGB-09;44.725;-51.395;253861;20;15-nov-01;22:37:00;20.03;32.27;1;311.3;4;10.214;1;0.55;1;0;1;0.42;1;0.5;1;6;0.00;0.00
18HU01068_003;SEGB-09;44.725;-51.395;253860;30;15-nov-01;22:37:00;30.22;32.27;1;312.2;4;10.214;1;0.58;1;0;1;0.48;1;0.49;1;6;0.00;0.00
18HU01068_003;SEGB-09;44.725;-51.395;253859;40;15-nov-01;22:37:00;39.94;32.27;1;314;4;10.215;1;0.56;1;0;1;0.49;1;0.53;1;6;0.00;0.00
18HU01068_003;SEGB-09;44.725;-51.395;253858;50;15-nov-01;22:37:00;50.13;32.772;1;271.1;4;4.517;1;0.16;1;1.26;1;1.52;1;7.87;1;6;0.83;0.16
18HU01068_003;SEGB-09;44.725;-51.395;253857;65;15-nov-01;22:37:00;65.62;32.769;1;268.9;4;4.449;1;0.12;1;1.88;1;1.68;1;7.34;1;6;1.12;0.26
18HU01068_014;SEGB-10;44.3633;-51.1033;253870;5;16-nov-01;01:36:00;5.16;32.259;1;315.7;4;9.913;1;1.43;1;0.54;1;0.47;1;0.96;1;6;1.15;0.56
18HU01068_014;SEGB-10;44.3633;-51.1033;253869;9;16-nov-01;01:36:00;9.52;32.256;1;315.7;4;9.9;1;1.34;1;0.2;1;0.38;1;0.96;1;6;0.53;0.21
18HU01068_014;SEGB-10;44.3633;-51.1033;253868;19;16-nov-01;01:36:00;19.05;32.256;1;316.2;4;9.896;1;1.25;1;0.01;1;0.26;1;0.84;1;6;0.04;0.01
18HU01068_014;SEGB-10;44.3633;-51.1033;253867;29;16-nov-01;01:36:00;29.08;32.256;1;317.1;4;9.894;1;1.22;1;4.39;1;0.34;1;0.92;1;6;12.91;4.77
18HU01068_014;SEGB-10;44.3633;-51.1033;253866;39;16-nov-01;01:36:00;39.41;32.26;1;319.3;4;9.898;1;1.35;1;0.2;1;0.39;1;0.95;1;6;0.51;0.21
18HU01068_014;SEGB-10;44.3633;-51.1033;253865;49;16-nov-01;01:36:00;49.64;32.766;1;293.9;4;4.226;1;0.69;1;2.79;1;1.77;1;6.02;1;6;1.58;0.46
18HU01068_014;SEGB-10;44.3633;-51.1033;253864;66;16-nov-01;01:36:00;66.07;32.766;1;291.6;4;4.176;1;0.3;1;2.15;1;1.6;1;6.73;1;6;1.34;0.32
18HU01068_025;SEGB-11;44;-50.8083;253877;5;16-nov-01;04:05:00;5.05;32.317;1;316.2;4;10.408;1;1.79;1;0.38;1;0.35;1;0.23;1;6;1.09;1.65
18HU01068_025;SEGB-11;44;-50.8083;253876;10;16-nov-01;04:05:00;9.93;32.318;1;315.7;4;10.406;1;1.79;1;0.5;1;0.38;1;0.23;1;6;1.32;2.17
18HU01068_025;SEGB-11;44;-50.8083;253875;20;16-nov-01;04:05:00;20.06;32.319;1;316.6;4;10.404;1;1.9;1;0.14;1;0.33;1;0.14;1;6;0.42;1.00
18HU01068_025;SEGB-11;44;-50.8083;253874;30;16-nov-01;04:05:00;29.74;32.322;1;318.4;4;10.388;1;1.59;1;0.14;1;0.34;1;0.1;2;2054;0.41;1.40
18HU01068_025;SEGB-11;44;-50.8083;253873;40;16-nov-01;04:05:00;40.09;32.326;1;326.9;4;10.15;1;1.61;1;0.14;1;0.39;1;0.51;1;6;0.36;0.27
18HU01068_025;SEGB-11;44;-50.8083;253872;51;16-nov-01;04:05:00;51.31;32.911;1;332.3;4;2.447;1;0.29;1;2.71;1;1.59;1;5.57;1;6;1.70;0.49
18HU01068_025;SEGB-11;44;-50.8083;253871;65;16-nov-01;04:05:00;65.94;32.912;1;328.7;4;2.464;1;0.35;1;2.95;1;1.65;1;5.97;1;6;1.79;0.49
18HU01068_036;SEGB-12;43.6333;-50.5167;253884;5;16-nov-01;07:10:00;5.54;32.292;1;320.2;4;9.797;1;1.57;1;0.64;1;0.59;1;0.56;1;6;1.08;1.14
18HU01068_036;SEGB-12;43.6333;-50.5167;253883;10;16-nov-01;07:10:00;10.39;32.29;1;320.7;4;9.775;1;1.57;1;0.52;1;0.6;1;0.44;1;6;0.87;1.18
18HU01068_036;SEGB-12;43.6333;-50.5167;253882;20;16-nov-01;07:10:00;20.04;32.287;1;321.5;4;9.738;1;1.56;1;0.52;1;0.6;1;0.45;1;6;0.87;1.16
18HU01068_036;SEGB-12;43.6333;-50.5167;253881;30;16-nov-01;07:10:00;30.16;32.279;1;325.1;4;9.64;1;1.51;1;0.29;1;0.44;1;0.42;1;6;0.66;0.69
18HU01068_036;SEGB-12;43.6333;-50.5167;253880;41;16-nov-01;07:10:00;41.46;32.736;1;329.1;4;3.408;1;0.26;1;3.08;1;1.75;1;8.39;1;6;1.76;0.37
18HU01068_036;SEGB-12;43.6333;-50.5167;253879;51;16-nov-01;07:10:00;51.44;32.742;1;329.6;4;3.34;1;0.25;1;2.89;1;1.42;1;8.39;1;6;2.04;0.34
18HU01068_036;SEGB-12;43.6333;-50.5167;253878;62;16-nov-01;07:10:00;62.15;32.742;1;328.7;4;3.337;1;0.42;1;3.03;1;1.59;1;8.32;1;6;1.91;0.36
18HU01068_047;SEGB-13;43.2;-50.1667;-253885;0;16-nov-01;10:15:00;0;NaN;9;NaN;9;NaN;9;NaN;9;NaN;9;NaN;9;NaN;9;0;NaN;NaN
18HU01068_047;SEGB-13;43.2;-50.1667;253891;5;16-nov-01;10:15:00;4.85;32.27;1;343;4;7.571;1;2.71;1;0.71;1;0.43;1;0.12;1;6;1.65;5.92
18HU01068_047;SEGB-13;43.2;-50.1667;253890;10;16-nov-01;10:15:00;10.01;32.27;1;344.8;4;7.573;1;2.79;1;0.73;1;0.49;1;0.37;1;6;1.49;1.97
18HU01068_047;SEGB-13;43.2;-50.1667;253889;19;16-nov-01;10:15:00;19.53;32.275;1;345.7;4;7.498;1;2.72;1;0.14;1;0.41;1;0.18;1;6;0.34;0.78
18HU01068_047;SEGB-13;43.2;-50.1667;253888;31;16-nov-01;10:15:00;31.07;32.704;1;348.3;4;3.924;1;0.32;1;2.56;1;0.88;1;5.1;1;6;2.91;0.50
18HU01068_047;SEGB-13;43.2;-50.1667;253887;41;16-nov-01;10:15:00;41.29;32.804;1;339;4;2.327;1;0.48;1;4.03;1;1.21;1;10.1;1;6;3.33;0.40
18HU01068_047;SEGB-13;43.2;-50.1667;253886;51;16-nov-01;10:15:00;50.9;32.809;1;339;4;2.255;1;0.44;1;5.22;1;1.33;1;10.74;1;6;3.92;0.49
18HU01068_047;SEGB-13;43.2;-50.1667;253885;62;16-nov-01;10:15:00;62.65;32.905;1;334.5;4;1.627;1;0.73;1;5.71;1;1.43;1;12.53;1;6;3.99;0.46
18HU01068_058;SEGB-14;42.92;-49.9417;-253892;0;16-nov-01;12:39:00;0;NaN;9;NaN;9;NaN;9;NaN;9;NaN;9;NaN;9;NaN;9;0;NaN;NaN
18HU01068_058;SEGB-14;42.92;-49.9417;253892;169;16-nov-01;12:39:00;170.29;33.842;1;329.1;4;0.817;1;NaN;9;NaN;9;NaN;9;NaN;9;6;NaN;NaN
18HU01068_069;SEGB-15;42.85;-49.8867;-253893;0;16-nov-01;13:48:00;0;NaN;9;NaN;9;NaN;9;NaN;9;NaN;9;NaN;9;NaN;9;0;NaN;NaN
18HU01068_069;SEGB-15;42.85;-49.8867;253902;6;16-nov-01;13:48:00;5.92;33.112;1;NaN;9;4.312;1;1.53;1;3.18;1;1.15;1;3.64;1;0;2.77;0.87
18HU01068_069;SEGB-15;42.85;-49.8867;253901;11;16-nov-01;13:48:00;11.02;33.113;1;NaN;9;4.294;1;1.53;1;3.48;1;1.24;1;3.69;1;0;2.81;0.94
18HU01068_069;SEGB-15;42.85;-49.8867;253900;21;16-nov-01;13:48:00;20.88;33.124;1;NaN;9;4.2;1;1.52;1;2.91;1;0.84;1;3.62;1;0;3.46;0.80
18HU01068_069;SEGB-15;42.85;-49.8867;253899;31;16-nov-01;13:48:00;31.01;33.125;1;NaN;9;4.178;1;1.51;1;3.05;1;0.8;1;3.59;1;0;3.81;0.85
18HU01068_069;SEGB-15;42.85;-49.8867;253898;41;16-nov-01;13:48:00;41.32;33.416;1;NaN;9;0.59;1;0.21;1;8.21;1;1.4;1;8.2;1;0;5.86;1.00
18HU01068_069;SEGB-15;42.85;-49.8867;253897;51;16-nov-01;13:48:00;50.96;33.42;1;NaN;9;0.507;1;0.18;1;9.59;1;1.75;1;8.16;1;0;5.48;1.18
18HU01068_069;SEGB-15;42.85;-49.8867;253896;75;16-nov-01;13:48:00;75.18;33.535;1;NaN;9;0.07;1;0.08;1;10.64;1;1.76;1;8.76;1;0;6.05;1.21
18HU01068_069;SEGB-15;42.85;-49.8867;253895;99;16-nov-01;13:48:00;99.34;33.624;1;NaN;9;0.184;1;0.06;1;11.57;1;2;1;9.56;1;0;5.79;1.21
18HU01068_069;SEGB-15;42.85;-49.8867;253894;149;16-nov-01;13:48:00;149.8;33.793;1;NaN;9;0.538;1;0.04;1;12.32;1;2.13;1;10.58;1;0;5.78;1.16
18HU01068_069;SEGB-15;42.85;-49.8867;253893;379;16-nov-01;13:48:00;381.51;34.703;1;NaN;9;3.447;1;NaN;9;17.11;1;2.44;1;11.8;1;0;7.01;1.45
18HU01068_080;SEGB-16;42.775;-49.8283;-253903;0;16-nov-01;16:29:00;0;NaN;9;NaN;9;NaN;9;NaN;9;NaN;9;NaN;9;NaN;9;0;NaN;NaN
18HU01068_080;SEGB-16;42.775;-49.8283;253903;1483;16-nov-01;16:29:00;1489.53;34.863;1;NaN;9;3.44;1;NaN;9;NaN;9;NaN;9;NaN;9;0;NaN;NaN
18HU01068_091;SEGB-17;42.5883;-49.6833;253913;5;16-nov-01;20:51:00;5.42;32.461;1;NaN;9;9.981;1;1.1;1;0.17;1;0.3;1;1.13;1;0;0.57;0.15
18HU01068_091;SEGB-17;42.5883;-49.6833;253912;10;16-nov-01;20:51:00;10.5;32.457;1;NaN;9;9.976;1;1.04;1;0.19;1;0.3;1;1.36;1;0;0.63;0.14
18HU01068_091;SEGB-17;42.5883;-49.6833;253911;20;16-nov-01;20:51:00;20.27;32.513;1;NaN;9;9.756;1;1.1;1;1.03;1;0.37;1;1.62;1;0;2.78;0.64
18HU01068_091;SEGB-17;42.5883;-49.6833;253910;30;16-nov-01;20:51:00;30.58;33.007;1;NaN;9;5.329;1;0.54;1;3.07;1;0.83;1;3.15;1;0;3.70;0.97
18HU01068_091;SEGB-17;42.5883;-49.6833;253909;40;16-nov-01;20:51:00;40.44;33.154;1;NaN;9;3.941;1;0.23;1;6.05;1;1.18;1;6.12;1;0;5.13;0.99
18HU01068_091;SEGB-17;42.5883;-49.6833;253908;50;16-nov-01;20:51:00;50.81;33.431;1;NaN;9;1.977;1;0.15;1;6.63;1;1.25;1;7.23;1;0;5.30;0.92
18HU01068_091;SEGB-17;42.5883;-49.6833;253907;75;16-nov-01;20:51:00;75.64;33.88;1;NaN;9;2.621;1;0.08;1;9.26;1;1.44;1;8.49;1;0;6.43;1.09
18HU01068_091;SEGB-17;42.5883;-49.6833;253906;99;16-nov-01;20:51:00;100.26;34.107;1;NaN;9;3.162;1;0.04;1;11.87;1;1.66;1;10.69;1;0;7.15;1.11
18HU01068_091;SEGB-17;42.5883;-49.6833;253905;150;16-nov-01;20:51:00;151.57;34.522;1;NaN;9;5.197;1;0.02;1;15.09;1;1.97;1;14.3;1;0;7.66;1.06
18HU01068_091;SEGB-17;42.5883;-49.6833;253904;2209;16-nov-01;20:51:00;2215.46;34.899;1;NaN;9;3.107;1;NaN;9;14.8;1;1.8;1;12.99;1;0;8.22;1.14
18HU01068_102;SEGB-18;42.395;-49.5183;253914;2911;17-nov-01;05:15:00;2914.51;34.907;1;NaN;9;2.616;1;NaN;9;NaN;9;NaN;9;NaN;9;0;NaN;NaN
18HU01068_114;SEGB-19;42.0817;-49.27;-253915;0;17-nov-01;09:50:00;0;NaN;9;NaN;9;NaN;9;NaN;9;NaN;9;NaN;9;NaN;9;0;NaN;NaN
18HU01068_114;SEGB-19;42.0817;-49.27;253924;6;17-nov-01;09:50:00;5.96;34.996;7;NaN;9;17.2;1;0.68;1;0.94;1;0.3;1;0.79;1;512;3.13;1.19
18HU01068_114;SEGB-19;42.0817;-49.27;253923;11;17-nov-01;09:50:00;10.86;34.5;7;NaN;9;17.21;1;0.47;1;1.03;1;0.26;1;0.74;1;512;3.96;1.39
18HU01068_114;SEGB-19;42.0817;-49.27;253922;20;17-nov-01;09:50:00;20.64;35;1;NaN;9;17.213;1;0.48;1;0.15;1;0.27;1;1.1;1;0;0.56;0.14
18HU01068_114;SEGB-19;42.0817;-49.27;253921;31;17-nov-01;09:50:00;30.89;35.054;1;NaN;9;17.302;1;0.53;1;1.39;1;0.31;1;1.28;1;0;4.48;1.09
18HU01068_114;SEGB-19;42.0817;-49.27;253920;40;17-nov-01;09:50:00;40.71;35.482;1;NaN;9;17.666;1;0.15;1;3.85;1;0.48;1;2.24;1;0;8.02;1.72
18HU01068_114;SEGB-19;42.0817;-49.27;253919;51;17-nov-01;09:50:00;50.92;35.824;1;NaN;9;17.099;1;0.16;1;5.18;1;0.68;1;1.95;1;0;7.62;2.66
18HU01068_114;SEGB-19;42.0817;-49.27;253918;76;17-nov-01;09:50:00;76.97;35.892;1;NaN;9;15.105;1;0.02;1;8.07;1;1.38;1;2.77;1;0;5.85;2.91
18HU01068_114;SEGB-19;42.0817;-49.27;253917;101;17-nov-01;09:50:00;101.77;35.939;1;NaN;9;14.852;1;0.01;1;9.05;1;1.35;1;4.01;1;0;6.70;2.26
18HU01068_114;SEGB-19;42.0817;-49.27;253916;149;17-nov-01;09:50:00;150.26;35.706;1;NaN;9;13.411;1;0.01;1;10.91;1;1.57;1;5.54;1;0;6.95;1.97
18HU01068_114;SEGB-19;42.0817;-49.27;253915;3016;17-nov-01;09:50:00;3019.53;34.916;1;NaN;9;2.77;1;NaN;9;14.16;1;2;1;15.22;1;0;7.08;0.93
18HU01068_127;SEGB-20;41.7;-48.95;-253925;0;17-nov-01;16:16:00;0;NaN;9;NaN;9;NaN;9;NaN;9;NaN;9;NaN;9;NaN;9;0;NaN;NaN
18HU01068_127;SEGB-20;41.7;-48.95;253925;3053;17-nov-01;16:16:00;3055.78;34.906;1;NaN;9;2.533;1;NaN;9;NaN;9;NaN;9;NaN;9;0;NaN;NaN
18HU01068_279;FC-12;47;-48.1167;254066;9;21-nov-01;08:05:00;9.39;32.4135;1;361.3;4;4.578;1;1.08;1;0.7;1;0.37;1;1.82;1;6;1.89;0.38
18HU01068_279;FC-12;47;-48.1167;254064;19;21-nov-01;08:05:00;19.38;32.416;1;361.3;4;4.575;1;1.07;1;1.16;1;0.69;1;1.46;1;6;1.68;0.79
18HU01068_279;FC-12;47;-48.1167;254063;29;21-nov-01;08:05:00;29.43;32.456;1;361.3;4;4.467;1;0.89;1;0.9;1;0.48;1;1.71;1;6;1.88;0.53
18HU01068_279;FC-12;47;-48.1167;254062;39;21-nov-01;08:05:00;39.54;32.519;1;361.7;4;4.35;1;0.62;1;1.19;1;0.57;1;1.6;1;6;2.09;0.74
18HU01068_279;FC-12;47;-48.1167;254061;49;21-nov-01;08:05:00;49.35;32.692;1;374.2;4;1.035;1;0.27;1;3.63;1;0.94;1;4.05;1;6;3.86;0.90
18HU01068_279;FC-12;47;-48.1167;254060;74;21-nov-01;08:05:00;74.38;33.005;1;338.1;4;-0.656;1;0.09;1;8.33;1;1.87;1;11.42;1;6;4.45;0.73
18HU01068_279;FC-12;47;-48.1167;254059;99;21-nov-01;08:05:00;99.69;33.211;1;334.5;4;-0.786;1;0.06;1;10.2;1;1.88;1;12.62;1;6;5.43;0.81
18HU01068_279;FC-12;47;-48.1167;254058;127;21-nov-01;08:05:00;127.94;33.336;1;325.6;4;-0.642;1;0.08;1;11.34;1;1.72;1;15.71;1;6;6.59;0.72
18HU01068_280;FC-11;47;-48.6167;-254067;0;21-nov-01;10:36:00;0;NaN;9;NaN;9;NaN;9;NaN;9;NaN;9;NaN;9;NaN;9;0;NaN;NaN
18HU01068_280;FC-11;47;-48.6167;254067;99;21-nov-01;10:36:00;99.99;32.957;1;343.4;4;-0.754;1;NaN;9;NaN;9;NaN;9;NaN;9;6;NaN;NaN
18HU01068_281;FC-10;47;-49.1167;-254068;0;21-nov-01;12:33:00;0;NaN;9;NaN;9;NaN;9;NaN;9;NaN;9;NaN;9;NaN;9;0;NaN;NaN
18HU01068_281;FC-10;47;-49.1167;254074;5;21-nov-01;12:33:00;5.15;32.039;1;351.9;4;7.124;1;3.14;1;0.45;1;0.56;1;0.6;1;6;0.80;0.75
18HU01068_281;FC-10;47;-49.1167;254073;10;21-nov-01;12:33:00;9.88;32.04;1;351.5;4;7.078;1;3.18;1;0.17;1;0.55;1;0.54;1;6;0.31;0.31
18HU01068_281;FC-10;47;-49.1167;254072;19;21-nov-01;12:33:00;18.97;32.041;1;348.3;4;7.056;1;3.39;1;0.17;1;0.54;1;0.68;1;6;0.31;0.25
18HU01068_281;FC-10;47;-49.1167;254071;29;21-nov-01;12:33:00;29.22;32.036;1;349.7;4;7.062;1;3.2;1;0.35;1;0.6;1;0.9;1;6;0.58;0.39
18HU01068_281;FC-10;47;-49.1167;254070;39;21-nov-01;12:33:00;39.24;32.892;1;314.9;4;0.648;1;0.61;1;7.78;1;1.95;1;12.45;1;6;3.99;0.62
18HU01068_281;FC-10;47;-49.1167;254069;49;21-nov-01;12:33:00;49.63;32.983;1;307.7;4;0.021;1;0.18;1;8.04;1;2;1;15;1;6;4.02;0.54
18HU01068_281;FC-10;47;-49.1167;254068;74;21-nov-01;12:33:00;74.46;33.004;1;314;4;0.26;1;0.17;1;6.02;1;1.52;1;11.6;1;6;3.96;0.52
18HU01068_282;FC-09;47;-50;-254075;0;21-nov-01;16:25:00;0;NaN;9;NaN;9;NaN;9;NaN;9;NaN;9;NaN;9;NaN;9;0;NaN;NaN
18HU01068_282;FC-09;47;-50;254081;6;21-nov-01;16:25:00;5.6;31.998;1;343.9;4;6.622;1;1.31;1;0.27;1;0.4;1;0.98;1;6;0.68;0.28
18HU01068_282;FC-09;47;-50;254080;10;21-nov-01;16:25:00;10.47;31.992;1;345.2;4;6.461;1;1;1;0.26;1;0.43;1;0.92;1;6;0.60;0.28
18HU01068_282;FC-09;47;-50;254079;20;21-nov-01;16:25:00;20.14;31.987;1;346.6;4;6.295;1;0.72;1;0.28;1;0.44;1;0.96;1;6;0.64;0.29
18HU01068_282;FC-09;47;-50;254078;30;21-nov-01;16:25:00;30.45;31.988;1;346.1;4;6.288;1;0.64;1;0.28;1;0.24;1;0.89;1;6;1.17;0.31
18HU01068_282;FC-09;47;-50;254077;40;21-nov-01;16:25:00;40.4;32.003;1;344.3;4;6.141;1;0.48;1;0.42;1;0.5;1;1.12;1;6;0.84;0.37
18HU01068_282;FC-09;47;-50;254076;50;21-nov-01;16:25:00;50.32;32.949;1;311.7;4;0.148;1;0.18;1;8.35;1;1.89;1;13.61;1;6;4.42;0.61
18HU01068_282;FC-09;47;-50;254075;75;21-nov-01;16:25:00;75.58;32.949;1;313.5;4;0.104;1;0.17;1;7.45;1;2.04;1;13.97;1;6;3.65;0.53
18HU01068_283;FC-08;47;-50.6667;-254082;0;21-nov-01;19:02:00;0;NaN;9;NaN;9;NaN;9;NaN;9;NaN;9;NaN;9;NaN;9;0;NaN;NaN
18HU01068_283;FC-08;47;-50.6667;254083;10;21-nov-01;19:02:00;10.32;31.754;1;340.8;4;7.542;1;1.07;1;NaN;9;NaN;9;NaN;9;6;NaN;NaN
18HU01068_283;FC-08;47;-50.6667;254082;166;21-nov-01;19:02:00;167.46;33.138;1;317.1;4;-0.637;1;NaN;9;NaN;9;NaN;9;NaN;9;6;NaN;NaN
18HU01068_285;FC-07;47;-51;254091;5;21-nov-01;20:35:00;5.43;31.772;1;341.2;4;7.423;1;1.11;1;0.13;1;0.44;1;0.78;1;6;0.30;0.17
18HU01068_285;FC-07;47;-51;254090;10;21-nov-01;20:35:00;10.53;31.772;1;342.1;4;7.381;1;1.15;1;0.41;1;0.57;1;1.03;1;6;0.72;0.40
18HU01068_285;FC-07;47;-51;254089;20;21-nov-01;20:35:00;20.28;31.77;1;342.5;4;7.185;1;1.28;1;0.28;1;0.6;1;1;1;6;0.47;0.28
18HU01068_285;FC-07;47;-51;254088;30;21-nov-01;20:35:00;30.48;31.769;1;342.1;4;7.126;1;0.79;1;0.19;1;0.22;1;0.69;1;6;0.86;0.28
18HU01068_285;FC-07;47;-51;254087;40;21-nov-01;20:35:00;40.11;31.834;1;344.3;4;6.691;1;0.56;1;0.62;1;0.68;1;1.15;1;6;0.91;0.54
18HU01068_285;FC-07;47;-51;254086;50;21-nov-01;20:35:00;50.05;32.69;1;372.9;4;0.588;1;0.18;1;3.97;1;1.64;1;3.95;1;6;2.42;1.01
18HU01068_285;FC-07;47;-51;254085;75;21-nov-01;20:35:00;75.39;32.977;1;336.7;4;-0.665;1;0.05;1;7.81;1;2.37;1;11.56;1;6;3.30;0.68
18HU01068_285;FC-07;47;-51;254084;98;21-nov-01;20:35:00;98.74;33.015;1;329.1;4;-0.638;1;0.05;1;7.95;1;2.36;1;13.86;1;6;3.37;0.57
18HU01068_295;FC-06;47;-51.485;254099;5;21-nov-01;23:20:00;5.48;31.681;1;340.3;4;7.565;1;1.02;1;0.71;1;0.56;1;1.15;1;6;1.27;0.62
18HU01068_295;FC-06;47;-51.485;254098;11;21-nov-01;23:20:00;10.8;31.685;1;341.2;4;7.563;1;1.04;1;0.08;1;0.53;1;1.14;1;6;0.15;0.07
18HU01068_295;FC-06;47;-51.485;254097;21;21-nov-01;23:20:00;20.83;31.729;1;345.7;4;6.84;1;0.86;1;0.12;1;0.31;1;1.19;1;6;0.39;0.10
18HU01068_295;FC-06;47;-51.485;254096;30;21-nov-01;23:20:00;30.11;31.82;1;352.8;4;5.88;1;0.76;1;0.61;1;0.64;1;1.17;1;6;0.95;0.52
18HU01068_295;FC-06;47;-51.485;254095;40;21-nov-01;23:20:00;39.95;32.654;1;347.9;4;2.119;1;0.23;1;3.78;1;1.61;1;5.24;1;6;2.35;0.72
18HU01068_295;FC-06;47;-51.485;254094;50;21-nov-01;23:20:00;50.52;32.949;1;315.3;4;0.182;1;0.07;1;8.56;1;2.62;1;14.73;1;6;3.27;0.58
18HU01068_295;FC-06;47;-51.485;254093;75;21-nov-01;23:20:00;75.64;33.046;1;326.9;4;-0.565;1;0.05;1;9.01;1;2.57;1;15.32;1;6;3.51;0.59
18HU01068_295;FC-06;47;-51.485;354092;92;21-nov-01;23:20:00;92.5;33.056;1;326;4;-0.593;1;0.05;1;9.17;1;2.35;1;15.49;1;6;3.90;0.59
18HU01068_296;FC-05;47;-52.0333;254108;5;22-nov-01;01:42:00;5.3;31.628;1;360.8;4;4.654;1;0.64;1;1.05;1;0.86;1;3.19;1;6;1.22;0.33
18HU01068_296;FC-05;47;-52.0333;254107;10;22-nov-01;01:42:00;10;31.63;1;361.3;4;4.657;1;0.66;1;0.63;1;0.87;1;2.71;1;6;0.72;0.23
18HU01068_296;FC-05;47;-52.0333;254106;20;22-nov-01;01:42:00;20.2;31.685;1;362.2;4;4.485;1;0.6;1;0.88;1;0.85;1;2.35;1;6;1.04;0.37
18HU01068_296;FC-05;47;-52.0333;254105;31;22-nov-01;01:42:00;31.15;31.76;1;361.3;4;4.171;1;0.32;1;0.92;1;0.86;1;2.81;1;6;1.07;0.33
18HU01068_296;FC-05;47;-52.0333;254104;40;22-nov-01;01:42:00;40.66;32.186;1;367.1;4;1.631;1;0.17;1;3.2;1;1.32;1;3.64;1;6;2.42;0.88
18HU01068_296;FC-05;47;-52.0333;254103;50;22-nov-01;01:42:00;50.76;32.402;1;366.7;4;0.883;1;0.07;1;3.71;1;1.59;1;4.03;1;6;2.33;0.92
18HU01068_296;FC-05;47;-52.0333;254102;74;22-nov-01;01:42:00;74.21;32.598;1;364.9;4;-0.882;1;0.08;1;6.47;1;1.82;1;6.65;1;6;3.55;0.97
18HU01068_296;FC-05;47;-52.0333;254101;101;22-nov-01;01:42:00;101.65;32.8;1;350.6;4;-0.984;1;0.06;1;6.36;1;1.6;1;6.27;1;6;3.98;1.01
18HU01068_296;FC-05;47;-52.0333;254100;131;22-nov-01;01:42:00;132.04;33.117;1;335.4;4;-0.897;1;NaN;9;9.2;1;2.24;1;12.12;1;6;4.11;0.76
18HU01068_297;FC-04;47;-52.3217;254117;6;22-nov-01;03:55:00;5.81;31.714;1;357.3;4;5.089;1;0.73;1;0.81;1;0.85;1;1.65;1;6;0.95;0.49
18HU01068_297;FC-04;47;-52.3217;254116;9;22-nov-01;03:55:00;9.4;31.707;1;357.7;4;5.041;1;0.72;1;1.02;1;0.92;1;1.72;1;6;1.11;0.59
18HU01068_297;FC-04;47;-52.3217;254115;20;22-nov-01;03:55:00;19.68;31.715;1;357.7;4;5.089;1;0.76;1;0.4;1;0.89;1;1.48;1;6;0.45;0.27
18HU01068_297;FC-04;47;-52.3217;254114;29;22-nov-01;03:55:00;29.74;31.713;1;358.6;4;5.075;1;0.72;1;0.59;1;0.86;1;1.6;1;6;0.69;0.37
18HU01068_297;FC-04;47;-52.3217;254113;40;22-nov-01;03:55:00;39.96;31.753;1;358.6;4;4.809;1;0.64;1;0.76;1;0.94;1;1.76;1;6;0.81;0.43
18HU01068_297;FC-04;47;-52.3217;254112;49;22-nov-01;03:55:00;49.67;32.519;1;374.7;4;0.23;1;0.27;1;4.77;1;1.69;1;4.82;1;6;2.82;0.99
18HU01068_297;FC-04;47;-52.3217;254111;74;22-nov-01;03:55:00;74.52;32.846;1;380.1;4;-0.74;1;0.12;1;5.4;1;1.55;1;6.87;1;6;3.48;0.79
18HU01068_297;FC-04;47;-52.3217;254110;100;22-nov-01;03:55:00;100.37;33.126;1;336.3;4;-0.865;1;0.05;1;9.18;1;1.82;1;12.77;1;6;5.04;0.72
18HU01068_297;FC-04;47;-52.3217;254109;121;22-nov-01;03:55:00;121.84;33.231;1;330;4;-0.763;1;0.07;1;9.97;1;1.83;1;14.91;1;6;5.45;0.67
18HU01068_298;FC-03;47;-52.58;254127;5;22-nov-01;05:29:00;4.61;31.567;1;354.6;4;5.049;1;0.5;1;0.6;1;0.82;1;2.53;1;6;0.73;0.24
18HU01068_298;FC-03;47;-52.58;254126;10;22-nov-01;05:29:00;9.81;31.576;1;354.6;4;5.063;1;0.54;1;1.09;1;0.41;1;1.65;1;6;2.66;0.66
18HU01068_298;FC-03;47;-52.58;254125;19;22-nov-01;05:29:00;19.61;31.566;1;355;4;5.05;1;0.57;1;0.11;1;0.5;1;2.2;1;6;0.22;0.05
18HU01068_298;FC-03;47;-52.58;254124;29;22-nov-01;05:29:00;29.56;31.602;1;355;4;5.107;1;0.55;1;0.18;1;0.52;1;2.14;1;6;0.35;0.08
18HU01068_298;FC-03;47;-52.58;254123;39;22-nov-01;05:29:00;39.58;31.706;1;354.6;4;5.178;1;0.33;1;0.62;1;0.64;1;1.77;1;6;0.97;0.35
18HU01068_298;FC-03;47;-52.58;254122;49;22-nov-01;05:29:00;49.61;32.479;1;367.1;4;-0.503;1;0.15;1;5.07;1;1.49;1;6.44;1;6;3.40;0.79
18HU01068_298;FC-03;47;-52.58;254121;74;22-nov-01;05:29:00;74.79;32.724;1;358.6;4;-1.103;1;0.07;1;7.27;1;1.66;1;8.11;1;6;4.38;0.90
18HU01068_298;FC-03;47;-52.58;254120;99;22-nov-01;05:29:00;99.81;32.989;1;338.5;4;-0.942;1;0.06;1;7.79;1;1.64;1;8.89;1;6;4.75;0.88
18HU01068_298;FC-03;47;-52.58;254119;124;22-nov-01;05:29:00;125.22;33.055;1;337.6;4;-0.935;1;0.05;1;8.71;1;1.68;1;10.36;1;6;5.18;0.84
18HU01068_298;FC-03;47;-52.58;254118;150;22-nov-01;05:29:00;151.17;33.177;1;331.4;4;-0.797;1;NaN;9;9.93;1;1.77;1;13.25;1;6;5.61;0.75
18HU01068_299;FC-02;47;-52.705;254137;6;22-nov-01;07:14:00;5.63;31.402;1;351;4;5.409;1;0.51;1;0.51;1;0.71;1;2.29;1;6;0.72;0.22
18HU01068_299;FC-02;47;-52.705;254136;9;22-nov-01;07:14:00;9.24;31.431;1;351.9;4;5.32;1;0.55;1;0.74;1;0.72;1;2.32;1;6;1.03;0.32
18HU01068_299;FC-02;47;-52.705;254135;19;22-nov-01;07:14:00;19.4;31.424;1;351.9;4;5.349;1;0.5;1;0.55;1;0.7;1;2.24;1;6;0.79;0.25
18HU01068_299;FC-02;47;-52.705;254134;29;22-nov-01;07:14:00;29.3;31.561;1;355;4;4.895;1;0.41;1;NaN;9;0.78;1;NaN;9;6;NaN;NaN
18HU01068_299;FC-02;47;-52.705;254133;39;22-nov-01;07:14:00;39.48;31.685;1;354.6;4;4.834;1;0.27;1;0.98;1;0.86;1;2.72;1;6;1.14;0.36
18HU01068_299;FC-02;47;-52.705;254132;49;22-nov-01;07:14:00;49.48;32.139;1;363.5;4;2.191;1;0.2;1;3.12;1;1.17;1;5.01;1;6;2.67;0.62
18HU01068_299;FC-02;47;-52.705;254131;74;22-nov-01;07:14:00;74.47;32.538;1;362.2;4;-0.889;1;0.11;1;6.72;1;1.55;1;8.35;1;6;4.34;0.80
18HU01068_299;FC-02;47;-52.705;254130;99;22-nov-01;07:14:00;99.56;32.652;1;357.7;4;-1.309;1;0.06;1;7.51;1;1.62;1;9.47;1;6;4.64;0.79
18HU01068_299;FC-02;47;-52.705;254129;150;22-nov-01;07:14:00;151.01;32.999;1;340.3;4;-0.974;1;0.05;1;8.82;1;1.8;1;9.43;1;6;4.90;0.94
18HU01068_299;FC-02;47;-52.705;254128;180;22-nov-01;07:14:00;181.44;33.15;1;328.2;4;-0.783;1;NaN;9;9.85;1;1.87;1;15.04;1;6;5.27;0.65
18HU01068_300;FC-01;47;-52.8317;254145;5;22-nov-01;08:20:00;5.49;31.311;1;347;4;5.835;1;0.5;1;0.73;1;0.8;1;2.3;1;6;0.91;0.32
18HU01068_300;FC-01;47;-52.8317;254144;10;22-nov-01;08:20:00;10.5;31.311;1;347;4;5.833;1;0.48;1;0.76;1;0.84;1;2.09;1;6;0.90;0.36
18HU01068_300;FC-01;47;-52.8317;254143;20;22-nov-01;08:20:00;20.26;31.316;1;347.5;4;5.831;1;0.51;1;0.64;1;0.81;1;2.09;1;6;0.79;0.31
18HU01068_300;FC-01;47;-52.8317;254142;30;22-nov-01;08:20:00;30.47;31.358;1;348.3;4;5.719;1;0.46;1;0.7;1;0.84;1;2.56;1;6;0.83;0.27
18HU01068_300;FC-01;47;-52.8317;254141;40;22-nov-01;08:20:00;40.39;31.497;1;351;4;5.198;1;0.29;1;1.15;1;0.75;1;2.48;1;6;1.53;0.46
18HU01068_300;FC-01;47;-52.8317;254140;50;22-nov-01;08:20:00;50.33;31.706;1;356.8;4;4.367;1;0.22;1;1.23;1;0.96;1;3.43;1;6;1.28;0.36
18HU01068_300;FC-01;47;-52.8317;254139;75;22-nov-01;08:20:00;75.51;32.378;1;370.2;4;0.079;1;0.16;1;4.16;1;1.52;1;6.11;1;6;2.74;0.68
18HU01068_300;FC-01;47;-52.8317;254138;98;22-nov-01;08:20:00;98.89;32.64;1;360;4;-0.753;1;0.08;1;5.79;1;1.51;1;8.56;1;6;3.83;0.68
18HU01068_301;STN27;47.545;-52.5817;-254146;0;22-nov-01;12:49:00;0;NaN;9;NaN;9;NaN;9;NaN;9;NaN;9;NaN;9;NaN;9;0;NaN;NaN
18HU01068_301;STN27;47.545;-52.5817;254155;5;22-nov-01;12:49:00;5.21;31.285;1;347.9;4;5.788;1;0.51;1;0;1;1.18;1;1.57;1;6;0.00;0.00
18HU01068_301;STN27;47.545;-52.5817;254154;10;22-nov-01;12:49:00;9.77;31.285;1;347.9;4;5.789;1;0.6;1;0;1;0.48;1;1.02;1;6;0.00;0.00
18HU01068_301;STN27;47.545;-52.5817;254153;20;22-nov-01;12:49:00;20.23;31.287;1;347.9;4;5.784;1;0.59;1;0.01;7;0.85;1;1.47;1;518;0.01;0.01
18HU01068_301;STN27;47.545;-52.5817;254152;29;22-nov-01;12:49:00;29.61;31.356;1;347.5;4;5.597;1;0.28;1;11.69;7;0.69;1;1.63;1;518;16.94;7.17
18HU01068_301;STN27;47.545;-52.5817;254151;41;22-nov-01;12:49:00;41.31;31.458;1;348.3;4;5.438;1;0.19;1;29.82;7;0.83;1;1.99;1;518;35.93;14.98
18HU01068_301;STN27;47.545;-52.5817;254150;50;22-nov-01;12:49:00;50.18;31.818;1;356.8;4;3.629;1;0.16;1;0;7;1.06;1;2.71;1;518;0.00;0.00
18HU01068_301;STN27;47.545;-52.5817;254149;74;22-nov-01;12:49:00;74.89;32.317;1;366.2;4;0.581;1;0.09;1;0;7;1.46;1;4.94;1;518;0.00;0.00
18HU01068_301;STN27;47.545;-52.5817;254148;99;22-nov-01;12:49:00;99.42;32.504;1;364;4;-0.456;1;0.07;1;27.36;7;1.54;1;6.63;1;518;17.77;4.13
18HU01068_301;STN27;47.545;-52.5817;254147;147;22-nov-01;12:49:00;147.82;33.086;1;331.8;4;-0.9;1;0.05;1;5.18;1;1.82;1;11.58;1;6;2.85;0.45
18HU01068_301;STN27;47.545;-52.5817;254146;174;22-nov-01;12:49:00;174.98;33.297;1;319.8;4;-0.658;1;NaN;9;18.95;1;1.97;1;17.28;1;6;9.62;1.10
18HU01068_319;S27-07;47.84;-51.19;254304;5;25-nov-01;04:12:00;4.63;31.94;1;362.2;4;4.159;1;0.73;1;0.85;1;1.26;1;1.6;1;6;0.67;0.53
18HU01068_319;S27-07;47.84;-51.19;254303;10;25-nov-01;04:12:00;9.81;31.94;1;362.6;4;4.159;1;0.68;1;1.2;1;0.83;1;1.71;1;6;1.45;0.70
18HU01068_319;S27-07;47.84;-51.19;254302;20;25-nov-01;04:12:00;19.91;31.966;1;363.1;4;4.166;1;0.68;1;0.87;1;0.73;1;1.58;1;6;1.19;0.55
18HU01068_319;S27-07;47.84;-51.19;254301;29;25-nov-01;04:12:00;29.44;32.015;1;363.1;4;4.148;1;0.65;1;0.79;1;0.66;1;1.54;1;6;1.20;0.51
18HU01068_319;S27-07;47.84;-51.19;254300;40;25-nov-01;04:12:00;39.89;32.062;1;362.6;4;4.114;1;0.51;1;1.14;1;0.68;1;1.9;1;6;1.68;0.60
18HU01068_319;S27-07;47.84;-51.19;254299;49;25-nov-01;04:12:00;49.89;32.334;1;366.7;4;1.663;1;0.2;1;3.1;1;1.91;1;3.88;1;6;1.62;0.80
18HU01068_319;S27-07;47.84;-51.19;254298;75;25-nov-01;04:12:00;75.49;32.82;1;359.5;4;-0.994;1;0.11;1;4.81;1;1.45;1;6.79;1;6;3.32;0.71
18HU01068_319;S27-07;47.84;-51.19;254297;98;25-nov-01;04:12:00;99.1;33.03;1;344.3;4;-0.906;1;0.07;1;7.88;1;1.74;1;9.45;1;6;4.53;0.83
18HU01068_319;S27-07;47.84;-51.19;254296;149;25-nov-01;04:12:00;149.84;33.262;1;326.5;4;-0.723;1;0.06;1;11.02;1;1.76;1;15.08;1;6;6.26;0.73
18HU01068_319;S27-07;47.84;-51.19;254295;165;25-nov-01;04:12:00;166.44;33.348;1;324.2;4;-0.623;1;NaN;9;12.34;1;1.71;1;15.25;1;6;7.22;0.81
18HU01068_320;S27-05;47.74;-51.65;254313;5;25-nov-01;06:16:00;5.15;32.031;1;367.1;4;3.278;1;0.89;1;0.92;1;0.91;1;1.98;1;6;1.01;0.46
18HU01068_320;S27-05;47.74;-51.65;254312;10;25-nov-01;06:16:00;9.82;32.034;1;367.1;4;3.278;1;0.91;1;1.3;1;0.93;1;1.98;1;6;1.40;0.66
18HU01068_320;S27-05;47.74;-51.65;254311;20;25-nov-01;06:16:00;20.36;32.069;1;367.5;4;3.372;1;0.9;1;1.32;1;1.01;1;2.22;1;6;1.31;0.59
18HU01068_320;S27-05;47.74;-51.65;254310;30;25-nov-01;06:16:00;30.1;32.101;1;367.1;4;3.384;1;1.01;1;1.1;1;1.43;1;1.93;1;6;0.77;0.57
18HU01068_320;S27-05;47.74;-51.65;254309;40;25-nov-01;06:16:00;40.04;32.115;1;367.1;4;3.381;1;0.97;1;1.1;1;0.81;1;1.87;1;6;1.36;0.59
18HU01068_320;S27-05;47.74;-51.65;254308;50;25-nov-01;06:16:00;50.36;32.152;1;365.3;4;3.34;1;0.59;1;1.1;1;0.84;1;1.95;1;6;1.31;0.56
18HU01068_320;S27-05;47.74;-51.65;254307;75;25-nov-01;06:16:00;75.44;32.896;1;339;4;-0.767;1;0.12;1;5.83;1;1.69;1;6.25;1;6;3.45;0.93
18HU01068_320;S27-05;47.74;-51.65;254306;99;25-nov-01;06:16:00;100.3;33.003;1;335.8;4;-0.948;1;0.07;1;7.34;1;1.69;1;7.78;1;6;4.34;0.94
18HU01068_320;S27-05;47.74;-51.65;254305;149;25-nov-01;06:16:00;149.93;33.39;1;322.9;4;-0.599;1;0.06;1;8.9;1;1.72;1;15.41;1;6;5.17;0.58
18HU01068_321;S27-03;47.63;-52.12;254314;163;25-nov-01;08:31:00;164.73;33.499;1;310.4;4;-0.238;1;NaN;9;NaN;9;NaN;9;NaN;9;6;NaN;NaN
18HU01068_322;STN27;47.5467;-52.5867;254324;5;25-nov-01;10:15:00;4.99;31.332;1;351;4;5.385;1;0.42;1;0.55;7;0.69;1;1.5;1;518;0.80;0.37
18HU01068_322;STN27;47.5467;-52.5867;254323;9;25-nov-01;10:15:00;9.52;31.336;1;351;4;5.398;1;0.44;1;13.09;7;0.4;1;1.33;1;518;32.72;9.84
18HU01068_322;STN27;47.5467;-52.5867;254322;20;25-nov-01;10:15:00;20.37;31.334;1;351.5;4;5.393;1;0.43;1;3.39;1;0.91;1;0.92;1;6;3.73;3.68
18HU01068_322;STN27;47.5467;-52.5867;254321;30;25-nov-01;10:15:00;30.02;31.453;1;352.4;4;5.231;1;0.21;1;3.65;1;0.64;1;0.84;1;6;5.70;4.35
18HU01068_322;STN27;47.5467;-52.5867;254320;39;25-nov-01;10:15:00;39.78;31.545;1;351.5;4;5.015;1;0.16;1;0;1;1.13;1;0.39;1;6;0.00;0.00
18HU01068_322;STN27;47.5467;-52.5867;254319;50;25-nov-01;10:15:00;50.07;31.856;1;358.2;4;3.69;1;0.13;1;4.12;1;0.97;1;2.49;1;6;4.25;1.65
18HU01068_322;STN27;47.5467;-52.5867;254318;75;25-nov-01;10:15:00;75.21;32.377;1;366.7;4;0.333;1;0.08;1;0;1;1.08;1;3.58;1;6;0.00;0.00
18HU01068_322;STN27;47.5467;-52.5867;254317;99;25-nov-01;10:15:00;99.61;32.581;1;360.4;4;-0.068;1;0.13;1;0.11;1;1.16;1;5.52;1;6;0.09;0.02
18HU01068_322;STN27;47.5467;-52.5867;254316;149;25-nov-01;10:15:00;150.59;32.875;1;344.8;4;-0.938;1;0.07;1;26.82;1;1.09;1;4.41;1;6;24.61;6.08
18HU01068_322;STN27;47.5467;-52.5867;254315;170;25-nov-01;10:15:00;171.37;33.213;1;327.8;4;-0.809;1;NaN;9;8.45;1;1.58;1;14.54;1;6;5.35;0.58
