CTD;CTD;CTD;CTD;CTD;CTD;CTD;CTD;CTD;CTD;labo;labo;labo;labo;labo;labo;labo;labo;labo;labo;labo;calc;calc
Fichier;Station;Latitude;Longitude;Echantillon;zbouteille;Date;Heure;PSAL;TEMP_XX;OXYM_01;Q_OXYM;NO2_01;Q_NO2;NOx_01;Q_NOX;PO4_01;Q_PO4;Si_01;Q_Si;QCFF;N_P;N_Si
(nom);(nom/no);(degres);(degres);(no_unique);(dbar);(jj-mmm-yyyy);(GMT);(psu);(celsius);(mmol/m**3);((none));(mmol/m**3);((none));(mmol/m**3);((none));(mmol/m**3);((none));(mmol/m**3);((none));((none));((none));((none))
18NA95908_002;CAST#1;45.9468;-61.1242;152203;5;26-sep-95;11:27:00;21.69;15.6;264.3872;4;0.12;1;0.28;7;0.3855;7;5.755;1;518;0.73;0.05
18NA95908_002;CAST#1;45.9468;-61.1242;152244;5;26-sep-95;11:27:00;21.69;15.6;NaN;9;0.0755;1;0;7;0.2905;7;6.175;1;512;0.00;0.00
18NA95908_002;CAST#1;45.9468;-61.1242;152202;25;26-sep-95;11:27:00;23.067;2.8;0;7;0.162;1;0;1;18.825;4;67.93;1;38;NaN;0.00
18NA95908_002;CAST#1;45.9468;-61.1242;152201;44;26-sep-95;11:27:00;23.068;2.7;0;7;0.373;1;0;1;24.305;4;112.77;1;38;NaN;0.00
18NA95908_113;CAST#1;45.953;-61.0983;152205;1;26-sep-95;12:18:00;21.588;15.2;277.3386;4;0.0925;1;0.13;1;0.269;1;5.955;1;6;0.48;0.02
18NA95908_113;CAST#1;45.953;-61.0983;152204;5;26-sep-95;12:18:00;21.61;15.2;274.2124;4;0.086;1;0.135;1;0.2635;1;5.905;1;6;0.51;0.02
18NA95908_225;CAST#1;45.9692;-61.0312;152208;5;26-sep-95;12:56:00;22;15.6;268.4066;4;0.072;1;0.195;7;0.2345;7;4.58;1;518;0.83;0.04
18NA95908_225;CAST#1;45.9692;-61.0312;152245;5;26-sep-95;12:56:00;22;15.6;NaN;9;0.068;1;0;7;0.2005;7;4.435;1;512;0.00;0.00
18NA95908_225;CAST#1;45.9692;-61.0312;152207;19;26-sep-95;12:56:00;23.097;3.2;192.038;4;0.1375;1;8.885;1;1.525;1;14.58;1;6;5.83;0.61
18NA95908_225;CAST#1;45.9692;-61.0312;152206;30;26-sep-95;12:56:00;23.139;1.8;141.1256;4;0.167;1;9.9;7;1.8165;7;21.28;1;518;5.45;0.47
18NA95908_225;CAST#1;45.9692;-61.0312;152247;30;26-sep-95;12:56:00;23.139;1.8;NaN;9;0.0895;1;12.495;7;2.109;7;24.485;1;512;5.92;0.51
18NA95908_264;CAST#1;45.9795;-61.008;152210;5;26-sep-95;13:48:00;22.004;15.5;269.2998;4;0.1525;1;0.16;1;0.226;1;4.66;1;6;0.71;0.03
18NA95908_264;CAST#1;45.9795;-61.008;152209;13;26-sep-95;13:48:00;23.364;10.1;189.3584;4;0.411;1;2.545;1;0.79;1;8.68;1;6;3.22;0.29
18NA95908_284;CAST#1;46.0147;-60.9538;152212;5;26-sep-95;14:20:00;21.622;15.3;280.4648;4;0.32;1;0.18;7;0.159;7;7.255;1;518;1.13;0.02
18NA95908_284;CAST#1;46.0147;-60.9538;152248;5;26-sep-95;14:20:00;21.622;15.3;NaN;9;0.069;1;0.03;7;0.17;7;7.245;1;512;0.18;0.00
18NA95908_284;CAST#1;46.0147;-60.9538;152211;9;26-sep-95;14:20:00;23.453;16.2;229.1058;4;0.114;1;0.11;1;0.373;1;6.3;1;6;0.29;0.02
18NA95908_304;CAST#1;46.0523;-60.8957;152214;5;26-sep-95;15:03:00;22.457;15.7;275.1056;4;0.0795;1;0;7;0.1475;1;5.8;1;38;0.00;0.00
18NA95908_304;CAST#1;46.0523;-60.8957;152213;9;26-sep-95;15:03:00;23.368;16.3;259.028;4;0.127;1;0;7;0.196;1;3.635;1;38;0.00;0.00
18NA95908_315;CAST#1;46.0827;-60.892;152216;5;26-sep-95;15:56:00;22.969;16.7;274.2124;4;0.0895;1;0;1;0.252;1;5.07;1;6;0.00;0.00
18NA95908_315;CAST#1;46.0827;-60.892;152215;10;26-sep-95;15:56:00;23.411;16.3;238.0378;4;0.1095;1;0.07;7;0.43;7;5.42;1;518;0.16;0.01
18NA95908_315;CAST#1;46.0827;-60.892;152250;10;26-sep-95;15:56:00;23.411;16.3;NaN;9;0.096;1;0.05;7;0.459;7;5.505;1;512;0.11;0.01
18NA95908_326;CAST#1;46.0465;-60.8398;152218;5;26-sep-95;16:46:00;23.093;16.6;274.2124;4;0.3165;1;0.22;1;0.1725;1;3.805;1;6;1.28;0.06
18NA95908_326;CAST#1;46.0465;-60.8398;152217;9;26-sep-95;16:46:00;23.526;16.2;245.1834;4;0.179;1;0.055;7;0.249;7;4.29;1;518;0.22;0.01
18NA95908_326;CAST#1;46.0465;-60.8398;152251;9;26-sep-95;16:46:00;23.526;16.2;NaN;9;0.0705;1;0;7;0.2365;7;4.23;1;512;0.00;0.00
18NA95908_339;CAST#1;46.0662;-60.8102;152220;5;26-sep-95;17:37:00;22.862;15.9;277.3386;4;0.0805;1;0;7;0.166;7;4.24;1;518;0.00;0.00
18NA95908_339;CAST#1;46.0662;-60.8102;152254;5;26-sep-95;17:37:00;22.862;15.9;NaN;9;0.059;1;0.175;7;0.0465;7;4.11;1;512;3.76;0.04
18NA95908_339;CAST#1;46.0662;-60.8102;152219;9;26-sep-95;17:37:00;23.21;15.9;273.3192;4;0.083;1;0;1;0.152;1;2.97;1;6;0.00;0.00
18NA95908_003;CAST#1;46.0862;-60.749;152222;5;26-sep-95;18:16:00;23.075;15.8;278.2318;4;0.075;1;0;1;0.126;1;3.42;1;6;0.00;0.00
18NA95908_003;CAST#1;46.0862;-60.749;152221;20;26-sep-95;18:16:00;24.832;15.3;223.3;4;0.1945;1;0.645;1;0.4315;1;7.135;1;6;1.49;0.09
18NA95908_014;CAST#1;46.0418;-60.7217;152225;7;26-sep-95;18:54:00;23.066;15.4;277.3386;4;0.076;1;0.005;7;0.1095;7;1.965;1;518;0.05;0.00
18NA95908_014;CAST#1;46.0418;-60.7217;152255;7;26-sep-95;18:54:00;23.066;15.4;NaN;9;0.075;1;0.01;7;0.0785;7;2.405;1;512;0.13;0.00
18NA95908_014;CAST#1;46.0418;-60.7217;152224;25;26-sep-95;18:54:00;25.403;10.2;247.4164;4;0.308;1;1.925;7;0.4295;7;4.76;1;518;4.48;0.40
18NA95908_014;CAST#1;46.0418;-60.7217;152256;25;26-sep-95;18:54:00;25.403;10.2;NaN;9;0.2765;1;2.03;7;0.422;7;5.255;1;512;4.81;0.39
18NA95908_014;CAST#1;46.0418;-60.7217;152223;75;26-sep-95;18:54:00;25.303;1.2;321.1054;4;0.0905;1;5.21;1;0.7085;1;7.395;1;6;7.35;0.70
18NA95908_025;CAST#1;45.9032;-61.0468;152227;1;26-sep-95;21:34:00;21.249;15.3;279.125;4;0.1135;1;0;1;0.1535;1;2.53;1;6;0.00;0.00
18NA95908_025;CAST#1;45.9032;-61.0468;152226;7;26-sep-95;21:34:00;21.898;15.5;255.0086;4;0.313;1;0.41;7;0.283;7;2.515;1;518;1.45;0.16
18NA95908_025;CAST#1;45.9032;-61.0468;152258;7;26-sep-95;21:34:00;21.898;15.5;NaN;9;0.144;1;0.06;7;0.2745;7;2.93;1;512;0.22;0.02
18NA95908_036;CAST#1;45.8762;-61.0685;152229;1;27-sep-95;11:45:00;20.508;15.3;274.2124;4;0.0805;1;0;1;0.1415;1;3.29;1;6;0.00;0.00
18NA95908_036;CAST#1;45.8762;-61.0685;152228;5;27-sep-95;11:45:00;NaN;NaN;267.0668;4;0.0915;1;0;7;0.177;7;2.33;1;518;0.00;0.00
18NA95908_036;CAST#1;45.8762;-61.0685;152260;5;27-sep-95;11:45:00;NaN;NaN;NaN;9;0.066;1;0.02;7;0.1495;7;2.895;1;512;0.13;0.01
18NA95908_047;CAST#1;45.8897;-61.0032;152230;3;27-sep-95;12:35:00;21.329;15.3;270.193;4;0.1195;1;0;7;0.157;7;2.4;1;550;0.00;0.00
18NA95908_047;CAST#1;45.8897;-61.0032;152259;3;27-sep-95;12:35:00;21.329;15.3;NaN;9;0.069;1;0;7;0.148;7;2.775;1;544;0.00;0.00
18NA95908_058;CAST#1;45.7833;-60.9892;152232;5;27-sep-95;14:23:00;21.866;14.1;286.2706;4;0.068;1;0;1;0.137;1;1.88;1;6;0.00;0.00
18NA95908_058;CAST#1;45.7833;-60.9892;152231;20;27-sep-95;14:23:00;21.92;10.9;265.2804;4;0.175;1;0.055;1;0.371;1;3.67;1;6;0.15;0.01
18NA95908_069;CAST#1;45.7367;-61.0535;152234;5;27-sep-95;14:57:00;21.855;14;287.1638;4;0.075;1;0.005;1;0.15;1;2.465;1;6;0.03;0.00
18NA95908_069;CAST#1;45.7367;-61.0535;152233;20;27-sep-95;14:57:00;21.898;10.8;273.3192;4;0.1515;1;0;1;0.2535;1;3.25;1;6;0.00;0.00
18NA95908_080;CAST#1;45.8095;-60.8608;152237;5;27-sep-95;15:50:00;21.929;14.6;283.1444;4;0.1225;1;0;1;0.125;7;1.84;1;518;0.00;0.00
18NA95908_080;CAST#1;45.8095;-60.8608;152263;5;27-sep-95;15:50:00;21.929;14.6;NaN;9;0.0635;1;0;1;0.095;7;1.92;1;512;0.00;0.00
18NA95908_080;CAST#1;45.8095;-60.8608;152236;20;27-sep-95;15:50:00;21.982;12.8;268.4066;4;0.183;1;0.085;1;0.2695;1;3.25;1;6;0.32;0.03
18NA95908_080;CAST#1;45.8095;-60.8608;152235;75;27-sep-95;15:50:00;22.325;3.2;287.1638;4;0.084;1;4.605;1;0.6115;1;6.86;1;6;7.53;0.67
18NA95908_091;CAST#1;45.8705;-60.7495;152239;5;27-sep-95;16:53:00;21.912;14.6;282.2512;4;0.064;1;0;1;0.1055;1;1.645;1;6;0.00;0.00
18NA95908_091;CAST#1;45.8705;-60.7495;152238;20;27-sep-95;16:53:00;22.423;12.3;252.329;4;0.2075;1;0.175;1;0.2565;1;3.17;1;6;0.68;0.06
18NA95908_102;CAST#1;45.8975;-60.6573;152241;5;27-sep-95;17:21:00;21.631;15;282.2512;4;0.0635;1;0;1;0.079;1;0.865;1;6;0.00;0.00
18NA95908_102;CAST#1;45.8975;-60.6573;152240;20;27-sep-95;17:21:00;22.204;10.1;264.3872;4;0.173;1;1.365;1;0.4095;1;4.68;1;6;3.33;0.29
18NA95908_114;CAST#1;45.9852;-60.4447;152243;5;27-sep-95;18:14:00;21.986;12.6;267.0668;4;0.113;1;0.005;1;0.2825;1;3.63;1;6;0.02;0.00
18NA95908_114;CAST#1;45.9852;-60.4447;152242;20;27-sep-95;18:14:00;21.936;10.6;260.3678;4;0.158;1;1.245;1;0.4;1;4.82;1;6;3.11;0.26
