CTD;CTD;CTD;CTD;CTD;CTD;CTD;CTD;CTD;CTD;CTD;labo;labo;CTD;labo;labo;labo;labo;labo;labo;labo;labo;labo;calc;calc
Fichier;Station;Latitude;Longitude;Echantillon;zbouteille;Date;Heure;PSAL;TE90;DOXY;OXYM_01;CHL_03;FLOR;NO2_01;Q_NO2;NOx_01;Q_NOX;PO4_01;Q_PO4;Si_01;Q_Si;QCFF;N_P;N_Si
(nom);(nom/no);(degres);(degres);(no_unique);(dbar);(jj-mmm-yyyy);(GMT);(psu);(celsius);(ml/l);(mmol/m**3);(mg/m**3);(mg/m**3);(mmol/m**3);((none));(mmol/m**3);((none));(mmol/m**3);((none));(mmol/m**3);((none));((none));((none));((none))
18TL15016_1423;531;47.99567;-60.5085;416635;2.08;10-jun-15;16:54:00;31.2;5.99;342.94414;NaN;0.57;0.318;0.02333;1;0.175;1;0.30333;1;0.61;1;0;0.58;0.29
18TL15016_1423;531;47.99567;-60.5085;416634;4.86;10-jun-15;16:54:00;31.2;5.96;343.07812;342.49754;0.57;0.376;0.02;1;0.185;1;0.29667;1;0.62;1;6;0.62;0.30
18TL15016_1423;531;47.99567;-60.5085;416633;14.87;10-jun-15;16:54:00;31.2;5.89;343.882;NaN;0.565;0.498;0.02;1;0.24;1;0.33;1;0.68;1;0;0.73;0.35
18TL15016_1423;531;47.99567;-60.5085;416632;24.79;10-jun-15;16:54:00;31.59;1.01;380.14592;NaN;0.775;0.856;0.095;1;3.66;1;0.75;1;4.02;1;0;4.88;0.91
18TL15016_1423;531;47.99567;-60.5085;416631;50.86;10-jun-15;16:54:00;31.95;-0.58;364.51492;372.0178;0.135;0.139;0.16;1;5.725;1;0.85;1;5.685;1;6;6.74;1.01
18TL15016_1423;531;47.99567;-60.5085;416630;99.93;10-jun-15;16:54:00;32.67;0.79;285.02012;NaN;0.1;0.036;0.05;1;11.38;1;1.165;1;11.21;1;0;9.77;1.02
18TL15016_1423;531;47.99567;-60.5085;416629;200.6;10-jun-15;16:54:00;34.47;6.41;170.64586;NaN;NaN;0.008;0.035;1;19.73;1;1.5;1;18.11;1;0;13.15;1.09
18TL15016_1423;531;47.99567;-60.5085;416628;251.22;10-jun-15;16:54:00;34.65;6.11;119.86744;118.77327;NaN;0.032;NaN;9;NaN;9;NaN;9;NaN;9;6;NaN;NaN
18TL15016_1423;531;47.99567;-60.5085;416627;301.82;10-jun-15;16:54:00;34.78;6.09;138.31202;NaN;NaN;0.021;0.03;1;23.725;1;1.82;1;28.04;1;0;13.04;0.85
18TL15016_1423;531;47.99567;-60.5085;416626;400.71;10-jun-15;16:54:00;34.88;5.61;152.78186;NaN;NaN;0.024;0.02;1;23;1;1.875;1;33.735;1;0;12.27;0.68
18TL15016_1423;531;47.99567;-60.5085;416625;451.58;10-jun-15;16:54:00;34.88;5.61;153.00516;153.02749;NaN;0.024;0.02;1;22.955;1;1.855;1;34.035;1;6;12.37;0.67
18TL15016_1424;541;47.5825;-59.343;416643;1.88;10-jun-15;23:13:00;30.52;6.92;335.93252;NaN;0.38;0.386;0.015;1;0.205;1;0.255;1;0.365;1;0;0.80;0.56
18TL15016_1424;541;47.5825;-59.343;416642;5.06;10-jun-15;23:13:00;30.82;6.92;335.44126;334.63738;0.395;0.389;0.015;1;0.21;1;0.25;1;0.37;1;6;0.84;0.57
18TL15016_1424;541;47.5825;-59.343;416641;15.27;10-jun-15;23:13:00;31.09;4.99;347.6781;NaN;0.31;0.312;0.025;1;0.53;1;0.295;1;0.495;1;0;1.80;1.07
18TL15016_1424;541;47.5825;-59.343;416640;24.69;10-jun-15;23:13:00;31.42;3.6;368.75762;NaN;0.26;0.282;0.02;1;0.455;1;0.325;1;0.365;1;0;1.40;1.25
18TL15016_1424;541;47.5825;-59.343;416639;49.08;10-jun-15;23:13:00;32;0.16;344.9985;348.66062;1.23;0.56;0.12;1;5.4;1;0.83;1;3.415;1;6;6.51;1.58
18TL15016_1424;541;47.5825;-59.343;416638;100.13;10-jun-15;23:13:00;32.51;1.15;312.21806;NaN;0.3;0.214;0.11;1;8.245;1;0.96;1;6.645;1;0;8.59;1.24
18TL15016_1424;541;47.5825;-59.343;416637;200.81;10-jun-15;23:13:00;34.49;6.41;173.10216;NaN;NaN;0.024;0.055;1;19.82;1;1.495;1;18.01;1;0;13.26;1.10
18TL15016_1424;541;47.5825;-59.343;416636;253.01;10-jun-15;23:13:00;34.74;6.64;159.2129;157.62747;NaN;0.029;0.045;1;22.13;1;1.63;1;21.82;1;6;13.58;1.01
18TL15016_1425;551;47.43333;-59.54567;416653;3.67;11-jun-15;01:27:00;30.57;6.35;335.70922;NaN;0.35;0.435;0.01;1;0.055;1;0.255;1;0.37;1;0;0.22;0.15
18TL15016_1425;551;47.43333;-59.54567;416652;5.26;11-jun-15;01:27:00;30.57;6.35;335.21796;337.8529;0.395;0.445;0.01;1;0.065;1;0.255;1;0.38;1;6;0.25;0.17
18TL15016_1425;551;47.43333;-59.54567;416651;15.17;11-jun-15;01:27:00;30.6;6.33;335.3966;NaN;0.35;0.407;0.015;1;0.055;1;0.27;1;0.375;1;0;0.20;0.15
18TL15016_1425;551;47.43333;-59.54567;416650;26.28;11-jun-15;01:27:00;31.18;4.33;358.97708;NaN;0.275;0.348;0.015;1;0.05;1;0.275;1;0.25;1;0;0.18;0.20
18TL15016_1425;551;47.43333;-59.54567;416649;50.47;11-jun-15;01:27:00;32;-0.52;329.99274;335.6199;0.215;0.165;0.125;1;8.255;1;1.005;1;8.255;1;6;8.21;1.00
18TL15016_1425;551;47.43333;-59.54567;416648;102.21;11-jun-15;01:27:00;32.91;1.67;268.71922;NaN;0.095;0.046;0.04;1;12.42;1;1.205;1;12.355;1;0;10.31;1.01
18TL15016_1425;551;47.43333;-59.54567;416647;200.22;11-jun-15;01:27:00;34.6;6.74;160.19542;NaN;NaN;0.014;0.025;1;21.015;1;1.58;1;19.635;1;0;13.30;1.07
18TL15016_1425;551;47.43333;-59.54567;416646;300.05;11-jun-15;01:27:00;34.83;6.25;156.9799;NaN;NaN;0.014;0.02;1;23.14;1;1.715;1;23.775;1;0;13.49;0.97
18TL15016_1425;551;47.43333;-59.54567;416645;397.86;11-jun-15;01:27:00;34.9;5.57;177.16622;NaN;NaN;0.018;0.015;1;22.08;1;1.725;1;27.21;1;0;12.80;0.81
18TL15016_1425;551;47.43333;-59.54567;416644;456.35;11-jun-15;01:27:00;34.9;5.55;181.14096;180.40407;NaN;0.022;0.02;1;21.815;1;1.7;1;27.44;1;6;12.83;0.80
18TL15016_1426;561;47.26583;-59.78217;416663;2.78;11-jun-15;04:13:00;30.45;5.96;339.59464;NaN;0.3;0.34;0.01;1;0.065;1;0.25;1;0.325;1;0;0.26;0.20
18TL15016_1426;561;47.26583;-59.78217;416662;4.46;11-jun-15;04:13:00;30.45;5.96;339.416;339.28202;0.31;0.337;0.015;1;0.06;1;0.26;1;0.33;1;6;0.23;0.18
18TL15016_1426;561;47.26583;-59.78217;416661;14.97;11-jun-15;04:13:00;30.71;4.84;353.12662;NaN;0.465;0.381;0.02;1;0.11;1;0.29;1;0.305;1;0;0.38;0.36
18TL15016_1426;561;47.26583;-59.78217;416660;24.99;11-jun-15;04:13:00;30.84;2.35;369.87412;NaN;0.315;0.263;0.04;1;0.725;1;0.43;1;0.645;1;0;1.69;1.12
18TL15016_1426;561;47.26583;-59.78217;416659;50.27;11-jun-15;04:13:00;31.77;-0.47;336.64708;344.79753;0.955;0.481;0.12;1;6.385;1;0.94;1;4.545;1;6;6.79;1.40
18TL15016_1426;561;47.26583;-59.78217;416658;100.93;11-jun-15;04:13:00;32.7;1.21;284.7075;NaN;0.145;0.063;0.12;1;11.005;1;1.135;1;10.76;1;0;9.70;1.02
18TL15016_1426;561;47.26583;-59.78217;416657;201.61;11-jun-15;04:13:00;34.57;6.73;163.50026;NaN;NaN;0.018;0.025;1;20.105;1;1.52;1;18.545;1;0;13.23;1.08
18TL15016_1426;561;47.26583;-59.78217;416656;301.84;11-jun-15;04:13:00;34.71;6.03;126.52178;NaN;NaN;0.031;0.02;1;23.92;1;1.88;1;30.76;1;0;12.72;0.78
18TL15016_1426;561;47.26583;-59.78217;416655;401.93;11-jun-15;04:13:00;34.87;5.64;148.36052;NaN;NaN;0.024;0.02;1;23.335;1;1.865;1;32.745;1;0;12.51;0.71
18TL15016_1426;561;47.26583;-59.78217;416654;447.75;11-jun-15;04:13:00;34.88;5.61;151.844;150.9508;NaN;0.023;0.015;1;23.015;1;1.865;1;34.235;1;6;12.34;0.67
18TL15016_1427;571;47.1095;-60.01033;416672;2.48;11-jun-15;06:54:00;30.3;6.1;336.0665;NaN;0.405;0.379;0.015;1;0.11;1;0.275;1;0.375;1;0;0.40;0.29
18TL15016_1427;571;47.1095;-60.01033;416671;4.96;11-jun-15;06:54:00;30.3;6.1;336.46844;335.68689;0.295;0.377;0.015;1;0.09;1;0.28;1;0.38;1;6;0.32;0.24
18TL15016_1427;571;47.1095;-60.01033;416670;15.47;11-jun-15;06:54:00;30.74;3.21;369.51684;NaN;0.16;0.396;0.02;1;0.28;1;0.345;1;0.375;1;0;0.81;0.75
18TL15016_1427;571;47.1095;-60.01033;416669;24.99;11-jun-15;06:54:00;30.92;1.93;364.4256;NaN;0.26;0.299;0.04;1;1.565;1;0.495;1;1.275;1;0;3.16;1.23
18TL15016_1427;571;47.1095;-60.01033;416668;50.77;11-jun-15;06:54:00;31.82;-0.25;333.52088;339.61697;0.63;0.341;0.105;1;6.72;1;0.945;1;5.185;1;6;7.11;1.30
18TL15016_1427;571;47.1095;-60.01033;416667;99.94;11-jun-15;06:54:00;32.88;1.61;273.14056;NaN;0.155;0.125;0.105;1;11.905;1;1.17;1;11.615;1;0;10.18;1.02
18TL15016_1427;571;47.1095;-60.01033;416666;200.12;11-jun-15;06:54:00;34.5;6.84;183.7759;NaN;NaN;0.012;0.02;1;18.31;1;1.395;1;14.97;1;0;13.13;1.22
18TL15016_1427;571;47.1095;-60.01033;416665;300.36;11-jun-15;06:54:00;34.8;5.86;142.59938;NaN;NaN;0.028;0.015;1;23.515;2;1.845;1;30.91;1;2048;12.75;0.76
18TL15016_1427;571;47.1095;-60.01033;416664;320.26;11-jun-15;06:54:00;34.82;5.81;143.8052;142.33142;NaN;0.028;0.02;1;23.51;2;1.845;1;31.59;1;2054;12.74;0.74
18TL15016_1428;581;46.95467;-60.21517;416678;1.39;11-jun-15;09:53:00;30.37;4.89;349.95576;NaN;0.39;0.446;0.03;1;0.555;1;0.335;1;0.75;1;0;1.66;0.74
18TL15016_1428;581;46.95467;-60.21517;416677;5.36;11-jun-15;09:53:00;30.37;4.89;350.1344;349.10722;0.505;0.442;0.035;1;0.535;1;0.33;1;0.735;1;6;1.62;0.73
18TL15016_1428;581;46.95467;-60.21517;416676;15.47;11-jun-15;09:53:00;30.39;4.7;353.12662;NaN;0.395;0.439;0.025;1;0.55;1;0.33;1;0.74;1;0;1.67;0.74
18TL15016_1428;581;46.95467;-60.21517;416675;25.58;11-jun-15;09:53:00;31.09;0.45;380.0566;NaN;0.12;0.148;0.045;1;1.495;1;0.54;1;0.61;1;0;2.77;2.45
18TL15016_1428;581;46.95467;-60.21517;416674;50.77;11-jun-15;09:53:00;31.56;-0.1;387.06822;388.542;0.4;0.266;0.05;1;1.56;1;0.605;1;0.69;1;6;2.58;2.26
18TL15016_1428;581;46.95467;-60.21517;416673;70.8;11-jun-15;09:53:00;32.08;0.09;342.27424;343.68103;0.255;0.136;0.125;1;6.065;1;0.875;1;4.93;1;6;6.93;1.23
18TL15016_1429;591;46.74183;-60.99983;416684;1.19;11-jun-15;14:56:00;29.9;9.25;327.22382;NaN;0.48;0.125;0.015;1;0.05;1;0.205;1;0.715;1;0;0.24;0.07
18TL15016_1429;591;46.74183;-60.99983;416683;4.96;11-jun-15;14:56:00;29.96;8.88;328.96556;325.41509;0.63;0.175;0.015;1;0.04;1;0.205;1;0.71;1;6;0.20;0.06
18TL15016_1429;591;46.74183;-60.99983;416682;15.37;11-jun-15;14:56:00;30.52;7.6;333.8335;NaN;0.655;0.511;0.015;1;0.06;1;0.23;1;0.53;1;0;0.26;0.11
18TL15016_1429;591;46.74183;-60.99983;416681;25.58;11-jun-15;14:56:00;30.99;6.19;346.5616;NaN;0.36;0.434;0.02;1;0.21;1;0.285;1;0.39;1;0;0.74;0.54
18TL15016_1429;591;46.74183;-60.99983;416680;50.87;11-jun-15;14:56:00;31.77;-0.85;330.57332;336.20048;2.73;0.953;0.1;1;6.395;1;1.04;1;3.95;1;6;6.15;1.62
18TL15016_1429;591;46.74183;-60.99983;416679;55.73;11-jun-15;14:56:00;32.04;-0.48;312.30738;317.19765;1.04;0.493;0.115;1;8.005;1;1.11;1;6.325;1;6;7.21;1.27
18TL15016_1430;601;46.83183;-61.24683;416690;1.59;11-jun-15;16:30:00;30.18;7.94;335.1733;NaN;0.425;0.309;0.01;1;0.055;1;0.18;1;0.73;1;0;0.31;0.08
18TL15016_1430;601;46.83183;-61.24683;416689;4.86;11-jun-15;16:30:00;30.16;8.05;335.08398;333.31991;0.5;0.228;0.015;1;0.04;1;0.18;1;0.72;1;6;0.22;0.06
18TL15016_1430;601;46.83183;-61.24683;416688;14.88;11-jun-15;16:30:00;30.42;6.77;341.8723;NaN;1.035;0.676;0.02;1;0.085;1;0.22;1;0.62;1;0;0.39;0.14
18TL15016_1430;601;46.83183;-61.24683;416687;24.79;11-jun-15;16:30:00;30.65;5.52;347.18684;NaN;0.605;0.538;0.01;1;0.09;1;0.285;1;0.595;1;0;0.32;0.15
18TL15016_1430;601;46.83183;-61.24683;416686;49.88;11-jun-15;16:30:00;31.53;-0.63;327.53644;329.05488;0.43;0.313;0.105;1;5.965;1;1.115;1;5.945;1;6;5.35;1.00
18TL15016_1430;601;46.83183;-61.24683;416685;57.91;11-jun-15;16:30:00;31.64;-0.57;319.89958;321.61899;0.31;0.229;0.115;1;6.5;1;1.14;1;7.045;1;6;5.70;0.92
18TL15016_1431;611;46.91717;-61.49783;416695;0.69;11-jun-15;18:19:00;30.52;7.81;335.8432;NaN;0.515;0.209;0.015;1;0.04;1;0.19;1;0.84;1;0;0.21;0.05
18TL15016_1431;611;46.91717;-61.49783;416694;5.26;11-jun-15;18:19:00;30.52;7.71;336.60242;335.08398;0.615;0.339;0.015;1;0.035;1;0.195;1;0.82;1;6;0.18;0.04
18TL15016_1431;611;46.91717;-61.49783;416693;15.07;11-jun-15;18:19:00;30.79;5.7;348.1247;NaN;0.77;0.635;0.025;1;0.165;1;0.26;1;0.525;1;0;0.63;0.31
18TL15016_1431;611;46.91717;-61.49783;416692;22.81;11-jun-15;18:19:00;30.92;5.14;351.38488;NaN;0.475;0.466;0.02;1;0.23;1;0.275;1;0.51;1;0;0.84;0.45
18TL15016_1431;611;46.91717;-61.49783;416691;51.17;11-jun-15;18:19:00;31.39;-0.48;342.36356;342.27424;0.725;0.499;0.08;1;4.435;1;0.96;1;4.33;1;6;4.62;1.02
18TL15016_1432;621;46.99467;-61.7505;416700;0.89;11-jun-15;19:53:00;31.14;6.69;339.77328;NaN;0.355;0.129;0.02;1;0.155;1;0.27;1;0.36;1;0;0.57;0.43
18TL15016_1432;621;46.99467;-61.7505;416699;5.36;11-jun-15;19:53:00;31.14;6.64;340.39852;338.50047;0.495;0.172;0.015;1;0.16;1;0.28;1;0.33;1;6;0.57;0.48
18TL15016_1432;621;46.99467;-61.7505;416698;14.48;11-jun-15;19:53:00;31.14;6.2;343.03346;NaN;0.43;0.339;0.015;1;0.17;1;0.28;1;0.335;1;0;0.61;0.51
18TL15016_1432;621;46.99467;-61.7505;416697;25.29;11-jun-15;19:53:00;31.13;1.5;374.38478;NaN;0.42;0.344;0.04;1;0.94;1;0.48;1;0.565;1;0;1.96;1.66
18TL15016_1432;621;46.99467;-61.7505;416696;36.39;11-jun-15;19:53:00;31.35;-0.42;346.96354;349.04023;0.32;0.263;0.07;1;3.97;1;0.93;1;3.515;1;6;4.27;1.13
18TL15016_1433;631;47.16617;-62.24917;416705;2.18;11-jun-15;22:28:00;30.84;8.21;322.98112;NaN;0.26;0.31;0.02;1;0.065;1;0.23;1;0.41;1;0;0.28;0.16
18TL15016_1433;631;47.16617;-62.24917;416704;5.26;11-jun-15;22:28:00;30.84;8.2;323.51704;321.15006;0.285;0.329;0.02;1;0.07;1;0.225;1;0.375;1;6;0.31;0.19
18TL15016_1433;631;47.16617;-62.24917;416703;15.47;11-jun-15;22:28:00;30.94;6.1;339.95192;NaN;0.38;0.336;0.02;1;0.18;1;0.285;1;0.54;1;0;0.63;0.33
18TL15016_1433;631;47.16617;-62.24917;416702;25.19;11-jun-15;22:28:00;31.26;2.2;358.48582;NaN;0.61;0.581;0.045;1;0.975;1;0.53;1;1.19;1;0;1.84;0.82
18TL15016_1433;631;47.16617;-62.24917;416701;35.7;11-jun-15;22:28:00;31.45;0.27;367.90908;371.30324;1.795;1.241;0.055;1;1.99;1;0.635;1;1;1;6;3.13;1.99
18TL15016_1434;641;47.3325;-62.74867;416710;2.58;12-jun-15;00:52:00;30.3;9.19;316.28212;NaN;0.445;0.429;0.02;1;0.06;1;0.12;1;0.31;1;0;0.50;0.19
18TL15016_1434;641;47.3325;-62.74867;416709;5.35;12-jun-15;00:52:00;30.3;9.19;316.46076;314.60737;0.44;0.421;0.015;1;0.06;1;0.12;1;0.31;1;6;0.50;0.19
18TL15016_1434;641;47.3325;-62.74867;416708;15.57;12-jun-15;00:52:00;30.63;7.98;324.41024;NaN;0.535;0.374;0.02;1;0.07;1;0.165;1;0.325;1;0;0.42;0.22
18TL15016_1434;641;47.3325;-62.74867;416707;26.08;12-jun-15;00:52:00;31.46;0.18;363.35376;NaN;0.61;0.473;0.085;1;3.445;1;0.78;1;0.81;1;0;4.42;4.25
18TL15016_1434;641;47.3325;-62.74867;416706;50.17;12-jun-15;00:52:00;31.6;-0.32;351.34022;353.32759;1.165;0.659;0.095;1;4.6;1;0.97;1;2.27;1;6;4.74;2.03
18TL15016_1435;651;47.499;-63.24983;416716;1.69;12-jun-15;03:36:00;29.27;10.27;316.77338;NaN;1.185;0.78;0.02;1;0.105;1;0.085;1;0.275;1;0;1.24;0.38
18TL15016_1435;651;47.499;-63.24983;416715;4.86;12-jun-15;03:36:00;29.27;10.28;317.21998;313.93747;1.295;0.768;0.02;1;0.07;1;0.075;1;0.275;1;6;0.93;0.25
18TL15016_1435;651;47.499;-63.24983;416714;15.07;12-jun-15;03:36:00;29.42;8.51;326.10732;NaN;1.37;0.578;0.025;1;0.075;1;0.125;1;0.27;1;0;0.60;0.28
18TL15016_1435;651;47.499;-63.24983;416713;25.58;12-jun-15;03:36:00;30.9;1.51;388.58666;NaN;0.53;0.316;0.06;1;1.455;1;0.415;1;0.41;1;0;3.51;3.55
18TL15016_1435;651;47.499;-63.24983;416712;50.37;12-jun-15;03:36:00;31.22;-0.53;342.7655;NaN;0.335;0.278;0.125;1;8.225;1;1.06;1;1.22;1;0;7.76;6.74
18TL15016_1435;651;47.499;-63.24983;416711;73.27;12-jun-15;03:36:00;31.8;-0.96;298.82006;302.21422;0.575;0.292;0.17;1;10.685;1;1.335;1;14.055;1;6;8.00;0.76
18TL15016_1436;661;47.66583;-63.75033;416722;2.58;12-jun-15;07:16:00;28.73;10.53;324.99082;NaN;1.915;0.933;0.015;1;0.04;1;0.05;1;0.295;1;0;0.80;0.14
18TL15016_1436;661;47.66583;-63.75033;416721;5.45;12-jun-15;07:16:00;28.83;10.34;325.43742;NaN;2.06;0.869;0.015;1;0.055;1;0.05;1;0.235;1;0;1.10;0.23
18TL15016_1436;661;47.66583;-63.75033;416720;15.17;12-jun-15;07:16:00;30.45;3.94;377.24302;373.46925;2.64;0.668;0.025;1;0.3;1;0.175;1;0.515;1;6;1.71;0.58
18TL15016_1436;661;47.66583;-63.75033;416719;25.09;12-jun-15;07:16:00;30.92;1.62;362.8625;NaN;0.625;0.322;0.06;1;3.225;1;0.605;1;2.42;1;0;5.33;1.33
18TL15016_1436;661;47.66583;-63.75033;416718;50.57;12-jun-15;07:16:00;31.46;-0.56;329.54614;NaN;0.2;0.148;0.17;1;10.8;1;1.37;1;14.935;1;0;7.88;0.72
18TL15016_1436;661;47.66583;-63.75033;416717;60.78;12-jun-15;07:16:00;31.79;-0.58;296.63172;297.16764;1.205;0.743;0.13333;1;9.82333;1;1.19333;1;9.035;1;6;8.23;1.09
18TL15016_1437;671;47.78667;-64.03667;416728;2.18;12-jun-15;09:12:00;29.1;10.06;322.17724;NaN;1.415;0.579;0.02;1;0.05;1;0.075;1;0.225;1;0;0.67;0.22
18TL15016_1437;671;47.78667;-64.03667;416727;5.35;12-jun-15;09:12:00;29.11;10;323.1151;319.9889;1.515;0.584;0.01;1;0.045;1;0.075;1;0.22;1;6;0.60;0.20
18TL15016_1437;671;47.78667;-64.03667;416726;15.07;12-jun-15;09:12:00;30.57;3.76;376.9304;NaN;1.01;0.521;0.03;1;0.195;1;0.245;1;0.36;1;0;0.80;0.54
18TL15016_1437;671;47.78667;-64.03667;416725;24.49;12-jun-15;09:12:00;31.01;1.83;373.31294;NaN;0.435;0.298;0.06;1;2.675;1;0.54;1;1.835;1;0;4.95;1.46
18TL15016_1437;671;47.78667;-64.03667;416724;49.38;12-jun-15;09:12:00;31.66;-0.74;318.8724;NaN;0.17;0.167;0.145;1;10.51;1;1.27;1;11.56;1;0;8.28;0.91
18TL15016_1437;671;47.78667;-64.03667;416723;77.23;12-jun-15;09:12:00;32.27;0.11;270.193;268.71922;0.27;0.138;0.22;1;12.275;1;1.46;1;19.305;1;6;8.41;0.64
18TL15016_1438;681;47.8325;-64.24983;416733;1.49;12-jun-15;12:16:00;28.64;10.18;331.28788;NaN;1.595;0.717;0.02;1;0.05;1;0.045;1;0.225;1;0;1.11;0.22
18TL15016_1438;681;47.8325;-64.24983;416732;5.45;12-jun-15;12:16:00;28.75;10.12;329.94808;328.27333;2.505;0.729;0.02;1;0.055;1;0.055;1;0.225;1;6;1.00;0.24
18TL15016_1438;681;47.8325;-64.24983;416731;15.57;12-jun-15;12:16:00;29.5;5.18;324.18694;NaN;1.135;0.937;0.065;1;1.395;1;0.37;1;3.785;1;0;3.77;0.37
18TL15016_1438;681;47.8325;-64.24983;416730;25.58;12-jun-15;12:16:00;30.53;2.65;325.25878;NaN;0.56;0.408;0.08;1;3.05;1;0.64;1;6.89;1;0;4.77;0.44
18TL15016_1438;681;47.8325;-64.24983;416729;35.5;12-jun-15;12:16:00;31.24;0.73;341.4257;341.89463;0.375;0.335;0.105;1;6.25;1;0.9;1;5.17;1;6;6.94;1.21
18TL15016_1439;711;47.93333;-65.24733;416736;2.68;12-jun-15;23:03:00;28.27;9.01;369.69548;367.88675;4.21;1.496;0.025;1;0.04;1;0.07;1;0.345;1;6;0.57;0.12
18TL15016_1439;711;47.93333;-65.24733;416735;24.99;12-jun-15;23:03:00;30.25;1.7;341.4257;343.30142;0.725;0.501;0.06;1;0.79;1;0.415;1;2.835;1;6;1.90;0.28
18TL15016_1439;711;47.93333;-65.24733;416734;65.63;12-jun-15;23:03:00;31.81;-0.38;273.3192;271.80076;0.35;0.248;0.21;1;12.935;1;1.515;1;23.4;1;6;8.54;0.55
18TL15016_1440;761;47.494;-64.667;416740;2.38;13-jun-15;16:04:00;27.57;12.19;309.9404;306.45692;1.0325;0.661;0.01;1;0.03;1;0.06;1;0.7;1;6;0.50;0.04
18TL15016_1440;761;47.494;-64.667;416739;20.53;13-jun-15;16:04:00;30.25;3.07;313.87048;316.32678;1.5475;1.376;0.05;1;0.48;1;0.445;1;1.435;1;6;1.08;0.33
18TL15016_1441;781;46.82517;-64.66717;416742;2.28;13-jun-15;20:56:00;27.99;12.82;305.74236;302.32587;0.5325;0.481;0.015;1;0.03;1;0.035;1;0.425;1;6;0.86;0.07
18TL15016_1441;781;46.82517;-64.66717;416741;20.43;13-jun-15;20:56:00;30.47;2.46;335.30728;335.21796;1.7425;0.647;0.03;1;0.115;1;0.33;1;2.87;1;6;0.35;0.04
18TL15016_1442;801;47.16417;-64.25283;416745;2.18;14-jun-15;01:04:00;27.83;12.45;320.4355;321.41802;1.01;1.098;0.01;1;0.025;1;0.035;1;0.235;1;6;0.71;0.11
18TL15016_1442;801;47.16417;-64.25283;416744;25.98;14-jun-15;01:04:00;30.78;1.41;352.3674;354.31011;0.8525;0.374;0.045;1;0.635;1;0.505;1;1.865;1;6;1.26;0.34
18TL15016_1442;801;47.16417;-64.25283;416743;39.66;14-jun-15;01:04:00;30.87;0.59;320.8821;320.72579;0.7;0.381;0.09;1;3.19;1;0.83;1;3.59;1;6;3.84;0.89
18TL15016_1443;821;47.49333;-63.75067;416748;2.38;14-jun-15;06:18:00;29.02;11.62;312.88796;310.25302;0.805;0.815;0.01;1;0.04;1;0.03;1;0.265;1;6;1.33;0.15
18TL15016_1443;821;47.49333;-63.75067;416747;25.29;14-jun-15;06:18:00;30.81;1.94;397.38468;398.8138;0.875;0.338;0.04;1;0.88;1;0.36;1;0.715;1;6;2.44;1.23
18TL15016_1443;821;47.49333;-63.75067;416746;63.56;14-jun-15;06:18:00;31.4;-1.08;327.1345;360.22756;0.475;0.297;0.14;1;9.93;1;1.225;1;8.16;1;6;8.11;1.22
18TL15016_1444;841;46.83633;-63.75083;416751;2.98;14-jun-15;11:17:00;28.67;11.45;307.75206;305.38508;1.005;0.745;0.015;1;0.025;1;0.09;1;0.88;1;6;0.28;0.03
18TL15016_1444;841;46.83633;-63.75083;416750;26.18;14-jun-15;11:17:00;30.62;2.64;328.07236;320.8821;0.61;0.29;0.04;1;0.235;1;0.415;1;2.445;1;6;0.57;0.10
18TL15016_1444;841;46.83633;-63.75083;416749;30.15;14-jun-15;11:17:00;30.87;1.47;316.50542;315.38892;1.235;0.297;0.055;1;0.56;1;0.62;1;3.68;1;6;0.90;0.15
18TL15016_1445;851;46.5135;-63.25017;416753;3.17;14-jun-15;14:32:00;29.27;10.81;314.76368;311.81612;1.295;0.785;0.01;1;0.025;1;0.115;1;1.35;1;6;0.22;0.02
18TL15016_1445;851;46.5135;-63.25017;416752;24.2;14-jun-15;14:32:00;30.27;5.49;319.14036;316.77338;1.775;0.562;0.04;1;0.155;1;0.315;1;3.055;1;6;0.49;0.05
18TL15016_1446;871;47.16617;-63.23883;416756;3.57;14-jun-15;19:58:00;29.91;9.65;329.09954;325.83936;1.22;0.61;0.015;1;0.03;1;0.105;1;0.62;1;6;0.29;0.05
18TL15016_1446;871;47.16617;-63.23883;416755;25.39;14-jun-15;19:58:00;30.99;0.31;364.55958;366.68093;0.63;0.298;0.035;1;0.635;1;0.49;1;0.285;1;6;1.30;2.23
18TL15016_1446;871;47.16617;-63.23883;416754;56.72;14-jun-15;19:58:00;31.19;-0.54;311.0569;310.09671;0.615;0.403;0.125;1;7.035;1;1.245;1;2.22;1;6;5.65;3.17
18TL15016_1447;901;47.83017;-62.26267;416759;2.38;15-jun-15;04:52:00;29.51;9.06;328.51896;326.84421;1.0175;0.632;0.02;1;0.045;1;0.09;1;0.185;1;6;0.50;0.24
18TL15016_1447;901;47.83017;-62.26267;416758;25.28;15-jun-15;04:52:00;31.27;1.61;376.97506;375.94788;1.215;0.489;0.06;1;1.7;1;0.525;1;0.405;1;6;3.24;4.20
18TL15016_1447;901;47.83017;-62.26267;416757;56.02;15-jun-15;04:52:00;31.81;-0.72;296.36376;308.62293;0.96;0.463;0.12;1;8.42;1;1.395;1;5.765;1;6;6.04;1.46
18TL15016_1448;921;47.994;-60.512;416770;2.48;15-jun-15;14:33:00;31.1;6.92;334.41408;NaN;0.605;0.15;0.02;1;0.075;1;0.28;1;0.495;1;0;0.27;0.15
18TL15016_1448;921;47.994;-60.512;416769;5.26;15-jun-15;14:33:00;31.1;6.97;334.41408;346.36063;0.59;0.134;0.02;1;0.09;1;0.29;1;0.44;1;6;0.31;0.20
18TL15016_1448;921;47.994;-60.512;416768;15.17;15-jun-15;14:33:00;31.1;6.94;335.1733;NaN;0.525;0.173;0.02;1;0.115;1;0.295;1;0.495;1;0;0.39;0.23
18TL15016_1448;921;47.994;-60.512;416767;25.28;15-jun-15;14:33:00;31.65;1.3;398.76914;NaN;7.085;5.503;0.085;1;1.73;1;0.58;1;2.605;1;0;2.98;0.66
18TL15016_1448;921;47.994;-60.512;416766;50.47;15-jun-15;14:33:00;31.93;-0.4;362.28192;366.61394;0.29;0.226;0.135;1;5.905;1;0.87;1;5.57;1;6;6.79;1.06
18TL15016_1448;921;47.994;-60.512;416765;100.03;15-jun-15;14:33:00;32.92;1.7;276.6687;NaN;0.105;0.036;0.035;1;11.46;1;1.155;1;10.79;1;0;9.92;1.06
18TL15016_1448;921;47.994;-60.512;416764;200.41;15-jun-15;14:33:00;34.51;6.53;167.475;NaN;NaN;0.017;0.025;1;20.09;1;1.52;1;18.365;1;0;13.22;1.09
18TL15016_1448;921;47.994;-60.512;416763;250.23;15-jun-15;14:33:00;34.65;6.22;125.98586;127.08003;NaN;0.046;NaN;9;NaN;9;NaN;9;NaN;9;6;NaN;NaN
18TL15016_1448;921;47.994;-60.512;416762;301.03;15-jun-15;14:33:00;34.76;6.1;134.69456;NaN;NaN;0.023;0.005;1;23.755;1;1.83;1;28.845;1;0;12.98;0.82
18TL15016_1448;921;47.994;-60.512;416761;399.82;15-jun-15;14:33:00;34.87;5.64;147.19936;NaN;NaN;0.028;0.015;1;23.4;1;1.875;1;32.905;1;0;12.48;0.71
18TL15016_1448;921;47.994;-60.512;416760;450.29;15-jun-15;14:33:00;34.87;5.62;150.10226;149.90129;NaN;0.029;0.015;1;23.125;1;1.87;1;34.215;1;6;12.37;0.68
18TL15016_1449;931;47.82783;-60.74317;416773;2.08;15-jun-15;21:12:00;31.01;7.99;332.62768;329.88109;0.61;0.242;0.015;1;0.1;1;0.275;1;0.36;1;6;0.36;0.28
18TL15016_1449;931;47.82783;-60.74317;416772;24.99;15-jun-15;21:12:00;31.55;1.83;397.65264;399.2604;2.805;1.738;0.045;1;0.645;1;0.435;1;0.375;1;6;1.48;1.72
18TL15016_1449;931;47.82783;-60.74317;416771;126.1;15-jun-15;21:12:00;33.3;2.71;224.4165;223.45631;0.21;0.127;0.11;1;15.485;1;1.435;1;17.99;1;6;10.79;0.86
18TL15016_1450;951;47.498;-61.23633;416775;2.38;16-jun-15;01:20:00;30.82;8.15;324.18694;323.5617;0.545;0.561;0.01;1;0.04;1;0.24;1;0.505;1;6;0.17;0.08
18TL15016_1450;951;47.498;-61.23633;416774;25.68;16-jun-15;01:20:00;31.01;6.33;328.38498;326.33062;1.21;1.12;0.02;1;0.155;1;0.46;1;1.445;1;6;0.34;0.11
18TL15016_1451;961;47.504;-60.75483;416778;2.28;16-jun-15;03:42:00;30.99;7.04;336.2898;332.47137;0.415;0.357;0.02;1;0.055;1;0.325;1;0.38;1;6;0.17;0.14
18TL15016_1451;961;47.504;-60.75483;416777;24.69;16-jun-15;03:42:00;31.74;-0.65;407.5225;414.48946;2.235;1.218;0.07;1;0.65;1;0.54;1;0.22;1;6;1.20;2.95
18TL15016_1451;961;47.504;-60.75483;416776;50.57;16-jun-15;03:42:00;31.95;-0.76;345.57908;346.94121;8.935;2.99;0.125;1;6.55;1;0.97;1;4.775;1;6;6.75;1.37
18TL15016_1452;981;47.167;-61.24683;416781;2.28;16-jun-15;09:39:00;30.89;7.29;331.51118;328.9209;0.375;0.215;0.015;1;0.025;1;0.315;1;1.095;1;6;0.08;0.02
18TL15016_1452;981;47.167;-61.24683;416780;25.29;16-jun-15;09:39:00;31.29;3.87;374.29546;365.25181;0.5325;0.484;0.02;1;0.085;1;0.315;1;0.415;1;6;0.27;0.20
18TL15016_1452;981;47.167;-61.24683;416779;45.91;16-jun-15;09:39:00;31.67;0.03;354.8237;355.64991;0.935;0.684;0.065;1;2.595;1;0.805;1;2.74;1;6;3.22;0.95
18TL15016_1453;1001;46.50433;-61.2535;416784;2.08;16-jun-15;14:32:00;29.68;10.18;315.16562;313.42388;0.71;0.395;NaN;9;NaN;9;NaN;9;NaN;9;6;NaN;NaN
18TL15016_1453;1001;46.50433;-61.2535;416783;25.59;16-jun-15;14:32:00;30.71;5.22;355.31496;351.58585;0.6;0.321;0.02;1;0.085;1;0.25;1;0.46;1;6;0.34;0.18
18TL15016_1453;1001;46.50433;-61.2535;416782;54.74;16-jun-15;14:32:00;31.62;-0.17;324.0083;325.63839;0.35;0.257;0.01;1;0.02;1;0.165;1;0.905;1;6;0.12;0.02
18TL15016_1454;1011;46.16383;-61.74517;416787;1.88;16-jun-15;17:56:00;29.37;10.16;320.25686;315.99183;0.765;0.372;0.01;1;0.025;1;0.19;1;0.995;1;6;0.13;0.03
18TL15016_1454;1011;46.16383;-61.74517;416786;25.78;16-jun-15;17:56:00;31.06;1.24;377.73428;377.62263;0.695;0.328;0.04;1;0.925;1;0.49;1;0.57;1;6;1.89;1.62
18TL15016_1454;1011;46.16383;-61.74517;416785;47.7;16-jun-15;17:56:00;31.29;-0.49;343.92666;344.1053;0.45;0.281;0.08;1;4.005;1;0.88;1;4.685;1;6;4.55;0.85
18TL15016_1455;1031;45.83183;-62.2585;416789;2.08;16-jun-15;23:19:00;29.32;9.18;325.61606;321.64132;1.305;0.722;0.015;1;0.02;1;0.265;1;1.435;1;6;0.08;0.01
18TL15016_1455;1031;45.83183;-62.2585;416788;26.18;16-jun-15;23:19:00;30.65;1.07;344.01598;342.69851;1.47;0.402;0.06;1;0.99;1;0.57;1;4.445;1;6;1.74;0.22
18TL15016_1456;1061;46.82967;-61.74783;416792;2.08;17-jun-15;07:58:00;30.84;8.05;330.0374;327.55877;0.56;0.497;0.015;1;0.015;1;0.18;1;0.555;1;6;0.08;0.03
18TL15016_1456;1061;46.82967;-61.74783;416791;25.39;17-jun-15;07:58:00;30.96;5.06;355.047;352.54604;0.875;0.507;0.025;1;0.09;1;0.26;1;0.485;1;6;0.35;0.19
18TL15016_1456;1061;46.82967;-61.74783;416790;60.98;17-jun-15;07:58:00;31.57;-0.74;320.83744;320.12288;0.41;0.242;0.145;1;7.225;1;1.15;1;8.19;1;6;6.28;0.88
18TL15016_1457;1081;47.1645;-62.23983;416795;1.69;17-jun-15;13:04:00;30.79;6.61;330.30536;327.26848;0.735;0.245;0.02;1;0.185;1;0.365;1;0.975;1;6;0.51;0.19
18TL15016_1457;1081;47.1645;-62.23983;416794;25.29;17-jun-15;13:04:00;31.31;1.66;354.73438;353.64021;1.1;0.849;0.06;1;1.4;1;0.615;1;1.615;1;6;2.28;0.87
18TL15016_1457;1081;47.1645;-62.23983;416793;34.11;17-jun-15;13:04:00;31.39;0.85;358.8431;358.64213;1.37;0.841;0.07;1;1.905;1;0.655;1;1.465;1;6;2.91;1.30
18TL15016_1458;1101;46.56533;-62.25183;416798;3.67;17-jun-15;17:21:00;29.98;10.95;313.5132;309.76176;0.98;0.719;0.015;1;0.03;1;0.09;1;1.055;1;6;0.33;0.03
18TL15016_1458;1101;46.56533;-62.25183;416797;25.68;17-jun-15;17:21:00;30.68;7.71;344.86452;341.44803;0.88;0.384;0.015;1;0.02;1;0.14;1;0.53;1;6;0.14;0.04
18TL15016_1458;1101;46.56533;-62.25183;416796;38.28;17-jun-15;17:21:00;30.98;2.68;351.74216;354.1538;0.4375;0.339;0.07;1;0.73;1;0.505;1;2.39;1;6;1.45;0.31
18TL15016_1459;1121;46.83133;-62.75417;416801;2.58;17-jun-15;22:20:00;30.42;10.29;317.93454;315.67921;0.565;0.421;0.01;1;0.025;1;0.085;1;0.375;1;6;0.29;0.07
18TL15016_1459;1121;46.83133;-62.75417;416800;25.49;17-jun-15;22:20:00;31.05;3.02;384.79056;383.42843;0.735;0.381;0.03;1;0.15;1;0.26;1;0.295;1;6;0.58;0.51
18TL15016_1459;1121;46.83133;-62.75417;416799;50.47;17-jun-15;22:20:00;31.31;-0.34;330.35002;329.03255;0.42;0.208;0.09;1;4.975;1;1.095;1;3.01;1;6;4.54;1.65
18TL15016_1460;1141;47.4985;-62.74417;416804;2.18;18-jun-15;03:03:00;29.67;10.34;311.99476;307.7074;0.925;0.869;0.02333;1;0.03;1;0.07667;1;0.22;1;6;0.39;0.14
18TL15016_1460;1141;47.4985;-62.74417;416803;24.99;18-jun-15;03:03:00;31.23;1.16;391.2216;393.99052;1.015;0.363;0.08;1;2.035;1;0.54;1;0.235;1;6;3.77;8.66
18TL15016_1460;1141;47.4985;-62.74417;416802;48.09;18-jun-15;03:03:00;31.49;-0.18;338.43348;339.01406;0.5;0.25;0.1;1;5.95;1;1.095;1;3.22;1;6;5.43;1.85
18TL15016_1461;1161;47.58267;-61.8245;416806;2.18;18-jun-15;08:10:00;30.43;8.79;313.24524;311.39185;0.615;0.64;0.01333;1;0.015;1;0.20667;1;0.485;1;6;0.07;0.03
18TL15016_1461;1161;47.58267;-61.8245;416805;25.88;18-jun-15;08:10:00;31;4.55;330.2607;328.0277;1.345;0.644;0.03667;1;0.195;1;0.46;1;1.88;1;6;0.42;0.10
18TL15016_1462;1181;47.84767;-61.25617;416808;2.28;18-jun-15;13:07:00;30.25;8.85;319.7656;316.8627;0.97;0.424;0.02667;1;0.035;1;0.14;1;0.435;1;6;0.25;0.08
18TL15016_1462;1181;47.84767;-61.25617;416807;18.34;18-jun-15;13:07:00;30.72;6.37;326.82188;317.01901;1.27;0.867;0.03333;1;0.215;1;0.31;1;1.27;1;6;0.69;0.17
18TL15016_1463;1251;47.86367;-63.24917;416823;1.49;19-jun-15;08:09:00;29.04;9.63;331.1539;327.75974;2.02;1.255;0.02;1;0.02;1;0.07;1;0.245;1;6;0.29;0.08
18TL15016_1463;1251;47.86367;-63.24917;416822;24.99;19-jun-15;08:09:00;30.62;4.79;343.25676;340.68881;1.12;0.412;0.025;1;0.155;1;0.33;1;0.33;1;6;0.47;0.47
18TL15016_1463;1251;47.86367;-63.24917;416821;75.05;19-jun-15;08:09:00;31.8;-0.56;313.15592;311.90544;0.41;0.177;0.16667;1;9.92667;1;1.305;1;13.26;1;6;7.61;0.75
18TL15016_1464;1271;47.78783;-64.02967;416829;2.38;19-jun-15;12:32:00;27.28;10.21;324.09762;NaN;1.415;1.274;0.02;1;0.015;1;0.06;1;0.235;1;0;0.25;0.06
18TL15016_1464;1271;47.78783;-64.02967;416828;5.06;19-jun-15;12:32:00;28.85;10.2;321.41802;317.73357;1.71;1.183;0.015;1;0.015;1;0.055;1;0.235;1;6;0.27;0.06
18TL15016_1464;1271;47.78783;-64.02967;416827;14.87;19-jun-15;12:32:00;29.73;6.41;345.75772;NaN;2.395;1.607;0.025;1;0.05;1;0.16;1;0.295;1;0;0.31;0.17
18TL15016_1464;1271;47.78783;-64.02967;416826;24.69;19-jun-15;12:32:00;30.91;1.65;371.61586;NaN;0.795;0.366;0.055;1;1.16;1;0.39;1;0.655;1;0;2.97;1.77
18TL15016_1464;1271;47.78783;-64.02967;416825;50.67;19-jun-15;12:32:00;31.55;-0.33;321.3287;322.26656;0.24;0.143;0.145;1;9.57;1;1.235;1;9.455;1;6;7.75;1.01
18TL15016_1464;1271;47.78783;-64.02967;416824;74.56;19-jun-15;12:32:00;32.13;-0.14;269.88038;267.71437;0.365;0.154;0.23;1;11.74;1;1.5;1;18.86;1;6;7.83;0.62
