CTD;CTD;CTD;CTD;CTD;CTD;CTD;CTD;CTD;labo;labo;labo;labo;labo;labo;labo;labo;labo;labo;labo;labo;labo;calc;calc
Fichier;Station;Latitude;Longitude;Echantillon;zbouteille;Date;Heure;PRES;OXYM_01;Q_OXYM;CHL_03;Q_CHL;CHL_XX;Q_CHL;NOx_01;Q_NOX;PO4_01;Q_PO4;Si_01;Q_Si;QCFF;N_P;N_Si
(nom);(nom/no);(degres);(degres);(no_unique);(dbar);(jj-mmm-yyyy);(GMT);(dbar);(mmol/m**3);((none));(mg/m**3);((none));(mg/m**3);((none));(mmol/m**3);((none));(mmol/m**3);((none));(mmol/m**3);((none));((none));((none));((none))
18HU00001_002;STN27;47.5467;-52.5867;221510;6;01-nov-00;13:18:00;5.8;334.5004;4;1.34;1;1.15;1;0.57;1;0.38;1;1.69;1;6;1.50;0.34
18HU00001_002;STN27;47.5467;-52.5867;221509;11;01-nov-00;13:18:00;10.71;334.5004;4;1.32;1;1.09;1;0.58;1;0.48;1;1.74;1;6;1.21;0.33
18HU00001_002;STN27;47.5467;-52.5867;221508;20;01-nov-00;13:18:00;19.67;334.5004;4;1.32;1;1.08;1;0.57;1;0.44;1;1.74;1;6;1.30;0.33
18HU00001_002;STN27;47.5467;-52.5867;221507;29;01-nov-00;13:18:00;29.41;337.6266;4;0.64;1;0.56;1;0.78;1;0.53;1;2.1;1;6;1.47;0.37
18HU00001_002;STN27;47.5467;-52.5867;221506;40;01-nov-00;13:18:00;40.74;346.1119;4;0.85;1;0.69;1;0.96;1;0.55;1;2.13;1;6;1.75;0.45
18HU00001_002;STN27;47.5467;-52.5867;221505;49;01-nov-00;13:18:00;49.67;348.7915;4;0.5;1;0.43;1;1.15;1;0.55;1;2.35;1;6;2.09;0.49
18HU00001_002;STN27;47.5467;-52.5867;221511;74;01-nov-00;13:18:00;74.84;359.0632;4;0.13;1;0.11;1;3.38;1;1.08;1;3.73;1;6;3.13;0.91
18HU00001_002;STN27;47.5467;-52.5867;221503;99;01-nov-00;13:18:00;99.85;353.704;4;0.06;1;0.04;1;5.19;1;1.04;1;5.57;1;6;4.99;0.93
18HU00001_002;STN27;47.5467;-52.5867;221502;150;01-nov-00;13:18:00;150.76;320.6559;4;NaN;9;NaN;9;10.21;1;1.43;1;13.57;1;6;7.14;0.75
18HU00001_002;STN27;47.5467;-52.5867;221501;170;01-nov-00;13:18:00;171.45;313.0638;4;NaN;9;NaN;9;10.86;1;1.44;1;15.38;1;6;7.54;0.71
18HU00001_113;STN27;47.5467;-52.5867;221512;11;01-nov-00;14:43:00;10.68;336.2868;4;NaN;9;NaN;9;3.24;1;0.85;1;3.95;1;6;3.81;0.82
18HU00001_113;STN27;47.5467;-52.5867;221511;75;01-nov-00;14:43:00;75.95;353.704;4;NaN;9;NaN;9;0.59;1;0.43;1;1.82;1;6;1.37;0.32
18HU00001_284;SEGB-01;46.5833;-52.9333;221513;5;01-nov-00;21:47:00;5.5;334.0538;4;0.48;1;0.43;1;1.24;1;0.56;1;2.48;1;6;2.21;0.50
18HU00001_284;SEGB-01;46.5833;-52.9333;221514;10;01-nov-00;21:47:00;10.31;334.0538;4;1.17;1;0.99;1;0.5;1;0.49;1;1.7;1;6;1.02;0.29
18HU00001_284;SEGB-01;46.5833;-52.9333;221515;20;01-nov-00;21:47:00;20.39;334.5004;4;NaN;9;NaN;9;NaN;9;NaN;9;NaN;9;6;NaN;NaN
18HU00001_284;SEGB-01;46.5833;-52.9333;221516;30;01-nov-00;21:47:00;30.25;335.8402;4;NaN;9;NaN;9;NaN;9;NaN;9;NaN;9;6;NaN;NaN
18HU00001_284;SEGB-01;46.5833;-52.9333;221517;48;01-nov-00;21:47:00;48.87;346.1119;4;0.83;1;0.66;1;0.38;1;0.44;1;1.67;1;6;0.86;0.23
18HU00001_304;SEGB-02;46.5;-52.85;221518;170;01-nov-00;22:51:00;171.85;348.7915;4;NaN;9;NaN;9;NaN;9;NaN;9;NaN;9;6;NaN;NaN
18HU00001_315;SEGB-03;46.35;-52.7333;221528;5;02-nov-00;00:15:00;5.07;338.5197;4;1.56;1;1.3;1;0.02;1;0.34;1;1.19;1;6;0.06;0.02
18HU00001_315;SEGB-03;46.35;-52.7333;221527;10;02-nov-00;00:15:00;10.32;340.3062;4;1.56;1;1.3;1;0.02;1;0.36;1;1.49;1;6;0.06;0.01
18HU00001_315;SEGB-03;46.35;-52.7333;221526;20;02-nov-00;00:15:00;19.96;343.4323;4;1.22;1;0.98;1;0.35;1;0.38;1;1.65;1;6;0.92;0.21
18HU00001_315;SEGB-03;46.35;-52.7333;221525;30;02-nov-00;00:15:00;30.21;345.6653;4;0.75;1;0.6;1;0.56;1;0.49;1;1.8;1;6;1.14;0.31
18HU00001_315;SEGB-03;46.35;-52.7333;221524;39;02-nov-00;00:15:00;38.87;366.6553;4;0.16;1;0.12;1;2.4;1;0.76;1;2.89;1;6;3.16;0.83
18HU00001_315;SEGB-03;46.35;-52.7333;221523;49;02-nov-00;00:15:00;49.86;372.9077;4;0.07;1;0.05;1;3.81;1;1.01;1;4.67;1;6;3.77;0.82
18HU00001_315;SEGB-03;46.35;-52.7333;221522;74;02-nov-00;00:15:00;74.98;362.636;4;NaN;9;NaN;9;NaN;9;NaN;9;NaN;9;6;NaN;NaN
18HU00001_315;SEGB-03;46.35;-52.7333;221521;100;02-nov-00;00:15:00;100.8;345.6653;4;NaN;9;NaN;9;NaN;9;NaN;9;NaN;9;6;NaN;NaN
18HU00001_315;SEGB-03;46.35;-52.7333;221520;150;02-nov-00;00:15:00;151.03;341.1993;4;NaN;9;NaN;9;8.84;1;1.12;1;9.72;1;6;7.89;0.91
18HU00001_315;SEGB-03;46.35;-52.7333;221519;166;02-nov-00;00:15:00;167.76;329.5879;4;NaN;9;NaN;9;9.64;1;1.29;2;11.37;1;2054;7.47;0.85
18HU00001_326;SEGB-04;46.2083;-52.6083;221529;122;02-nov-00;02:23:00;122.58;306.8114;4;NaN;9;NaN;9;NaN;9;NaN;9;NaN;9;6;NaN;NaN
18HU00001_339;SEGB-05;46.07;-52.5;221537;5;02-nov-00;04:01:00;5.16;312.1706;4;0.56;1;0.4;1;0;1;0.34;1;0.33;1;6;0.00;0.00
18HU00001_339;SEGB-05;46.07;-52.5;221536;11;02-nov-00;04:01:00;11.23;312.6172;4;0.52;1;0.45;1;0;1;0.41;1;0.44;1;6;0.00;0.00
18HU00001_339;SEGB-05;46.07;-52.5;221535;21;02-nov-00;04:01:00;20.98;313.5104;4;0.54;1;0.47;1;0;1;0.32;1;0.66;1;6;0.00;0.00
18HU00001_339;SEGB-05;46.07;-52.5;221534;30;02-nov-00;04:01:00;29.83;312.6172;4;0.59;1;0.45;1;0;1;0.3;1;0.35;1;6;0.00;0.00
18HU00001_339;SEGB-05;46.07;-52.5;221533;40;02-nov-00;04:01:00;39.89;313.957;4;0.39;1;0.34;1;0.7;1;0.37;1;2.25;1;6;1.89;0.31
18HU00001_339;SEGB-05;46.07;-52.5;221532;50;02-nov-00;04:01:00;50.23;290.2874;4;0.24;1;0.22;1;3.39;1;0.76;1;9.81;1;6;4.46;0.35
18HU00001_339;SEGB-05;46.07;-52.5;221531;75;02-nov-00;04:01:00;75.55;279.1225;4;0.13;1;0.1;1;8.66;1;1.41;1;11.65;1;6;6.14;0.74
18HU00001_339;SEGB-05;46.07;-52.5;221530;85;02-nov-00;04:01:00;85.94;292.0738;4;0.08;1;0.05;1;10.57;1;1.46;1;15.88;1;6;7.24;0.67
18HU00001_003;SEGB-06;45.7883;-52.2667;221544;5;02-nov-00;07:07:00;5.53;303.6853;4;0.48;1;0.43;1;0;1;0.18;1;0.32;1;6;0.00;0.00
18HU00001_003;SEGB-06;45.7883;-52.2667;221543;10;02-nov-00;07:07:00;10.21;303.2387;4;0.47;1;0.41;1;0;1;0.23;1;0.05;2;2054;0.00;0.00
18HU00001_003;SEGB-06;45.7883;-52.2667;221542;20;02-nov-00;07:07:00;20.58;303.2387;4;0.46;1;0.43;1;0;1;0.19;1;0.14;1;6;0.00;0.00
18HU00001_003;SEGB-06;45.7883;-52.2667;221541;30;02-nov-00;07:07:00;30.42;304.1319;4;0.49;1;0.44;1;0;1;0.16;1;0.4;1;6;0.00;0.00
18HU00001_003;SEGB-06;45.7883;-52.2667;221540;40;02-nov-00;07:07:00;40.55;310.8308;4;0.48;1;0.41;1;0;1;0.19;1;0.08;2;2054;0.00;0.00
18HU00001_003;SEGB-06;45.7883;-52.2667;221539;50;02-nov-00;07:07:00;50.9;302.7921;4;0.33;1;0.3;1;6.74;1;1.1;1;8.77;1;6;6.13;0.77
18HU00001_003;SEGB-06;45.7883;-52.2667;221538;79;02-nov-00;07:07:00;79.94;276.8895;4;0.13;1;0.1;1;9.48;1;1.35;1;13.49;1;6;7.02;0.70
18HU00001_014;SEGB-07;45.4583;-52;221551;5;02-nov-00;09:27:00;5.27;303.6853;4;0.47;1;0.44;1;0;1;0.19;1;0.34;1;6;0.00;0.00
18HU00001_014;SEGB-07;45.4583;-52;221550;10;02-nov-00;09:27:00;10.27;303.6853;4;0.49;1;0.45;1;0;1;0.14;1;0.25;1;6;0.00;0.00
18HU00001_014;SEGB-07;45.4583;-52;221549;20;02-nov-00;09:27:00;20.38;304.1319;4;0.47;1;0.43;1;0;1;0.17;1;0.43;1;6;0.00;0.00
18HU00001_014;SEGB-07;45.4583;-52;221548;31;02-nov-00;09:27:00;31.47;305.9182;4;0.44;1;0.41;1;0;1;0.26;1;0.23;1;6;0.00;0.00
18HU00001_014;SEGB-07;45.4583;-52;221547;41;02-nov-00;09:27:00;40.94;310.3842;4;0.35;1;0.32;1;0;1;0.25;1;0.77;1;6;0.00;0.00
18HU00001_014;SEGB-07;45.4583;-52;221546;51;02-nov-00;09:27:00;51.18;295.6465;4;0.27;1;0.24;1;6.53;1;1.12;1;9.09;1;6;5.83;0.72
18HU00001_014;SEGB-07;45.4583;-52;221545;73;02-nov-00;09:27:00;73.34;303.6853;4;0.25;1;0.2;1;6.48;1;1.07;1;9.79;1;6;6.06;0.66
18HU00001_025;SEGB-08;45.095;-51.7;221558;6;02-nov-00;12:21:00;5.65;298.7727;4;0.66;1;0.54;1;0;1;0.2;1;0.69;1;6;0.00;0.00
18HU00001_025;SEGB-08;45.095;-51.7;221557;11;02-nov-00;12:21:00;10.7;298.7727;4;0.68;1;0.55;1;0;1;0.2;1;0.47;1;6;0.00;0.00
18HU00001_025;SEGB-08;45.095;-51.7;221556;20;02-nov-00;12:21:00;20.38;299.6659;4;0.65;1;0.54;1;0;1;0.22;1;0.38;1;6;0.00;0.00
18HU00001_025;SEGB-08;45.095;-51.7;221555;30;02-nov-00;12:21:00;30.54;301.8989;4;0.66;1;0.53;1;0;1;0.18;1;0.59;1;6;0.00;0.00
18HU00001_025;SEGB-08;45.095;-51.7;221554;41;02-nov-00;12:21:00;41.46;296.9863;4;0.77;1;0.64;1;6.11;1;1.1;1;7.93;1;6;5.55;0.77
18HU00001_025;SEGB-08;45.095;-51.7;221553;51;02-nov-00;12:21:00;51.41;301.0057;4;0.23;1;0.2;1;6.78;1;1.14;1;9.57;1;6;5.95;0.71
18HU00001_025;SEGB-08;45.095;-51.7;221552;66;02-nov-00;12:21:00;66.61;296.9863;4;0.23;1;0.2;1;6.96;1;1.12;1;10.2;1;6;6.21;0.68
18HU00001_036;SEGB-09;44.725;-51.395;221565;5;02-nov-00;14:50:00;5.06;292.5204;4;0.46;1;0.44;1;0;1;0;1;0.7;1;6;NaN;0.00
18HU00001_036;SEGB-09;44.725;-51.395;221564;10;02-nov-00;14:50:00;9.88;293.4136;4;0.49;1;0.44;1;0;1;0;1;0.61;1;6;NaN;0.00
18HU00001_036;SEGB-09;44.725;-51.395;221563;19;02-nov-00;14:50:00;19.6;296.9863;4;0.48;1;0.45;1;0;1;0;1;0.76;1;6;NaN;0.00
18HU00001_036;SEGB-09;44.725;-51.395;221562;30;02-nov-00;14:50:00;29.95;301.4523;4;0.72;1;0.6;1;0;1;0;1;0.34;1;6;NaN;0.00
18HU00001_036;SEGB-09;44.725;-51.395;221561;40;02-nov-00;14:50:00;40.3;292.0738;4;0.5;1;0.45;1;3.78;1;0.4;1;5.47;1;6;9.45;0.69
18HU00001_036;SEGB-09;44.725;-51.395;221560;51;02-nov-00;14:50:00;51.25;273.7633;4;0.2;1;0.16;1;7.6;1;1.21;1;9.83;1;6;6.28;0.77
18HU00001_036;SEGB-09;44.725;-51.395;221559;67;02-nov-00;14:50:00;67.4;280.9089;4;0.23;1;0.19;1;7.61;1;1.18;1;10.39;1;6;6.45;0.73
18HU00001_047;SEGB-10;44.3633;-51.1033;221572;6;02-nov-00;17:41:00;5.89;289.8408;4;0.5;1;0.34;1;0;1;0;1;0.89;1;6;NaN;0.00
18HU00001_047;SEGB-10;44.3633;-51.1033;221571;11;02-nov-00;17:41:00;10.79;290.734;4;0.45;1;0.4;1;0;1;0;1;0.87;1;6;NaN;0.00
18HU00001_047;SEGB-10;44.3633;-51.1033;221570;21;02-nov-00;17:41:00;21;291.1806;4;0.53;1;0.46;1;0;1;0;1;0.79;1;6;NaN;0.00
18HU00001_047;SEGB-10;44.3633;-51.1033;221569;30;02-nov-00;17:41:00;30.61;296.5397;4;0.55;1;0.48;1;0.01;1;0;1;0.89;1;6;NaN;0.01
18HU00001_047;SEGB-10;44.3633;-51.1033;221568;42;02-nov-00;17:41:00;42.7;293.8602;4;0.21;1;0.17;1;4.55;1;0.75;1;9.34;1;6;6.07;0.49
18HU00001_047;SEGB-10;44.3633;-51.1033;221567;53;02-nov-00;17:41:00;52.98;306.3649;4;0.23;1;0.16;1;3.74;1;0.65;1;9.45;1;6;5.75;0.40
18HU00001_047;SEGB-10;44.3633;-51.1033;221566;68;02-nov-00;17:41:00;68.54;319.3161;4;0.25;1;0.19;1;3.25;1;0.71;1;9.64;1;6;4.58;0.34
18HU00001_058;SEGB-11;44;-50.8083;221579;11;02-nov-00;20:05:00;11.05;298.7727;4;0.6;1;0.54;1;0;1;0;1;0.51;1;6;NaN;0.00
18HU00001_058;SEGB-11;44;-50.8083;221577;21;02-nov-00;20:05:00;20.81;298.7727;4;0.62;1;0.54;1;0;1;0;1;0.65;1;6;NaN;0.00
18HU00001_058;SEGB-11;44;-50.8083;221576;30;02-nov-00;20:05:00;30.61;303.6853;4;0.56;1;0.5;1;0.03;1;0;1;1.04;1;6;NaN;0.03
18HU00001_058;SEGB-11;44;-50.8083;221575;41;02-nov-00;20:05:00;40.99;313.5104;4;0.85;1;0.69;1;0.98;1;0.1;1;3.93;1;6;9.80;0.25
18HU00001_058;SEGB-11;44;-50.8083;221574;51;02-nov-00;20:05:00;51.08;332.2674;4;0.37;1;0.29;1;2.44;1;0.44;1;9.14;1;6;5.55;0.27
18HU00001_058;SEGB-11;44;-50.8083;221573;66;02-nov-00;20:05:00;66.25;327.3549;4;0.43;1;0.31;1;2.51;1;0.39;1;9.2;1;6;6.44;0.27
18HU00001_069;SEGB-12;43.6333;-50.5167;221586;5;02-nov-00;23:05:00;5.29;296.0931;4;0.44;1;0.42;1;NaN;9;0;1;0.7;1;6;NaN;NaN
18HU00001_069;SEGB-12;43.6333;-50.5167;221585;10;02-nov-00;23:05:00;10.07;297.4329;4;0.43;1;0.39;1;0;1;0;1;0.69;1;6;NaN;0.00
18HU00001_069;SEGB-12;43.6333;-50.5167;221584;20;02-nov-00;23:05:00;19.92;300.5591;4;0.58;1;0.52;1;0;1;0;1;0.59;1;6;NaN;0.00
18HU00001_069;SEGB-12;43.6333;-50.5167;221583;30;02-nov-00;23:05:00;30.6;310.8308;4;0.8;1;0.73;1;0;1;0;1;0.51;1;6;NaN;0.00
18HU00001_069;SEGB-12;43.6333;-50.5167;221582;42;02-nov-00;23:05:00;42.59;318.8695;4;0.39;1;0.37;1;2.08;1;0.35;1;8.99;1;6;5.94;0.23
18HU00001_069;SEGB-12;43.6333;-50.5167;221581;52;02-nov-00;23:05:00;52.47;318.8695;4;0.37;1;0.32;1;2.09;1;0.48;1;9.19;1;6;4.35;0.23
18HU00001_069;SEGB-12;43.6333;-50.5167;221580;59;02-nov-00;23:05:00;59.24;316.6366;4;0.41;1;0.34;1;2.25;1;0.37;1;9.2;1;6;6.08;0.24
18HU00001_080;SEGB-13;43.2;-50.1667;221593;5;03-nov-00;02:05:00;5.02;303.6853;4;0.49;1;0.46;1;0.08;1;0;1;0.66;1;6;NaN;0.12
18HU00001_080;SEGB-13;43.2;-50.1667;221592;10;03-nov-00;02:05:00;10.01;308.5978;4;0.47;1;0.44;1;0;1;0;1;0.65;1;6;NaN;0.00
18HU00001_080;SEGB-13;43.2;-50.1667;221591;20;03-nov-00;02:05:00;20.51;347.8983;4;0.95;1;0.8;1;0;1;0;1;0.65;1;6;NaN;0.00
18HU00001_080;SEGB-13;43.2;-50.1667;221590;30;03-nov-00;02:05:00;30.44;366.2087;4;3.85;1;4.34;1;1.3;1;0.05;1;1.97;1;6;26.00;0.66
18HU00001_080;SEGB-13;43.2;-50.1667;221589;40;03-nov-00;02:05:00;40.22;338.0732;4;0.85;1;0.69;1;4.39;1;0.36;1;5.47;1;6;12.19;0.80
18HU00001_080;SEGB-13;43.2;-50.1667;221588;50;03-nov-00;02:05:00;50.19;335.8402;4;1.02;1;0.7;1;5.87;1;0.49;1;7.06;1;6;11.98;0.83
18HU00001_080;SEGB-13;43.2;-50.1667;221587;61;03-nov-00;02:05:00;61.65;332.2674;4;1.31;1;0.88;1;6.31;1;0.41;1;7.31;1;6;15.39;0.86
18HU00001_091;SEGB-14;42.92;-49.9417;221594;163;03-nov-00;04:26:00;163.88;314.4036;4;NaN;9;NaN;9;NaN;9;NaN;9;NaN;9;6;NaN;NaN
18HU00001_102;SEGB-15;42.85;-49.8867;222214;5;03-nov-00;05:22:00;5.22;343.8789;4;1.07;1;0.92;1;2.41;1;0.03;1;3.05;1;6;80.33;0.79
18HU00001_102;SEGB-15;42.85;-49.8867;222213;10;03-nov-00;05:22:00;10.3;345.2187;4;0.95;1;0.8;1;3.17;1;0.12;1;3.77;1;6;26.42;0.84
18HU00001_102;SEGB-15;42.85;-49.8867;222212;20;03-nov-00;05:22:00;19.75;343.8789;4;0.89;1;0.76;1;4.46;1;0.29;1;4.93;1;6;15.38;0.90
18HU00001_102;SEGB-15;42.85;-49.8867;222211;30;03-nov-00;05:22:00;29.82;341.6459;4;0.9;1;0.75;1;3.17;1;0.07;1;3.13;1;6;45.29;1.01
18HU00001_102;SEGB-15;42.85;-49.8867;221600;40;03-nov-00;05:22:00;40.11;341.1993;4;0.39;1;0.36;1;3.64;1;0.1;1;3.47;1;6;36.40;1.05
18HU00001_102;SEGB-15;42.85;-49.8867;221599;50;03-nov-00;05:22:00;50.34;338.0732;4;0.19;1;0.17;1;7.09;1;0.37;1;6.17;1;6;19.16;1.15
18HU00001_102;SEGB-15;42.85;-49.8867;221598;75;03-nov-00;05:22:00;75.28;317.5298;4;0.06;1;0.04;1;12.53;1;0.52;1;9.45;1;6;24.10;1.33
18HU00001_102;SEGB-15;42.85;-49.8867;221597;100;03-nov-00;05:22:00;100.86;312.1706;4;0.05;1;0.04;1;12.96;1;0.52;1;10.18;1;6;24.92;1.27
18HU00001_102;SEGB-15;42.85;-49.8867;221596;150;03-nov-00;05:22:00;150.81;307.2581;4;NaN;9;NaN;9;13.86;1;0.55;1;10.84;1;6;25.20;1.28
18HU00001_102;SEGB-15;42.85;-49.8867;221595;383;03-nov-00;05:22:00;385.64;303.6853;4;NaN;9;NaN;9;2.41;1;0.03;1;3.05;1;6;80.33;0.79
18HU00001_114;SEGB-16;42.775;-49.8283;222215;1461;03-nov-00;07:20:00;1468.32;308.1512;4;NaN;9;NaN;9;NaN;9;NaN;9;NaN;9;6;NaN;NaN
18HU00001_127;SEGB-17;42.5883;-49.6833;222230;5;03-nov-00;10:01:00;5.38;318.8695;4;0.33;1;0.31;1;0;1;0.24;1;0.23;1;6;0.00;0.00
18HU00001_127;SEGB-17;42.5883;-49.6833;222229;10;03-nov-00;10:01:00;10.55;320.6559;4;0.34;1;0.31;1;0;1;0.22;1;0.27;1;6;0.00;0.00
18HU00001_127;SEGB-17;42.5883;-49.6833;222228;21;03-nov-00;10:01:00;21.34;326.4617;4;0.49;1;0.43;1;0;1;0;1;0.7;1;6;NaN;0.00
18HU00001_127;SEGB-17;42.5883;-49.6833;222227;31;03-nov-00;10:01:00;31.02;330.9276;4;1.05;1;0.86;1;1.7;1;0;1;1.53;1;6;NaN;1.11
18HU00001_127;SEGB-17;42.5883;-49.6833;222221;41;03-nov-00;10:01:00;41.01;328.6947;4;0.46;1;0.42;1;3.34;1;0.03;1;2.24;1;6;111.33;1.49
18HU00001_127;SEGB-17;42.5883;-49.6833;222220;51;03-nov-00;10:01:00;51.22;328.6947;4;0.28;1;0.25;1;4.46;1;0.09;1;2.72;1;6;49.56;1.64
18HU00001_127;SEGB-17;42.5883;-49.6833;222219;75;03-nov-00;10:01:00;76;309.0444;4;0.07;1;0.05;1;10.68;1;0.5;1;7.14;1;6;21.36;1.50
18HU00001_127;SEGB-17;42.5883;-49.6833;222218;102;03-nov-00;10:01:00;102.76;284.9283;4;0.05;1;0.04;1;15.34;1;0.62;1;10.54;1;6;24.74;1.46
18HU00001_127;SEGB-17;42.5883;-49.6833;222217;151;03-nov-00;10:01:00;152.65;249.2006;4;NaN;9;NaN;9;19.03;1;0.79;1;11.46;1;6;24.09;1.66
18HU00001_127;SEGB-17;42.5883;-49.6833;222216;1493;03-nov-00;10:01:00;1499.73;295.2;4;NaN;9;NaN;9;17.55;1;0.67;1;11.89;1;6;26.19;1.48
18HU00001_138;SEGB-18;42.395;-49.5183;222232;11;03-nov-00;13:20:00;10.83;321.9957;4;0.33;1;0.31;1;NaN;9;NaN;9;NaN;9;6;NaN;NaN
18HU00001_138;SEGB-18;42.395;-49.5183;222231;1506;03-nov-00;13:20:00;1512.85;298.7727;4;NaN;9;NaN;9;NaN;9;NaN;9;NaN;9;6;NaN;NaN
18HU00001_306;FC-12;47;-48.1167;222371;6;06-nov-00;16:12:00;6.11;342.9857;4;0.67;1;0.56;1;0;1;0.26;1;1.02;1;6;0.00;0.00
18HU00001_306;FC-12;47;-48.1167;222370;11;06-nov-00;16:12:00;11.48;343.4323;4;0.67;1;0.55;1;0;1;0.25;1;1.31;1;6;0.00;0.00
18HU00001_306;FC-12;47;-48.1167;222369;21;06-nov-00;16:12:00;21.03;346.5585;4;0.66;1;0.57;1;0;1;0.3;1;0;1;6;0.00;NaN
18HU00001_306;FC-12;47;-48.1167;222368;31;06-nov-00;16:12:00;30.8;379.16;4;0.3;1;0.27;1;1.84;1;0.66;1;0.86;1;6;2.79;2.14
18HU00001_306;FC-12;47;-48.1167;222367;40;06-nov-00;16:12:00;40.61;380.4998;4;0.3;1;0.27;1;4.16;1;1.41;1;1.78;1;6;2.95;2.34
18HU00001_306;FC-12;47;-48.1167;222366;50;06-nov-00;16:12:00;50.5;363.5291;4;0.28;1;0.26;1;6.35;1;1.18;1;3.65;1;6;5.38;1.74
18HU00001_306;FC-12;47;-48.1167;222365;73;06-nov-00;16:12:00;73.79;348.7915;4;0.08;1;0.07;1;8.54;1;1.21;1;7.15;1;6;7.06;1.19
18HU00001_306;FC-12;47;-48.1167;222364;102;06-nov-00;16:12:00;102.36;321.9957;4;0.06;1;0.05;1;9.35;1;1.28;1;10.36;1;6;7.30;0.90
18HU00001_306;FC-12;47;-48.1167;222363;129;06-nov-00;16:12:00;130.23;309.491;4;NaN;9;NaN;9;8.85;1;1.21;1;11.89;1;6;7.31;0.74
18HU00001_307;FC-11;47;-48.6167;222372;98;06-nov-00;18:50:00;98.91;302.3455;4;NaN;9;NaN;9;NaN;9;NaN;9;NaN;9;6;NaN;NaN
18HU00001_308;FC-10;47;-49.1167;222379;5;06-nov-00;20:48:00;5.46;330.481;4;0.82;1;0.67;1;0;1;0.25;1;0;1;6;0.00;NaN
18HU00001_308;FC-10;47;-49.1167;222378;11;06-nov-00;20:48:00;11.05;331.3742;4;0.8;1;0.66;1;0;1;0.26;1;0;1;6;0.00;NaN
18HU00001_308;FC-10;47;-49.1167;222377;21;06-nov-00;20:48:00;21.27;332.2674;4;0.74;1;0.61;1;0;1;0.26;1;0;1;6;0.00;NaN
18HU00001_308;FC-10;47;-49.1167;222376;31;06-nov-00;20:48:00;31.32;336.2868;4;0.7;1;0.56;1;0.02;1;0.31;1;0;1;6;0.06;NaN
18HU00001_308;FC-10;47;-49.1167;222375;41;06-nov-00;20:48:00;41.17;341.6459;4;0.25;1;0.21;1;5.05;1;0.98;1;5.66;1;6;5.15;0.89
18HU00001_308;FC-10;47;-49.1167;222374;50;06-nov-00;20:48:00;50.4;302.3455;4;0.1;1;0.07;1;8.33;1;1.34;1;10.46;1;6;6.22;0.80
18HU00001_308;FC-10;47;-49.1167;222373;74;06-nov-00;20:48:00;74.34;292.5204;4;0.09;1;0.05;1;10.63;1;1.34;1;15.59;1;6;7.93;0.68
18HU00001_309;FC-09;47;-50;222386;4;06-nov-00;22:39:00;3.69;328.6947;4;0.72;1;0.65;1;0;1;0.27;1;0;1;6;0.00;NaN
18HU00001_309;FC-09;47;-50;222385;9;06-nov-00;22:39:00;8.8;329.1412;4;0.69;1;0.62;1;0;1;0.16;1;0.85;1;6;0.00;0.00
18HU00001_309;FC-09;47;-50;222384;18;06-nov-00;22:39:00;18.39;329.5879;4;0.69;1;0.61;1;0;1;0.25;1;1.4;1;6;0.00;0.00
18HU00001_309;FC-09;47;-50;222383;29;06-nov-00;22:39:00;29;330.9276;4;0.76;1;0.58;1;0;1;0.26;1;0.81;1;6;0.00;0.00
18HU00001_309;FC-09;47;-50;222382;39;06-nov-00;22:39:00;38.82;338.0732;4;0.31;1;0.27;1;0.48;1;0.29;1;2.1;1;6;1.66;0.23
18HU00001_309;FC-09;47;-50;222381;48;06-nov-00;22:39:00;48.22;331.8208;4;0.13;1;0.11;1;6.63;1;1.21;1;5.98;1;6;5.48;1.11
18HU00001_309;FC-09;47;-50;222380;73;06-nov-00;22:39:00;74.1;322.4423;4;0.1;1;0.08;1;7.92;1;1.25;1;8.06;1;6;6.34;0.98
18HU00001_310;FC-08;47;-50.6667;222387;168;06-nov-00;23:55:00;169.84;316.6366;4;NaN;9;NaN;9;NaN;9;NaN;9;NaN;9;6;NaN;NaN
18HU00001_311;FC-07;47;-51;222395;5;07-nov-00;04:53:00;5.26;323.3355;4;0.87;1;0.69;1;0;1;0.27;1;0.76;1;6;0.00;0.00
18HU00001_311;FC-07;47;-51;222394;10;07-nov-00;04:53:00;10.19;324.2287;4;0.76;1;0.67;1;0;1;0.17;1;0.9;1;6;0.00;0.00
18HU00001_311;FC-07;47;-51;222393;20;07-nov-00;04:53:00;20.58;326.4617;4;0.75;1;0.68;1;0;1;0.19;1;0.94;1;6;0.00;0.00
18HU00001_311;FC-07;47;-51;222392;30;07-nov-00;04:53:00;29.99;335.8402;4;0.51;1;0.42;1;0;1;0.22;1;0;1;6;0.00;NaN
18HU00001_311;FC-07;47;-51;222391;40;07-nov-00;04:53:00;40.56;375.5872;4;0.24;1;0.19;1;2.05;1;0.69;1;1.05;1;6;2.97;1.95
18HU00001_311;FC-07;47;-51;222390;51;07-nov-00;04:53:00;51.58;366.2087;4;0.13;1;0.11;1;6.44;1;1.11;1;4.95;1;6;5.80;1.30
18HU00001_311;FC-07;47;-51;222389;75;07-nov-00;04:53:00;76.06;348.7915;4;0.05;1;0.03;1;9.44;1;1.2;1;8.42;1;6;7.87;1.12
18HU00001_311;FC-07;47;-51;222388;99;07-nov-00;04:53:00;99.6;336.2868;4;0.04;1;0.02;1;10.01;1;1.27;1;10.56;1;6;7.88;0.95
18HU00001_312;FC-06;47;-51.485;222403;5;07-nov-00;07:33:00;5.3;329.1412;4;0.71;1;0.62;1;0;1;0.31;1;0.73;1;6;0.00;0.00
18HU00001_312;FC-06;47;-51.485;222402;10;07-nov-00;07:33:00;9.98;330.0344;4;0.7;1;0.61;1;0;1;0.29;1;0.53;1;6;0.00;0.00
18HU00001_312;FC-06;47;-51.485;222401;20;07-nov-00;07:33:00;20.28;333.6072;4;0.81;1;0.64;1;0;1;0.21;1;0.53;1;6;0.00;0.00
18HU00001_312;FC-06;47;-51.485;222400;30;07-nov-00;07:33:00;30.12;348.7915;4;0.33;1;0.28;1;0.94;1;0.43;1;1.46;1;6;2.19;0.64
18HU00001_312;FC-06;47;-51.485;222399;40;07-nov-00;07:33:00;40.5;355.0438;4;0.19;1;0.17;1;3.72;1;0.98;1;4.26;1;6;3.80;0.87
18HU00001_312;FC-06;47;-51.485;222398;50;07-nov-00;07:33:00;50.31;336.7334;4;0.09;1;0.08;1;6.13;1;1.16;1;6.65;1;6;5.28;0.92
18HU00001_312;FC-06;47;-51.485;222397;75;07-nov-00;07:33:00;75.67;315.7434;4;0.04;1;0.02;1;8.87;1;1.5;1;11.6;1;6;5.91;0.76
18HU00001_312;FC-06;47;-51.485;222396;92;07-nov-00;07:33:00;93.05;328.6947;4;0.04;1;0.02;1;9.89;1;1.43;1;13.28;1;6;6.92;0.74
18HU00001_313;FC-05;47;-52.0333;222412;6;07-nov-00;10:05:00;5.94;351.9176;4;1.31;1;1.07;1;0.25;1;0.43;1;1.56;1;6;0.58;0.16
18HU00001_313;FC-05;47;-52.0333;222411;11;07-nov-00;10:05:00;11.03;351.471;4;1.3;1;1.05;1;0.23;1;0.58;1;1.58;1;6;0.40;0.15
18HU00001_313;FC-05;47;-52.0333;222410;21;07-nov-00;10:05:00;21.15;353.704;4;1.25;1;1.04;1;0.3;1;0.4;1;1.63;1;6;0.75;0.18
18HU00001_313;FC-05;47;-52.0333;222409;31;07-nov-00;10:05:00;30.77;368.4417;4;0.34;1;0.27;1;1.56;1;0.63;1;2.39;1;6;2.48;0.65
18HU00001_313;FC-05;47;-52.0333;222408;40;07-nov-00;10:05:00;40.74;375.5872;4;0.08;1;0.06;1;4.46;1;0.97;1;4.14;1;6;4.60;1.08
18HU00001_313;FC-05;47;-52.0333;222407;50;07-nov-00;10:05:00;50.71;367.9951;4;0.09;1;0.07;1;6.24;1;1.02;1;6.28;1;6;6.12;0.99
18HU00001_313;FC-05;47;-52.0333;222406;76;07-nov-00;10:05:00;76.12;359.5098;4;0.09;1;0.06;1;7.93;1;1.07;1;7.98;1;6;7.41;0.99
18HU00001_313;FC-05;47;-52.0333;222405;100;07-nov-00;10:05:00;100.66;348.3449;4;0.04;1;0.03;1;9.33;1;1.22;1;9.56;1;6;7.65;0.98
18HU00001_313;FC-05;47;-52.0333;222404;132;07-nov-00;10:05:00;132.83;329.5879;4;NaN;9;NaN;9;9.4;1;1.3;1;12.41;1;6;7.23;0.76
18HU00001_314;FC-04;47;-52.3217;222421;6;07-nov-00;12:28:00;5.91;335.8402;4;0.83;1;0.65;1;0;1;0.39;1;0.64;1;6;0.00;0.00
18HU00001_314;FC-04;47;-52.3217;222420;11;07-nov-00;12:28:00;10.72;335.8402;4;0.85;1;0.66;1;0;1;0.4;1;0.7;1;6;0.00;0.00
18HU00001_314;FC-04;47;-52.3217;222419;20;07-nov-00;12:28:00;20.56;335.3936;4;0.66;1;0.58;1;0;1;0.3;1;0.57;1;6;0.00;0.00
18HU00001_314;FC-04;47;-52.3217;222418;31;07-nov-00;12:28:00;30.84;335.3936;4;0.61;1;0.54;1;0;1;0.29;1;0.6;1;6;0.00;0.00
18HU00001_314;FC-04;47;-52.3217;222417;40;07-nov-00;12:28:00;40.77;354.1506;4;0.39;1;0.33;1;0.19;1;0.47;1;0.9;1;6;0.40;0.21
18HU00001_314;FC-04;47;-52.3217;222416;49;07-nov-00;12:28:00;49.63;377.3736;4;0.16;1;0.14;1;3.66;1;0.99;1;3.85;1;6;3.70;0.95
18HU00001_314;FC-04;47;-52.3217;222415;74;07-nov-00;12:28:00;74.31;362.1893;4;0.06;1;0.04;1;7.33;1;1.2;1;6.97;1;6;6.11;1.05
18HU00001_314;FC-04;47;-52.3217;222414;99;07-nov-00;12:28:00;100.02;349.2381;4;0.04;1;0.03;1;8.75;1;1.35;1;9.02;1;6;6.48;0.97
18HU00001_314;FC-04;47;-52.3217;222413;118;07-nov-00;12:28:00;118.66;328.248;4;NaN;9;NaN;9;10.69;1;1.35;1;13.41;1;6;7.92;0.80
18HU00001_316;FC-03;47;-52.58;222430;5;07-nov-00;14:55:00;5.4;350.5779;4;1.34;1;1.1;1;0.37;1;0.48;1;1.81;1;6;0.77;0.20
18HU00001_316;FC-03;47;-52.58;222429;10;07-nov-00;14:55:00;10.28;351.0244;4;1.28;1;1.06;1;0.47;1;0.49;1;1.8;1;6;0.96;0.26
18HU00001_316;FC-03;47;-52.58;222428;20;07-nov-00;14:55:00;20.36;350.5779;4;1.04;1;0.83;1;0.53;1;0.51;1;1.89;1;6;1.04;0.28
18HU00001_316;FC-03;47;-52.58;222427;31;07-nov-00;14:55:00;30.87;355.937;4;0.46;1;0.39;1;0.85;1;0.61;1;2.07;1;6;1.39;0.41
18HU00001_316;FC-03;47;-52.58;222426;40;07-nov-00;14:55:00;40.45;359.0632;4;0.37;1;0.32;1;0.88;1;0.54;1;2.11;1;6;1.63;0.42
18HU00001_316;FC-03;47;-52.58;222425;50;07-nov-00;14:55:00;50.25;367.1019;4;0.25;1;0.19;1;1.86;1;0.68;1;2.65;1;6;2.74;0.70
18HU00001_316;FC-03;47;-52.58;222424;75;07-nov-00;14:55:00;76.1;370.2281;4;0.11;1;0.08;1;5.41;1;1.13;1;5.68;1;6;4.79;0.95
18HU00001_316;FC-03;47;-52.58;222423;100;07-nov-00;14:55:00;100.9;356.8302;4;0.04;1;0.02;1;7.58;1;1.22;1;7.61;1;6;6.21;1.00
18HU00001_316;FC-03;47;-52.58;222422;150;07-nov-00;14:55:00;151.04;332.714;4;NaN;9;NaN;9;10.34;1;1.31;1;12.64;1;6;7.89;0.82
18HU00001_317;FC-02;47;-52.705;222440;5;07-nov-00;17:15:00;4.94;350.5779;4;1.13;1;0.8;1;0.72;1;0.51;1;2.2;1;6;1.41;0.33
18HU00001_317;FC-02;47;-52.705;222439;10;07-nov-00;17:15:00;9.8;351.0244;4;1.18;1;0.98;1;0.75;1;0.48;1;2.27;1;6;1.56;0.33
18HU00001_317;FC-02;47;-52.705;222438;20;07-nov-00;17:15:00;19.98;351.471;4;1.04;1;0.83;1;0.9;1;0.47;1;2.28;1;6;1.91;0.39
18HU00001_317;FC-02;47;-52.705;222437;30;07-nov-00;17:15:00;30.22;351.0244;4;0.81;1;0.65;1;0.64;1;0.54;1;2.15;1;6;1.19;0.30
18HU00001_317;FC-02;47;-52.705;222436;39;07-nov-00;17:15:00;39.68;351.9176;4;0.45;1;0.4;1;0.93;1;0.58;1;2.18;1;6;1.60;0.43
18HU00001_317;FC-02;47;-52.705;222435;49;07-nov-00;17:15:00;49.86;354.5972;4;0.28;1;0.24;1;1.25;1;0.57;1;2.41;1;6;2.19;0.52
18HU00001_317;FC-02;47;-52.705;222434;76;07-nov-00;17:15:00;76.25;363.5291;4;0.24;1;0.19;1;1.55;1;0.63;1;2.45;1;6;2.46;0.63
18HU00001_317;FC-02;47;-52.705;222433;97;07-nov-00;17:15:00;97.68;363.9757;4;0.07;1;0.04;1;6.26;1;1.28;1;6.38;1;6;4.89;0.98
18HU00001_317;FC-02;47;-52.705;222432;149;07-nov-00;17:15:00;150.7;352.8109;4;NaN;9;NaN;9;8.52;1;1.32;1;8.67;1;6;6.45;0.98
18HU00001_317;FC-02;47;-52.705;222431;181;07-nov-00;17:15:00;182.48;338.5197;4;NaN;9;NaN;9;9.55;1;1.36;1;12.19;1;6;7.02;0.78
18HU00001_318;FC-01;47;-52.8317;222448;5;07-nov-00;18:49:00;5.06;351.9176;4;1.04;1;0.85;1;0.67;1;0.42;1;2.7;1;6;1.60;0.25
18HU00001_318;FC-01;47;-52.8317;222447;10;07-nov-00;18:49:00;9.62;351.0244;4;0.9;1;0.75;1;0.82;1;0.5;1;2.86;1;6;1.64;0.29
18HU00001_318;FC-01;47;-52.8317;222446;20;07-nov-00;18:49:00;19.93;348.3449;4;0.73;1;0.58;1;0.84;1;0.51;1;2.32;1;6;1.65;0.36
18HU00001_318;FC-01;47;-52.8317;222445;30;07-nov-00;18:49:00;30.06;348.7915;4;0.57;1;0.5;1;0.89;1;0.51;1;2.51;1;6;1.75;0.35
18HU00001_318;FC-01;47;-52.8317;222444;40;07-nov-00;18:49:00;40.12;349.6847;4;0.54;1;0.45;1;0.87;1;0.52;1;2.26;1;6;1.67;0.38
18HU00001_318;FC-01;47;-52.8317;222443;50;07-nov-00;18:49:00;50.27;355.4904;4;0.36;1;0.33;1;1.47;1;0.65;1;2.61;1;6;2.26;0.56
18HU00001_318;FC-01;47;-52.8317;222442;75;07-nov-00;18:49:00;75.36;365.3155;4;0.08;1;0.07;1;3.77;1;0.98;1;4.47;1;6;3.85;0.84
18HU00001_318;FC-01;47;-52.8317;222441;100;07-nov-00;18:49:00;100.73;363.5291;4;0.06;1;0.05;1;5.24;1;1.03;1;5.79;1;6;5.09;0.91
18HU00001_321;STN27;47.5467;-52.5867;222458;6;07-nov-00;23:03:00;5.85;342.5391;4;0.87;1;0.68;1;0.55;1;0.5;1;1.78;1;6;1.10;0.31
18HU00001_321;STN27;47.5467;-52.5867;222457;12;07-nov-00;23:03:00;11.71;342.5391;4;0.68;1;0.6;1;0.69;1;0.5;1;1.61;1;6;1.38;0.43
18HU00001_321;STN27;47.5467;-52.5867;222456;23;07-nov-00;23:03:00;22.94;348.3449;4;0.62;1;0.54;1;0.78;1;0.58;1;2.14;1;6;1.34;0.36
18HU00001_321;STN27;47.5467;-52.5867;222455;32;07-nov-00;23:03:00;32.66;356.3836;4;0.61;1;0.47;1;0.86;1;0.55;1;1.92;1;6;1.56;0.45
18HU00001_321;STN27;47.5467;-52.5867;222454;38;07-nov-00;23:03:00;38.55;352.3642;4;0.49;1;0.43;1;0.89;1;0.54;1;2.06;1;6;1.65;0.43
18HU00001_321;STN27;47.5467;-52.5867;222453;48;07-nov-00;23:03:00;48.71;353.704;4;0.29;1;0.24;1;1.16;1;0.55;1;2.24;1;6;2.11;0.52
18HU00001_321;STN27;47.5467;-52.5867;222452;77;07-nov-00;23:03:00;77.8;363.9757;4;0.09;1;0.06;1;3.13;1;0.82;1;3.36;1;6;3.82;0.93
18HU00001_321;STN27;47.5467;-52.5867;222451;102;07-nov-00;23:03:00;102.79;356.3836;4;0.05;1;0.04;1;6.54;1;1.14;1;6.92;1;6;5.74;0.95
18HU00001_321;STN27;47.5467;-52.5867;222450;148;07-nov-00;23:03:00;148.93;325.5685;4;NaN;9;NaN;9;10.39;1;1.37;1;14.24;1;6;7.58;0.73
18HU00001_321;STN27;47.5467;-52.5867;222449;170;07-nov-00;23:03:00;171.49;322.4423;4;NaN;9;NaN;9;10.91;1;1.28;1;15.68;1;6;8.52;0.70
18HU00001_010;S27-10;47.99;-50.48;222631;130;10-nov-00;16:37:00;131.01;331.8208;4;NaN;9;NaN;9;NaN;9;NaN;9;NaN;9;6;NaN;NaN
18HU00001_011;S27-09;47.94;-50.72;222639;6;10-nov-00;17:56:00;5.55;352.8109;4;0.94;1;0.8;1;0.22;1;0.39;1;2.18;1;6;0.56;0.10
18HU00001_011;S27-09;47.94;-50.72;222638;11;10-nov-00;17:56:00;11;353.2574;4;0.99;1;0.81;1;0.22;1;0.36;1;2.12;1;6;0.61;0.10
18HU00001_011;S27-09;47.94;-50.72;222637;21;10-nov-00;17:56:00;20.91;353.704;4;0.95;1;0.76;1;0.44;1;0.43;1;2.62;1;6;1.02;0.17
18HU00001_011;S27-09;47.94;-50.72;222636;30;10-nov-00;17:56:00;29.84;354.5972;4;0.97;1;0.76;1;0.44;1;0.42;1;2.42;1;6;1.05;0.18
18HU00001_011;S27-09;47.94;-50.72;222635;41;10-nov-00;17:56:00;41.18;360.403;4;0.28;1;0.22;1;0.88;1;0.46;1;2.83;1;6;1.91;0.31
18HU00001_011;S27-09;47.94;-50.72;222634;51;10-nov-00;17:56:00;51.31;363.0826;4;0.13;1;0.1;1;5.42;1;0.94;1;6.17;1;6;5.77;0.88
18HU00001_011;S27-09;47.94;-50.72;222633;76;10-nov-00;17:56:00;76.44;336.7334;4;0.07;1;0.05;1;7.82;1;1.11;1;8.84;1;6;7.05;0.88
18HU00001_011;S27-09;47.94;-50.72;222632;108;10-nov-00;17:56:00;108.57;328.6947;4;0.06;1;0.04;1;10.83;1;1.1;1;13.09;1;6;9.85;0.83
18HU00001_012;S27-08;47.89;-50.95;222640;122;10-nov-00;19:35:00;123.41;327.3549;4;NaN;9;NaN;9;NaN;9;NaN;9;NaN;9;6;NaN;NaN
18HU00001_013;S27-07;47.84;-51.19;222650;6;10-nov-00;20:55:00;5.78;347.0051;4;0.87;1;0.65;1;0.14;1;0.37;1;1.88;1;6;0.38;0.07
18HU00001_013;S27-07;47.84;-51.19;222649;10;10-nov-00;20:55:00;10.57;347.4517;4;0.87;1;0.64;1;0.04;1;0.3;1;1.82;1;6;0.13;0.02
18HU00001_013;S27-07;47.84;-51.19;222648;21;10-nov-00;20:55:00;20.95;347.8983;4;0.84;1;0.63;1;0.14;1;0.39;1;2.26;1;6;0.36;0.06
18HU00001_013;S27-07;47.84;-51.19;222647;31;10-nov-00;20:55:00;30.94;350.1313;4;0.78;1;0.57;1;0.42;1;0.4;1;2.28;1;6;1.05;0.18
18HU00001_013;S27-07;47.84;-51.19;222646;40;10-nov-00;20:55:00;40.73;379.16;4;0.2;1;0.15;1;2.85;1;0.72;1;3.98;1;6;3.96;0.72
18HU00001_013;S27-07;47.84;-51.19;222645;51;10-nov-00;20:55:00;51.15;372.0145;4;0.1;1;0.07;1;6.13;1;0.99;1;6.3;1;6;6.19;0.97
18HU00001_013;S27-07;47.84;-51.19;222644;75;10-nov-00;20:55:00;75.78;355.0438;4;0.06;1;0.04;1;8.24;1;1.05;1;8.5;1;6;7.85;0.97
18HU00001_013;S27-07;47.84;-51.19;222643;100;10-nov-00;20:55:00;101.26;346.5585;4;0.03;1;0.02;1;9.67;1;1.03;1;10.15;1;6;9.39;0.95
18HU00001_013;S27-07;47.84;-51.19;222642;150;10-nov-00;20:55:00;151.65;315.2968;4;NaN;9;NaN;9;11.95;1;1.28;1;17.87;1;6;9.34;0.67
18HU00001_013;S27-07;47.84;-51.19;222641;171;10-nov-00;20:55:00;172.79;315.7434;4;NaN;9;NaN;9;10.95;1;1.05;1;16.22;1;6;10.43;0.68
18HU00001_015;S27-06;47.79;-51.42;222651;135;10-nov-00;22:47:00;136.59;319.7627;4;NaN;9;NaN;9;NaN;9;NaN;9;NaN;9;6;NaN;NaN
18HU00001_016;S27-05;47.74;-51.65;222660;6;11-nov-00;00:12:00;6.06;350.1313;4;1.18;1;1;1;0.17;1;0.37;1;1.28;1;6;0.46;0.13
18HU00001_016;S27-05;47.74;-51.65;222659;11;11-nov-00;00:12:00;11.13;348.3449;4;1.1;1;0.9;1;0.11;1;0.4;1;1.1;1;6;0.27;0.10
18HU00001_016;S27-05;47.74;-51.65;222658;21;11-nov-00;00:12:00;20.97;203.6478;4;1.18;1;0.97;1;0.09;1;0.4;1;1.06;1;6;0.22;0.08
18HU00001_016;S27-05;47.74;-51.65;222657;30;11-nov-00;00:12:00;30.74;350.5779;4;1.04;1;0.83;1;0.03;1;0.4;1;0.87;1;6;0.07;0.03
18HU00001_016;S27-05;47.74;-51.65;222656;41;11-nov-00;00:12:00;41.16;363.0826;4;0.27;1;0.21;1;2.14;1;0.63;1;2.63;1;6;3.40;0.81
18HU00001_016;S27-05;47.74;-51.65;222655;51;11-nov-00;00:12:00;51.29;378.2668;4;0.13;1;0.11;1;5.14;1;0.95;1;3.96;1;6;5.41;1.30
18HU00001_016;S27-05;47.74;-51.65;222654;76;11-nov-00;00:12:00;76.34;358.6166;4;0.08;1;0.06;1;8.08;1;1.17;1;7.06;1;6;6.91;1.14
18HU00001_016;S27-05;47.74;-51.65;222653;101;11-nov-00;00:12:00;101.48;351.0244;4;0.03;1;0.02;1;10.2;1;1.22;1;9.72;1;6;8.36;1.05
18HU00001_016;S27-05;47.74;-51.65;222652;151;11-nov-00;00:12:00;152.3;316.19;4;NaN;9;NaN;9;11.96;1;1.24;1;17.27;1;6;9.65;0.69
18HU00001_017;S27-04;47.68;-51.88;222661;179;11-nov-00;02:02:00;180.31;318.4229;4;NaN;9;NaN;9;NaN;9;NaN;9;NaN;9;6;NaN;NaN
18HU00001_018;S27-03;47.63;-52.12;222671;5;11-nov-00;03:25:00;5.26;356.8302;4;1.3;1;1.11;1;0.47;1;0.49;1;1.7;1;6;0.96;0.28
18HU00001_018;S27-03;47.63;-52.12;222670;10;11-nov-00;03:25:00;10.22;358.17;4;1.26;1;1.05;1;0.6;1;0.43;1;1.71;1;6;1.40;0.35
18HU00001_018;S27-03;47.63;-52.12;222669;20;11-nov-00;03:25:00;20.28;363.5291;4;0.81;1;0.65;1;1.2;1;0.49;1;2.37;1;6;2.45;0.51
18HU00001_018;S27-03;47.63;-52.12;222668;30;11-nov-00;03:25:00;30.15;364.4223;4;0.57;1;0.51;1;1.47;1;0.49;1;2.34;1;6;3.00;0.63
18HU00001_018;S27-03;47.63;-52.12;222667;40;11-nov-00;03:25:00;40.37;365.3155;4;0.36;1;0.33;1;1.75;1;0.56;1;2.4;1;6;3.12;0.73
18HU00001_018;S27-03;47.63;-52.12;222666;50;11-nov-00;03:25:00;50.41;362.636;4;0.16;1;0.12;1;4.51;1;0.85;1;4.59;1;6;5.31;0.98
18HU00001_018;S27-03;47.63;-52.12;222665;74;11-nov-00;03:25:00;74.92;347.8983;4;0.05;1;0.03;1;8.79;1;1.2;1;8.89;1;6;7.32;0.99
18HU00001_018;S27-03;47.63;-52.12;222664;99;11-nov-00;03:25:00;99.86;342.9857;4;0.04;1;0.02;1;9.85;1;1.21;1;9.84;1;6;8.14;1.00
18HU00001_018;S27-03;47.63;-52.12;222663;148;11-nov-00;03:25:00;149.59;328.248;4;NaN;9;NaN;9;11.41;1;1.24;1;12.85;1;6;9.20;0.89
18HU00001_018;S27-03;47.63;-52.12;222662;159;11-nov-00;03:25:00;160.66;318.8695;4;NaN;9;NaN;9;12.02;1;1.31;1;16.03;1;6;9.18;0.75
18HU00001_019;S27-02;47.58;-52.35;222672;159;11-nov-00;05:15:00;159.79;319.3161;4;NaN;9;NaN;9;NaN;9;NaN;9;NaN;9;6;NaN;NaN
18HU00001_020;STN27;47.5467;-52.5867;222682;5;11-nov-00;06:39:00;4.89;347.0051;4;0.91;1;0.75;1;0.7;1;0.47;1;2.11;1;6;1.49;0.33
18HU00001_020;STN27;47.5467;-52.5867;222681;10;11-nov-00;06:39:00;9.91;348.3449;4;0.89;1;0.74;1;0.76;1;0.53;1;2.19;1;6;1.43;0.35
18HU00001_020;STN27;47.5467;-52.5867;222680;20;11-nov-00;06:39:00;19.78;349.6847;4;0.6;1;0.55;1;0.78;1;0.52;1;2.23;1;6;1.50;0.35
18HU00001_020;STN27;47.5467;-52.5867;222679;29;11-nov-00;06:39:00;29.73;350.5779;4;0.46;1;0.41;1;0.86;1;0.53;1;2.28;1;6;1.62;0.38
18HU00001_020;STN27;47.5467;-52.5867;222678;40;11-nov-00;06:39:00;40.11;354.1506;4;0.3;1;0.26;1;1.09;1;0.57;1;2.34;1;6;1.91;0.47
18HU00001_020;STN27;47.5467;-52.5867;222677;51;11-nov-00;06:39:00;51.31;357.7234;4;0.21;1;0.19;1;1.34;1;0.63;1;2.53;1;6;2.13;0.53
18HU00001_020;STN27;47.5467;-52.5867;222676;74;11-nov-00;06:39:00;74.47;362.636;4;0.16;1;0.13;1;2.24;1;0.69;1;3.26;1;6;3.25;0.69
18HU00001_020;STN27;47.5467;-52.5867;222675;99;11-nov-00;06:39:00;100.24;359.9564;4;0.06;1;0.05;1;5.55;1;1.19;1;6.11;1;6;4.66;0.91
18HU00001_020;STN27;47.5467;-52.5867;222674;149;11-nov-00;06:39:00;150.47;317.0832;4;NaN;9;NaN;9;10.71;1;1.48;1;15.17;1;6;7.24;0.71
18HU00001_020;STN27;47.5467;-52.5867;222673;169;11-nov-00;06:39:00;170.14;317.5298;4;NaN;9;NaN;9;10.82;1;1.33;1;16.1;1;6;8.14;0.67
