CTD;CTD;CTD;CTD;CTD;CTD;CTD;CTD;CTD;CTD;CTD;labo;labo;CTD;labo;labo;labo;labo;labo;labo;labo;labo;labo;calc;calc
Fichier;Station;Latitude;Longitude;Echantillon;zbouteille;Date;Heure;PSAL;TE90;DOXY;OXYM_01;CHL_03;FLOR;NO2_01;Q_NO2;NOx_01;Q_NOX;PO4_01;Q_PO4;Si_01;Q_Si;QCFF;N_P;N_Si
(nom);(nom/no);(degres);(degres);(no_unique);(dbar);(jj-mmm-yyyy);(GMT);(psu);(celsius);(ml/l);(mmol/m**3);(mg/m**3);(mg/m**3);(mmol/m**3);((none));(mmol/m**3);((none));(mmol/m**3);((none));(mmol/m**3);((none));((none));((none));((none))
18HU12044_1252;11;46.5835;-59.75333;347805;4.46;20-oct-12;15:47:00;29.13;12.02;271.66678;NaN;1.365;0.255;0.07;1;0.885;1;0.315;1;1.76;1;0;2.81;0.50
18HU12044_1252;11;46.5835;-59.75333;347804;13.69;20-oct-12;15:47:00;29.13;12;272.73862;NaN;1.405;0.254;NaN;9;NaN;9;NaN;9;NaN;9;0;NaN;NaN
18HU12044_1252;11;46.5835;-59.75333;347803;58.8;20-oct-12;15:47:00;31.18;6.88;279.61626;NaN;NaN;0.082;0.135;1;3.81;1;0.655;1;4.85;1;0;5.82;0.79
18HU12044_1274;51;47.665;-59.83733;347808;4.56;21-oct-12;18:43:00;30.75;11.38;282.4745;283.92595;0.985;0.231;0.015;1;0.04;1;0.21;1;0.765;1;6;0.19;0.05
18HU12044_1274;51;47.665;-59.83733;347807;17.75;21-oct-12;18:43:00;30.82;9.88;298.28414;291.47349;1.255;0.257;NaN;9;NaN;9;NaN;9;NaN;9;6;NaN;NaN
18HU12044_1274;51;47.665;-59.83733;347806;490.08;21-oct-12;18:43:00;34.91;5.29;187.17006;188.88947;NaN;0.019;0.025;1;20.22;1;1.47;1;26.77333;1;6;13.76;0.76
18HU12044_1275;581;47.83583;-62.25333;347870;25.19;28-oct-12;01:29:00;30.43;8.13;301.32102;304.53654;1.735;0.358;0.04;1;0.72;1;0.345;1;1.79;1;6;2.09;0.40
18HU12044_1275;581;47.83583;-62.25333;347869;54.83;28-oct-12;01:29:00;32.13;0.92;245.1834;241.05235;0.09;0.039;0.025;1;12.81;1;1.31;1;21.905;1;6;9.78;0.58
18HU12044_1249;1071;47.93367;-65.249;348345;1.19;04-nov-12;06:51:00;29.21;8.04;300.1152;303.19674;1.575;0.236;0.11;1;2.75;1;0.54;1;6.28;1;6;5.09;0.44
18HU12044_1249;1071;47.93367;-65.249;348344;5.26;04-nov-12;06:51:00;29.23;8;300.29384;302.66082;1.485;0.236;0.11;1;2.875;1;0.54;1;6.285;1;6;5.32;0.46
18HU12044_1249;1071;47.93367;-65.249;348343;15.37;04-nov-12;06:51:00;30.18;6.41;280.15218;279.39296;0.545;0.087;0.17;1;5.72;1;0.785;1;8.295;1;6;7.29;0.69
18HU12044_1249;1071;47.93367;-65.249;348342;24.89;04-nov-12;06:51:00;30.67;5.72;278.76772;257.0183;0.25;0.048;0.17;1;8.35;1;0.99;1;12.515;1;6;8.43;0.67
18HU12044_1249;1071;47.93367;-65.249;348341;50.07;04-nov-12;06:51:00;31.25;3.48;221.11166;219.99516;0.33;0.067;0.03;1;12.49;1;1.325;1;23.21;1;6;9.43;0.54
18HU12044_1249;1071;47.93367;-65.249;348340;62.36;04-nov-12;06:51:00;31.79;2.53;232.36598;229.88735;0.21;0.047;0.04;1;12.86;1;1.335;1;21.075;1;6;9.63;0.61
18HU12044_1250;1081;47.83333;-64.25;348350;1.69;04-nov-12;11:43:00;29.26;9.35;296.63172;298.50744;2.64;0.315;0.04;1;0.79;1;0.37;1;2.005;1;6;2.14;0.39
18HU12044_1250;1081;47.83333;-64.25;348349;4.76;04-nov-12;11:43:00;29.26;9.35;297.03366;298.5521;2.595;0.334;0.05;1;0.79;1;0.375;1;1.85;1;6;2.11;0.43
18HU12044_1250;1081;47.83333;-64.25;348348;15.27;04-nov-12;11:43:00;29.27;9.33;295.4259;298.5521;2.525;0.293;0.05;1;0.875;1;0.4;1;1.79;1;6;2.19;0.49
18HU12044_1250;1081;47.83333;-64.25;348347;24.49;04-nov-12;11:43:00;29.34;8.98;281.62596;265.32506;2.335;0.266;0.14;1;4.285;1;0.765;1;6.645;1;6;5.60;0.64
18HU12044_1250;1081;47.83333;-64.25;348346;34.8;04-nov-12;11:43:00;30.94;5.03;255.85714;261.14935;1.395;0.099;0.16;1;7.045;1;0.945;1;9.405;1;6;7.46;0.75
18HU12044_1251;1091;47.78333;-64.034;348356;1.98;04-nov-12;13:16:00;29.35;9.17;296.5424;299.13268;1.765;0.27;0.06;1;1.33;1;0.41;1;2.56;1;6;3.24;0.52
18HU12044_1251;1091;47.78333;-64.034;348355;5.26;04-nov-12;13:16:00;29.35;9.17;296.05114;299.04336;1.805;0.239;0.06;1;1.33;1;0.415;1;2.53;1;6;3.20;0.53
18HU12044_1251;1091;47.78333;-64.034;348354;15.27;04-nov-12;13:16:00;29.53;8.61;300.15986;299.8919;1.205;0.17;0.09;1;2.235;1;0.51;1;3.625;1;6;4.38;0.62
18HU12044_1251;1091;47.78333;-64.034;348353;25.19;04-nov-12;13:16:00;29.87;8.08;303.59868;NaN;0.82;0.131;0.08;1;2.225;1;0.515;1;3.055;1;0;4.32;0.73
18HU12044_1251;1091;47.78333;-64.034;348352;50.17;04-nov-12;13:16:00;31.28;4.1;288.63758;283.99294;0.13;0.041;0.095;1;7.87;1;0.92;1;7.905;1;6;8.55;1.00
18HU12044_1251;1091;47.78333;-64.034;348351;70.2;04-nov-12;13:16:00;32.05;1.6;227.58736;225.82329;0.15;0.04;0.01;1;13.81;1;1.415;1;23.38;1;6;9.76;0.59
18HU12044_1253;1101;47.66683;-63.75017;348361;1.39;04-nov-12;15:01:00;29.73;8.65;307.4841;307.17148;3.19;0.452;0.05;1;1.46;1;0.425;1;2.4;1;6;3.44;0.61
18HU12044_1253;1101;47.66683;-63.75017;348360;5.06;04-nov-12;15:01:00;29.73;8.66;306.90352;308.86856;3.135;0.443;0.055;1;1.48;1;0.435;1;2.595;1;6;3.40;0.57
18HU12044_1253;1101;47.66683;-63.75017;348359;15.57;04-nov-12;15:01:00;29.75;8.6;306.68022;309.76176;3.165;0.439;0.05;1;1.425;1;0.43;1;2.375;1;6;3.31;0.60
18HU12044_1253;1101;47.66683;-63.75017;348358;25.09;04-nov-12;15:01:00;29.79;8.46;304.1346;306.23362;1.705;0.242;0.05;1;1.695;1;0.47;1;2.47;1;6;3.61;0.69
18HU12044_1253;1101;47.66683;-63.75017;348357;52.85;04-nov-12;15:01:00;31.8;1.74;275.01628;272.73862;0.1;0.036;0.02;1;10.355;1;1.115;1;11.43;1;6;9.29;0.91
18HU12044_1254;1121;47.5005;-63.2515;348367;1.78;04-nov-12;21:23:00;29.9;9.17;301.54432;313.82582;3.165;0.464;0.02;1;0.6;1;0.375;1;2.19;1;6;1.60;0.27
18HU12044_1254;1121;47.5005;-63.2515;348366;5.06;04-nov-12;21:23:00;29.9;9.17;301.36568;306.23362;3.2;0.469;0.02;1;0.61;1;0.36;1;2.135;1;6;1.69;0.29
18HU12044_1254;1121;47.5005;-63.2515;348365;14.58;04-nov-12;21:23:00;29.9;9.15;300.15986;306.8142;3.035;0.421;0.015;1;0.68;1;0.375;1;2.24;1;6;1.81;0.30
18HU12044_1254;1121;47.5005;-63.2515;348364;24.99;04-nov-12;21:23:00;30.22;8.12;287.20846;292.16572;0.42;0.082;0.1;1;2.185;1;0.485;1;2.81;1;6;4.51;0.78
18HU12044_1254;1121;47.5005;-63.2515;348363;49.87;04-nov-12;21:23:00;31.62;1.7;250.72124;253.2222;0.085;0.038;0.02;1;12.25;1;1.255;1;15.79;1;6;9.76;0.78
18HU12044_1254;1121;47.5005;-63.2515;348362;69.9;04-nov-12;21:23:00;32.07;1.17;226.56018;228.2126;0.075;0.035;0.02;1;14.245;1;1.42;1;23.09;1;6;10.03;0.62
18HU12044_1255;1131;47.3385;-62.75117;348372;2.88;04-nov-12;23:41:00;29.68;9.24;295.69386;299.26666;1.785;0.267;0.045;1;1.33;1;0.42;1;2.515;1;6;3.17;0.53
18HU12044_1255;1131;47.3385;-62.75117;348371;5.16;04-nov-12;23:41:00;29.68;9.25;296.94434;299.71326;1.77;0.279;0.04;1;1.36;1;0.415;1;2.575;1;6;3.28;0.53
18HU12044_1255;1131;47.3385;-62.75117;348370;14.78;04-nov-12;23:41:00;29.95;8.9;296.36376;295.69386;0.905;0.227;0.055;1;1.45;1;0.435;1;2.35;1;6;3.33;0.62
18HU12044_1255;1131;47.3385;-62.75117;348369;25.09;04-nov-12;23:41:00;30.17;8.75;292.61232;298.19482;0.695;0.124;0.055;1;1.365;1;0.41;1;2.435;1;6;3.33;0.56
18HU12044_1255;1131;47.3385;-62.75117;348368;44.62;04-nov-12;23:41:00;31.78;0.95;265.63768;265.14642;0.19;0.047;0.14;1;11.285;1;1.2;1;16.925;1;6;9.40;0.67
18HU12044_1256;1141;47.168;-62.2505;348377;1.49;05-nov-12;02:07:00;29.74;9.89;297.4356;296.85502;2.085;0.305;0.025;1;0.415;1;0.32;1;2.08;1;6;1.30;0.20
18HU12044_1256;1141;47.168;-62.2505;348376;4.96;05-nov-12;02:07:00;29.74;9.9;296.5424;297.61424;2.105;0.316;0.02;1;0.53;1;0.325;1;2.04;1;6;1.63;0.26
18HU12044_1256;1141;47.168;-62.2505;348375;14.08;05-nov-12;02:07:00;29.75;9.87;293.6395;297.56958;2.165;0.33;0.025;1;0.465;1;0.33;1;1.95;1;6;1.41;0.24
18HU12044_1256;1141;47.168;-62.2505;348374;25.29;05-nov-12;02:07:00;30.3;7.8;286.9405;288.2803;0.69;0.121;0.085;1;2.445;1;0.53;1;4.12;1;6;4.61;0.59
18HU12044_1256;1141;47.168;-62.2505;348373;31.63;05-nov-12;02:07:00;30.84;4.48;260.01052;259.45227;0.415;0.091;0.14;1;6.765;1;0.965;1;10.81;1;6;7.01;0.63
18HU12044_1257;1161;46.99983;-61.75217;348382;2.18;05-nov-12;06:20:00;29.6;10.29;288.19098;NaN;2.205;0.349;0.015;1;0.06;1;0.275;1;1.495;1;0;0.22;0.04
18HU12044_1257;1161;46.99983;-61.75217;348381;4.56;05-nov-12;06:20:00;29.6;10.3;291.09388;296.05114;2.235;0.364;0.01;1;0.065;1;0.275;1;1.25;1;6;0.24;0.05
18HU12044_1257;1161;46.99983;-61.75217;348380;14.68;05-nov-12;06:20:00;29.98;9.97;284.21624;284.75216;0.96;0.235;0.065;1;0.955;1;0.41;1;2.5;1;6;2.33;0.38
18HU12044_1257;1161;46.99983;-61.75217;348379;24.3;05-nov-12;06:20:00;30.16;9.73;279.52694;281.17936;0.85;0.124;0.075;1;1.205;1;0.44;1;3.04;1;6;2.74;0.40
18HU12044_1257;1161;46.99983;-61.75217;348378;32.03;05-nov-12;06:20:00;30.44;8.55;265.59302;269.56776;0.615;0.106;0.115;1;2.655;1;0.6;1;5.905;1;6;4.42;0.45
18HU12044_1258;1171;46.91717;-61.50067;348387;1.49;05-nov-12;07:45:00;29.37;10.6;291.31718;292.12106;1.535;0.255;0.015;1;0.135;1;0.245;1;1.16;1;6;0.55;0.12
18HU12044_1258;1171;46.91717;-61.50067;348386;4.86;05-nov-12;07:45:00;29.37;10.6;289.8434;292.34436;1.56;0.247;0.015;1;0.18;1;0.255;1;1.085;1;6;0.71;0.17
18HU12044_1258;1171;46.91717;-61.50067;348385;14.78;05-nov-12;07:45:00;29.53;10.47;284.97546;292.38902;1.99;0.315;0.02;1;0.265;1;0.315;1;1.65;1;6;0.84;0.16
18HU12044_1258;1171;46.91717;-61.50067;348384;24.69;05-nov-12;07:45:00;30.21;9.41;268.67456;274.659;0.715;0.114;0.11;1;2.065;1;0.565;1;4.93;1;6;3.65;0.42
18HU12044_1258;1171;46.91717;-61.50067;348383;44.52;05-nov-12;07:45:00;31.65;2.3;242.36982;241.05235;0.3;0.071;0.115;1;10.145;1;1.22;1;17.88;1;6;8.32;0.57
18HU12044_1259;1191;46.8325;-61.24883;348392;1.79;05-nov-12;12:57:00;29.27;10.74;288.77156;291.36184;1.315;0.172;0.02;1;0.12;1;0.235;1;1.025;1;6;0.51;0.12
18HU12044_1259;1191;46.8325;-61.24883;348391;4.66;05-nov-12;12:57:00;29.27;10.73;287.07448;291.49582;1.285;0.189;0.02;1;0.135;1;0.235;1;0.765;1;6;0.57;0.18
18HU12044_1259;1191;46.8325;-61.24883;348390;15.47;05-nov-12;12:57:00;29.29;10.72;288.99486;293.10358;1.12;0.163;0.015;1;0.13;1;0.25;1;0.755;1;6;0.52;0.17
18HU12044_1259;1191;46.8325;-61.24883;348389;25.09;05-nov-12;12:57:00;29.73;9.46;283.41236;285.33274;0.53;0.104;0.06;1;1.37;1;0.465;1;2.79;1;6;2.95;0.49
18HU12044_1259;1191;46.8325;-61.24883;348388;49.88;05-nov-12;12:57:00;31.63;2.01;250.9892;245.31738;0.155;0.054;0.115;1;10.37;1;1.22;1;15.405;1;6;8.50;0.67
18HU12044_1260;1201;46.74217;-60.99917;348397;1.88;05-nov-12;14:37:00;29.16;11.14;NaN;289.75408;2.45;0.492;0.045;1;0.395;1;0.13;1;0.53;1;6;3.04;0.75
18HU12044_1260;1201;46.74217;-60.99917;348396;4.86;05-nov-12;14:37:00;29.15;11.14;285.33274;291.09388;2.52;0.502;0.04;1;0.36;1;0.125;1;0.465;1;6;2.88;0.77
18HU12044_1260;1201;46.74217;-60.99917;348395;14.88;05-nov-12;14:37:00;29.19;11.12;286.4939;286.13662;2.16;0.356;0.05;1;0.53;1;0.2;1;0.735;1;6;2.65;0.72
18HU12044_1260;1201;46.74217;-60.99917;348394;25.49;05-nov-12;14:37:00;29.72;10.42;289.35214;291.4065;1.72;0.322;0.02;1;0.215;1;0.23;1;1.01;1;6;0.93;0.21
18HU12044_1260;1201;46.74217;-60.99917;348393;50.18;05-nov-12;14:37:00;31.94;3.19;264.56584;262.51148;0.36;0.068;0.125;1;8.725;1;1.025;1;10.785;1;6;8.51;0.81
18HU12044_1261;1211;46.95767;-60.21617;348403;2.18;05-nov-12;19:56:00;30.2;10.28;289.08418;292.9696;1.175;0.216;0.045;1;0.265;1;0.245;1;1.32;1;6;1.08;0.20
18HU12044_1261;1211;46.95767;-60.21617;348402;4.86;05-nov-12;19:56:00;30.2;10.28;288.9502;291.94242;1.245;0.217;0.04;1;0.27;1;0.245;1;1.195;1;6;1.10;0.23
18HU12044_1261;1211;46.95767;-60.21617;348401;15.07;05-nov-12;19:56:00;30.34;10.26;289.08418;290.42398;0.745;0.138;0.04;1;0.22;1;0.26;1;1.275;1;6;0.85;0.17
18HU12044_1261;1211;46.95767;-60.21617;348400;24.99;05-nov-12;19:56:00;30.88;8.39;293.6395;292.523;0.51;0.105;0.11;1;1.71;1;0.41;1;2.555;1;6;4.17;0.67
18HU12044_1261;1211;46.95767;-60.21617;348399;49.98;05-nov-12;19:56:00;32.04;3.7;292.9696;287.34244;0.225;0.057;0.125;1;6.975;1;0.805;1;6.715;1;6;8.66;1.04
18HU12044_1261;1211;46.95767;-60.21617;348398;69.7;05-nov-12;19:56:00;32.84;2.38;285.55604;282.6978;0.06;0.033;0.025;1;9.855;1;0.965;1;8.43;1;6;10.21;1.17
18HU12044_1262;1221;47.016;-60.133;348410;1.88;05-nov-12;21:03:00;30.42;9.13;NaN;303.37538;1.605;0.285;0.04;1;0.27;1;0.29;1;1.56;1;6;0.93;0.17
18HU12044_1262;1221;47.016;-60.133;348409;4.66;05-nov-12;21:03:00;30.42;9.13;300.51714;303.37538;1.615;0.27;0.045;1;0.265;1;0.295;1;1.555;1;6;0.90;0.17
18HU12044_1262;1221;47.016;-60.133;348408;15.37;05-nov-12;21:03:00;30.46;9.09;299.31132;301.94626;1.305;0.207;0.045;1;0.295;1;0.305;1;1.96;1;6;0.97;0.15
18HU12044_1262;1221;47.016;-60.133;348407;25.29;05-nov-12;21:03:00;31.57;7.93;299.53462;NaN;0.495;0.094;0.125;1;1.415;1;0.375;1;2.415;1;0;3.77;0.59
18HU12044_1262;1221;47.016;-60.133;348406;50.57;05-nov-12;21:03:00;32.12;3.89;306.76954;305.34042;0.21;0.06;0.065;1;5.25;1;0.685;1;4.235;1;6;7.66;1.24
18HU12044_1262;1221;47.016;-60.133;348405;99.94;05-nov-12;21:03:00;32.9;2.1;270.72892;280.15218;0.05;0.025;0.025;1;10.66;1;1.01;1;9.43;1;6;10.55;1.13
18HU12044_1262;1221;47.016;-60.133;348404;160.2;05-nov-12;21:03:00;33.74;4.48;209.72336;211.17481;NaN;0.027;0.045;1;16.27;1;1.275;1;16.16;1;6;12.76;1.01
18HU12044_1263;1231;47.108;-60.0085;348419;1.79;05-nov-12;22:31:00;30.5;8.87;300.47248;302.03558;1.3;0.197;0.035;1;0.445;1;0.33;1;1.775;1;6;1.35;0.25
18HU12044_1263;1231;47.108;-60.0085;348418;4.86;05-nov-12;22:31:00;30.49;8.87;300.3385;302.08024;1.18;0.196;0.045;1;0.455;1;0.325;1;1.775;1;6;1.40;0.26
18HU12044_1263;1231;47.108;-60.0085;348417;14.97;05-nov-12;22:31:00;30.51;8.86;297.6589;301.05306;1.14;0.222;0.045;1;0.53;1;0.335;1;1.715;1;6;1.58;0.31
18HU12044_1263;1231;47.108;-60.0085;348416;24.49;05-nov-12;22:31:00;31.2;6.33;307.84138;296.58706;0.415;0.094;0.13;1;3.405;1;0.635;1;4.73333;1;6;5.36;0.72
18HU12044_1263;1231;47.108;-60.0085;348415;50.17;05-nov-12;22:31:00;32.09;1.63;301.94626;304.40256;0.085;0.035;0.03;1;7.63;1;0.88;1;6.03;1;6;8.67;1.27
18HU12044_1263;1231;47.108;-60.0085;348414;100.14;05-nov-12;22:31:00;32.73;1.82;294.3094;299.13268;0.05;0.029;0.02;1;8.625;1;0.88;1;6.94;1;6;9.80;1.24
18HU12044_1263;1231;47.108;-60.0085;348413;200.42;05-nov-12;22:31:00;34.59;6.44;158.14106;158.45368;NaN;0.022;0.03;1;21.39;1;1.49;1;21.205;1;6;14.36;1.01
18HU12044_1263;1231;47.108;-60.0085;348412;299.96;05-nov-12;22:31:00;34.82;6.24;154.83622;155.95272;NaN;0.019;0.035;1;22.775;1;1.565;1;24.78;1;6;14.55;0.92
18HU12044_1263;1231;47.108;-60.0085;348411;309.27;05-nov-12;22:31:00;34.81;6.06;150.90614;150.41488;NaN;0.018;0.025;1;22.87;1;1.575;1;26.42;1;6;14.52;0.87
18HU12044_1264;1241;47.26717;-59.783;348429;2.28;06-nov-12;00:35:00;30.83;9.34;296.5424;296.7657;1.045;0.178;0.025;1;0.215;1;0.27;1;1.75;1;6;0.80;0.12
18HU12044_1264;1241;47.26717;-59.783;348428;4.46;06-nov-12;00:35:00;30.84;9.34;295.2026;296.7657;1.03;0.179;0.025;1;0.2;1;0.27;1;1.695;1;6;0.74;0.12
18HU12044_1264;1241;47.26717;-59.783;348427;14.48;06-nov-12;00:35:00;31.09;9.21;292.34436;296.0958;0.825;0.151;0.04;1;0.24;1;0.275;1;1.8;1;6;0.87;0.13
18HU12044_1264;1241;47.26717;-59.783;348426;24.89;06-nov-12;00:35:00;31.44;7.91;309.76176;300.69578;0.54;0.125;0.125;1;1.34;1;0.385;1;2.325;1;6;3.48;0.58
18HU12044_1264;1241;47.26717;-59.783;348425;49.88;06-nov-12;00:35:00;32.41;2.83;307.88604;306.50158;0.11;0.046;0.025;1;5.845;1;0.74;1;4.55;1;6;7.90;1.28
18HU12044_1264;1241;47.26717;-59.783;348424;100.13;06-nov-12;00:35:00;32.92;2.1;270.01436;274.8823;0.03;0.028;0.015;1;11.31;1;1.045;1;10.265;1;6;10.82;1.10
18HU12044_1264;1241;47.26717;-59.783;348423;199.63;06-nov-12;00:35:00;34.51;6.58;153.94302;156.93524;NaN;0.018;0.015;1;20.87;1;1.485;1;20.475;1;6;14.05;1.02
18HU12044_1264;1241;47.26717;-59.783;348422;299.96;06-nov-12;00:35:00;34.82;6.32;156.57796;154.56826;NaN;0.017;0.015;1;22.85;1;1.56;1;23.33;1;6;14.65;0.98
18HU12044_1264;1241;47.26717;-59.783;348421;399.85;06-nov-12;00:35:00;34.89;5.41;172.52158;168.85946;NaN;0.017;0.015;1;22.195;1;1.61;1;30.995;1;6;13.79;0.72
18HU12044_1264;1241;47.26717;-59.783;348420;449.92;06-nov-12;00:35:00;34.89;5.4;176.36234;172.05265;NaN;0.021;0.01;1;22.11;1;1.575;1;30.17;1;6;14.04;0.73
18HU12044_1265;1251;47.43417;-59.55133;348439;1.59;06-nov-12;02:49:00;30.42;9.85;292.47834;294.35406;1.075;0.179;0.02;1;0.28;1;0.255;1;1.785;1;6;1.10;0.16
18HU12044_1265;1251;47.43417;-59.55133;348438;5.26;06-nov-12;02:49:00;30.59;9.73;292.83562;294.9793;0.935;0.164;0.02;1;0.19;1;0.255;1;1.615;1;6;0.75;0.12
18HU12044_1265;1251;47.43417;-59.55133;348437;15.07;06-nov-12;02:49:00;31.17;9.22;293.23756;295.60454;0.8;0.146;0.05;1;0.325;1;0.27;1;1.795;1;6;1.20;0.18
18HU12044_1265;1251;47.43417;-59.55133;348436;24.69;06-nov-12;02:49:00;31.57;7.92;301.27636;298.59676;0.52;0.134;0.09;1;2.11;1;0.45;1;2.79;1;6;4.69;0.76
18HU12044_1265;1251;47.43417;-59.55133;348435;49.97;06-nov-12;02:49:00;32.49;2.49;308.3773;305.74236;0.095;0.046;0.01;1;6.56;1;0.79;1;4.895;1;6;8.30;1.34
18HU12044_1265;1251;47.43417;-59.55133;348434;99.54;06-nov-12;02:49:00;32.87;1.54;291.76378;286.85118;0.03;0.026;0.01;1;10.57;1;1.02;1;8.88;1;6;10.36;1.19
18HU12044_1265;1251;47.43417;-59.55133;348433;199.82;06-nov-12;02:49:00;34.5;6.66;158.49834;162.5624;NaN;0.018;0.01;1;20.32;1;1.45;1;19.335;1;6;14.01;1.05
18HU12044_1265;1251;47.43417;-59.55133;348432;299.56;06-nov-12;02:49:00;34.82;6.25;156.9799;155.55078;NaN;0.016;0.01;1;22.9;1;1.57;1;24.035;1;6;14.59;0.95
18HU12044_1265;1251;47.43417;-59.55133;348431;400.04;06-nov-12;02:49:00;34.91;5.31;188.15258;185.91958;NaN;0.017;0.01;1;21.515;1;1.54;1;27.845;1;6;13.97;0.77
18HU12044_1265;1251;47.43417;-59.55133;348430;460.51;06-nov-12;02:49:00;34.91;5.27;189.67102;186.72346;NaN;0.018;0.01;1;21.265;1;1.535;1;28.545;1;6;13.85;0.74
18HU12044_1266;1261;47.58383;-59.34;348447;1.49;06-nov-12;05:13:00;31.31;10.17;285.10944;284.84148;0.33;0.062;0.035;1;0.345;1;0.26;1;1.91;1;6;1.33;0.18
18HU12044_1266;1261;47.58383;-59.34;348446;5.26;06-nov-12;05:13:00;31.31;10.17;283.54634;284.79682;0.33;0.061;0.03;1;0.355;1;0.27;1;1.775;1;6;1.31;0.20
18HU12044_1266;1261;47.58383;-59.34;348445;14.38;06-nov-12;05:13:00;31.34;10.22;283.01042;284.7075;0.34;0.066;0.03;1;0.34;1;0.26;1;1.675;1;6;1.31;0.20
18HU12044_1266;1261;47.58383;-59.34;348444;25.38;06-nov-12;05:13:00;31.4;10.15;282.65314;284.75216;0.275;0.055;0.035;1;0.41;1;0.28;1;1.765;1;6;1.46;0.23
18HU12044_1266;1261;47.58383;-59.34;348443;50.27;06-nov-12;05:13:00;32;6.48;301.0084;296.05114;0.145;0.047;0.12;1;3.43;1;0.505;1;3.18;1;6;6.79;1.08
18HU12044_1266;1261;47.58383;-59.34;348442;100.63;06-nov-12;05:13:00;32.53;2.29;312.03942;309.58312;0.08;0.04;0.02;1;6.735;1;0.78;1;5.495;1;6;8.63;1.23
18HU12044_1266;1261;47.58383;-59.34;348441;199.62;06-nov-12;05:13:00;34.44;6.61;170.42256;171.89634;NaN;0.02;0.01;1;19.245;1;1.36;1;17.68;1;6;14.15;1.09
18HU12044_1266;1261;47.58383;-59.34;348440;247.17;06-nov-12;05:13:00;34.75;6.58;157.4265;158.16339;NaN;0.017;0.015;1;22;1;1.495;1;21.895;1;6;14.72;1.00
18HU12044_1267;1401;47.33133;-57.1455;348546;1.59;09-nov-12;10:03:00;24.55;10.16;NaN;286.2706;0.83;0.093;0.1;1;0.52;1;0.255;1;2.08;1;6;2.04;0.25
18HU12044_1267;1401;47.33133;-57.1455;348545;4.76;09-nov-12;10:03:00;31.69;10.07;283.90362;286.31526;0.8;0.117;0.095;1;0.485;1;0.255;1;1.495;1;6;1.90;0.32
18HU12044_1267;1401;47.33133;-57.1455;348544;15.37;09-nov-12;10:03:00;31.69;10.06;285.10944;286.0473;0.805;0.103;0.095;1;0.46;1;0.255;1;1.43;1;6;1.80;0.32
18HU12044_1267;1401;47.33133;-57.1455;348543;24.29;09-nov-12;10:03:00;31.69;10.05;285.28808;287.20846;0.825;0.112;0.1;1;0.45;1;0.255;1;1.46;1;6;1.76;0.31
18HU12044_1267;1401;47.33133;-57.1455;348542;50.87;09-nov-12;10:03:00;32.24;4.96;311.10156;304.44722;0.14;0.044;0.18;1;3.795;1;0.585;1;3.37;1;6;6.49;1.13
18HU12044_1267;1401;47.33133;-57.1455;348541;100.23;09-nov-12;10:03:00;32.57;1.57;318.55978;317.80056;0.075;0.037;0.125;1;6.74;1;0.77;1;5.39;1;6;8.75;1.25
18HU12044_1267;1401;47.33133;-57.1455;348540;199.92;09-nov-12;10:03:00;34.24;5.85;184.98172;184.62444;NaN;0.019;0.085;1;18.835;1;1.365;1;17.94;1;6;13.80;1.05
18HU12044_1267;1401;47.33133;-57.1455;348539;206.16;09-nov-12;10:03:00;34.33;6.03;174.93322;175.0672;NaN;0.021;0.075;1;19.66;1;1.395;1;19.11;1;6;14.09;1.03
18HU12044_1268;1411;46.90417;-57.14583;348554;2.98;09-nov-12;13:20:00;31.61;10.31;284.21624;286.62788;1.11;0.162;0.09;1;0.35;1;0.26;1;1.505;1;6;1.35;0.23
18HU12044_1268;1411;46.90417;-57.14583;348553;5.06;09-nov-12;13:20:00;31.61;10.31;284.17158;288.54826;1.16;0.148;0.055;1;0.365;1;0.26;1;1.4;1;6;1.40;0.26
18HU12044_1268;1411;46.90417;-57.14583;348552;14.88;09-nov-12;13:20:00;31.64;10.28;284.79682;286.31526;1.02;0.119;0.085;1;0.325;1;0.25;1;1.325;1;6;1.30;0.25
18HU12044_1268;1411;46.90417;-57.14583;348551;25.09;09-nov-12;13:20:00;31.67;10.22;283.94828;286.22594;0.955;0.12;0.09;1;0.34;1;0.26;1;1.265;1;6;1.31;0.27
18HU12044_1268;1411;46.90417;-57.14583;348550;49.78;09-nov-12;13:20:00;32.44;3.38;297.61424;300.20452;0.135;0.05;0.21;1;5.78;1;0.725;1;4.845;1;6;7.97;1.19
18HU12044_1268;1411;46.90417;-57.14583;348549;100.24;09-nov-12;13:20:00;32.72;1.31;312.12874;309.7171;0.075;0.04;0.135;1;7.575;1;0.86;1;6.9;1;6;8.81;1.10
18HU12044_1268;1411;46.90417;-57.14583;348548;198.64;09-nov-12;13:20:00;34.64;7.16;162.02648;163.85754;NaN;0.02;0.065;1;20.5;2;1.385;2;17.9;2;2054;14.80;1.15
18HU12044_1268;1411;46.90417;-57.14583;348547;215.48;09-nov-12;13:20:00;34.68;7.06;158.27504;159.54785;NaN;0.021;0.075;1;21.35;2;1.435;2;19.33;2;2054;14.88;1.10
18HU12044_1269;1421;46.91933;-57.6955;348562;2.08;09-nov-12;16:09:00;31.41;10.41;283.8143;287.25312;1;0.171;0.08;1;0.175;1;0.23;2;1.625;1;2054;0.76;0.11
18HU12044_1269;1421;46.91933;-57.6955;348561;4.96;09-nov-12;16:09:00;31.4;10.41;284.35022;287.07448;1.045;0.169;0.075;1;0.175;1;0.23;2;1.475;1;2054;0.76;0.12
18HU12044_1269;1421;46.91933;-57.6955;348560;14.68;09-nov-12;16:09:00;31.57;10.62;283.50168;285.06478;0.965;0.139;0.03;1;0.175;1;0.23;1;1.35;1;6;0.76;0.13
18HU12044_1269;1421;46.91933;-57.6955;348559;24.69;09-nov-12;16:09:00;31.67;10.68;282.4745;283.85896;0.855;0.107;0.09;1;0.265;1;0.24;1;1.205;1;6;1.10;0.22
18HU12044_1269;1421;46.91933;-57.6955;348558;50.47;09-nov-12;16:09:00;32.02;8.29;297.74822;287.92302;0.165;0.045;0.21;1;1.61;1;0.43;1;2.035;1;6;3.74;0.79
18HU12044_1269;1421;46.91933;-57.6955;348557;100.63;09-nov-12;16:09:00;32.93;1.24;302.25888;297.4356;0.05;0.03;0.16;1;9.98;1;0.97;1;8.895;1;6;10.29;1.12
18HU12044_1269;1421;46.91933;-57.6955;348556;200.03;09-nov-12;16:09:00;34.33;6.23;174.30798;176.58564;NaN;0.022;0.075;1;19.335;1;1.4;1;18.06;1;6;13.81;1.07
18HU12044_1269;1421;46.91933;-57.6955;348555;229.35;09-nov-12;16:09:00;34.52;6.55;163.09832;163.36628;NaN;0.021;0.07;1;20.82;1;1.46;1;19.955;1;6;14.26;1.04
18HU12044_1270;1431;47.29583;-57.794;348569;2.48;09-nov-12;19:14:00;31.34;10.2;285.10944;288.2803;1.005;0.162;0.11;1;0.435;1;0.265;1;1.615;1;6;1.64;0.27
18HU12044_1270;1431;47.29583;-57.794;348568;5.35;09-nov-12;19:14:00;31.34;10.2;285.3774;288.45894;0.995;0.16;0.09;1;0.44;1;0.26;1;1.615;1;6;1.69;0.27
18HU12044_1270;1431;47.29583;-57.794;348567;15.97;09-nov-12;19:14:00;31.34;10.2;285.95798;286.00264;0.925;0.141;0.1;1;0.44;1;0.265;1;1.655;1;6;1.66;0.27
18HU12044_1270;1431;47.29583;-57.794;348566;24.1;09-nov-12;19:14:00;31.4;10.16;286.35992;287.47642;0.83;0.102;0.105;1;0.465;1;0.275;1;1.565;1;6;1.69;0.30
18HU12044_1270;1431;47.29583;-57.794;348565;49.38;09-nov-12;19:14:00;32.13;5.47;303.9113;297.4356;0.2;0.054;0.13;1;4.03;1;0.585;1;3.305;1;6;6.89;1.22
18HU12044_1270;1431;47.29583;-57.794;348564;100.63;09-nov-12;19:14:00;32.77;1.28;308.154;306.09964;0.05;0.031;0.065;1;8.71;1;0.895;1;6.515;1;6;9.73;1.34
18HU12044_1270;1431;47.29583;-57.794;348563;189.42;09-nov-12;19:14:00;34.16;5.93;187.70598;193.24382;NaN;0.021;0.07;1;17.41;1;1.285;1;15.8;1;6;13.55;1.10
18HU12044_1271;1441;47.4745;-57.60883;348577;2.18;09-nov-12;22:12:00;31.68;9.82;286.18128;289.1735;0.865;0.117;0.06;1;0.355;1;0.27;1;1.42;1;6;1.31;0.25
18HU12044_1271;1441;47.4745;-57.60883;348576;4.66;09-nov-12;22:12:00;31.68;9.81;286.85118;288.63758;0.885;0.111;0.095;1;0.345;1;0.26;1;1.595;1;6;1.33;0.22
18HU12044_1271;1441;47.4745;-57.60883;348575;14.68;09-nov-12;22:12:00;31.68;9.8;287.52108;288.41428;0.85;0.108;0.09;1;0.38;1;0.265;1;1.455;1;6;1.43;0.26
18HU12044_1271;1441;47.4745;-57.60883;348574;25.68;09-nov-12;22:12:00;31.7;9.75;287.69972;289.88806;0.77;0.096;0.09;1;0.39;1;0.265;1;1.465;1;6;1.47;0.27
18HU12044_1271;1441;47.4745;-57.60883;348573;51.36;09-nov-12;22:12:00;31.81;8.97;292.79096;289.03952;0.45;0.077;0.115;1;0.63;1;0.295;1;1.43;1;6;2.14;0.44
18HU12044_1271;1441;47.4745;-57.60883;348572;101.32;09-nov-12;22:12:00;32.52;2.15;316.55008;314.98698;0.08;0.036;0.135;1;6.315;1;0.755;1;5.28;1;6;8.36;1.20
18HU12044_1271;1441;47.4745;-57.60883;348571;200.22;09-nov-12;22:12:00;34.05;5.44;194.4943;NaN;NaN;0.021;0.075;1;17.46;1;1.31;1;16.73;1;0;13.33;1.04
18HU12044_1271;1441;47.4745;-57.60883;348570;260.14;09-nov-12;22:12:00;34.56;6.85;156.31;156.42165;NaN;0.021;0.08;1;20.65;1;1.455;1;21.215;1;6;14.19;0.97
18HU12044_1272;1451;47.49533;-58.179;348584;4.76;10-nov-12;00:42:00;31.16;9.43;290.5133;293.01426;0.955;0.132;0.06;1;0.305;7;0.245;7;1.9;1;518;1.24;0.16
18HU12044_1272;1451;47.49533;-58.179;348585;4.76;10-nov-12;00:42:00;31.16;9.43;290.5133;293.10358;0.99;0.133;0.105;1;0.325;7;0.24;7;2.87667;1;518;1.35;0.11
18HU12044_1272;1451;47.49533;-58.179;348583;15.97;10-nov-12;00:42:00;31.17;9.44;291.54048;291.54048;0.97;0.134;0.06;1;0.31;1;0.24;1;1.825;1;6;1.29;0.17
18HU12044_1272;1451;47.49533;-58.179;348582;24.59;10-nov-12;00:42:00;31.17;9.42;291.04922;291.98708;0.93;0.148;0.065;1;0.34;1;0.25;1;1.855;1;6;1.36;0.18
18HU12044_1272;1451;47.49533;-58.179;348581;50.07;10-nov-12;00:42:00;32.36;4.11;304.75984;301.41034;0.16;0.057;0.235;1;4.645;1;0.665;1;4.19;1;6;6.98;1.11
18HU12044_1272;1451;47.49533;-58.179;348580;100.63;10-nov-12;00:42:00;32.63;1.43;316.77338;313.78116;0.065;0.035;0.105;1;7.23;1;0.805;1;5.605;1;6;8.98;1.29
18HU12044_1272;1451;47.49533;-58.179;348579;202.59;10-nov-12;00:42:00;34.11;5.65;187.52734;194.31566;NaN;0.02;0.085;1;17.755;1;1.31;1;16.64;1;6;13.55;1.07
18HU12044_1272;1451;47.49533;-58.179;348578;218.44;10-nov-12;00:42:00;34.48;6.66;162.74104;164.1255;NaN;0.022;0.09;1;20.025;1;1.42;1;20.215;1;6;14.10;0.99
18HU12044_1273;1461;46.36917;-59.61133;348591;1.79;10-nov-12;16:06:00;21.32;9.03;NaN;NaN;1.715;NaN;0.09;1;0.83;1;0.31;1;2.035;1;0;2.68;0.41
18HU12044_1273;1461;46.36917;-59.61133;348590;4.76;10-nov-12;16:06:00;30.14;9.31;293.6395;299.62394;1.715;0.27;0.1;1;0.83;1;0.315;1;2.005;1;6;2.63;0.41
18HU12044_1273;1461;46.36917;-59.61133;348589;14.97;10-nov-12;16:06:00;30.14;9.3;292.70164;296.14046;1.73;0.26;0.1;1;0.815;1;0.305;1;1.835;1;6;2.67;0.44
18HU12044_1273;1461;46.36917;-59.61133;348588;24.59;10-nov-12;16:06:00;30.32;9.14;293.28222;296.0958;1.245;0.188;0.095;1;0.74;1;0.305;1;1.81;1;6;2.43;0.41
18HU12044_1273;1461;46.36917;-59.61133;348587;49.98;10-nov-12;16:06:00;31.77;4.9;283.63566;272.8726;0.19;0.057;0.195;1;7.065;1;0.8;1;7.92;1;6;8.83;0.89
18HU12044_1273;1461;46.36917;-59.61133;348586;89.93;10-nov-12;16:06:00;32.74;2.51;271.62212;269.34446;0.08;0.037;0.13;1;10.715;1;1.015;1;10.355;1;6;10.56;1.03
