CTD;CTD;CTD;CTD;CTD;CTD;CTD;CTD;labo;labo;terrain;labo;labo;labo;labo;calc;calc
Fichier;Station;Latitude;Longitude;Echantillon;zbouteille;Date;Heure;OXYM_01;Q_OXYM;TEMP_XX;Q_TEMP_RT;Si_01;Q_Si;QCFF;N_P;N_Si
(nom);(nom/no);(degres);(degres);(no_unique);(dbar);(jj-mmm-yyyy);(GMT);(mmol/m**3);((none));(celsius);((none));(mmol/m**3);((none));((none));((none));((none))
181064009_182;26;38;-48.43;-591;0;13-jun-64;12:36:00;NaN;9;20.7;1;NaN;9;0;NaN;NaN
181064009_182;26;38;-48.43;-592;50;13-jun-64;12:36:00;229.9969;4;20.18;1;3;1;6;NaN;NaN
181064009_182;26;38;-48.43;-593;99;13-jun-64;12:36:00;211.2399;4;17.9;1;4;1;6;NaN;NaN
181064009_182;26;38;-48.43;-594;149;13-jun-64;12:36:00;220.1718;4;17.56;1;3;1;6;NaN;NaN
181064009_182;26;38;-48.43;-595;199;13-jun-64;12:36:00;223.7446;4;17.4;1;3;1;6;NaN;NaN
181064009_182;26;38;-48.43;-596;249;13-jun-64;12:36:00;229.9969;4;17.31;1;2;1;6;NaN;NaN
181064009_182;26;38;-48.43;-597;299;13-jun-64;12:36:00;228.6572;4;17.28;1;3;1;6;NaN;NaN
181064009_182;26;38;-48.43;-598;398;13-jun-64;12:36:00;223.7446;4;17.12;1;2;1;6;NaN;NaN
181064009_182;26;38;-48.43;-599;498;13-jun-64;12:36:00;224.1912;4;16.91;1;2;1;6;NaN;NaN
181064009_182;26;38;-48.43;-600;597;13-jun-64;12:36:00;209.4535;4;15.62;1;4;1;6;NaN;NaN
181064009_182;26;38;-48.43;-601;696;13-jun-64;12:36:00;215.7059;4;13.45;1;7;1;6;NaN;NaN
181064009_182;26;38;-48.43;-602;795;13-jun-64;12:36:00;169.7065;4;11.97;1;10;1;6;NaN;NaN
181064009_182;26;38;-48.43;-603;896;13-jun-64;12:36:00;148.2699;4;9.61;1;16;1;6;NaN;NaN
181064009_182;26;38;-48.43;-604;996;13-jun-64;12:36:00;176.852;4;7.25;1;17;1;6;NaN;NaN
181064009_182;26;38;-48.43;-605;1196;13-jun-64;12:36:00;229.9969;4;5.23;1;NaN;9;6;NaN;NaN
181064009_182;26;38;-48.43;-606;1558;13-jun-64;14:12:00;261.7052;4;4.2;1;NaN;9;6;NaN;NaN
181064009_182;26;38;-48.43;-607;2054;13-jun-64;14:12:00;270.6372;4;3.77;1;NaN;9;6;NaN;NaN
181064009_182;26;38;-48.43;-608;2542;13-jun-64;14:12:00;269.744;4;3.44;1;NaN;9;6;NaN;NaN
181064009_182;26;38;-48.43;-609;3045;13-jun-64;14:12:00;270.6372;4;3.04;1;NaN;9;6;NaN;NaN
181064009_182;26;38;-48.43;-610;3543;13-jun-64;14:12:00;270.1906;4;2.63;1;NaN;9;6;NaN;NaN
181064009_182;26;38;-48.43;-611;4040;13-jun-64;14:12:00;270.6372;4;2.38;1;NaN;9;6;NaN;NaN
181064009_182;26;38;-48.43;-612;4543;13-jun-64;14:12:00;271.0837;4;2.3;1;NaN;9;6;NaN;NaN
181064009_182;26;38;-48.43;-613;4743;13-jun-64;14:12:00;268.8508;4;2.3;1;NaN;9;6;NaN;NaN
181064009_182;26;38;-48.43;-614;4945;13-jun-64;14:12:00;268.8508;4;2.25;1;NaN;9;6;NaN;NaN
181064009_193;27;38.0683;-49.9316;-615;0;13-jun-64;22:12:00;NaN;9;20.7;1;NaN;9;0;NaN;NaN
181064009_193;27;38.0683;-49.9316;-616;10;13-jun-64;22:12:00;232.2299;4;20.39;1;NaN;9;6;NaN;NaN
181064009_193;27;38.0683;-49.9316;-617;50;13-jun-64;23:06:00;236.2493;4;19.78;1;3;1;6;NaN;NaN
181064009_193;27;38.0683;-49.9316;-618;99;13-jun-64;23:06:00;214.3661;4;17.93;1;4;1;6;NaN;NaN
181064009_193;27;38.0683;-49.9316;-619;150;13-jun-64;23:36:00;226.8708;4;17.6;1;3;1;6;NaN;NaN
181064009_193;27;38.0683;-49.9316;-620;200;13-jun-64;23:36:00;229.5503;4;17.58;1;2;1;6;NaN;NaN
181064009_193;27;38.0683;-49.9316;-621;250;13-jun-64;23:36:00;234.0163;4;17.42;1;2;1;6;NaN;NaN
181064009_193;27;38.0683;-49.9316;-622;300;13-jun-64;23:36:00;227.7639;4;17.38;1;3;1;6;NaN;NaN
181064009_193;27;38.0683;-49.9316;-623;400;14-jun-64;00:12:00;234.4629;4;17.35;1;2;1;6;NaN;NaN
181064009_193;27;38.0683;-49.9316;-624;500;14-jun-64;00:12:00;229.9969;4;17.23;1;2;1;6;NaN;NaN
181064009_193;27;38.0683;-49.9316;-625;600;14-jun-64;00:12:00;203.2012;4;16.22;1;4;1;6;NaN;NaN
181064009_193;27;38.0683;-49.9316;-626;695;14-jun-64;01:00:00;173.2792;4;14.28;1;6;1;6;NaN;NaN
181064009_193;27;38.0683;-49.9316;-627;790;14-jun-64;01:00:00;149.6096;4;12.36;1;10;1;6;NaN;NaN
181064009_193;27;38.0683;-49.9316;-628;898;14-jun-64;01:54:00;175.0656;4;9.94;1;16;1;6;NaN;NaN
181064009_193;27;38.0683;-49.9316;-629;996;14-jun-64;01:54:00;187.5703;4;7.56;1;18;1;6;NaN;NaN
181064009_193;27;38.0683;-49.9316;-630;1194;14-jun-64;02:42:00;229.9969;4;5.31;1;15;1;6;NaN;NaN
181064009_193;27;38.0683;-49.9316;-631;1492;14-jun-64;02:42:00;263.045;4;4.34;1;14;1;6;NaN;NaN
181064009_193;27;38.0683;-49.9316;-632;1995;14-jun-64;05:24:00;272.4236;4;3.87;1;14;1;6;NaN;NaN
181064009_193;27;38.0683;-49.9316;-633;2430;14-jun-64;05:24:00;277.3361;4;3.59;1;16;1;6;NaN;NaN
181064009_193;27;38.0683;-49.9316;-634;2975;14-jun-64;08:36:00;271.5304;4;3.19;1;21;1;6;NaN;NaN
181064009_193;27;38.0683;-49.9316;-635;3474;14-jun-64;08:36:00;268.4042;4;2.79;1;25;1;6;NaN;NaN
181064009_193;27;38.0683;-49.9316;-636;3973;14-jun-64;08:36:00;267.9576;4;2.45;1;30;1;6;NaN;NaN
181064009_193;27;38.0683;-49.9316;-637;4471;14-jun-64;08:36:00;273.7633;4;2.32;1;35;1;6;NaN;NaN
181064009_193;27;38.0683;-49.9316;-638;4970;14-jun-64;08:36:00;267.511;4;2.3;1;39;1;6;NaN;NaN
181064009_193;27;38.0683;-49.9316;-640;5170;13-jun-64;08:36:00;267.511;4;2.29;1;38;1;6;NaN;NaN
181064009_193;27;38.0683;-49.9316;-639;5370;14-jun-64;08:36:00;263.045;4;2.27;1;42;1;6;NaN;NaN
181064009_204;28;38.5083;-49.9716;-641;0;14-jun-64;13:36:00;NaN;9;20.6;1;2;1;0;NaN;NaN
181064009_204;28;38.5083;-49.9716;-642;49;14-jun-64;13:36:00;228.2105;4;20.21;1;2;1;6;NaN;NaN
181064009_204;28;38.5083;-49.9716;-643;98;14-jun-64;13:36:00;226.4241;4;18.4;1;3;1;6;NaN;NaN
181064009_204;28;38.5083;-49.9716;-644;147;14-jun-64;13:36:00;216.1525;4;17.84;1;2;1;6;NaN;NaN
181064009_204;28;38.5083;-49.9716;-645;196;14-jun-64;13:36:00;215.7059;4;17.6;1;4;1;6;NaN;NaN
181064009_204;28;38.5083;-49.9716;-646;293;14-jun-64;13:36:00;221.065;4;17.3;1;3;1;6;NaN;NaN
181064009_204;28;38.5083;-49.9716;-647;390;14-jun-64;13:36:00;222.8514;4;17.32;1;4;1;6;NaN;NaN
181064009_204;28;38.5083;-49.9716;-648;485;14-jun-64;13:36:00;215.7059;4;17.04;1;4;1;6;NaN;NaN
181064009_204;28;38.5083;-49.9716;-649;581;14-jun-64;13:36:00;209.0069;4;16.38;1;6;1;6;NaN;NaN
181064009_204;28;38.5083;-49.9716;-650;678;14-jun-64;13:36:00;188.4635;4;14.58;1;9;1;6;NaN;NaN
181064009_204;28;38.5083;-49.9716;-651;770;14-jun-64;13:36:00;178.6384;4;13.06;1;14;1;6;NaN;NaN
181064009_204;28;38.5083;-49.9716;-652;858;14-jun-64;13:36:00;151.396;4;10.69;1;17;1;6;NaN;NaN
181064009_204;28;38.5083;-49.9716;-653;952;14-jun-64;13:36:00;153.629;4;8.58;1;NaN;9;6;NaN;NaN
181064009_204;28;38.5083;-49.9716;-654;1135;14-jun-64;13:36:00;223.298;4;5.32;1;NaN;9;6;NaN;NaN
181064009_204;28;38.5083;-49.9716;-655;1426;14-jun-64;13:36:00;259.0257;4;4.44;1;NaN;9;6;NaN;NaN
181064009_204;28;38.5083;-49.9716;-656;1624;14-jun-64;15:12:00;264.8314;4;4.18;1;NaN;9;6;NaN;NaN
181064009_204;28;38.5083;-49.9716;-657;1825;14-jun-64;15:12:00;268.8508;4;3.98;1;NaN;9;6;NaN;NaN
181064009_204;28;38.5083;-49.9716;-658;2020;14-jun-64;15:12:00;271.0837;4;3.82;1;NaN;9;6;NaN;NaN
181064009_204;28;38.5083;-49.9716;-659;2223;14-jun-64;15:12:00;271.0837;4;3.7;1;NaN;9;6;NaN;NaN
181064009_204;28;38.5083;-49.9716;-660;2445;14-jun-64;15:12:00;267.9576;4;3.59;1;NaN;9;6;NaN;NaN
181064009_204;28;38.5083;-49.9716;-661;2665;14-jun-64;15:12:00;268.8508;4;3.44;1;NaN;9;6;NaN;NaN
181064009_204;28;38.5083;-49.9716;-662;3125;14-jun-64;15:12:00;266.6178;4;3.12;1;NaN;9;6;NaN;NaN
181064009_204;28;38.5083;-49.9716;-663;3585;14-jun-64;15:12:00;270.1906;4;2.72;1;NaN;9;6;NaN;NaN
181064009_204;28;38.5083;-49.9716;-664;4065;14-jun-64;15:12:00;268.8508;4;2.43;1;NaN;9;6;NaN;NaN
181064009_204;28;38.5083;-49.9716;-665;4930;14-jun-64;15:12:00;263.9382;4;2.32;1;NaN;9;6;NaN;NaN
181064009_215;29;38.9916;-49.9266;-666;0;14-jun-64;20:30:00;NaN;9;22.8;1;NaN;9;0;NaN;NaN
181064009_215;29;38.9916;-49.9266;-667;48;14-jun-64;20:30:00;251.8801;4;20;1;4;1;6;NaN;NaN
181064009_215;29;38.9916;-49.9266;-668;97;14-jun-64;20:30:00;244.7346;4;18.46;1;6;1;6;NaN;NaN
181064009_215;29;38.9916;-49.9266;-669;145;14-jun-64;20:30:00;243.3948;4;18.01;1;6;1;6;NaN;NaN
181064009_215;29;38.9916;-49.9266;-670;193;14-jun-64;20:30:00;221.9582;4;17.76;1;5;1;6;NaN;NaN
181064009_215;29;38.9916;-49.9266;-671;241;14-jun-64;20:30:00;224.1912;4;17.68;1;3;1;6;NaN;NaN
181064009_215;29;38.9916;-49.9266;-672;290;14-jun-64;20:30:00;228.6572;4;17.62;1;4;1;6;NaN;NaN
181064009_215;29;38.9916;-49.9266;-673;387;14-jun-64;20:30:00;225.531;4;17.38;1;4;1;6;NaN;NaN
181064009_215;29;38.9916;-49.9266;-674;486;14-jun-64;20:30:00;202.308;4;16.18;1;5;1;6;NaN;NaN
181064009_215;29;38.9916;-49.9266;-675;581;14-jun-64;20:30:00;182.2112;4;14;1;8;1;6;NaN;NaN
181064009_215;29;38.9916;-49.9266;-676;673;14-jun-64;20:30:00;150.5028;4;11.46;1;14;1;6;NaN;NaN
181064009_215;29;38.9916;-49.9266;-677;761;14-jun-64;20:30:00;154.5222;4;9.04;1;17;1;6;NaN;NaN
181064009_215;29;38.9916;-49.9266;-678;854;14-jun-64;20:30:00;188.9101;4;6.76;1;18;1;6;NaN;NaN
181064009_215;29;38.9916;-49.9266;-679;945;14-jun-64;20:30:00;217.0456;4;5.69;1;17;1;6;NaN;NaN
181064009_215;29;38.9916;-49.9266;-680;1137;14-jun-64;20:30:00;254.5597;4;4.66;1;15;1;6;NaN;NaN
181064009_215;29;38.9916;-49.9266;-681;1771;14-jun-64;22:12:00;268.4042;4;3.85;1;15;1;6;NaN;NaN
181064009_215;29;38.9916;-49.9266;-682;2268;14-jun-64;22:12:00;267.511;4;3.57;1;17;1;6;NaN;NaN
181064009_215;29;38.9916;-49.9266;-683;2745;14-jun-64;22:12:00;265.7246;4;3.22;1;19;1;6;NaN;NaN
181064009_215;29;38.9916;-49.9266;-684;3211;14-jun-64;22:12:00;267.511;4;2.92;1;23;1;6;NaN;NaN
181064009_215;29;38.9916;-49.9266;-685;3693;14-jun-64;22:12:00;264.3848;4;2.58;1;27;1;6;NaN;NaN
181064009_215;29;38.9916;-49.9266;-686;4182;14-jun-64;22:12:00;265.278;4;2.36;1;34;1;6;NaN;NaN
181064009_215;29;38.9916;-49.9266;-687;4656;14-jun-64;22:12:00;266.1712;4;2.31;1;36;1;6;NaN;NaN
181064009_215;29;38.9916;-49.9266;-688;4845;14-jun-64;22:12:00;268.4042;4;2.31;1;37;1;6;NaN;NaN
181064009_215;29;38.9916;-49.9266;-689;5125;14-jun-64;22:12:00;263.9382;4;2.31;1;37;1;6;NaN;NaN
181064009_215;29;38.9916;-49.9266;-690;5324;14-jun-64;22:12:00;264.8314;4;2.3;1;40;1;6;NaN;NaN
181064009_226;30;39.5016;-49.985;-691;0;15-jun-64;04:24:00;NaN;9;19;1;NaN;9;0;NaN;NaN
181064009_226;30;39.5016;-49.985;-692;50;15-jun-64;04:24:00;248.3074;4;16.3;1;4;1;6;NaN;NaN
181064009_226;30;39.5016;-49.985;-693;100;15-jun-64;04:24:00;227.7639;4;12.95;1;8;1;6;NaN;NaN
181064009_226;30;39.5016;-49.985;-694;150;15-jun-64;04:24:00;216.1525;4;12.63;1;9;1;6;NaN;NaN
181064009_226;30;39.5016;-49.985;-695;200;15-jun-64;04:24:00;210.3467;4;12.16;1;9;1;6;NaN;NaN
181064009_226;30;39.5016;-49.985;-696;250;15-jun-64;04:24:00;200.5216;4;11.88;1;10;1;6;NaN;NaN
181064009_226;30;39.5016;-49.985;-697;300;15-jun-64;04:24:00;171.9395;4;11.43;1;12;1;6;NaN;NaN
181064009_226;30;39.5016;-49.985;-698;401;15-jun-64;04:24:00;149.6096;4;9.75;1;16;1;6;NaN;NaN
181064009_226;30;39.5016;-49.985;-699;497;15-jun-64;04:24:00;160.7746;4;8.24;1;19;1;6;NaN;NaN
181064009_226;30;39.5016;-49.985;-700;601;15-jun-64;04:24:00;188.9101;4;6.82;1;17;1;6;NaN;NaN
181064009_226;30;39.5016;-49.985;-701;698;15-jun-64;04:24:00;216.1525;4;5.57;1;16;1;6;NaN;NaN
181064009_226;30;39.5016;-49.985;-702;799;15-jun-64;04:24:00;236.6959;4;5.09;1;16;1;6;NaN;NaN
181064009_226;30;39.5016;-49.985;-703;900;15-jun-64;04:24:00;247.8608;4;4.81;1;15;1;6;NaN;NaN
181064009_226;30;39.5016;-49.985;-704;999;15-jun-64;04:24:00;258.1325;4;4.5;1;15;1;6;NaN;NaN
181064009_226;30;39.5016;-49.985;-705;1196;15-jun-64;04:24:00;269.2974;4;4.2;1;NaN;9;6;NaN;NaN
181064009_226;30;39.5016;-49.985;-706;1476;15-jun-64;06:00:00;273.3167;4;3.91;1;NaN;9;6;NaN;NaN
181064009_226;30;39.5016;-49.985;-707;1978;15-jun-64;06:00:00;273.3167;4;3.64;1;NaN;9;6;NaN;NaN
181064009_226;30;39.5016;-49.985;-708;2473;15-jun-64;06:00:00;271.977;4;3.35;1;NaN;9;6;NaN;NaN
181064009_226;30;39.5016;-49.985;-709;2970;15-jun-64;06:00:00;271.0837;4;2.97;1;NaN;9;6;NaN;NaN
181064009_226;30;39.5016;-49.985;-710;3466;15-jun-64;06:00:00;267.511;4;2.63;1;NaN;9;6;NaN;NaN
181064009_226;30;39.5016;-49.985;-711;3960;15-jun-64;06:00:00;268.8508;4;2.37;1;NaN;9;6;NaN;NaN
181064009_226;30;39.5016;-49.985;-712;4456;15-jun-64;06:00:00;270.6372;4;2.29;1;NaN;9;6;NaN;NaN
181064009_226;30;39.5016;-49.985;-713;4955;15-jun-64;06:00:00;267.511;4;2.3;1;NaN;9;6;NaN;NaN
181064009_226;30;39.5016;-49.985;-714;5353;15-jun-64;06:00:00;275.5497;4;2.32;1;NaN;9;6;NaN;NaN
181064009_237;31;39.825;-49.9633;-715;0;15-jun-64;11:12:00;NaN;9;21.4;1;NaN;9;0;NaN;NaN
181064009_237;31;39.825;-49.9633;-716;47;15-jun-64;11:12:00;246.0744;4;16.71;1;3;1;6;NaN;NaN
181064009_237;31;39.825;-49.9633;-717;93;15-jun-64;11:12:00;225.531;4;17.76;1;3;1;6;NaN;NaN
181064009_237;31;39.825;-49.9633;-718;141;15-jun-64;11:12:00;195.6091;4;17;1;5;1;6;NaN;NaN
181064009_237;31;39.825;-49.9633;-719;188;15-jun-64;11:12:00;202.308;4;16.33;1;5;1;6;NaN;NaN
181064009_237;31;39.825;-49.9633;-720;234;15-jun-64;11:12:00;207.2205;4;15;1;5;1;6;NaN;NaN
181064009_237;31;39.825;-49.9633;-721;281;15-jun-64;11:12:00;198.2886;4;14.03;1;7;1;6;NaN;NaN
181064009_237;31;39.825;-49.9633;-722;373;15-jun-64;11:12:00;181.318;4;12.28;1;10;1;6;NaN;NaN
181064009_237;31;39.825;-49.9633;-723;465;15-jun-64;11:12:00;152.7358;4;10.99;1;14;1;6;NaN;NaN
181064009_237;31;39.825;-49.9633;-724;555;15-jun-64;11:12:00;212.5797;4;7.09;1;14;1;6;NaN;NaN
181064009_237;31;39.825;-49.9633;-725;642;15-jun-64;11:12:00;204.0944;4;6.14;1;16;1;6;NaN;NaN
181064009_237;31;39.825;-49.9633;-726;725;15-jun-64;11:12:00;221.5116;4;5.47;1;16;1;6;NaN;NaN
181064009_237;31;39.825;-49.9633;-727;814;15-jun-64;11:12:00;223.298;4;5.73;1;15;1;6;NaN;NaN
181064009_237;31;39.825;-49.9633;-728;900;15-jun-64;11:12:00;248.3074;4;4.9;1;14;1;6;NaN;NaN
181064009_237;31;39.825;-49.9633;-729;1175;15-jun-64;12:48:00;263.045;4;4.31;1;14;1;6;NaN;NaN
181064009_237;31;39.825;-49.9633;-730;1450;15-jun-64;12:48:00;271.977;4;3.92;1;14;1;6;NaN;NaN
181064009_237;31;39.825;-49.9633;-731;1923;15-jun-64;12:48:00;269.2974;4;3.62;1;16;1;6;NaN;NaN
181064009_237;31;39.825;-49.9633;-732;2414;15-jun-64;12:48:00;269.2974;4;3.32;1;19;1;6;NaN;NaN
181064009_237;31;39.825;-49.9633;-733;2965;15-jun-64;12:48:00;269.744;4;2.88;1;24;1;6;NaN;NaN
181064009_237;31;39.825;-49.9633;-734;3465;15-jun-64;12:48:00;267.0644;4;2.47;1;28;1;6;NaN;NaN
181064009_237;31;39.825;-49.9633;-735;3962;15-jun-64;12:48:00;266.1712;4;2.3;1;34;1;6;NaN;NaN
181064009_237;31;39.825;-49.9633;-736;4462;15-jun-64;12:48:00;267.511;4;2.25;1;36;1;6;NaN;NaN
181064009_237;31;39.825;-49.9633;-737;4766;15-jun-64;12:48:00;265.7246;4;2.27;1;38;1;6;NaN;NaN
181064009_237;31;39.825;-49.9633;-738;4960;15-jun-64;12:48:00;265.7246;4;2.28;1;38;1;6;NaN;NaN
181064009_237;31;39.825;-49.9633;-739;5160;15-jun-64;12:48:00;271.977;4;2.29;1;30;1;6;NaN;NaN
181064009_239;32;40.3;-50.055;-740;0;15-jun-64;17:30:00;NaN;9;20.1;1;NaN;9;0;NaN;NaN
181064009_239;32;40.3;-50.055;-741;46;15-jun-64;17:30:00;238.4822;4;19.42;1;3;1;6;NaN;NaN
181064009_239;32;40.3;-50.055;-742;92;15-jun-64;17:30:00;221.065;4;18.15;1;4;1;6;NaN;NaN
181064009_239;32;40.3;-50.055;-743;140;15-jun-64;17:30:00;218.832;4;17.82;1;4;1;6;NaN;NaN
181064009_239;32;40.3;-50.055;-744;188;15-jun-64;17:30:00;221.065;4;17.62;1;4;1;6;NaN;NaN
181064009_239;32;40.3;-50.055;-745;233;15-jun-64;17:30:00;224.1912;4;17.52;1;3;1;6;NaN;NaN
181064009_239;32;40.3;-50.055;-746;281;15-jun-64;17:30:00;226.4241;4;17.19;1;4;1;6;NaN;NaN
181064009_239;32;40.3;-50.055;-747;378;15-jun-64;17:30:00;199.1818;4;14.09;1;6;1;6;NaN;NaN
181064009_239;32;40.3;-50.055;-748;472;15-jun-64;17:30:00;166.5803;4;12.42;1;10;1;6;NaN;NaN
181064009_239;32;40.3;-50.055;-749;573;15-jun-64;17:30:00;153.1824;4;10.31;1;22;1;6;NaN;NaN
181064009_239;32;40.3;-50.055;-750;667;15-jun-64;17:30:00;162.5609;4;8.06;1;19;1;6;NaN;NaN
181064009_239;32;40.3;-50.055;-751;759;15-jun-64;17:30:00;202.7546;4;6.35;1;17;1;6;NaN;NaN
181064009_239;32;40.3;-50.055;-752;862;15-jun-64;17:30:00;254.1131;4;4.48;1;15;1;6;NaN;NaN
181064009_239;32;40.3;-50.055;-753;958;15-jun-64;17:30:00;248.754;4;4.74;1;15;1;6;NaN;NaN
181064009_239;32;40.3;-50.055;-754;1155;15-jun-64;19:00:00;263.4916;4;4.34;1;NaN;9;6;NaN;NaN
181064009_239;32;40.3;-50.055;-755;1469;15-jun-64;19:00:00;271.0837;4;3.99;1;NaN;9;6;NaN;NaN
181064009_239;32;40.3;-50.055;-756;1957;15-jun-64;19:00:00;277.7827;4;3.59;1;NaN;9;6;NaN;NaN
181064009_239;32;40.3;-50.055;-757;2454;15-jun-64;19:00:00;275.5497;4;3.29;1;NaN;9;6;NaN;NaN
181064009_239;32;40.3;-50.055;-758;2936;15-jun-64;19:00:00;278.6759;4;2.9;1;NaN;9;6;NaN;NaN
181064009_239;32;40.3;-50.055;-759;3448;15-jun-64;19:00:00;285.8214;4;2.43;1;NaN;9;6;NaN;NaN
181064009_239;32;40.3;-50.055;-760;3650;15-jun-64;19:00:00;282.6953;4;2.26;1;NaN;9;6;NaN;NaN
181064009_239;32;40.3;-50.055;-761;3843;15-jun-64;19:00:00;277.7827;4;2.19;1;NaN;9;6;NaN;NaN
181064009_243;33;40.535;-49.9883;-762;0;15-jun-64;22:12:00;NaN;9;20;1;NaN;9;0;NaN;NaN
181064009_243;33;40.535;-49.9883;-763;50;15-jun-64;22:12:00;215.7059;4;18.28;1;4;1;6;NaN;NaN
181064009_243;33;40.535;-49.9883;-764;99;15-jun-64;22:12:00;207.6671;4;17.53;1;4;1;6;NaN;NaN
181064009_243;33;40.535;-49.9883;-765;149;15-jun-64;22:12:00;220.1718;4;17.54;1;4;1;6;NaN;NaN
181064009_243;33;40.535;-49.9883;-766;199;15-jun-64;22:12:00;222.8514;4;17.52;1;4;1;6;NaN;NaN
181064009_243;33;40.535;-49.9883;-767;248;15-jun-64;22:12:00;215.7059;4;17.2;1;4;1;6;NaN;NaN
181064009_243;33;40.535;-49.9883;-768;298;15-jun-64;22:12:00;203.2012;4;15.7;1;5;1;6;NaN;NaN
181064009_243;33;40.535;-49.9883;-769;398;15-jun-64;22:12:00;206.774;4;13.65;1;7;1;6;NaN;NaN
181064009_243;33;40.535;-49.9883;-770;497;15-jun-64;22:12:00;160.328;4;11.36;1;11;1;6;NaN;NaN
181064009_243;33;40.535;-49.9883;-771;596;15-jun-64;22:12:00;160.328;4;8.59;1;17;1;6;NaN;NaN
181064009_243;33;40.535;-49.9883;-772;696;15-jun-64;22:12:00;220.1718;4;5.75;1;15;1;6;NaN;NaN
181064009_243;33;40.535;-49.9883;-773;795;15-jun-64;22:12:00;238.4822;4;5.01;1;15;1;6;NaN;NaN
181064009_243;33;40.535;-49.9883;-774;862;15-jun-64;23:36:00;267.0644;4;4.25;1;14;1;6;NaN;NaN
181064009_243;33;40.535;-49.9883;-775;895;15-jun-64;22:12:00;269.744;4;4.52;1;14;1;6;NaN;NaN
181064009_243;33;40.535;-49.9883;-776;1054;15-jun-64;23:36:00;265.278;4;4.35;1;14;1;6;NaN;NaN
181064009_243;33;40.535;-49.9883;-777;1571;15-jun-64;23:36:00;276.4429;4;3.84;1;14;1;6;NaN;NaN
181064009_243;33;40.535;-49.9883;-778;2044;15-jun-64;23:36:00;276.4429;4;3.58;1;15;1;6;NaN;NaN
181064009_243;33;40.535;-49.9883;-779;2512;15-jun-64;23:36:00;279.1225;4;3.23;1;18;1;6;NaN;NaN
181064009_243;33;40.535;-49.9883;-780;3035;15-jun-64;23:36:00;279.5691;4;2.75;1;20;1;6;NaN;NaN
181064009_243;33;40.535;-49.9883;-781;3232;15-jun-64;23:36:00;283.1418;4;2.54;1;19;1;6;NaN;NaN
181064009_243;33;40.535;-49.9883;-782;3440;15-jun-64;23:36:00;284.4816;4;2.34;1;21;1;6;NaN;NaN
181064009_243;33;40.535;-49.9883;-783;3634;15-jun-64;23:36:00;281.8021;4;2.18;1;24;1;6;NaN;NaN
181064009_244;34;40.925;-49.9033;-784;0;16-jun-64;03:36:00;NaN;9;18.5;1;NaN;9;0;NaN;NaN
181064009_244;34;40.925;-49.9033;-785;45;16-jun-64;03:36:00;234.9095;4;16.74;1;3;1;6;NaN;NaN
181064009_244;34;40.925;-49.9033;-786;91;16-jun-64;03:36:00;214.3661;4;17.2;1;4;1;6;NaN;NaN
181064009_244;34;40.925;-49.9033;-787;138;16-jun-64;03:36:00;219.7252;4;14.18;1;5;1;6;NaN;NaN
181064009_244;34;40.925;-49.9033;-788;184;16-jun-64;03:36:00;227.7639;4;14.21;1;5;1;6;NaN;NaN
181064009_244;34;40.925;-49.9033;-789;230;16-jun-64;03:36:00;220.6184;4;12.65;1;7;1;6;NaN;NaN
181064009_244;34;40.925;-49.9033;-790;278;16-jun-64;03:36:00;231.7833;4;12.25;1;6;1;6;NaN;NaN
181064009_244;34;40.925;-49.9033;-791;369;16-jun-64;03:36:00;154.0756;4;11.44;1;13;1;6;NaN;NaN
181064009_244;34;40.925;-49.9033;-792;466;16-jun-64;03:36:00;147.8233;4;9.11;1;NaN;9;6;NaN;NaN
181064009_244;34;40.925;-49.9033;-793;556;16-jun-64;03:36:00;182.6577;4;6.98;1;18;1;6;NaN;NaN
181064009_244;34;40.925;-49.9033;-794;641;16-jun-64;03:36:00;256.3461;4;4.16;1;13;1;6;NaN;NaN
181064009_244;34;40.925;-49.9033;-795;735;16-jun-64;03:36:00;256.3461;4;4.5;1;14;1;6;NaN;NaN
181064009_244;34;40.925;-49.9033;-796;829;16-jun-64;03:36:00;265.7246;4;4.33;1;13;1;6;NaN;NaN
181064009_244;34;40.925;-49.9033;-797;918;16-jun-64;03:36:00;251.8801;4;4.73;1;14;1;6;NaN;NaN
181064009_244;34;40.925;-49.9033;-798;1118;16-jun-64;03:36:00;266.1712;4;4.25;1;NaN;9;6;NaN;NaN
181064009_244;34;40.925;-49.9033;-799;1539;16-jun-64;05:24:00;278.2293;4;3.74;1;NaN;9;6;NaN;NaN
181064009_244;34;40.925;-49.9033;-800;2025;16-jun-64;05:24:00;275.5497;4;3.5;1;NaN;9;6;NaN;NaN
181064009_244;34;40.925;-49.9033;-801;2490;16-jun-64;05:24:00;273.3167;4;3.2;1;NaN;9;6;NaN;NaN
181064009_244;34;40.925;-49.9033;-802;2955;16-jun-64;05:24:00;279.1225;4;2.78;1;NaN;9;6;NaN;NaN
181064009_244;34;40.925;-49.9033;-803;3143;16-jun-64;05:24:00;270.6372;4;2.61;1;NaN;9;6;NaN;NaN
181064009_244;34;40.925;-49.9033;-804;3320;16-jun-64;05:24:00;273.7633;4;2.39;1;NaN;9;6;NaN;NaN
181064009_244;34;40.925;-49.9033;-805;3518;16-jun-64;05:24:00;NaN;9;2.2;1;NaN;9;0;NaN;NaN
181064009_247;35;41.3266;-49.8366;-806;0;16-jun-64;09:48:00;NaN;9;16.1;1;NaN;9;0;NaN;NaN
181064009_247;35;41.3266;-49.8366;-807;46;16-jun-64;09:48:00;233.5697;4;14.7;1;4;1;6;NaN;NaN
181064009_247;35;41.3266;-49.8366;-808;91;16-jun-64;09:48:00;230.8901;4;13.62;1;6;1;6;NaN;NaN
181064009_247;35;41.3266;-49.8366;-809;137;16-jun-64;09:48:00;217.9388;4;13.06;1;7;1;6;NaN;NaN
181064009_247;35;41.3266;-49.8366;-810;182;16-jun-64;09:48:00;201.8614;4;12.59;1;8;1;6;NaN;NaN
181064009_247;35;41.3266;-49.8366;-811;228;16-jun-64;09:48:00;182.6577;4;11.79;1;11;1;6;NaN;NaN
181064009_247;35;41.3266;-49.8366;-812;273;16-jun-64;09:48:00;150.0562;4;10.67;1;14;1;6;NaN;NaN
181064009_247;35;41.3266;-49.8366;-813;367;16-jun-64;09:48:00;231.7833;4;6.22;1;14;1;6;NaN;NaN
181064009_247;35;41.3266;-49.8366;-814;455;16-jun-64;09:48:00;228.2105;4;5.38;1;15;1;6;NaN;NaN
181064009_247;35;41.3266;-49.8366;-815;555;16-jun-64;09:48:00;213.9195;4;5.98;1;16;1;6;NaN;NaN
181064009_247;35;41.3266;-49.8366;-816;654;16-jun-64;09:48:00;263.045;4;4.31;1;13;1;6;NaN;NaN
181064009_247;35;41.3266;-49.8366;-817;753;16-jun-64;09:48:00;280.4623;4;4.05;1;13;1;6;NaN;NaN
181064009_247;35;41.3266;-49.8366;-818;852;16-jun-64;09:48:00;276.8895;4;4.19;1;12;1;6;NaN;NaN
181064009_247;35;41.3266;-49.8366;-819;939;16-jun-64;11:12:00;265.7246;4;4.33;1;14;1;6;NaN;NaN
181064009_247;35;41.3266;-49.8366;-820;1138;16-jun-64;11:12:00;273.3167;4;4.12;1;14;1;6;NaN;NaN
181064009_247;35;41.3266;-49.8366;-821;1439;16-jun-64;11:12:00;277.7827;4;3.79;1;14;1;6;NaN;NaN
181064009_247;35;41.3266;-49.8366;-822;1936;16-jun-64;11:12:00;278.6759;4;3.48;1;15;1;6;NaN;NaN
181064009_247;35;41.3266;-49.8366;-823;2429;16-jun-64;11:12:00;278.6759;4;3.16;1;19;1;6;NaN;NaN
181064009_247;35;41.3266;-49.8366;-824;2729;16-jun-64;11:12:00;281.8021;4;2.92;1;18;1;6;NaN;NaN
181064009_247;35;41.3266;-49.8366;-825;2929;16-jun-64;11:12:00;280.4623;4;2.72;1;20;1;6;NaN;NaN
181064009_247;35;41.3266;-49.8366;-826;3126;16-jun-64;11:12:00;282.2487;4;2.39;1;20;1;6;NaN;NaN
181064009_253;36;41.6966;-49.7966;-827;0;16-jun-64;15:06:00;NaN;9;12.2;1;NaN;9;0;NaN;NaN
181064009_253;36;41.6966;-49.7966;-828;47;16-jun-64;15:06:00;296.0931;4;7.02;1;5;1;6;NaN;NaN
181064009_253;36;41.6966;-49.7966;-829;91;16-jun-64;15:06:00;253.2199;4;7.62;1;7;1;6;NaN;NaN
181064009_253;36;41.6966;-49.7966;-830;137;16-jun-64;15:06:00;240.7152;4;7.08;1;10;1;6;NaN;NaN
181064009_253;36;41.6966;-49.7966;-831;183;16-jun-64;15:06:00;212.5797;4;7.13;1;14;1;6;NaN;NaN
181064009_253;36;41.6966;-49.7966;-832;229;16-jun-64;15:06:00;190.6965;4;6.9;1;16;1;6;NaN;NaN
181064009_253;36;41.6966;-49.7966;-833;277;16-jun-64;15:06:00;224.6378;4;5.26;1;15;1;6;NaN;NaN
181064009_253;36;41.6966;-49.7966;-834;370;16-jun-64;15:06:00;268.4042;4;3.66;1;13;1;6;NaN;NaN
181064009_253;36;41.6966;-49.7966;-835;462;16-jun-64;15:06:00;257.6859;4;4.48;1;15;1;6;NaN;NaN
181064009_253;36;41.6966;-49.7966;-836;563;16-jun-64;15:06:00;273.3167;4;4.18;1;13;1;6;NaN;NaN
181064009_253;36;41.6966;-49.7966;-837;653;16-jun-64;15:06:00;256.3461;4;4.56;1;14;1;6;NaN;NaN
181064009_253;36;41.6966;-49.7966;-838;749;16-jun-64;15:06:00;279.1225;4;4.1;1;12;1;6;NaN;NaN
181064009_253;36;41.6966;-49.7966;-839;850;16-jun-64;15:06:00;275.5497;4;4.14;1;14;1;6;NaN;NaN
181064009_253;36;41.6966;-49.7966;-840;1024;16-jun-64;16:30:00;269.744;4;4.05;1;14;1;6;NaN;NaN
181064009_253;36;41.6966;-49.7966;-841;1221;16-jun-64;16:30:00;274.6566;4;3.92;1;NaN;9;6;NaN;NaN
181064009_253;36;41.6966;-49.7966;-842;1509;16-jun-64;16:30:00;283.1418;4;3.66;1;NaN;9;6;NaN;NaN
181064009_253;36;41.6966;-49.7966;-843;1996;16-jun-64;16:30:00;278.6759;4;3.39;1;NaN;9;6;NaN;NaN
181064009_253;36;41.6966;-49.7966;-844;2240;16-jun-64;16:30:00;277.7827;4;3.26;1;NaN;9;6;NaN;NaN
181064009_253;36;41.6966;-49.7966;-845;2472;16-jun-64;16:30:00;278.6759;4;3.08;1;NaN;9;6;NaN;NaN
181064009_253;36;41.6966;-49.7966;-846;2720;16-jun-64;16:30:00;282.2487;4;2.88;1;NaN;9;6;NaN;NaN
181064009_253;36;41.6966;-49.7966;-847;2956;16-jun-64;16:30:00;NaN;9;2.71;1;NaN;9;0;NaN;NaN
181064009_253;36;41.6966;-49.7966;-848;3146;16-jun-64;16:30:00;283.5884;4;2.51;1;NaN;9;6;NaN;NaN
181064009_253;36;41.6966;-49.7966;-849;3293;16-jun-64;16:30:00;284.035;4;2.41;1;NaN;9;6;NaN;NaN
181064009_257;37;41.8333;-49.9583;-850;0;16-jun-64;19:30:00;NaN;9;11.7;1;NaN;9;0;NaN;NaN
181064009_257;37;41.8333;-49.9583;-851;50;16-jun-64;19:30:00;353.704;4;2.64;1;2;1;6;NaN;NaN
181064009_257;37;41.8333;-49.9583;-852;99;16-jun-64;19:30:00;276.8895;4;5.29;1;8;1;6;NaN;NaN
181064009_257;37;41.8333;-49.9583;-853;149;16-jun-64;19:30:00;260.812;4;4.86;1;11;1;6;NaN;NaN
181064009_257;37;41.8333;-49.9583;-854;199;16-jun-64;19:30:00;277.7827;4;3.75;1;12;1;6;NaN;NaN
181064009_257;37;41.8333;-49.9583;-855;249;16-jun-64;19:30:00;194.7159;4;6.55;1;17;1;6;NaN;NaN
181064009_257;37;41.8333;-49.9583;-856;299;16-jun-64;19:30:00;242.5016;4;4.68;1;17;1;6;NaN;NaN
181064009_257;37;41.8333;-49.9583;-857;398;16-jun-64;19:30:00;246.9676;4;4.83;1;16;1;6;NaN;NaN
181064009_257;37;41.8333;-49.9583;-858;497;16-jun-64;19:30:00;275.9963;4;4.02;1;14;1;6;NaN;NaN
181064009_257;37;41.8333;-49.9583;-859;597;16-jun-64;19:30:00;267.511;4;4.38;1;14;1;6;NaN;NaN
181064009_257;37;41.8333;-49.9583;-860;697;16-jun-64;19:30:00;281.8021;4;4.06;1;13;1;6;NaN;NaN
181064009_257;37;41.8333;-49.9583;-861;797;16-jun-64;19:30:00;268.8508;4;4.26;1;15;1;6;NaN;NaN
181064009_257;37;41.8333;-49.9583;-862;896;16-jun-64;20:48:00;268.4042;4;4.23;1;15;1;6;NaN;NaN
181064009_257;37;41.8333;-49.9583;-863;955;16-jun-64;20:48:00;270.1906;4;4.12;1;15;1;6;NaN;NaN
181064009_257;37;41.8333;-49.9583;-864;1155;16-jun-64;20:48:00;NaN;9;3.92;1;8;1;0;NaN;NaN
181064009_257;37;41.8333;-49.9583;-865;1455;16-jun-64;20:48:00;279.1225;4;3.7;1;17;1;6;NaN;NaN
181064009_257;37;41.8333;-49.9583;-866;1959;16-jun-64;20:48:00;278.2293;4;3.44;1;17;1;6;NaN;NaN
181064009_257;37;41.8333;-49.9583;-867;2450;16-jun-64;20:48:00;280.4623;4;3.08;1;19;1;6;NaN;NaN
181064009_257;37;41.8333;-49.9583;-868;2953;16-jun-64;20:48:00;283.1418;4;2.71;1;20;1;6;NaN;NaN
181064009_257;37;41.8333;-49.9583;-869;3256;16-jun-64;20:48:00;284.035;4;2.41;1;22;1;6;NaN;NaN
181064009_257;37;41.8333;-49.9583;-870;3449;16-jun-64;20:48:00;282.6953;4;2.29;1;26;1;6;NaN;NaN
181064009_257;37;41.8333;-49.9583;-871;3646;16-jun-64;20:48:00;282.2487;4;2.17;1;28;1;6;NaN;NaN
181064009_261;38;42.1583;-49.9833;-872;0;17-jun-64;00:30:00;NaN;9;9.8;1;NaN;9;0;NaN;NaN
181064009_261;38;42.1583;-49.9833;-873;49;17-jun-64;00:30:00;301.0057;4;4.28;1;7;1;6;NaN;NaN
181064009_261;38;42.1583;-49.9833;-874;98;17-jun-64;00:30:00;272.8701;4;4.3;1;12;1;6;NaN;NaN
181064009_261;38;42.1583;-49.9833;-875;148;17-jun-64;00:30:00;271.0837;4;3.78;1;13;1;6;NaN;NaN
181064009_261;38;42.1583;-49.9833;-876;197;17-jun-64;00:30:00;249.2006;4;4.46;1;18;1;6;NaN;NaN
181064009_261;38;42.1583;-49.9833;-877;246;17-jun-64;00:30:00;276.8895;4;3.5;1;16;1;6;NaN;NaN
181064009_261;38;42.1583;-49.9833;-878;295;17-jun-64;00:30:00;265.7246;4;4.02;1;20;1;6;NaN;NaN
181064009_261;38;42.1583;-49.9833;-879;393;17-jun-64;00:30:00;255.8995;4;4.66;1;15;1;6;NaN;NaN
181064009_261;38;42.1583;-49.9833;-880;492;17-jun-64;00:30:00;268.4042;4;4.3;1;14;1;6;NaN;NaN
181064009_261;38;42.1583;-49.9833;-881;589;17-jun-64;00:30:00;277.7827;4;4.14;1;19;1;6;NaN;NaN
181064009_261;38;42.1583;-49.9833;-882;686;17-jun-64;00:30:00;285.3748;4;3.99;1;13;1;6;NaN;NaN
181064009_261;38;42.1583;-49.9833;-883;781;17-jun-64;01:12:00;287.6078;4;3.87;1;13;1;6;NaN;NaN
181064009_261;38;42.1583;-49.9833;-884;912;17-jun-64;01:12:00;291.1806;4;3.74;1;12;1;6;NaN;NaN
181064009_261;38;42.1583;-49.9833;-885;1008;17-jun-64;01:12:00;291.6272;4;3.68;1;13;1;6;NaN;NaN
181064009_261;38;42.1583;-49.9833;-886;1205;17-jun-64;01:12:00;293.4135;4;3.57;1;NaN;9;6;NaN;NaN
181064009_261;38;42.1583;-49.9833;-887;1500;17-jun-64;01:12:00;286.268;4;3.58;1;NaN;9;6;NaN;NaN
181064009_261;38;42.1583;-49.9833;-888;1753;17-jun-64;03:00:00;284.9282;4;3.48;1;NaN;9;6;NaN;NaN
181064009_261;38;42.1583;-49.9833;-889;1995;17-jun-64;03:00:00;280.0157;4;3.41;1;NaN;9;6;NaN;NaN
181064009_261;38;42.1583;-49.9833;-890;2225;17-jun-64;03:00:00;282.2487;4;3.22;1;NaN;9;6;NaN;NaN
181064009_261;38;42.1583;-49.9833;-891;2470;17-jun-64;03:00:00;280.4623;4;3.05;1;NaN;9;6;NaN;NaN
181064009_261;38;42.1583;-49.9833;-892;2960;17-jun-64;03:00:00;282.6953;4;2.62;1;NaN;9;6;NaN;NaN
181064009_261;38;42.1583;-49.9833;-893;3163;17-jun-64;03:00:00;286.268;4;2.37;1;NaN;9;6;NaN;NaN
181064009_261;38;42.1583;-49.9833;-894;3360;17-jun-64;03:00:00;287.1612;4;2.2;1;NaN;9;6;NaN;NaN
181064009_263;39;42.4833;-49.9916;-895;0;17-jun-64;06:54:00;NaN;9;8.7;1;NaN;9;0;NaN;NaN
181064009_263;39;42.4833;-49.9916;-896;46;17-jun-64;06:54:00;301.8989;4;4.56;1;7;1;6;NaN;NaN
181064009_263;39;42.4833;-49.9916;-897;91;17-jun-64;06:54:00;271.0837;4;4.24;1;13;1;6;NaN;NaN
181064009_263;39;42.4833;-49.9916;-898;139;17-jun-64;06:54:00;299.6659;4;2.83;1;11;1;6;NaN;NaN
181064009_263;39;42.4833;-49.9916;-899;185;17-jun-64;06:54:00;283.5884;4;3.61;1;14;1;6;NaN;NaN
181064009_263;39;42.4833;-49.9916;-900;233;17-jun-64;06:54:00;297.4329;4;3.28;1;13;1;6;NaN;NaN
181064009_263;39;42.4833;-49.9916;-901;281;17-jun-64;06:54:00;309.0444;4;3.1;1;12;1;6;NaN;NaN
181064009_263;39;42.4833;-49.9916;-902;379;17-jun-64;06:54:00;295.2;4;3.74;1;12;1;6;NaN;NaN
181064009_263;39;42.4833;-49.9916;-903;475;17-jun-64;06:54:00;303.6853;4;3.66;1;12;1;6;NaN;NaN
181064009_263;39;42.4833;-49.9916;-904;577;17-jun-64;06:54:00;298.7727;4;3.78;1;12;1;6;NaN;NaN
181064009_263;39;42.4833;-49.9916;-905;672;17-jun-64;06:54:00;292.967;4;3.84;1;12;1;6;NaN;NaN
181064009_263;39;42.4833;-49.9916;-906;769;17-jun-64;06:54:00;297.8795;4;3.74;1;13;1;6;NaN;NaN
181064009_263;39;42.4833;-49.9916;-907;869;17-jun-64;06:54:00;299.6659;4;3.68;1;13;1;6;NaN;NaN
181064009_263;39;42.4833;-49.9916;-908;1045;17-jun-64;08:00:00;298.3261;4;3.64;1;12;1;6;NaN;NaN
181064009_263;39;42.4833;-49.9916;-909;1250;17-jun-64;08:00:00;299.6659;4;3.59;1;12;1;6;NaN;NaN
181064009_263;39;42.4833;-49.9916;-910;1543;17-jun-64;08:00:00;298.7727;4;3.54;1;13;1;6;NaN;NaN
181064009_263;39;42.4833;-49.9916;-911;1838;17-jun-64;08:00:00;287.6078;4;3.51;1;15;1;6;NaN;NaN
181064009_263;39;42.4833;-49.9916;-912;2035;17-jun-64;08:00:00;289.3942;4;3.42;1;15;1;6;NaN;NaN
181064009_263;39;42.4833;-49.9916;-913;2232;17-jun-64;08:00:00;287.1612;4;3.29;1;16;1;6;NaN;NaN
181064009_263;39;42.4833;-49.9916;-914;2430;17-jun-64;08:00:00;285.3748;4;3;1;17;1;6;NaN;NaN
181064009_263;39;42.4833;-49.9916;-915;2630;17-jun-64;08:00:00;287.6078;4;2.98;1;18;1;6;NaN;NaN
181064009_265;40;42.8333;-50;-916;0;17-jun-64;11:24:00;NaN;9;0.8;1;NaN;9;0;NaN;NaN
181064009_265;40;42.8333;-50;-917;10;17-jun-64;11:24:00;371.5678;4;3.78;1;3;1;6;NaN;NaN
181064009_265;40;42.8333;-50;-918;30;17-jun-64;11:48:00;388.0919;4;0.21;1;2;1;6;NaN;NaN
181064009_265;40;42.8333;-50;-919;48;17-jun-64;11:24:00;335.8402;4;-0.75;1;NaN;9;6;NaN;NaN
181064009_265;40;42.8333;-50;-920;73;17-jun-64;11:24:00;333.6072;4;-0.74;1;6;1;6;NaN;NaN
181064009_265;40;42.8333;-50;-921;97;17-jun-64;11:24:00;327.8015;4;-0.41;1;9;1;6;NaN;NaN
181064009_265;40;42.8333;-50;-922;145;17-jun-64;11:24:00;320.2093;4;0.42;1;12;1;6;NaN;NaN
181064009_275;41;43.1666;-50;-926;0;17-jun-64;13:48:00;NaN;9;8.8;1;NaN;9;0;NaN;NaN
181064009_275;41;43.1666;-50;-923;10;17-jun-64;13:48:00;330.9276;4;7.42;1;NaN;9;6;NaN;NaN
181064009_275;41;43.1666;-50;-924;30;17-jun-64;13:48:00;403.2762;4;2.59;1;NaN;9;6;NaN;NaN
181064009_275;41;43.1666;-50;-925;50;17-jun-64;13:48:00;366.2087;4;0.66;1;NaN;9;6;NaN;NaN
181064009_276;42;44.5933;-48.5866;-927;0;21-jun-64;07:18:00;NaN;9;8.8;1;NaN;9;0;NaN;NaN
181064009_276;42;44.5933;-48.5866;-928;10;21-jun-64;08:30:00;308.1512;4;9.33;1;NaN;9;6;NaN;NaN
181064009_276;42;44.5933;-48.5866;-929;49;21-jun-64;08:30:00;313.0638;4;5.75;1;9;1;6;NaN;NaN
181064009_276;42;44.5933;-48.5866;-930;98;21-jun-64;08:30:00;245.6278;4;5.18;1;15;1;6;NaN;NaN
181064009_276;42;44.5933;-48.5866;-931;147;21-jun-64;08:30:00;259.0257;4;4.43;1;15;1;6;NaN;NaN
181064009_276;42;44.5933;-48.5866;-932;196;21-jun-64;08:30:00;208.5603;4;5.98;1;19;1;6;NaN;NaN
181064009_276;42;44.5933;-48.5866;-933;243;21-jun-64;08:30:00;225.0844;4;5.48;1;18;1;6;NaN;NaN
181064009_276;42;44.5933;-48.5866;-934;292;21-jun-64;08:30:00;234.4629;4;5.55;1;17;1;6;NaN;NaN
181064009_276;42;44.5933;-48.5866;-935;395;21-jun-64;08:30:00;262.5984;4;4.52;1;14;1;6;NaN;NaN
181064009_276;42;44.5933;-48.5866;-936;485;21-jun-64;08:30:00;255.8995;4;4.76;1;15;1;6;NaN;NaN
181064009_276;42;44.5933;-48.5866;-937;585;21-jun-64;08:30:00;276.4429;4;4.23;1;16;1;6;NaN;NaN
181064009_276;42;44.5933;-48.5866;-938;675;21-jun-64;08:30:00;282.2487;4;4.07;1;15;1;6;NaN;NaN
181064009_276;42;44.5933;-48.5866;-939;773;21-jun-64;10:06:00;285.3748;4;3.98;1;14;1;6;NaN;NaN
181064009_276;42;44.5933;-48.5866;-940;882;21-jun-64;10:06:00;288.0544;4;3.86;1;15;1;6;NaN;NaN
181064009_276;42;44.5933;-48.5866;-941;976;21-jun-64;10:06:00;292.0738;4;3.72;1;14;1;6;NaN;NaN
181064009_276;42;44.5933;-48.5866;-942;1170;21-jun-64;08:30:00;290.2874;4;3.59;1;14;1;6;NaN;NaN
181064009_276;42;44.5933;-48.5866;-943;1444;21-jun-64;10:06:00;292.967;4;3.54;1;14;1;6;NaN;NaN
181064009_276;42;44.5933;-48.5866;-944;1955;21-jun-64;10:06:00;284.4816;4;3.41;1;NaN;9;6;NaN;NaN
181064009_276;42;44.5933;-48.5866;-945;2460;21-jun-64;10:06:00;290.2874;4;3.1;1;17;1;6;NaN;NaN
181064009_277;43;38.9033;-48.0833;-958;0;22-jun-64;14:48:00;NaN;9;21.9;1;NaN;9;0;NaN;NaN
181064009_277;43;38.9033;-48.0833;-946;49;22-jun-64;14:48:00;233.5697;4;20.5;1;NaN;9;6;NaN;NaN
181064009_277;43;38.9033;-48.0833;-947;98;22-jun-64;14:48:00;231.3367;4;18.08;1;NaN;9;6;NaN;NaN
181064009_277;43;38.9033;-48.0833;-948;148;22-jun-64;14:48:00;222.8514;4;17.72;1;NaN;9;6;NaN;NaN
181064009_277;43;38.9033;-48.0833;-949;197;22-jun-64;14:48:00;227.7639;4;17.63;1;NaN;9;6;NaN;NaN
181064009_277;43;38.9033;-48.0833;-950;247;22-jun-64;14:48:00;226.4241;4;17.46;1;NaN;9;6;NaN;NaN
181064009_277;43;38.9033;-48.0833;-951;296;22-jun-64;14:48:00;225.531;4;17.39;1;NaN;9;6;NaN;NaN
181064009_277;43;38.9033;-48.0833;-952;395;22-jun-64;14:48:00;230.4435;4;17.38;1;NaN;9;6;NaN;NaN
181064009_277;43;38.9033;-48.0833;-953;494;22-jun-64;14:48:00;229.9969;4;17.26;1;NaN;9;6;NaN;NaN
181064009_277;43;38.9033;-48.0833;-954;593;22-jun-64;14:48:00;201.8614;4;16.23;1;NaN;9;6;NaN;NaN
181064009_277;43;38.9033;-48.0833;-955;693;22-jun-64;14:48:00;186.6771;4;14;1;NaN;9;6;NaN;NaN
181064009_277;43;38.9033;-48.0833;-956;892;22-jun-64;14:48:00;148.2699;4;9.29;1;NaN;9;6;NaN;NaN
181064009_277;43;38.9033;-48.0833;-957;992;22-jun-64;14:48:00;191.5897;4;6.79;1;NaN;9;6;NaN;NaN
