CTD;CTD;CTD;CTD;CTD;CTD;CTD;CTD;CTD;CTD;CTD;labo;labo;labo;CTD;labo;labo;labo;labo;labo;labo;labo;labo;labo;calc;calc
Fichier;Station;Latitude;Longitude;Echantillon;zbouteille;Date;Heure;PSAL;TE90;DOXY;OXYM_01;CHL_01;CHL_03;FLOR;NO2_01;Q_NO2;NOx_01;Q_NOX;PO4_01;Q_PO4;Si_01;Q_Si;QCFF;N_P;N_Si
(nom);(nom/no);(degres);(degres);(no_unique);(dbar);(jj-mmm-yyyy);(GMT);(psu);(celsius);(ml/l);(mmol/m**3);(mg/m**3);(mg/m**3);(mg/m**3);(mmol/m**3);((none));(mmol/m**3);((none));(mmol/m**3);((none));(mmol/m**3);((none));((none));((none));((none))
18HU05071_802;621;47.8325;-64.24567;289237;2.28;15-nov-05;00:19:00;29.4;5.95;315.88018;311.39185;NaN;1.205;3.179;0.12;1;3.385;1;0.525;1;5.63;1;6;6.45;0.60
18HU05071_802;621;47.8325;-64.24567;289236;5.06;15-nov-05;00:19:00;29.4;5.95;315.79086;311.54816;NaN;1.115;3.181;0.125;1;3.49;1;0.54;1;5.805;1;6;6.46;0.60
18HU05071_802;621;47.8325;-64.24567;289235;15.57;15-nov-05;00:19:00;29.44;5.92;315.56756;311.41418;NaN;1.11;2.962;0.16;1;3.395;1;0.535;1;4.37;1;6;6.35;0.78
18HU05071_802;621;47.8325;-64.24567;289234;25.38;15-nov-05;00:19:00;29.52;5.83;314.58504;310.29768;NaN;0.82;2.486;0.12;1;3.46;1;0.55;1;5.7;1;6;6.29;0.61
18HU05071_803;631;47.74117;-63.99833;289243;2.28;15-nov-05;01:47:00;29.6;5.52;318.02386;314.80834;NaN;0.985;2.667;0.11;1;3.815;1;0.58;1;5.08;1;6;6.58;0.75
18HU05071_803;631;47.74117;-63.99833;289242;5.75;15-nov-05;01:47:00;29.6;5.52;318.02386;315.16562;NaN;0.98;2.678;0.125;1;3.82;1;0.57;1;5.095;1;6;6.70;0.75
18HU05071_803;631;47.74117;-63.99833;289241;16.16;15-nov-05;01:47:00;29.61;5.51;317.44328;314.54038;NaN;0.795;2.612;0.12;1;3.75;1;0.555;1;5.07;1;6;6.76;0.74
18HU05071_803;631;47.74117;-63.99833;289240;23.8;15-nov-05;01:47:00;29.69;5.51;316.6394;313.2899;NaN;0.64;2.075;0.115;1;3.77;1;0.575;1;5.015;1;6;6.56;0.75
18HU05071_803;631;47.74117;-63.99833;289239;49.18;15-nov-05;01:47:00;30.56;5.45;306.8142;300.20452;NaN;0.26;0.799;0.15;1;3.635;1;0.62;1;4.09;1;6;5.86;0.89
18HU05071_803;631;47.74117;-63.99833;289238;70.29;15-nov-05;01:47:00;31.5;1.58;231.7854;231.27181;NaN;0.205;0.66;0.09;1;12.545;1;1.375;1;23.565;1;6;9.12;0.53
18HU05071_804;641;47.65967;-63.74983;289248;2.28;15-nov-05;03:11:00;29.78;5.66;NaN;313.11126;NaN;0.98;2.748;0.135;1;3.505;1;0.555;1;4.48;1;6;6.32;0.78
18HU05071_804;641;47.65967;-63.74983;289247;5.35;15-nov-05;03:11:00;29.78;5.66;314.853;312.97728;NaN;0.98;2.755;0.135;1;3.48;1;0.57;1;4.64;1;6;6.11;0.75
18HU05071_804;641;47.65967;-63.74983;289246;15.37;15-nov-05;03:11:00;29.78;5.66;315.2996;312.8433;NaN;0.985;2.733;0.13;1;3.505;1;0.565;1;4.485;1;6;6.20;0.78
18HU05071_804;641;47.65967;-63.74983;289245;26.87;15-nov-05;03:11:00;29.83;5.67;315.0763;311.54816;NaN;0.72;2.323;0.14;1;3.56;1;0.585;1;4.56;1;6;6.09;0.78
18HU05071_804;641;47.65967;-63.74983;289244;52.25;15-nov-05;03:11:00;31.06;3.26;285.86866;278.0085;NaN;0.17;0.64;0.05;1;8.535;1;0.945;1;9.875;1;6;9.03;0.86
18HU05071_805;651;47.49883;-63.248;289254;2.18;15-nov-05;06:10:00;29.86;6.11;314.6297;313.20058;NaN;0.76;2.442;0.11;1;2.495;1;0.465;1;3.33;1;6;5.37;0.75
18HU05071_805;651;47.49883;-63.248;289253;5.26;15-nov-05;06:10:00;29.86;6.11;314.6297;313.15592;NaN;0.565;2.45;0.11;1;2.51;1;0.465;1;3.355;1;6;5.40;0.75
18HU05071_805;651;47.49883;-63.248;289252;16.26;15-nov-05;06:10:00;29.86;6.11;312.88796;311.68214;NaN;0.46;2.453;0.105;1;2.51;1;0.475;1;3.505;1;6;5.28;0.72
18HU05071_805;651;47.49883;-63.248;289251;25.38;15-nov-05;06:10:00;29.86;6.11;312.08408;310.387;NaN;0.695;2.46;0.11;1;2.55;1;0.475;1;3.495;1;6;5.37;0.73
18HU05071_805;651;47.49883;-63.248;289250;49.08;15-nov-05;06:10:00;31.55;1.11;248.89018;246.79116;NaN;0.075;0.535;0.03;1;12.34;1;1.32667;1;19.89;1;6;9.30;0.62
18HU05071_805;651;47.49883;-63.248;289249;68.31;15-nov-05;06:10:00;31.83;0.73;227.0961;231.69608;NaN;0.12;0.556;0.06;1;13.625;1;1.42;1;24.08;1;6;9.60;0.57
18HU05071_806;661;47.33033;-62.7475;289259;1.78;15-nov-05;08:21:00;29.93;6.4;308.8239;309.09186;NaN;0.65;2.069;0.075;1;2.195;1;0.5;1;4.12;1;6;4.39;0.53
18HU05071_806;661;47.33033;-62.7475;289258;5.75;15-nov-05;08:21:00;29.94;6.4;308.64526;306.94818;NaN;0.6;2.06;0.08;1;2.17;1;0.495;1;4.03;1;6;4.38;0.54
18HU05071_806;661;47.33033;-62.7475;289257;15.97;15-nov-05;08:21:00;29.94;6.4;308.73458;306.54624;NaN;0.565;2.059;0.075;1;2.2;1;0.495;1;4.06;1;6;4.44;0.54
18HU05071_806;661;47.33033;-62.7475;289256;24.99;15-nov-05;08:21:00;29.93;6.4;308.46662;305.78702;NaN;0.625;2.047;0.09;1;1.98;1;0.45;1;3.91667;1;6;4.40;0.51
18HU05071_806;661;47.33033;-62.7475;289255;50.77;15-nov-05;08:21:00;31.49;0.65;253.31152;257.15228;NaN;0.115;0.596;0.03;1;11.915;1;1.24;1;19.35;1;6;9.61;0.62
18HU05071_807;671;47.16817;-62.24983;289264;2.68;15-nov-05;10:31:00;30.12;6.07;307.17148;305.07246;NaN;0.525;1.71;0.11;1;2.985;1;0.62;1;5.71;1;6;4.81;0.52
18HU05071_807;671;47.16817;-62.24983;289263;5.75;15-nov-05;10:31:00;30.12;6.07;307.30546;304.5812;NaN;0.54;1.672;0.105;1;3;1;0.62;1;5.655;1;6;4.84;0.53
18HU05071_807;671;47.16817;-62.24983;289262;15.77;15-nov-05;10:31:00;30.12;6.06;306.68022;303.4647;NaN;0.56;1.676;0.11;1;3.015;1;0.625;1;5.72;1;6;4.82;0.53
18HU05071_807;671;47.16817;-62.24983;289261;25.88;15-nov-05;10:31:00;30.72;3.76;298.06084;282.38518;NaN;0.35;1.134;0.125;1;6.25;1;0.925;1;11.23;1;6;6.76;0.56
18HU05071_807;671;47.16817;-62.24983;289260;33.81;15-nov-05;10:31:00;31;2.68;264.74448;266.19593;NaN;0.29;1.038;0.14;1;9.04;1;1.1;1;15.32;1;6;8.22;0.59
18HU05071_808;681;46.9995;-61.75167;289269;2.98;15-nov-05;12:39:00;30.16;6.04;307.9307;306.50158;NaN;0.565;1.708;0.105;1;3.36;1;0.63667;1;6.3;1;6;5.28;0.53
18HU05071_808;681;46.9995;-61.75167;289268;5.26;15-nov-05;12:39:00;30.17;6.04;307.75206;304.40256;NaN;0.565;1.786;0.12;1;3.39333;1;0.63667;1;6.24;1;6;5.33;0.54
18HU05071_808;681;46.9995;-61.75167;289267;14.87;15-nov-05;12:39:00;30.18;6.06;307.35012;304.04528;NaN;0.535;1.802;0.105;1;3.33;1;0.63667;1;6.21;1;6;5.23;0.54
18HU05071_808;681;46.9995;-61.75167;289266;25.68;15-nov-05;12:39:00;31.01;4.03;283.41236;281.98324;NaN;0.255;0.996;0.14;1;6.26667;1;0.89;1;10.195;1;6;7.04;0.61
18HU05071_808;681;46.9995;-61.75167;289265;36.89;15-nov-05;12:39:00;31.16;1.86;259.11732;262.28818;NaN;0.255;0.872;0.11;1;10.155;1;1.175;1;17.48;1;6;8.64;0.58
18HU05071_809;691;46.902;-61.5;289274;2.48;15-nov-05;14:14:00;30.24;6.31;309.7171;305.6977;NaN;0.585;1.326;0.075;1;2.41;1;0.53;1;4.39;1;6;4.55;0.55
18HU05071_809;691;46.902;-61.5;289273;5.45;15-nov-05;14:14:00;30.24;6.3;309.62778;306.45692;NaN;0.57;1.551;0.085;1;2.39667;1;0.52;1;4.37;1;6;4.61;0.55
18HU05071_809;691;46.902;-61.5;289272;15.47;15-nov-05;14:14:00;30.29;6.27;308.6006;305.6977;NaN;0.485;1.764;0.085;1;2.36667;1;0.52667;1;4.22;1;6;4.49;0.56
18HU05071_809;691;46.902;-61.5;289271;26.87;15-nov-05;14:14:00;30.3;6.27;308.73458;304.98314;NaN;0.42;1.536;0.085;1;2.32;1;0.53;1;4.34;1;6;4.38;0.53
18HU05071_809;691;46.902;-61.5;289270;47.89;15-nov-05;14:14:00;31.41;2.13;271.13086;272.11338;NaN;0.19;0.788;0.085;1;9.14333;1;1.03;1;14.475;1;6;8.88;0.63
18HU05071_810;701;46.83167;-61.25017;289280;2.28;15-nov-05;15:28:00;29.96;6.54;308.77924;305.74236;NaN;0.74;1.506;0.08;1;2.465;1;0.5;1;4.85;1;6;4.93;0.51
18HU05071_810;701;46.83167;-61.25017;289279;5.65;15-nov-05;15:28:00;29.96;6.53;308.91322;306.23362;NaN;0.7;1.611;0.09;1;2.515;1;0.53;1;4.815;1;6;4.75;0.52
18HU05071_810;701;46.83167;-61.25017;289278;15.27;15-nov-05;15:28:00;30.1;6.45;308.51128;306.01032;NaN;0.615;2.02;0.08;1;2.41;1;0.52;1;4.44;1;6;4.63;0.54
18HU05071_810;701;46.83167;-61.25017;289277;25.09;15-nov-05;15:28:00;30.25;6.24;306.18896;303.73266;NaN;0.39;1.54;0.08;1;2.84;1;0.565;1;5.21;1;6;5.03;0.55
18HU05071_810;701;46.83167;-61.25017;289276;51.66;15-nov-05;15:28:00;31.34;1.72;265.2804;265.10176;NaN;0.175;0.776;0.08;1;9.94;1;1.155;1;16.27;1;6;8.61;0.61
18HU05071_810;701;46.83167;-61.25017;289275;57.11;15-nov-05;15:28:00;31.35;1.76;262.69012;265.92797;NaN;0.195;0.74;0.08;1;9.815;1;1.135;1;16.08;1;6;8.65;0.61
18HU05071_811;711;46.7455;-60.99883;289285;2.18;15-nov-05;16:48:00;28.95;8.66;295.55988;289.44146;NaN;0.635;1.445;0.095;1;1.56;1;0.445;1;5.325;1;6;3.51;0.29
18HU05071_811;711;46.7455;-60.99883;289284;5.85;15-nov-05;16:48:00;28.95;8.66;295.69386;289.70942;NaN;0.63;1.581;0.085;1;1.59;1;0.44;1;5.265;1;6;3.61;0.30
18HU05071_811;711;46.7455;-60.99883;289283;15.27;15-nov-05;16:48:00;28.96;8.65;294.26474;289.26282;NaN;0.495;1.549;0.09;1;1.595;1;0.445;1;5.24;1;6;3.58;0.30
18HU05071_811;711;46.7455;-60.99883;289282;25.78;15-nov-05;16:48:00;29.65;7.02;297.48026;298.95404;NaN;0.42;1.483;0.09;1;2.415;1;0.52;1;5.06;1;6;4.64;0.48
18HU05071_811;711;46.7455;-60.99883;289281;50.18;15-nov-05;16:48:00;30.01;6.32;303.64334;298.19482;NaN;0.235;0.929;0.095;1;2.905;1;0.585;1;5.63;1;6;4.97;0.52
18HU05071_812;721;46.95933;-60.21883;289291;1.59;15-nov-05;20:34:00;29.57;7.3;300.1152;295.60454;NaN;0.475;1.537;0.07;1;2.515;1;0.515;1;5.81;1;6;4.88;0.43
18HU05071_812;721;46.95933;-60.21883;289290;5.26;15-nov-05;20:34:00;29.57;7.3;299.93656;295.73852;NaN;0.555;1.588;0.09;1;2.49;1;0.51;1;5.75;1;6;4.88;0.43
18HU05071_812;721;46.95933;-60.21883;289289;15.27;15-nov-05;20:34:00;29.58;7.27;299.57928;295.38124;NaN;0.52;1.525;0.115;1;2.595;1;0.52;1;5.755;1;6;4.99;0.45
18HU05071_812;721;46.95933;-60.21883;289288;26.48;15-nov-05;20:34:00;29.59;7.23;299.40064;295.11328;NaN;0.475;1.525;0.1;1;2.605;1;0.535;1;5.955;1;6;4.87;0.44
18HU05071_812;721;46.95933;-60.21883;289287;51.86;15-nov-05;20:34:00;29.86;6.7;293.90746;290.02204;NaN;0.32;1.14;0.12;1;3.28;1;0.58;1;6.65;1;6;5.66;0.49
18HU05071_812;721;46.95933;-60.21883;289286;71.89;15-nov-05;20:34:00;31.92;2.32;273.0959;275.59686;NaN;0.13;0.611;0.07;1;8.79;1;1.035;1;11.59;1;6;8.49;0.76
18HU05071_813;731;47.02183;-60.112;289298;2.28;15-nov-05;21:44:00;30.17;6.42;307.12682;303.9113;NaN;0.375;1.528;0.095;1;2.435;1;0.545;1;4.57;1;6;4.47;0.53
18HU05071_813;731;47.02183;-60.112;289297;5.26;15-nov-05;21:44:00;30.2;6.4;307.12682;307.61808;NaN;0.425;1.532;0.105;1;2.39;1;0.545;1;4.355;1;6;4.39;0.55
18HU05071_813;731;47.02183;-60.112;289296;15.87;15-nov-05;21:44:00;30.22;6.38;306.45692;304.17926;NaN;0.405;1.6;0.105;1;2.375;1;0.52;1;4.7;1;6;4.57;0.51
18HU05071_813;731;47.02183;-60.112;289295;25.19;15-nov-05;21:44:00;30.47;6.13;309.76176;307.12682;NaN;0.535;1.844;0.08;1;2.09;1;0.52;1;4.01;1;6;4.02;0.52
18HU05071_813;731;47.02183;-60.112;289294;53.94;15-nov-05;21:44:00;31.61;2.01;272.2027;271.44348;NaN;0.12;0.614;0.08;1;9.175;1;1.05;1;13.715;1;6;8.74;0.67
18HU05071_813;731;47.02183;-60.112;289293;93.2;15-nov-05;21:44:00;32.05;2.15;279.88422;287.52108;NaN;0.13;0.63;0.04;1;7.96;1;0.93;1;9.68;1;6;8.56;0.82
18HU05071_813;731;47.02183;-60.112;289292;179.22;15-nov-05;21:44:00;33.87;4.07;178.14874;177.79146;NaN;NaN;0.47;0.045;1;18.415;1;1.46;1;23.55;1;6;12.61;0.78
18HU05071_814;741;47.097;-59.99233;289307;2.58;15-nov-05;23:13:00;30.46;6.18;309.76176;374.34012;NaN;0.625;2.479;0.09;1;2.18;1;0.495;1;4.11;1;6;4.40;0.53
18HU05071_814;741;47.097;-59.99233;289306;5.26;15-nov-05;23:13:00;30.46;6.19;309.76176;307.66274;NaN;0.72;2.518;0.095;1;2.215;1;0.495;1;3.975;1;6;4.47;0.56
18HU05071_814;741;47.097;-59.99233;289305;14.87;15-nov-05;23:13:00;30.46;6.18;309.62778;307.35012;NaN;0.745;2.484;0.1;1;2.185;1;0.495;1;3.97;1;6;4.41;0.55
18HU05071_814;741;47.097;-59.99233;289304;25.39;15-nov-05;23:13:00;30.47;6.15;308.24332;306.63556;NaN;0.6;2.441;0.1;1;2.26;1;0.52;1;4.28;1;6;4.35;0.53
18HU05071_814;741;47.097;-59.99233;289303;49.38;15-nov-05;23:13:00;31.87;2;280.42014;281.04538;NaN;0.12;0.662;0.045;1;8.62;1;1.035;1;11.475;1;6;8.33;0.75
18HU05071_814;741;47.097;-59.99233;289302;101.92;15-nov-05;23:13:00;32.53;1.72;282.07256;284.43954;NaN;0.07;0.524;0.035;1;9.08;1;1.005;1;9.035;1;6;9.03;1.00
18HU05071_814;741;47.097;-59.99233;289301;193.59;15-nov-05;23:13:00;33.91;4.16;170.02062;151.53138;NaN;NaN;0.392;0.03;1;20.32;1;1.655;1;26.025;1;6;12.28;0.78
18HU05071_814;741;47.097;-59.99233;289300;299.87;15-nov-05;23:13:00;34.73;5.53;143.44792;93.83066;NaN;NaN;0.348;0.005;1;22.78;1;1.63;1;27.64;1;6;13.98;0.82
18HU05071_814;741;47.097;-59.99233;289299;314.13;15-nov-05;23:13:00;34.76;5.43;143.40326;143.84986;NaN;NaN;0.35;0.02;1;23.17;1;1.67667;1;30.965;1;6;13.82;0.75
18HU05071_815;751;47.27167;-59.78733;289317;2.88;16-nov-05;01:16:00;31.64;7.05;302.92878;301.18704;NaN;0.82;2.685;0.135;1;1.445;1;0.41;1;2.22;1;6;3.52;0.65
18HU05071_815;751;47.27167;-59.78733;289316;5.16;16-nov-05;01:16:00;31.64;7.05;303.0181;301.18704;NaN;0.78;2.74;0.135;1;1.465;1;0.405;1;2.25;1;6;3.62;0.65
18HU05071_815;751;47.27167;-59.78733;289315;14.97;16-nov-05;01:16:00;31.64;7.05;303.2414;300.42782;NaN;0.775;2.829;0.13;1;1.46;1;0.415;1;2.225;1;6;3.52;0.66
18HU05071_815;751;47.27167;-59.78733;289314;24.89;16-nov-05;01:16:00;31.64;7.05;303.73266;300.5618;NaN;0.815;2.793;0.12333;1;1.47333;1;0.425;1;2.165;1;6;3.47;0.68
18HU05071_815;751;47.27167;-59.78733;289313;50.67;16-nov-05;01:16:00;32.05;5.14;301.99092;300.29384;NaN;0.195;0.869;0.19;1;3.31;1;0.59;1;3.375;1;6;5.61;0.98
18HU05071_815;751;47.27167;-59.78733;289312;97.46;16-nov-05;01:16:00;32.73;0.58;301.27636;309.2705;NaN;0.03;0.452;0.155;1;7.69;1;0.89;1;6.135;1;6;8.64;1.25
18HU05071_815;751;47.27167;-59.78733;289311;201.71;16-nov-05;01:16:00;34.36;6.06;181.85552;178.37204;NaN;NaN;0.355;0.015;1;18.73667;1;1.36333;1;17.81;1;6;13.74;1.05
18HU05071_815;751;47.27167;-59.78733;289310;295.11;16-nov-05;01:16:00;34.7;5.7;160.41872;157.78378;NaN;NaN;0.349;0.02;1;22.205;1;1.55;1;23.825;1;6;14.33;0.93
18HU05071_815;751;47.27167;-59.78733;289309;401.93;16-nov-05;01:16:00;34.82;5.12;176.49632;172.43226;NaN;NaN;0.347;0.015;1;21.63;1;1.56;1;28.86;1;6;13.87;0.75
18HU05071_815;751;47.27167;-59.78733;289308;454.48;16-nov-05;01:16:00;34.83;5.03;180.69436;181.11863;NaN;NaN;0.345;0.02;1;21.225;1;1.54;1;28.76;1;6;13.78;0.74
18HU05071_816;761;47.43467;-59.5625;289327;1.49;16-nov-05;03:44:00;31.68;7.41;301.2317;298.19482;NaN;0.6;2.143;0.11;1;1.045;1;0.37;1;1.945;1;6;2.82;0.54
18HU05071_816;761;47.43467;-59.5625;289326;5.06;16-nov-05;03:44:00;31.68;7.41;301.27636;297.6589;NaN;0.55;2.147;0.105;1;1.03;1;0.355;1;2.095;1;6;2.90;0.49
18HU05071_816;761;47.43467;-59.5625;289325;15.07;16-nov-05;03:44:00;31.67;7.41;301.58898;296.58706;NaN;0.635;2.063;0.11;1;1.045;1;0.375;1;1.99;1;6;2.79;0.53
18HU05071_816;761;47.43467;-59.5625;289324;24.99;16-nov-05;03:44:00;31.67;7.41;301.32102;297.61424;NaN;0.6;2.156;0.11;1;1.1;1;0.39;1;1.995;1;6;2.82;0.55
18HU05071_816;761;47.43467;-59.5625;289323;50.07;16-nov-05;03:44:00;32.11;4.68;300.15986;304.00062;NaN;0.18;0.793;0.19;1;3.16;1;0.59;1;3.42;1;6;5.36;0.92
18HU05071_816;761;47.43467;-59.5625;289322;100.13;16-nov-05;03:44:00;32.75;1.6;293.14824;295.78318;NaN;0.03;0.404;0.025;1;8.475;1;0.95;1;6.735;1;6;8.92;1.26
18HU05071_816;761;47.43467;-59.5625;289321;198.34;16-nov-05;03:44:00;34.35;6.24;195.8341;193.6011;NaN;NaN;0.352;0.02;1;17.175;1;1.27;1;14.97;1;6;13.52;1.15
18HU05071_816;761;47.43467;-59.5625;289320;297.88;16-nov-05;03:44:00;34.74;5.82;177.88078;177.7468;NaN;NaN;0.329;0.02;1;21.655;1;1.475;1;19.62;1;6;14.68;1.10
18HU05071_816;761;47.43467;-59.5625;289319;396.87;16-nov-05;03:44:00;34.83;4.99;192.2613;192.75256;NaN;NaN;0.326;0.02;1;20.9;1;1.48;1;24.93;1;6;14.12;0.84
18HU05071_816;761;47.43467;-59.5625;289318;465.06;16-nov-05;03:44:00;34.83;4.93;192.08266;192.84188;NaN;NaN;0.33;0.02;1;20.755;1;1.51;1;26.875;1;6;13.75;0.77
18HU05071_817;771;47.5815;-59.342;289335;1.29;16-nov-05;06:12:00;31.52;7.04;303.59868;300.02588;0.575;0.61;2.59;0.12;1;1.32;1;0.42;1;2.295;1;6;3.14;0.58
18HU05071_817;771;47.5815;-59.342;289334;5.55;16-nov-05;06:12:00;31.51;7.04;303.42004;299.62394;0.7;0.76;2.598;0.12;1;1.32;1;0.42;1;2.28;1;6;3.14;0.58
18HU05071_817;771;47.5815;-59.342;289333;15.37;16-nov-05;06:12:00;31.51;7.04;303.4647;299.4453;NaN;0.755;2.595;0.115;1;1.315;1;0.39;1;2.47;1;6;3.37;0.53
18HU05071_817;771;47.5815;-59.342;289332;25.38;16-nov-05;06:12:00;31.61;6.74;303.37538;299.75792;NaN;0.715;2.221;0.105;1;1.355;1;0.36;1;1.91333;1;6;3.76;0.71
18HU05071_817;771;47.5815;-59.342;289331;50.37;16-nov-05;06:12:00;32.09;4.45;303.33072;302.52684;NaN;0.215;1.008;0.165;1;4.02;1;0.615;1;3.955;1;6;6.54;1.02
18HU05071_817;771;47.5815;-59.342;289330;98.94;16-nov-05;06:12:00;32.8;2.11;289.03952;291.04922;NaN;0.04;0.436;0.085;1;8.16;1;0.89;1;7.10667;1;6;9.17;1.15
18HU05071_817;771;47.5815;-59.342;289329;199.03;16-nov-05;06:12:00;34.46;6.07;188.86714;185.65162;NaN;NaN;0.307;0.02;1;19.175;1;1.325;1;17.34333;1;6;14.47;1.11
18HU05071_817;771;47.5815;-59.342;289328;257.47;16-nov-05;06:12:00;34.63;6.06;182.07882;180.6497;NaN;NaN;0.29;0.045;1;16.16;1;1.225;1;14.47;1;6;13.19;1.12
18HU05071_818;781;47.67183;-59.86867;289345;3.67;16-nov-05;08:52:00;31.65;7.4;302.5715;297.6589;0.47;0.48;2.031;0.105;1;1.095;1;0.405;1;1.98;1;6;2.70;0.55
18HU05071_818;781;47.67183;-59.86867;289344;4.76;16-nov-05;08:52:00;31.65;7.4;302.39286;297.6589;0.525;0.55;2.013;0.105;1;1.095;1;0.4;1;1.96;1;6;2.74;0.56
18HU05071_818;781;47.67183;-59.86867;289343;15.47;16-nov-05;08:52:00;31.65;7.41;302.1249;297.83754;0.51;0.555;2.137;0.11;1;1.09;1;0.4;1;1.915;1;6;2.73;0.57
18HU05071_818;781;47.67183;-59.86867;289342;25.68;16-nov-05;08:52:00;31.65;7.41;302.39286;296.67638;0.71;0.575;2.075;0.105;1;1.11;1;0.4;1;1.91;1;6;2.77;0.58
18HU05071_818;781;47.67183;-59.86867;289341;49.77;16-nov-05;08:52:00;31.96;5.82;300.3385;299.75792;0.345;0.375;0.943;0.17;1;2.58;1;0.535;1;2.89;1;6;4.82;0.89
18HU05071_818;781;47.67183;-59.86867;289340;99.64;16-nov-05;08:52:00;32.52;1.72;303.50936;306.07731;0.025;0.035;0.483;0.035;1;6.895;1;0.855;1;5.615;1;6;8.06;1.23
18HU05071_818;781;47.67183;-59.86867;289339;198.53;16-nov-05;08:52:00;33.82;4.28;196.504;189.805;NaN;NaN;0.376;0.015;1;16.585;1;1.39;1;17.78;1;6;11.93;0.93
18HU05071_818;781;47.67183;-59.86867;289338;297.37;16-nov-05;08:52:00;34.63;5.53;109.01506;109.23836;NaN;NaN;0.383;0.01;1;24.46;1;1.85;1;34.82;1;6;13.22;0.70
18HU05071_818;781;47.67183;-59.86867;289337;396.67;16-nov-05;08:52:00;34.81;5.14;184.8924;186.94676;NaN;NaN;0.33;0.01;1;21.145;1;1.49;1;23.68;1;6;14.19;0.89
18HU05071_818;781;47.67183;-59.86867;289336;517.48;16-nov-05;08:52:00;34.83;4.91;192.88654;193.22149;NaN;NaN;0.335;0.015;1;20.485;1;1.525;1;27.365;1;6;13.43;0.75
