CTD;CTD;CTD;CTD;CTD;CTD;CTD;CTD;CTD;CTD;CTD;labo;labo;labo;labo;labo;labo;labo;labo;labo;calc;calc
Fichier;Station;Latitude;Longitude;Echantillon;zbouteille;Date;Heure;PRES;PSAL;TEMP_XX;OXYM_01;Q_OXYM;NOx_01;Q_NOX;PO4_01;Q_PO4;Si_01;Q_Si;QCFF;N_P;N_Si
(nom);(nom/no);(degres);(degres);(no_unique);(dbar);(jj-mmm-yyyy);(GMT);(dbar);(psu);(celsius);(mmol/m**3);((none));(mmol/m**3);((none));(mmol/m**3);((none));(mmol/m**3);((none));((none));((none));((none))
18HU95003_002;CAST#1;44.6845;-63.6265;152924;23.69;19-apr-95;16:31:00;23.889;30.6586;1.0174;NaN;9;NaN;9;NaN;9;NaN;9;0;NaN;NaN
18HU95003_002;CAST#1;44.6845;-63.6265;152923;23.71;19-apr-95;16:31:00;23.901;30.6595;1.0164;NaN;9;NaN;9;NaN;9;NaN;9;0;NaN;NaN
18HU95003_002;CAST#1;44.6845;-63.6265;152920;23.72;19-apr-95;16:31:00;23.914;30.6658;1.006;NaN;9;NaN;9;NaN;9;NaN;9;0;NaN;NaN
18HU95003_002;CAST#1;44.6845;-63.6265;152922;23.73;19-apr-95;16:31:00;23.921;30.6596;1.0165;NaN;9;NaN;9;NaN;9;NaN;9;0;NaN;NaN
18HU95003_002;CAST#1;44.6845;-63.6265;152919;23.73;19-apr-95;16:31:00;23.925;30.6954;0.9758;NaN;9;NaN;9;NaN;9;NaN;9;0;NaN;NaN
18HU95003_002;CAST#1;44.6845;-63.6265;152921;23.73;19-apr-95;16:31:00;23.926;30.6613;1.0135;NaN;9;NaN;9;NaN;9;NaN;9;0;NaN;NaN
18HU95003_002;CAST#1;44.6845;-63.6265;152918;23.73;19-apr-95;16:31:00;23.927;30.6827;0.9795;NaN;9;NaN;9;NaN;9;NaN;9;0;NaN;NaN
18HU95003_002;CAST#1;44.6845;-63.6265;152916;23.74;19-apr-95;16:31:00;23.939;30.6615;1.0188;NaN;9;NaN;9;NaN;9;NaN;9;0;NaN;NaN
18HU95003_002;CAST#1;44.6845;-63.6265;152917;23.74;19-apr-95;16:31:00;23.939;30.6679;1.0037;NaN;9;NaN;9;NaN;9;NaN;9;0;NaN;NaN
18HU95003_002;CAST#1;44.6845;-63.6265;152915;23.77;19-apr-95;16:31:00;23.967;30.6654;1.0082;NaN;9;NaN;9;NaN;9;NaN;9;0;NaN;NaN
18HU95003_002;CAST#1;44.6845;-63.6265;152914;23.79;19-apr-95;16:31:00;23.987;30.6657;1.0048;NaN;9;NaN;9;NaN;9;NaN;9;0;NaN;NaN
18HU95003_002;CAST#1;44.6845;-63.6265;152912;23.8;19-apr-95;16:31:00;23.995;30.6605;1.0129;NaN;9;NaN;9;NaN;9;NaN;9;0;NaN;NaN
18HU95003_002;CAST#1;44.6845;-63.6265;152913;23.8;19-apr-95;16:31:00;24;30.6644;1.007;NaN;9;NaN;9;NaN;9;NaN;9;0;NaN;NaN
18HU95003_002;CAST#1;44.6845;-63.6265;152911;23.81;19-apr-95;16:31:00;24.001;30.665;1.0043;NaN;9;NaN;9;NaN;9;NaN;9;0;NaN;NaN
18HU95003_002;CAST#1;44.6845;-63.6265;152905;23.83;19-apr-95;16:31:00;24.028;30.6796;0.9938;NaN;9;NaN;9;NaN;9;NaN;9;0;NaN;NaN
18HU95003_002;CAST#1;44.6845;-63.6265;152910;23.84;19-apr-95;16:31:00;24.031;30.6573;1.0163;NaN;9;NaN;9;NaN;9;NaN;9;0;NaN;NaN
18HU95003_002;CAST#1;44.6845;-63.6265;152906;23.84;19-apr-95;16:31:00;24.039;30.6525;1.0248;NaN;9;NaN;9;NaN;9;NaN;9;0;NaN;NaN
18HU95003_002;CAST#1;44.6845;-63.6265;152907;23.85;19-apr-95;16:31:00;24.047;30.6557;1.0232;NaN;9;NaN;9;NaN;9;NaN;9;0;NaN;NaN
18HU95003_002;CAST#1;44.6845;-63.6265;152909;23.85;19-apr-95;16:31:00;24.047;30.6613;1.0107;NaN;9;NaN;9;NaN;9;NaN;9;0;NaN;NaN
18HU95003_002;CAST#1;44.6845;-63.6265;152904;23.86;19-apr-95;16:31:00;24.052;30.6927;0.9833;NaN;9;NaN;9;NaN;9;NaN;9;0;NaN;NaN
18HU95003_002;CAST#1;44.6845;-63.6265;152908;23.86;19-apr-95;16:31:00;24.054;30.6554;1.0255;NaN;9;NaN;9;NaN;9;NaN;9;0;NaN;NaN
18HU95003_002;CAST#1;44.6845;-63.6265;152903;23.9;19-apr-95;16:31:00;24.099;30.7157;0.9792;NaN;9;NaN;9;NaN;9;NaN;9;0;NaN;NaN
18HU95003_002;CAST#1;44.6845;-63.6265;152902;23.92;19-apr-95;16:31:00;24.121;30.7393;1.0015;NaN;9;NaN;9;NaN;9;NaN;9;0;NaN;NaN
18HU95003_002;CAST#1;44.6845;-63.6265;152901;23.94;19-apr-95;16:31:00;24.14;30.7366;1.0007;NaN;9;NaN;9;NaN;9;NaN;9;0;NaN;NaN
18HU95003_113;CAST#1;43.32917;-52.698;152925;515.84;21-apr-95;12:13:00;520.638;35.0047;6.4185;194.00304;4;21.5255;1;1.48797;1;13.90198;1;6;14.47;1.55
18HU95003_113;CAST#1;43.32917;-52.698;152926;526.32;21-apr-95;12:13:00;531.223;35.0076;6.3172;194.62828;4;22.01104;1;1.54697;1;13.66203;1;6;14.23;1.61
18HU95003_113;CAST#1;43.32917;-52.698;152935;529.28;21-apr-95;12:13:00;534.213;35.0068;6.3008;199.1836;4;22.57305;7;1.51496;1;14.31947;1;518;14.90;1.58
18HU95003_113;CAST#1;43.32917;-52.698;152936;529.45;21-apr-95;12:13:00;534.391;35.0058;6.3002;199.36224;4;22.30454;7;1.47905;1;14.49655;1;518;15.08;1.54
18HU95003_113;CAST#1;43.32917;-52.698;152937;529.82;21-apr-95;12:13:00;534.759;35.0049;6.2953;202.17582;4;22.39604;7;1.47997;1;14.58949;1;518;15.13;1.54
18HU95003_113;CAST#1;43.32917;-52.698;152934;529.98;21-apr-95;12:13:00;534.921;35.0067;6.2981;200.61272;4;22.01697;7;1.46448;1;14.35897;1;518;15.03;1.53
18HU95003_113;CAST#1;43.32917;-52.698;152933;530.49;21-apr-95;12:13:00;535.438;35.0026;6.2576;200.5234;4;21.88455;7;1.48848;1;14.12747;1;518;14.70;1.55
18HU95003_113;CAST#1;43.32917;-52.698;152927;530.58;21-apr-95;12:13:00;535.531;35.001;6.2347;NaN;9;NaN;9;NaN;9;NaN;9;0;NaN;NaN
18HU95003_113;CAST#1;43.32917;-52.698;152938;530.68;21-apr-95;12:13:00;535.631;35.0051;6.2928;201.10398;4;22.56;7;1.49105;1;14.3175;1;518;15.13;1.58
18HU95003_113;CAST#1;43.32917;-52.698;152932;531.54;21-apr-95;12:13:00;536.502;35.0004;6.2354;204.85542;4;22.31851;1;1.505;1;14.03305;1;6;14.83;1.59
18HU95003_113;CAST#1;43.32917;-52.698;152939;532.15;21-apr-95;12:13:00;537.115;35.0043;6.265;200.21078;4;22.53905;1;1.47299;1;14.51048;1;6;15.30;1.55
18HU95003_113;CAST#1;43.32917;-52.698;152941;532.64;21-apr-95;12:13:00;537.614;35.0021;6.2408;200.16612;4;22.558;7;1.489;1;14.56401;1;518;15.15;1.55
18HU95003_113;CAST#1;43.32917;-52.698;152940;532.68;21-apr-95;12:13:00;537.651;35.0019;6.2464;200.34476;4;22.61001;7;1.48099;1;14.65348;1;518;15.27;1.54
18HU95003_113;CAST#1;43.32917;-52.698;152945;532.81;21-apr-95;12:13:00;537.79;35.0008;6.2244;200.61272;4;22.40952;7;1.46899;1;14.59201;1;518;15.26;1.54
18HU95003_113;CAST#1;43.32917;-52.698;152944;532.84;21-apr-95;12:13:00;537.817;35.0005;6.2213;201.8632;4;22.82052;7;1.46099;1;14.43298;1;518;15.62;1.58
18HU95003_113;CAST#1;43.32917;-52.698;152943;532.87;21-apr-95;12:13:00;537.846;34.9996;6.2063;200.97;4;22.43155;7;1.47155;1;14.68803;1;518;15.24;1.53
18HU95003_113;CAST#1;43.32917;-52.698;152928;533.13;21-apr-95;12:13:00;538.105;34.9974;6.1928;199.45156;4;21.56601;7;1.49905;1;13.77304;1;518;14.39;1.57
18HU95003_113;CAST#1;43.32917;-52.698;152942;533.22;21-apr-95;12:13:00;538.196;35.001;6.2113;200.70204;4;22.35053;7;1.45001;1;14.54502;1;518;15.41;1.54
18HU95003_113;CAST#1;43.32917;-52.698;152931;533.34;21-apr-95;12:13:00;538.324;34.9993;6.2166;201.72922;4;21.7305;7;1.48499;1;14.08947;1;518;14.63;1.54
18HU95003_113;CAST#1;43.32917;-52.698;152930;533.53;21-apr-95;12:13:00;538.512;34.9972;6.1719;201.55058;4;21.96849;7;1.47699;1;13.86148;1;518;14.87;1.58
18HU95003_113;CAST#1;43.32917;-52.698;152946;533.61;21-apr-95;12:13:00;538.599;34.9992;6.2036;200.16612;4;22.78705;7;1.47945;1;14.56255;1;518;15.40;1.56
18HU95003_113;CAST#1;43.32917;-52.698;152947;533.75;21-apr-95;12:13:00;538.733;34.9956;6.1743;201.01466;4;22.35597;7;1.48253;1;14.6885;1;518;15.08;1.52
18HU95003_113;CAST#1;43.32917;-52.698;152948;533.83;21-apr-95;12:13:00;538.814;34.995;6.1745;200.92534;4;22.65206;7;1.46396;1;14.63247;1;518;15.47;1.55
18HU95003_113;CAST#1;43.32917;-52.698;152929;534.13;21-apr-95;12:13:00;539.122;34.9973;6.1639;200.34476;4;21.88601;7;1.47996;1;13.86753;1;518;14.79;1.58
18HU95003_225;CAST#1;42.997;-50.28917;152952;13.75;21-apr-95;21:56:00;13.862;32.8939;0.3443;391.6682;4;3.02296;1;0.65548;1;4.41945;1;6;4.61;0.68
18HU95003_225;CAST#1;42.997;-50.28917;152951;42.81;21-apr-95;21:56:00;43.154;32.9454;-0.9316;369.7848;4;6.63753;1;0.88354;1;7.09605;1;6;7.51;0.94
18HU95003_225;CAST#1;42.997;-50.28917;152949;67.85;21-apr-95;21:56:00;68.409;33.0323;-0.8108;362.68386;4;7.07397;7;0.95551;7;8.02497;1;518;7.40;0.88
18HU95003_225;CAST#1;42.997;-50.28917;152950;67.85;21-apr-95;21:56:00;68.409;33.0323;-0.8108;364.02366;4;7.24198;7;0.9215;7;8.78051;1;518;7.86;0.82
18HU95003_264;CAST#1;42.74967;-50.291;152958;40.26;21-apr-95;23:42:00;40.587;32.9186;-0.7603;386.309;4;4.28801;1;0.70251;1;5.69201;1;6;6.10;0.75
18HU95003_264;CAST#1;42.74967;-50.291;152957;207.44;21-apr-95;23:42:00;209.199;34.8114;8.6575;207.04376;4;15.13998;1;1.07804;1;8.85248;1;6;14.04;1.71
18HU95003_264;CAST#1;42.74967;-50.291;152956;399.34;21-apr-95;23:42:00;402.921;34.7617;4.0907;257.9115;4;18.30049;1;1.26295;1;11.98952;1;6;14.49;1.53
18HU95003_264;CAST#1;42.74967;-50.291;152955;590.83;21-apr-95;23:42:00;596.403;34.8537;3.5734;288.86088;4;17.80954;1;1.14896;1;11.05303;1;6;15.50;1.61
18HU95003_264;CAST#1;42.74967;-50.291;152954;798.56;21-apr-95;23:42:00;806.498;34.8645;3.463;291.76378;4;17.53855;1;1.15954;1;11.21151;1;6;15.13;1.56
18HU95003_264;CAST#1;42.74967;-50.291;152953;1020.31;21-apr-95;23:42:00;1031;34.8677;3.4282;292.43368;4;17.067;1;1.14251;1;10.96399;1;6;14.94;1.56
18HU95003_284;CAST#1;42.484;-50.29433;152974;12.28;22-apr-95;02:25:00;12.378;32.7713;-0.271;411.7652;4;0.40151;1;0.57604;1;2.72155;1;6;0.70;0.15
18HU95003_284;CAST#1;42.484;-50.29433;152973;51.35;22-apr-95;02:25:00;51.762;32.9848;-0.9772;370.54402;4;6.24947;1;0.88203;1;6.67901;1;6;7.09;0.94
18HU95003_284;CAST#1;42.484;-50.29433;152972;98.29;22-apr-95;02:25:00;99.097;33.2339;-0.2061;362.37124;4;5.46548;1;0.8575;1;5.51405;1;6;6.37;0.99
18HU95003_284;CAST#1;42.484;-50.29433;152971;193.15;22-apr-95;02:25:00;194.779;33.5745;-0.1098;330.21604;4;10.38802;1;1.00345;1;10.35399;1;6;10.35;1.00
18HU95003_284;CAST#1;42.484;-50.29433;152970;294.32;22-apr-95;02:25:00;296.869;34.1169;1.3182;308.6006;4;11.90702;1;1.03001;1;10.79448;1;6;11.56;1.10
18HU95003_284;CAST#1;42.484;-50.29433;152969;393.33;22-apr-95;02:25:00;396.842;34.6194;3.4273;276.62404;4;17.03899;1;1.20046;1;11.78249;1;6;14.19;1.45
18HU95003_284;CAST#1;42.484;-50.29433;152968;591.33;22-apr-95;02:25:00;596.892;34.8484;3.8208;282.2512;4;17.48705;1;1.202;1;10.9705;1;6;14.55;1.59
18HU95003_284;CAST#1;42.484;-50.29433;152967;790.49;22-apr-95;02:25:00;798.31;34.8921;3.7189;287.07448;4;17.34748;1;1.17752;1;10.63447;1;6;14.73;1.63
18HU95003_284;CAST#1;42.484;-50.29433;152966;980.05;22-apr-95;02:25:00;990.196;34.8894;3.5161;288.68224;4;17.6465;1;1.17054;1;10.82855;1;6;15.08;1.63
18HU95003_284;CAST#1;42.484;-50.29433;152965;1184.08;22-apr-95;02:25:00;1196.929;34.8697;3.2592;294.22008;4;17.27805;1;1.1735;1;11.04003;1;6;14.72;1.57
18HU95003_284;CAST#1;42.484;-50.29433;152964;1379;22-apr-95;02:25:00;1394.614;34.8625;3.1613;297.39094;4;17.21856;1;1.19154;1;11.0215;1;6;14.45;1.56
18HU95003_284;CAST#1;42.484;-50.29433;152963;1579.63;22-apr-95;02:25:00;1598.294;34.8653;3.1241;296.89968;4;16.95854;1;1.16754;1;10.95053;1;6;14.53;1.55
18HU95003_284;CAST#1;42.484;-50.29433;152962;1785.65;22-apr-95;02:25:00;1807.637;34.8737;3.093;295.69386;4;17.38797;1;1.18304;1;11.40897;1;6;14.70;1.52
18HU95003_284;CAST#1;42.484;-50.29433;152961;1964.23;22-apr-95;02:25:00;1989.264;34.899;3.1646;289.12884;4;17.22806;1;1.19199;1;12.46801;1;6;14.45;1.38
18HU95003_284;CAST#1;42.484;-50.29433;152960;2197.78;22-apr-95;02:25:00;2227.029;34.9167;3.1522;284.41721;4;17.38802;1;1.15948;1;13.74102;1;6;15.00;1.27
18HU95003_284;CAST#1;42.484;-50.29433;152959;2307.38;22-apr-95;02:25:00;2338.696;34.9212;3.0189;303.2414;4;8.03351;1;0.86905;1;7.63956;1;6;9.24;1.05
18HU95003_304;CAST#1;42.24817;-50.29317;152997;9.57;22-apr-95;07:55:00;9.648;33.1743;0.8361;389.74782;4;1.2845;1;0.48749;1;2.19052;1;6;2.63;0.59
18HU95003_304;CAST#1;42.24817;-50.29317;152996;145.72;22-apr-95;07:55:00;146.928;33.8564;0.6299;286.58322;4;11.96056;1;1.00746;1;10.80303;1;6;11.87;1.11
18HU95003_304;CAST#1;42.24817;-50.29317;152995;274.67;22-apr-95;07:55:00;277.031;34.7755;4.8295;234.33102;4;19.51348;1;1.32205;1;13.1525;1;6;14.76;1.48
18HU95003_304;CAST#1;42.24817;-50.29317;152994;384.85;22-apr-95;07:55:00;388.269;34.6423;3.1156;293.6395;4;16.33104;1;1.09596;1;10.45052;1;6;14.90;1.56
18HU95003_304;CAST#1;42.24817;-50.29317;152993;500.25;22-apr-95;07:55:00;504.834;34.8773;4.2137;268.22796;4;18.45052;1;1.20346;1;11.26055;1;6;15.33;1.64
18HU95003_304;CAST#1;42.24817;-50.29317;152992;595.52;22-apr-95;07:55:00;601.109;34.8706;3.8834;282.56382;4;17.46949;1;1.16396;1;10.60804;1;6;15.01;1.65
18HU95003_304;CAST#1;42.24817;-50.29317;152991;690.81;22-apr-95;07:55:00;697.456;34.9286;4.1139;274.74832;4;18.28955;1;1.16801;1;11.17204;1;6;15.66;1.64
18HU95003_304;CAST#1;42.24817;-50.29317;152990;786.92;22-apr-95;07:55:00;794.674;34.9407;4.0896;273.58716;4;18.40103;1;1.17653;1;11.40102;1;6;15.64;1.61
18HU95003_304;CAST#1;42.24817;-50.29317;152989;886.61;22-apr-95;07:55:00;895.568;34.9203;3.8371;281.5813;4;17.78356;1;1.2195;1;11.29446;1;6;14.58;1.57
18HU95003_304;CAST#1;42.24817;-50.29317;152988;981.95;22-apr-95;07:55:00;992.098;34.9353;3.8408;278.0085;4;17.61202;1;1.18453;1;11.48798;1;6;14.87;1.53
18HU95003_304;CAST#1;42.24817;-50.29317;152987;1103.48;22-apr-95;07:55:00;1115.215;34.8942;3.4646;288.9502;4;17.53053;1;1.16551;1;11.20499;1;6;15.04;1.56
18HU95003_304;CAST#1;42.24817;-50.29317;152986;1204.01;22-apr-95;07:55:00;1217.108;34.9317;3.6383;279.75024;4;18.03855;1;1.17601;1;11.99947;1;6;15.34;1.50
18HU95003_304;CAST#1;42.24817;-50.29317;152985;1273.99;22-apr-95;07:55:00;1288.07;34.9188;3.53;283.68032;4;17.80498;1;1.17303;1;12.17601;1;6;15.18;1.46
18HU95003_304;CAST#1;42.24817;-50.29317;152984;1470.61;22-apr-95;07:55:00;1487.556;34.9;3.3363;288.2803;4;17.56097;1;1.16398;1;12.12301;1;6;15.09;1.45
18HU95003_304;CAST#1;42.24817;-50.29317;152983;1622.58;22-apr-95;07:55:00;1641.884;34.902;3.292;288.14632;4;17.79501;1;1.15598;1;12.21054;1;6;15.39;1.46
18HU95003_304;CAST#1;42.24817;-50.29317;152982;1772.72;22-apr-95;07:55:00;1794.448;34.9221;3.3404;283.1444;4;17.6535;1;1.15754;1;13.23756;1;6;15.25;1.33
18HU95003_304;CAST#1;42.24817;-50.29317;152981;2015.88;22-apr-95;07:55:00;2041.777;34.9383;3.3069;278.9017;4;17.73455;1;1.23798;1;14.69351;1;6;14.33;1.21
18HU95003_304;CAST#1;42.24817;-50.29317;152980;2257.77;22-apr-95;07:55:00;2288.092;34.9245;3.0692;282.74246;4;16.94206;1;1.148;1;13.92853;1;6;14.76;1.22
18HU95003_304;CAST#1;42.24817;-50.29317;152979;2462.68;22-apr-95;07:55:00;2496.972;34.9316;2.9109;279.25898;4;17.6845;1;1.18299;1;16.62052;1;6;14.95;1.06
18HU95003_304;CAST#1;42.24817;-50.29317;152978;2666.18;22-apr-95;07:55:00;2704.6;34.9187;2.6582;281.09004;4;16.96199;1;1.14204;1;16.51356;1;6;14.85;1.03
18HU95003_304;CAST#1;42.24817;-50.29317;152977;2858.29;22-apr-95;07:55:00;2900.796;34.9085;2.4026;284.43954;4;17.33847;1;1.15804;1;18.3975;1;6;14.97;0.94
18HU95003_304;CAST#1;42.24817;-50.29317;152976;2961.22;22-apr-95;07:55:00;3005.989;34.903;2.2924;284.21624;4;16.97205;1;1.19004;1;18.97398;1;6;14.26;0.89
18HU95003_304;CAST#1;42.24817;-50.29317;152975;3045.79;22-apr-95;07:55:00;3092.456;34.9014;2.2653;NaN;9;NaN;9;NaN;9;NaN;9;0;NaN;NaN
18HU95003_315;CAST#1;41.9955;-50.29133;153021;9.12;22-apr-95;14:07:00;9.195;33.0938;1.3809;416.32052;4;0;1;0.35448;1;1.00248;1;6;0.00;0.00
18HU95003_315;CAST#1;41.9955;-50.29133;153020;101.48;22-apr-95;14:07:00;102.307;33.6448;1.0756;335.97718;4;8.29003;1;0.82701;1;7.36103;1;6;10.02;1.13
18HU95003_315;CAST#1;41.9955;-50.29133;153019;199.9;22-apr-95;14:07:00;201.574;34.1493;1.8427;294.62202;4;14.34049;1;1.08796;1;11.8135;1;6;13.18;1.21
18HU95003_315;CAST#1;41.9955;-50.29133;153018;298.79;22-apr-95;14:07:00;301.367;34.5189;2.7681;296.18512;4;15.58105;1;1.05904;1;10.67949;1;6;14.71;1.46
18HU95003_315;CAST#1;41.9955;-50.29133;153017;403.27;22-apr-95;14:07:00;406.859;34.9271;4.906;240.31546;4;19.67298;1;1.36201;1;12.85648;1;6;14.44;1.53
18HU95003_315;CAST#1;41.9955;-50.29133;153016;494.11;22-apr-95;14:07:00;498.618;34.9732;4.7937;248.22028;4;19.21106;1;1.26202;1;12.64896;1;6;15.22;1.52
18HU95003_315;CAST#1;41.9955;-50.29133;153015;594.13;22-apr-95;14:07:00;599.691;34.9319;4.3416;262.42216;4;18.951;1;1.21602;1;11.95053;1;6;15.58;1.59
18HU95003_315;CAST#1;41.9955;-50.29133;153014;697.96;22-apr-95;14:07:00;704.674;34.9538;4.2794;264.92312;4;18.47549;1;1.21102;1;12.03701;1;6;15.26;1.53
18HU95003_315;CAST#1;41.9955;-50.29133;153013;807.81;22-apr-95;14:07:00;815.796;34.9408;4.0572;271.62212;4;18.58806;1;1.23655;1;11.85654;1;6;15.03;1.57
18HU95003_315;CAST#1;41.9955;-50.29133;153012;918.8;22-apr-95;14:07:00;928.13;34.876;3.5447;289.1735;4;17.4475;1;1.14847;1;10.92354;1;6;15.19;1.60
18HU95003_315;CAST#1;41.9955;-50.29133;153011;1040.61;22-apr-95;14:07:00;1051.486;34.8832;3.5155;289.21816;4;17.86246;1;1.13504;1;11.09451;1;6;15.74;1.61
18HU95003_315;CAST#1;41.9955;-50.29133;153010;1235.27;22-apr-95;14:07:00;1248.773;34.8951;3.4817;286.85118;4;17.69048;1;1.13905;1;11.74954;1;6;15.53;1.51
18HU95003_315;CAST#1;41.9955;-50.29133;153009;1406.45;22-apr-95;14:07:00;1422.411;34.8799;3.3273;290.37932;4;17.81256;1;1.221;1;12.53851;1;6;14.59;1.42
18HU95003_315;CAST#1;41.9955;-50.29133;153008;1616.11;22-apr-95;14:07:00;1635.267;34.9027;3.3711;285.06478;4;17.74352;1;1.15701;1;12.64901;1;6;15.34;1.40
18HU95003_315;CAST#1;41.9955;-50.29133;153007;1863.53;22-apr-95;14:07:00;1886.735;34.915;3.34;NaN;9;NaN;9;NaN;9;NaN;9;0;NaN;NaN
18HU95003_315;CAST#1;41.9955;-50.29133;153006;2107.38;22-apr-95;14:07:00;2134.869;34.9394;3.3194;NaN;9;NaN;9;NaN;9;NaN;9;0;NaN;NaN
18HU95003_315;CAST#1;41.9955;-50.29133;153005;2223.87;22-apr-95;14:07:00;2253.499;34.9396;3.2563;NaN;9;NaN;9;NaN;9;NaN;9;0;NaN;NaN
18HU95003_315;CAST#1;41.9955;-50.29133;153004;2431.74;22-apr-95;14:07:00;2465.361;34.9283;3.0719;179.89048;4;18.04948;1;1.17396;1;16.26202;1;6;15.37;1.11
18HU95003_315;CAST#1;41.9955;-50.29133;153003;2557.79;22-apr-95;14:07:00;2593.927;34.92;2.9195;280.19684;4;17.64105;1;1.15148;1;16.41601;1;6;15.32;1.07
18HU95003_315;CAST#1;41.9955;-50.29133;153002;2761.05;22-apr-95;14:07:00;2801.408;34.9122;2.7048;282.67547;4;17.22197;1;1.13198;1;16.60304;1;6;15.21;1.04
18HU95003_315;CAST#1;41.9955;-50.29133;153001;2957.59;22-apr-95;14:07:00;3002.212;34.9037;2.4924;283.68032;4;17.37154;1;1.15147;1;18.06002;1;6;15.09;0.96
18HU95003_315;CAST#1;41.9955;-50.29133;153000;3162.65;22-apr-95;14:07:00;3211.913;34.8975;2.3555;283.90362;4;17.25656;1;1.13997;1;19.4335;1;6;15.14;0.89
18HU95003_315;CAST#1;41.9955;-50.29133;152999;3434.44;22-apr-95;14:07:00;3490.163;34.8915;2.253;283.05508;4;17.41549;1;1.21804;1;21.55855;1;6;14.30;0.81
18HU95003_315;CAST#1;41.9955;-50.29133;152998;3514.72;22-apr-95;14:07:00;3572.413;34.8892;2.2257;282.34052;4;0;2;0.41097;1;0.92545;2;2054;0.00;0.00
18HU95003_326;CAST#1;41.49833;-50.28867;153045;8.47;22-apr-95;20:01:00;8.535;33.1472;1.4492;395.82158;4;0.96799;1;0.51104;1;2.14898;1;6;1.89;0.45
18HU95003_326;CAST#1;41.49833;-50.28867;153044;99.83;22-apr-95;20:01:00;100.641;34.3484;5.7428;249.02416;4;13.7695;1;1.02896;1;9.55297;1;6;13.38;1.44
18HU95003_326;CAST#1;41.49833;-50.28867;153043;199.58;22-apr-95;20:01:00;201.244;34.8589;7.3278;186.0089;4;20.99954;1;1.39097;1;13.25601;1;6;15.10;1.58
18HU95003_326;CAST#1;41.49833;-50.28867;153042;397.36;22-apr-95;20:01:00;400.872;34.8805;4.8965;238.66304;4;19.14704;1;1.32195;1;12.50651;1;6;14.48;1.53
18HU95003_326;CAST#1;41.49833;-50.28867;153041;614.57;22-apr-95;20:01:00;620.325;34.9779;4.7047;253.75812;4;19.23749;1;1.25146;1;12.14803;1;6;15.37;1.58
18HU95003_326;CAST#1;41.49833;-50.28867;153040;795.91;22-apr-95;20:01:00;803.723;34.9692;4.3367;263.85128;4;18.25656;1;1.22396;1;11.86654;1;6;14.92;1.54
18HU95003_326;CAST#1;41.49833;-50.28867;153039;896.47;22-apr-95;20:01:00;905.49;34.9373;4.0222;NaN;9;NaN;9;NaN;9;NaN;9;0;NaN;NaN
18HU95003_326;CAST#1;41.49833;-50.28867;153038;968.65;22-apr-95;20:01:00;978.567;34.8688;3.5055;290.5133;4;17.59852;1;1.15995;1;10.83249;1;6;15.17;1.62
18HU95003_326;CAST#1;41.49833;-50.28867;153037;1076.33;22-apr-95;20:01:00;1087.628;34.9026;3.6461;284.08226;4;17.96347;1;1.17352;1;11.773;1;6;15.31;1.53
18HU95003_326;CAST#1;41.49833;-50.28867;153036;1278.4;22-apr-95;20:01:00;1292.453;34.9216;3.6468;281.358;4;18.19199;1;1.17703;1;12.29556;1;6;15.46;1.48
18HU95003_326;CAST#1;41.49833;-50.28867;153035;1479.76;22-apr-95;20:01:00;1496.745;34.8967;3.4214;287.11914;4;17.55354;1;1.17455;1;12.13098;1;6;14.94;1.45
18HU95003_326;CAST#1;41.49833;-50.28867;153034;1671.38;22-apr-95;20:01:00;1691.341;34.8929;3.3295;288.59292;4;17.5775;1;1.13751;1;12.31848;1;6;15.45;1.43
18HU95003_326;CAST#1;41.49833;-50.28867;153033;1871.56;22-apr-95;20:01:00;1894.821;34.8982;3.2855;287.8337;4;17.81547;1;1.22348;1;12.79054;1;6;14.56;1.39
18HU95003_326;CAST#1;41.49833;-50.28867;153032;2065.58;22-apr-95;20:01:00;2092.219;34.8951;3.1968;288.63758;4;17.50151;1;1.16398;1;12.71706;1;6;15.04;1.38
18HU95003_326;CAST#1;41.49833;-50.28867;153031;2263.6;22-apr-95;20:01:00;2293.876;34.915;3.1921;284.97546;4;17.93747;1;1.13404;1;14.02549;1;6;15.82;1.28
18HU95003_326;CAST#1;41.49833;-50.28867;153030;2473.09;22-apr-95;20:01:00;2507.414;34.9303;3.1489;278.05316;4;17.97297;1;1.17447;1;16.371;1;6;15.30;1.10
18HU95003_326;CAST#1;41.49833;-50.28867;153029;2674.79;22-apr-95;20:01:00;2713.21;34.9208;2.9482;251.4358;4;17.73555;1;1.13845;1;16.22356;1;6;15.58;1.09
18HU95003_326;CAST#1;41.49833;-50.28867;153028;2910.08;22-apr-95;20:01:00;2953.516;34.9132;2.7297;278.36578;4;17.70303;1;1.1445;1;17.06348;1;6;15.47;1.04
18HU95003_326;CAST#1;41.49833;-50.28867;153027;3128.87;22-apr-95;20:01:00;3177.206;34.9064;2.5573;283.03275;4;17.37804;1;1.13649;1;17.96947;1;6;15.29;0.97
18HU95003_326;CAST#1;41.49833;-50.28867;153026;3340.44;22-apr-95;20:01:00;3393.733;34.8998;2.415;282.83178;4;17.86197;1;1.15947;1;20.93401;1;6;15.41;0.85
18HU95003_326;CAST#1;41.49833;-50.28867;153025;3533.93;22-apr-95;20:01:00;3591.935;34.8949;2.3338;279.92888;4;17.59548;1;1.24246;1;21.95706;1;6;14.16;0.80
18HU95003_326;CAST#1;41.49833;-50.28867;153024;3737.62;22-apr-95;20:01:00;3800.777;34.891;2.2802;280.55412;4;18.30001;1;1.17803;1;23.94004;1;6;15.53;0.76
18HU95003_326;CAST#1;41.49833;-50.28867;153023;3837.55;22-apr-95;20:01:00;3903.299;34.8887;2.2577;282.4745;4;18.42606;1;1.20747;1;25.98356;1;6;15.26;0.71
18HU95003_326;CAST#1;41.49833;-50.28867;153022;3899.81;22-apr-95;20:01:00;3967.21;34.8872;2.245;278.63374;4;18.46348;1;1.25302;1;26.07001;1;6;14.74;0.71
18HU95003_339;CAST#1;40.99583;-50.29017;153069;7.95;23-apr-95;01:10:00;8.011;33.0004;4.9676;NaN;9;NaN;9;NaN;9;NaN;9;0;NaN;NaN
18HU95003_339;CAST#1;40.99583;-50.29017;153068;104.61;23-apr-95;01:10:00;105.453;34.6769;8.395;225.26504;4;13.08598;1;1.01403;1;8.08896;1;6;12.90;1.62
18HU95003_339;CAST#1;40.99583;-50.29017;153067;204.31;23-apr-95;01:10:00;206.01;34.8177;7.065;193.73508;4;20.40801;1;1.39452;1;12.81849;1;6;14.63;1.59
18HU95003_339;CAST#1;40.99583;-50.29017;153066;291.19;23-apr-95;01:10:00;293.676;34.6843;5.0415;230.4456;4;19.34454;1;1.3515;1;13.12349;1;6;14.31;1.47
18HU95003_339;CAST#1;40.99583;-50.29017;153065;432.38;23-apr-95;01:10:00;436.218;35.0188;5.7345;222.04952;4;NaN;9;NaN;9;NaN;9;6;NaN;NaN
18HU95003_339;CAST#1;40.99583;-50.29017;153064;632.86;23-apr-95;01:10:00;638.783;34.8701;3.9409;280.42014;4;17.80751;1;1.18098;1;10.91498;1;6;15.08;1.63
18HU95003_339;CAST#1;40.99583;-50.29017;153063;806.5;23-apr-95;01:10:00;814.395;34.8754;3.7164;287.78904;4;17.50597;1;1.18048;1;10.71703;1;6;14.83;1.63
18HU95003_339;CAST#1;40.99583;-50.29017;153062;983.77;23-apr-95;01:10:00;993.833;34.923;3.8331;277.42792;4;17.93204;1;1.18555;1;11.60852;1;6;15.13;1.54
18HU95003_339;CAST#1;40.99583;-50.29017;153061;1221.75;23-apr-95;01:10:00;1234.947;34.9096;3.5986;280.4648;4;18.14402;1;1.20451;1;11.79604;1;6;15.06;1.54
18HU95003_339;CAST#1;40.99583;-50.29017;153060;1426.6;23-apr-95;01:10:00;1442.728;34.8765;3.3141;NaN;9;NaN;9;NaN;9;NaN;9;0;NaN;NaN
18HU95003_339;CAST#1;40.99583;-50.29017;153059;1597.33;23-apr-95;01:10:00;1616.041;34.8838;3.3003;290.15602;4;17.37651;1;1.17905;1;12.0175;1;6;14.74;1.45
18HU95003_339;CAST#1;40.99583;-50.29017;153058;1813.72;23-apr-95;01:10:00;1835.917;34.8905;3.2678;289.35214;4;17.38552;1;1.23199;1;12.20499;1;6;14.11;1.42
18HU95003_339;CAST#1;40.99583;-50.29017;153057;2005.93;23-apr-95;01:10:00;2031.413;34.9079;3.2821;286.18128;4;17.54005;1;1.18102;1;12.95201;1;6;14.85;1.35
18HU95003_339;CAST#1;40.99583;-50.29017;153056;2177.76;23-apr-95;01:10:00;2206.334;34.915;3.2278;283.41236;4;17.65155;1;1.16051;1;13.87704;1;6;15.21;1.27
18HU95003_339;CAST#1;40.99583;-50.29017;153055;2313.54;23-apr-95;01:10:00;2344.655;34.9269;3.2212;279.3483;4;18.0155;1;1.18955;1;15.21998;1;6;15.14;1.18
18HU95003_339;CAST#1;40.99583;-50.29017;153054;2587.25;23-apr-95;01:10:00;2623.745;34.927;3.0487;278.18714;4;17.62104;1;1.17355;1;16.39599;1;6;15.02;1.07
18HU95003_339;CAST#1;40.99583;-50.29017;153053;2762.96;23-apr-95;01:10:00;2803.095;34.918;2.8456;281.40266;4;17.57701;1;1.17097;1;16.36551;1;6;15.01;1.07
18HU95003_339;CAST#1;40.99583;-50.29017;153052;2972.1;23-apr-95;01:10:00;3016.762;34.9099;2.6342;284.84148;4;17.20255;1;1.16696;1;17.35705;1;6;14.74;0.99
18HU95003_339;CAST#1;40.99583;-50.29017;153051;3129.37;23-apr-95;01:10:00;3177.571;34.9044;2.5158;283.68032;4;17.45003;1;1.14552;1;18.09747;1;6;15.23;0.96
18HU95003_339;CAST#1;40.99583;-50.29017;153050;3364.95;23-apr-95;01:10:00;3418.673;34.8967;2.3497;281.17936;4;17.24998;1;1.24051;1;20.66251;1;6;13.91;0.83
18HU95003_339;CAST#1;40.99583;-50.29017;153049;3567.27;23-apr-95;01:10:00;3625.937;34.8934;2.3049;283.23372;4;17.57156;1;1.19455;1;21.02347;1;6;14.71;0.84
18HU95003_339;CAST#1;40.99583;-50.29017;153048;3708.85;23-apr-95;01:10:00;3771.093;34.8924;2.2964;283.63566;4;17.69455;1;1.17649;1;21.91403;1;6;15.04;0.81
18HU95003_339;CAST#1;40.99583;-50.29017;153047;3825.08;23-apr-95;01:10:00;3890.33;34.8883;2.2378;282.4745;4;17.75953;1;1.20603;1;23.57457;1;6;14.73;0.75
18HU95003_339;CAST#1;40.99583;-50.29017;153046;3997.9;23-apr-95;01:10:00;4067.729;34.8808;2.1895;274.74832;4;19.32554;1;1.34452;1;31.07906;1;6;14.37;0.62
18HU95003_014;CAST#1;40.33467;-51.17;153092;15.9;23-apr-95;15:50:00;16.023;33.2769;6.6702;339.54998;4;0.13648;1;0.41703;1;1.25755;1;6;0.33;0.11
18HU95003_014;CAST#1;40.33467;-51.17;153091;217.26;23-apr-95;15:50:00;219.058;35.5697;12.4791;161.75852;4;18.16554;1;1.12197;1;8.71054;1;6;16.19;2.09
18HU95003_014;CAST#1;40.33467;-51.17;153090;363.78;23-apr-95;15:50:00;366.922;34.6646;6.6929;216.601;4;17.93697;1;1.26255;1;11.27947;1;6;14.21;1.59
18HU95003_014;CAST#1;40.33467;-51.17;153089;525.56;23-apr-95;15:50:00;530.31;34.5151;3.7019;257.73286;4;17.456;1;1.24651;1;12.24401;1;6;14.00;1.43
18HU95003_014;CAST#1;40.33467;-51.17;153088;710.35;23-apr-95;15:50:00;717.096;34.8782;4.4564;254.74064;4;19.06155;1;1.29199;1;12.3125;1;6;14.75;1.55
18HU95003_014;CAST#1;40.33467;-51.17;153087;992.89;23-apr-95;15:50:00;1003.002;34.9137;4.0406;277.29394;4;18.27201;1;1.19846;1;11.3655;1;6;15.25;1.61
18HU95003_014;CAST#1;40.33467;-51.17;153086;1192.64;23-apr-95;15:50:00;1205.368;34.9429;3.9758;273.22988;4;18.96655;1;1.21901;1;12.26303;1;6;15.56;1.55
18HU95003_014;CAST#1;40.33467;-51.17;153085;1519.03;23-apr-95;15:50:00;1536.45;34.9099;3.5971;277.65122;4;18.1155;1;1.17302;1;11.97701;1;6;15.44;1.51
18HU95003_014;CAST#1;40.33467;-51.17;153084;1740.02;23-apr-95;15:50:00;1760.901;34.9008;3.4293;281.04538;4;18.01248;1;1.16296;1;12.24797;1;6;15.49;1.47
18HU95003_014;CAST#1;40.33467;-51.17;153083;1980.35;23-apr-95;15:50:00;2005.269;34.9281;3.4624;281.17936;4;18.20901;1;1.22053;1;13.87502;1;6;14.92;1.31
18HU95003_014;CAST#1;40.33467;-51.17;153082;2241.48;23-apr-95;15:50:00;2271.094;34.936;3.3387;274.74832;4;18.25149;1;1.21203;1;15.40198;1;6;15.06;1.19
18HU95003_014;CAST#1;40.33467;-51.17;153081;2412.32;23-apr-95;15:50:00;2445.18;34.9401;3.2534;275.59686;4;18.67556;1;1.20998;1;16.79503;1;6;15.43;1.11
18HU95003_014;CAST#1;40.33467;-51.17;153080;2617;23-apr-95;15:50:00;2653.942;34.9369;3.0945;274.4357;4;18.43647;1;1.22054;1;18.27397;1;6;15.11;1.01
18HU95003_014;CAST#1;40.33467;-51.17;153079;2808.44;23-apr-95;15:50:00;2849.365;34.925;2.9099;278.05316;4;17.93351;1;1.24351;1;17.95249;1;6;14.42;1.00
18HU95003_014;CAST#1;40.33467;-51.17;153078;2908.77;23-apr-95;15:50:00;2951.863;34.9228;2.8385;277.24928;4;18.62197;1;1.21499;1;19.43346;1;6;15.33;0.96
18HU95003_014;CAST#1;40.33467;-51.17;153077;3135.95;23-apr-95;15:50:00;3184.109;34.9147;2.6549;277.82986;4;18.28156;1;1.20995;1;21.19154;1;6;15.11;0.86
18HU95003_014;CAST#1;40.33467;-51.17;153076;3333.67;23-apr-95;15:50:00;3386.435;34.9057;2.4998;281.22402;4;18.26748;1;1.20554;1;22.62551;1;6;15.15;0.81
18HU95003_014;CAST#1;40.33467;-51.17;153075;3532.24;23-apr-95;15:50:00;3589.815;34.899;2.3955;279.16966;4;18.29006;1;1.21097;1;23.95803;1;6;15.10;0.76
18HU95003_014;CAST#1;40.33467;-51.17;153074;3741.44;23-apr-95;15:50:00;3804.288;34.8935;2.3193;279.43762;4;18.28547;1;1.27098;1;24.52351;1;6;14.39;0.75
18HU95003_014;CAST#1;40.33467;-51.17;153073;3914.86;23-apr-95;15:50:00;3982.227;34.8903;2.2792;278.58908;4;18.26204;1;1.20747;1;24.68;1;6;15.12;0.74
18HU95003_014;CAST#1;40.33467;-51.17;153072;4097.91;23-apr-95;15:50:00;4170.198;34.8856;2.2393;280.33082;4;18.3025;1;1.21547;1;26.34;1;6;15.06;0.69
18HU95003_014;CAST#1;40.33467;-51.17;153071;4205.78;23-apr-95;15:50:00;4281.051;34.8802;2.208;274.97162;4;18.63655;1;1.27948;1;30.84556;1;6;14.57;0.60
18HU95003_014;CAST#1;40.33467;-51.17;153070;4302.56;23-apr-95;15:50:00;4380.542;34.8802;2.2194;277.60656;4;19.03449;1;1.32298;1;31.27848;1;6;14.39;0.61
18HU95003_025;CAST#1;39.98967;-50.2705;153115;101.56;23-apr-95;21:27:00;102.373;36.5676;18.4795;205.03451;4;3.57901;1;0.18654;1;1.53903;1;6;19.19;2.33
18HU95003_025;CAST#1;39.98967;-50.2705;153114;242.59;23-apr-95;21:27:00;244.61;36.2765;17.0184;203.33698;4;7.36647;1;0.36601;1;2.51348;1;6;20.13;2.93
18HU95003_025;CAST#1;39.98967;-50.2705;153113;427.95;23-apr-95;21:27:00;431.705;35.6157;13.2815;202.5331;4;12.5085;1;0.80196;1;5.59096;1;6;15.60;2.24
18HU95003_025;CAST#1;39.98967;-50.2705;153112;599.91;23-apr-95;21:27:00;605.427;35.2037;9.2743;149.70032;4;25.49851;1;1.55602;1;15.12803;1;6;16.39;1.69
18HU95003_025;CAST#1;39.98967;-50.2705;153111;800.9;23-apr-95;21:27:00;808.655;35.0947;6.6181;201.99718;4;22.14156;1;1.45001;1;13.89748;1;6;15.27;1.59
18HU95003_025;CAST#1;39.98967;-50.2705;153110;1011.67;23-apr-95;21:27:00;1021.984;35.0461;5.1684;240.89604;4;19.94355;1;1.32653;1;12.90298;1;6;15.03;1.55
18HU95003_025;CAST#1;39.98967;-50.2705;153109;1200.83;23-apr-95;21:27:00;1213.631;34.9882;4.4691;258.76004;4;19.16746;1;1.2725;1;12.61802;1;6;15.06;1.52
18HU95003_025;CAST#1;39.98967;-50.2705;153108;1410.94;23-apr-95;21:27:00;1426.707;34.9638;4.123;268.67456;4;19.38297;1;1.21451;1;12.80451;1;6;15.96;1.51
18HU95003_025;CAST#1;39.98967;-50.2705;153107;1615.03;23-apr-95;21:27:00;1633.875;34.9408;3.8522;270.72892;4;19.8325;1;1.23901;1;12.53898;1;6;16.01;1.58
18HU95003_025;CAST#1;39.98967;-50.2705;153106;1818.49;23-apr-95;21:27:00;1840.602;34.9384;3.7252;275.50754;4;19.85155;1;1.215;1;13.22705;1;6;16.34;1.50
18HU95003_025;CAST#1;39.98967;-50.2705;153105;2161.08;23-apr-95;21:27:00;2189.142;34.945;3.5548;271.80076;4;19.0385;1;1.22096;1;15.01849;1;6;15.59;1.27
18HU95003_025;CAST#1;39.98967;-50.2705;153104;2409.2;23-apr-95;21:27:00;2441.925;34.9501;3.416;272.73862;4;18.75398;1;1.27554;1;16.60803;1;6;14.70;1.13
18HU95003_025;CAST#1;39.98967;-50.2705;153103;2651.84;23-apr-95;21:27:00;2689.407;34.9443;3.2207;272.73862;4;18.87147;1;1.30796;1;18.09504;1;6;14.43;1.04
18HU95003_025;CAST#1;39.98967;-50.2705;153102;2890.39;23-apr-95;21:27:00;2932.986;34.9355;3.0363;273.63182;4;19.47356;1;1.26004;1;20.19755;1;6;15.45;0.96
18HU95003_025;CAST#1;39.98967;-50.2705;153101;3159.46;23-apr-95;21:27:00;3208.059;34.9233;2.809;275.3289;4;19.07204;1;1.27295;1;22.08351;1;6;14.98;0.86
18HU95003_025;CAST#1;39.98967;-50.2705;153100;3453.81;23-apr-95;21:27:00;3509.35;34.9106;2.5839;273.7658;4;19.52798;1;1.23396;1;25.27447;1;6;15.83;0.77
18HU95003_025;CAST#1;39.98967;-50.2705;153099;3735.11;23-apr-95;21:27:00;3797.673;34.8992;2.4244;275.19492;4;19.38203;1;1.31951;1;28.06254;1;6;14.69;0.69
18HU95003_025;CAST#1;39.98967;-50.2705;153098;4020.68;23-apr-95;21:27:00;4090.749;34.8906;2.334;274.34638;4;19.66802;1;1.34002;1;30.05504;1;6;14.68;0.65
18HU95003_025;CAST#1;39.98967;-50.2705;153097;4270.76;23-apr-95;21:27:00;4347.705;34.8848;2.2928;273.0959;4;20.36954;1;1.3595;1;33.07204;1;6;14.98;0.62
18HU95003_025;CAST#1;39.98967;-50.2705;153096;4625.56;23-apr-95;21:27:00;4712.766;34.8785;2.2698;270.72892;4;20.792;1;1.36103;1;36.264;1;6;15.28;0.57
18HU95003_025;CAST#1;39.98967;-50.2705;153095;4874.18;23-apr-95;21:27:00;4968.914;34.8742;2.2643;268.76388;4;20.73603;1;1.38452;1;38.04501;1;6;14.98;0.55
18HU95003_025;CAST#1;39.98967;-50.2705;153094;5114.47;23-apr-95;21:27:00;5216.745;34.8691;2.2569;267.24544;4;21.34049;1;1.43704;1;41.05806;1;6;14.85;0.52
18HU95003_025;CAST#1;39.98967;-50.2705;153093;5341.96;23-apr-95;21:27:00;5451.623;34.8617;2.2318;263.7173;4;22.34203;1;1.52598;1;46.046;1;6;14.64;0.49
18HU95003_036;CAST#1;39.6645;-50.29333;153138;6.96;24-apr-95;05:04:00;7.017;36.549;18.5119;233.03633;4;0.71953;1;0.083;1;0.74603;1;6;8.67;0.96
18HU95003_036;CAST#1;39.6645;-50.29333;153137;149.54;24-apr-95;05:04:00;150.741;36.5563;18.484;224.90776;4;1.88445;1;0.13446;1;1.26548;1;6;14.01;1.49
18HU95003_036;CAST#1;39.6645;-50.29333;153136;279.15;24-apr-95;05:04:00;281.493;36.5486;18.3837;212.93888;4;3.06805;1;0.18345;1;1.44954;1;6;16.72;2.12
18HU95003_036;CAST#1;39.6645;-50.29333;153135;583.49;24-apr-95;05:04:00;588.812;35.8062;14.1884;198.60302;4;11.27304;1;0.7645;1;4.26848;1;6;14.75;2.64
18HU95003_036;CAST#1;39.6645;-50.29333;153134;723.32;24-apr-95;05:04:00;730.171;35.3888;10.9389;151.04012;4;22.20156;1;1.41646;1;11.69202;1;6;15.67;1.90
18HU95003_036;CAST#1;39.6645;-50.29333;153133;1077.51;24-apr-95;05:04:00;1088.645;35.0494;5.5475;228.25726;4;20.97556;1;1.37547;1;13.44105;1;6;15.25;1.56
18HU95003_036;CAST#1;39.6645;-50.29333;153132;1483.55;24-apr-95;05:04:00;1500.341;34.9696;4.2219;265.81632;4;19.07301;1;1.26099;1;12.41604;1;6;15.13;1.54
18HU95003_036;CAST#1;39.6645;-50.29333;153131;1816.61;24-apr-95;05:04:00;1838.635;34.9426;3.82;274.79298;4;18.68954;1;1.27605;1;12.93747;1;6;14.65;1.44
18HU95003_036;CAST#1;39.6645;-50.29333;153130;2120.03;24-apr-95;05:04:00;2147.291;34.9136;3.48;282.78712;4;18.52551;1;1.24453;1;13.05599;1;6;14.89;1.42
18HU95003_036;CAST#1;39.6645;-50.29333;153129;2326.72;24-apr-95;05:04:00;2357.792;34.9448;3.5158;275.61919;4;18.93354;1;1.24804;1;15.07553;1;6;15.17;1.26
18HU95003_036;CAST#1;39.6645;-50.29333;153128;2560.51;24-apr-95;05:04:00;2596.146;34.9469;3.3801;274.8823;4;18.9545;1;1.28252;1;16.74249;1;6;14.78;1.13
18HU95003_036;CAST#1;39.6645;-50.29333;153127;2758.3;24-apr-95;05:04:00;2797.998;34.9442;3.2241;274.74832;4;18.81647;1;1.28754;1;18.51147;1;6;14.61;1.02
18HU95003_036;CAST#1;39.6645;-50.29333;153126;3025.47;24-apr-95;05:04:00;3070.945;34.9356;3.0241;273.67648;4;19.10905;1;1.29954;1;20.99305;1;6;14.70;0.91
18HU95003_036;CAST#1;39.6645;-50.29333;153125;3247.3;24-apr-95;05:04:00;3297.824;34.9228;2.8136;276.26676;4;19.03849;1;1.28003;1;21.652;1;6;14.87;0.88
18HU95003_036;CAST#1;39.6645;-50.29333;153124;3541.35;24-apr-95;05:04:00;3598.935;34.9087;2.5765;277.91918;4;19.09102;1;1.27499;1;23.77949;1;6;14.97;0.80
18HU95003_036;CAST#1;39.6645;-50.29333;153123;3926.28;24-apr-95;05:04:00;3993.705;34.8948;2.3737;277.87452;4;19.17053;1;1.34997;1;27.276;1;6;14.20;0.70
18HU95003_036;CAST#1;39.6645;-50.29333;153122;4222.53;24-apr-95;05:04:00;4297.994;34.8878;2.3099;276.49006;4;19.54149;1;1.32401;1;29.509;1;6;14.76;0.66
18HU95003_036;CAST#1;39.6645;-50.29333;153121;4417.67;24-apr-95;05:04:00;4498.657;34.8841;2.2869;273.72114;4;19.98452;1;1.32103;1;31.44004;1;6;15.13;0.64
18HU95003_036;CAST#1;39.6645;-50.29333;153120;4654.93;24-apr-95;05:04:00;4742.863;34.8801;2.2769;274.12308;4;19.994;1;1.33395;1;33.186;1;6;14.99;0.60
18HU95003_036;CAST#1;39.6645;-50.29333;153119;4897.86;24-apr-95;05:04:00;4993.177;34.876;2.2773;273.14056;4;20.34007;1;1.4075;1;35.79757;1;6;14.45;0.57
18HU95003_036;CAST#1;39.6645;-50.29333;153118;5103.2;24-apr-95;05:04:00;5204.965;34.8718;2.2728;261.84158;4;20.58601;1;1.40299;1;38.84748;1;6;14.67;0.53
18HU95003_036;CAST#1;39.6645;-50.29333;153117;5276.89;24-apr-95;05:04:00;5384.262;34.8678;2.2665;267.82602;4;21.36448;1;1.44997;1;41.45205;1;6;14.73;0.52
18HU95003_036;CAST#1;39.6645;-50.29333;153116;5375.89;24-apr-95;05:04:00;5486.515;34.8631;2.2471;NaN;9;NaN;9;NaN;9;NaN;9;4;NaN;NaN
18HU95003_047;CAST#1;39.17033;-50.29267;153161;12.67;24-apr-95;11:37:00;12.769;36.5507;18.3402;230.75867;4;1.57198;1;0.13405;1;1.15351;1;6;11.73;1.36
18HU95003_047;CAST#1;39.17033;-50.29267;153160;101.52;24-apr-95;11:37:00;102.325;36.5499;18.3292;228.16839;4;1.54948;1;0.15305;1;1.12249;1;6;10.12;1.38
18HU95003_047;CAST#1;39.17033;-50.29267;153159;297.99;24-apr-95;11:37:00;300.485;36.5477;18.3279;227.67668;4;1.58348;1;0.15654;1;1.12454;1;6;10.12;1.41
18HU95003_047;CAST#1;39.17033;-50.29267;153158;575.03;24-apr-95;11:37:00;580.235;36.2363;16.5084;183.5526;4;8.78854;1;0.53749;1;3.24396;1;6;16.35;2.71
18HU95003_047;CAST#1;39.17033;-50.29267;153157;710.08;24-apr-95;11:37:00;716.747;35.7713;13.6675;167.29636;4;15.40047;1;0.95604;1;6.731;1;6;16.11;2.29
18HU95003_047;CAST#1;39.17033;-50.29267;153156;889.27;24-apr-95;11:37:00;898.006;35.2685;9.9894;144.4751;4;24.11297;1;1.55405;1;13.99997;1;6;15.52;1.72
18HU95003_047;CAST#1;39.17033;-50.29267;153155;1194.1;24-apr-95;11:37:00;1206.719;35.0429;5.4909;227.67668;4;20.23653;1;1.37146;1;13.4415;1;6;14.76;1.51
18HU95003_047;CAST#1;39.17033;-50.29267;153154;1474.74;24-apr-95;11:37:00;1491.333;35;4.5393;257.2416;4;18.50301;1;1.25897;1;12.32101;1;6;14.70;1.50
18HU95003_047;CAST#1;39.17033;-50.29267;153153;1780.82;24-apr-95;11:37:00;1802.18;34.956;4.0042;271.39882;4;18.09397;1;1.20948;1;12.40647;1;6;14.96;1.46
18HU95003_047;CAST#1;39.17033;-50.29267;153152;2064.93;24-apr-95;11:37:00;2091.113;34.954;3.8051;274.2124;4;17.87449;1;1.2105;1;13.33452;1;6;14.77;1.34
18HU95003_047;CAST#1;39.17033;-50.29267;153151;2367.6;24-apr-95;11:37:00;2399.345;34.9496;3.5732;273.3192;4;17.64555;1;1.266;1;15.05548;1;6;13.94;1.17
18HU95003_047;CAST#1;39.17033;-50.29267;153150;2658.73;24-apr-95;11:37:00;2696.242;34.9447;3.3573;273.94444;4;18.14901;1;1.23204;1;16.55256;1;6;14.73;1.10
18HU95003_047;CAST#1;39.17033;-50.29267;153149;2954.96;24-apr-95;11:37:00;2998.747;34.9362;3.1408;274.52502;4;17.769;1;1.22547;1;17.99347;1;6;14.50;0.99
18HU95003_047;CAST#1;39.17033;-50.29267;153148;3247.37;24-apr-95;11:37:00;3297.752;34.9268;2.8959;275.15026;4;18.28603;1;1.23254;1;20.83954;1;6;14.84;0.88
18HU95003_047;CAST#1;39.17033;-50.29267;153147;3535.31;24-apr-95;11:37:00;3592.582;34.9132;2.6546;277.02598;4;18.09554;1;1.24648;1;22.66154;1;6;14.52;0.80
18HU95003_047;CAST#1;39.17033;-50.29267;153146;3840.04;24-apr-95;11:37:00;3905.028;34.9;2.4446;276.93666;4;18.36651;1;1.26801;1;25.64052;1;6;14.48;0.72
18HU95003_047;CAST#1;39.17033;-50.29267;153145;4121.33;24-apr-95;11:37:00;4193.811;34.891;2.3413;275.90948;4;18.96899;1;1.28646;1;28.67;1;6;14.75;0.66
18HU95003_047;CAST#1;39.17033;-50.29267;153144;4417.11;24-apr-95;11:37:00;4497.877;34.8849;2.2967;274.25706;4;18.98552;1;1.34104;1;30.98898;1;6;14.16;0.61
18HU95003_047;CAST#1;39.17033;-50.29267;153143;4635.81;24-apr-95;11:37:00;4722.966;34.8814;2.2856;274.30172;4;18.79404;1;1.36996;1;32.13347;1;6;13.72;0.58
18HU95003_047;CAST#1;39.17033;-50.29267;153142;4825.06;24-apr-95;11:37:00;4917.909;34.8775;2.2777;271.66678;4;19.88203;1;1.36996;1;34.70156;1;6;14.51;0.57
18HU95003_047;CAST#1;39.17033;-50.29267;153141;5108.99;24-apr-95;11:37:00;5210.707;34.8708;2.2639;267.64738;4;21.22655;1;1.4235;1;39.81998;1;6;14.91;0.53
18HU95003_047;CAST#1;39.17033;-50.29267;153140;5279.01;24-apr-95;11:37:00;5386.208;34.8657;2.251;265.81632;4;21.47247;1;1.507;1;41.92953;1;6;14.25;0.51
18HU95003_047;CAST#1;39.17033;-50.29267;153139;5369.42;24-apr-95;11:37:00;5479.586;34.8614;2.233;263.80662;4;21.413;1;1.52546;1;44.27699;1;6;14.04;0.48
18HU95003_058;CAST#2;38.6535;-50.276;153184;8.53;24-apr-95;20:44:00;8.599;36.5455;18.3527;233.79555;4;0.94602;1;0.10796;1;0.97899;1;6;8.76;0.97
18HU95003_058;CAST#2;38.6535;-50.276;153183;99.13;24-apr-95;20:44:00;99.903;36.5256;18.2729;231.83051;4;1.28753;1;0.13846;1;1.16253;1;6;9.30;1.11
18HU95003_058;CAST#2;38.6535;-50.276;153182;299.63;24-apr-95;20:44:00;302.123;36.4066;17.7811;232.232;4;1.60303;1;0.13896;1;1.01997;1;6;11.54;1.57
18HU95003_058;CAST#2;38.6535;-50.276;153181;530.68;24-apr-95;20:44:00;535.407;36.0281;15.2086;194.0477;4;9.79648;1;0.63105;1;3.97153;1;6;15.52;2.47
18HU95003_058;CAST#2;38.6535;-50.276;153180;767.1;24-apr-95;20:44:00;774.375;35.3837;10.8228;162.29444;4;20.07751;1;1.33446;1;10.64702;1;6;15.05;1.89
18HU95003_058;CAST#2;38.6535;-50.276;153179;939.12;24-apr-95;20:44:00;948.417;35.1434;7.6834;184.98172;4;21.29102;1;1.48546;1;13.38505;1;6;14.33;1.59
18HU95003_058;CAST#2;38.6535;-50.276;153178;1180.67;24-apr-95;20:44:00;1193.056;35.0816;5.4979;235.09024;4;19.33205;1;1.33005;1;12.86105;1;6;14.53;1.50
18HU95003_058;CAST#2;38.6535;-50.276;153177;1498.74;24-apr-95;20:44:00;1515.621;35.0298;4.58;257.42024;4;18.57052;1;1.26546;1;12.50104;1;6;14.67;1.49
18HU95003_058;CAST#2;38.6535;-50.276;153176;1782.54;24-apr-95;20:44:00;1803.843;34.9689;3.9797;271.62212;4;17.74348;1;1.23052;1;12.71848;1;6;14.42;1.40
18HU95003_058;CAST#2;38.6535;-50.276;153175;2074.67;24-apr-95;20:44:00;2100.93;34.9494;3.69;276.13278;4;17.43851;1;1.25246;1;13.61147;1;6;13.92;1.28
18HU95003_058;CAST#2;38.6535;-50.276;153174;2362.04;24-apr-95;20:44:00;2393.57;34.9573;3.5457;272.51532;4;17.90501;1;1.27853;1;17.69254;1;6;14.00;1.01
18HU95003_058;CAST#2;38.6535;-50.276;153173;2662.48;24-apr-95;20:44:00;2699.934;34.9486;3.2963;272.33668;4;18.41447;1;1.28601;1;18.07499;1;6;14.32;1.02
18HU95003_058;CAST#2;38.6535;-50.276;153172;2957.78;24-apr-95;20:44:00;3001.484;34.9371;3.0448;274.2124;4;18.26053;1;1.286;1;20.17254;1;6;14.20;0.91
18HU95003_058;CAST#2;38.6535;-50.276;153171;3269.42;24-apr-95;20:44:00;3320.163;34.9227;2.783;277.20462;4;17.93604;1;1.29696;1;22.27052;1;6;13.83;0.81
18HU95003_058;CAST#2;38.6535;-50.276;153170;3550.22;24-apr-95;20:44:00;3607.69;34.9095;2.5693;274.39104;4;18.45497;1;1.30146;1;25.07799;1;6;14.18;0.74
18HU95003_058;CAST#2;38.6535;-50.276;153169;3822.36;24-apr-95;20:44:00;3886.698;34.8982;2.4082;277.07064;4;18.59454;1;1.31848;1;27.75403;1;6;14.10;0.67
18HU95003_058;CAST#2;38.6535;-50.276;153168;4081.7;24-apr-95;20:44:00;4152.909;34.8905;2.3319;274.97162;4;18.76298;1;1.34453;1;30.11649;1;6;13.96;0.62
18HU95003_058;CAST#2;38.6535;-50.276;153167;4411.23;24-apr-95;20:44:00;4491.623;34.8828;2.2797;273.67648;4;19.10152;1;1.40402;1;33.38755;1;6;13.60;0.57
18HU95003_058;CAST#2;38.6535;-50.276;153166;4591.25;24-apr-95;20:44:00;4676.861;34.8795;2.2694;271.15319;4;19.52998;1;1.36852;1;34.95152;1;6;14.27;0.56
18HU95003_058;CAST#2;38.6535;-50.276;153165;4681.21;24-apr-95;20:44:00;4769.486;34.8779;2.2652;267.91534;4;19.59397;1;1.37447;1;36.09503;1;6;14.26;0.54
18HU95003_058;CAST#2;38.6535;-50.276;153164;4880.5;24-apr-95;20:44:00;4974.816;34.8749;2.2667;269.25514;4;20.14154;1;1.39252;1;38.14608;1;6;14.46;0.53
18HU95003_058;CAST#2;38.6535;-50.276;153163;5147.21;24-apr-95;20:44:00;5249.896;34.8715;2.2734;266.88816;4;20.20499;1;1.43951;1;39.75158;1;6;14.04;0.51
18HU95003_058;CAST#2;38.6535;-50.276;153162;5371.46;24-apr-95;20:44:00;5481.428;34.8619;2.233;261.17168;4;21.21656;1;1.52249;1;45.43449;1;6;13.94;0.47
18HU95003_069;CAST#1;38.16967;-50.28217;153207;7.5;25-apr-95;03:41:00;7.56;36.4911;18.1901;239.82465;4;0;1;0.07498;1;0.35251;1;6;0.00;0.00
18HU95003_069;CAST#1;38.16967;-50.28217;153206;194.15;25-apr-95;03:41:00;195.708;36.4264;17.8815;232.50041;4;1.47149;1;0.13003;1;0.94655;1;6;11.32;1.55
18HU95003_069;CAST#1;38.16967;-50.28217;153205;394.15;25-apr-95;03:41:00;397.514;36.2311;16.4443;191.77004;4;8.09903;1;0.50001;1;3.00303;1;6;16.20;2.70
18HU95003_069;CAST#1;38.16967;-50.28217;153204;701.93;25-apr-95;03:41:00;708.437;35.3936;10.8997;159.4362;4;20.57951;1;1.35705;1;10.84702;1;6;15.16;1.90
18HU95003_069;CAST#1;38.16967;-50.28217;153203;989.8;25-apr-95;03:41:00;999.683;35.0723;6.4163;206.15056;4;20.56705;1;1.43695;1;13.64454;1;6;14.31;1.51
18HU95003_069;CAST#1;38.16967;-50.28217;153202;1087.14;25-apr-95;03:41:00;1098.248;35.097;5.9119;230.53492;4;19.55503;1;1.367;1;12.94102;1;6;14.31;1.51
18HU95003_069;CAST#1;38.16967;-50.28217;153201;1341.66;25-apr-95;03:41:00;1356.195;35.0167;4.6926;254.82996;4;18.51504;1;1.295;1;12.48296;1;6;14.30;1.48
18HU95003_069;CAST#1;38.16967;-50.28217;153200;1636.31;25-apr-95;03:41:00;1655.207;34.9803;4.1335;267.96;4;NaN;9;NaN;9;NaN;9;6;NaN;NaN
18HU95003_069;CAST#1;38.16967;-50.28217;153199;1777.17;25-apr-95;03:41:00;1798.303;34.9925;4.0678;266.97748;4;17.73404;1;1.30852;1;13.58801;1;6;13.55;1.31
18HU95003_069;CAST#1;38.16967;-50.28217;153198;1992.86;25-apr-95;03:41:00;2017.601;34.941;3.6423;280.95606;4;17.66052;1;1.24701;1;13.54747;1;6;14.16;1.30
18HU95003_069;CAST#1;38.16967;-50.28217;153197;2340.25;25-apr-95;03:41:00;2371.259;34.9545;3.4569;272.51532;4;17.82002;1;1.25852;1;16.38002;1;6;14.16;1.09
18HU95003_069;CAST#1;38.16967;-50.28217;153196;2527.88;25-apr-95;03:41:00;2562.515;34.9515;3.3007;271.44348;4;18.406;1;1.27247;1;18.38999;1;6;14.46;1.00
18HU95003_069;CAST#1;38.16967;-50.28217;153195;2948.74;25-apr-95;03:41:00;2992.12;34.9295;2.8861;273.5425;4;18.30905;1;1.29245;1;21.47001;1;6;14.17;0.85
18HU95003_069;CAST#1;38.16967;-50.28217;153194;3195.35;25-apr-95;03:41:00;3244.231;34.9156;2.637;273.67648;4;17.79406;1;1.28751;1;23.13555;1;6;13.82;0.77
18HU95003_069;CAST#1;38.16967;-50.28217;153193;3434.13;25-apr-95;03:41:00;3488.615;34.9022;2.4311;275.59686;4;18.361;1;1.29745;1;26.71006;1;6;14.15;0.69
18HU95003_069;CAST#1;38.16967;-50.28217;153192;3738.27;25-apr-95;03:41:00;3800.289;34.8879;2.2569;272.82794;4;18.777;1;1.36197;1;31.30554;1;6;13.79;0.60
18HU95003_069;CAST#1;38.16967;-50.28217;153191;3938.85;25-apr-95;03:41:00;4006.059;34.8833;2.2276;272.33668;4;18.81254;1;1.41254;1;32.84056;1;6;13.32;0.57
18HU95003_069;CAST#1;38.16967;-50.28217;153190;4130.36;25-apr-95;03:41:00;4202.708;34.8808;2.225;271.93474;4;19.37499;1;1.38145;1;34.64851;1;6;14.03;0.56
18HU95003_069;CAST#1;38.16967;-50.28217;153189;4415.82;25-apr-95;03:41:00;4496.143;34.8779;2.2327;270.37164;4;19.81002;1;1.38555;1;36.56252;1;6;14.30;0.54
18HU95003_069;CAST#1;38.16967;-50.28217;153188;4704.21;25-apr-95;03:41:00;4792.97;34.8755;2.2493;269.2998;4;20.15007;1;1.42997;1;37.95005;1;6;14.09;0.53
18HU95003_069;CAST#1;38.16967;-50.28217;153187;4992.77;25-apr-95;03:41:00;5090.345;34.873;2.2659;268.31728;4;19.919;1;1.43602;1;38.99258;1;6;13.87;0.51
18HU95003_069;CAST#1;38.16967;-50.28217;153186;5297.24;25-apr-95;03:41:00;5404.538;34.8705;2.2866;266.70952;4;20.18302;1;1.43797;1;40.47951;1;6;14.04;0.50
18HU95003_069;CAST#1;38.16967;-50.28217;153185;5408.05;25-apr-95;03:41:00;5518.986;34.8688;2.2897;265.86098;4;20.61797;1;1.48105;1;41.72004;1;6;13.92;0.49
18HU95003_080;CAST#1;38.16817;-49.5825;153230;7.24;25-apr-95;10:07:00;7.292;36.4265;18.1205;237.59165;4;0;1;0.05803;1;0.37796;1;6;0.00;0.00
18HU95003_080;CAST#1;38.16817;-49.5825;153229;197.79;25-apr-95;10:07:00;199.382;36.445;18.0063;227.94464;4;2.17054;1;0.14954;1;1.11798;1;6;14.51;1.94
18HU95003_080;CAST#1;38.16817;-49.5825;153228;410.88;25-apr-95;10:07:00;414.4;36.3273;16.9989;197.6205;4;6.6955;1;0.41398;1;2.44898;1;6;16.17;2.73
18HU95003_080;CAST#1;38.16817;-49.5825;153227;611.01;25-apr-95;10:07:00;616.542;35.8608;14.154;196.14672;4;11.3775;1;0.75304;1;4.61596;1;6;15.11;2.46
18HU95003_080;CAST#1;38.16817;-49.5825;153226;693.69;25-apr-95;10:07:00;700.114;35.6148;12.4795;189.09044;4;15.15806;1;1.00602;1;6.86549;1;6;15.07;2.21
18HU95003_080;CAST#1;38.16817;-49.5825;153225;817.12;25-apr-95;10:07:00;824.93;35.3426;10.2648;178.01476;4;19.37802;1;1.3025;1;10.23148;1;6;14.88;1.89
18HU95003_080;CAST#1;38.16817;-49.5825;153224;1008.13;25-apr-95;10:07:00;1018.241;35.1376;7.2996;192.61858;4;21.02056;1;1.49602;1;13.43301;1;6;14.05;1.56
18HU95003_080;CAST#1;38.16817;-49.5825;153223;1200.53;25-apr-95;10:07:00;1213.127;35.2244;6.3958;212.44762;4;19.655;1;1.38448;1;12.78547;1;6;14.20;1.54
18HU95003_080;CAST#1;38.16817;-49.5825;153222;1397.89;25-apr-95;10:07:00;1413.226;35.1296;5.3844;208.38356;4;13.84049;1;0.964;1;8.60352;1;6;14.36;1.61
18HU95003_080;CAST#1;38.16817;-49.5825;153221;1682.2;25-apr-95;10:07:00;1701.823;34.9833;4.2003;267.69204;4;18.27655;1;1.2845;1;12.66055;1;6;14.23;1.44
18HU95003_080;CAST#1;38.16817;-49.5825;153220;1977.29;25-apr-95;10:07:00;2001.765;34.9521;3.7981;271.80076;4;17.89355;1;1.27052;1;12.84349;1;6;14.08;1.39
18HU95003_080;CAST#1;38.16817;-49.5825;153219;2288.05;25-apr-95;10:07:00;2318.083;34.9548;3.5772;NaN;9;18.11006;1;1.25595;1;15.29253;1;0;14.42;1.18
18HU95003_080;CAST#1;38.16817;-49.5825;153218;2568.49;25-apr-95;10:07:00;2603.937;34.9494;3.3432;272.91726;4;18.0985;1;1.28549;1;17.51197;1;6;14.08;1.03
18HU95003_080;CAST#1;38.16817;-49.5825;153217;2850.83;25-apr-95;10:07:00;2892.093;34.9412;3.0855;271.5328;4;18.19103;1;1.31503;1;20.5365;1;6;13.83;0.89
18HU95003_080;CAST#1;38.16817;-49.5825;153216;3145.33;25-apr-95;10:07:00;3193.075;34.925;2.804;273.89978;4;18.64549;1;1.34497;1;22.78906;1;6;13.86;0.82
18HU95003_080;CAST#1;38.16817;-49.5825;153215;3455.89;25-apr-95;10:07:00;3510.902;34.9108;2.5765;275.82016;4;18.44801;1;1.32701;1;24.95152;1;6;13.90;0.74
18HU95003_080;CAST#1;38.16817;-49.5825;153214;3744.19;25-apr-95;10:07:00;3806.359;34.8968;2.3798;275.7755;4;18.70306;1;1.34854;1;28.40503;1;6;13.87;0.66
18HU95003_080;CAST#1;38.16817;-49.5825;153213;4026.08;25-apr-95;10:07:00;4095.616;34.8892;2.3059;274.39104;4;18.94855;1;1.375;1;31.25099;1;6;13.78;0.61
18HU95003_080;CAST#1;38.16817;-49.5825;153212;4327.55;25-apr-95;10:07:00;4405.362;34.8824;2.2638;272.73862;4;19.46047;1;1.38751;1;33.52203;1;6;14.03;0.58
18HU95003_080;CAST#1;38.16817;-49.5825;153211;4614.12;25-apr-95;10:07:00;4700.202;34.8761;2.241;269.56776;4;20.30406;1;1.44854;1;37.85754;1;6;14.02;0.54
18HU95003_080;CAST#1;38.16817;-49.5825;153210;4900;25-apr-95;10:07:00;4994.696;34.8703;2.231;267.5134;4;20.06556;1;1.47705;1;40.69504;1;6;13.58;0.49
18HU95003_080;CAST#1;38.16817;-49.5825;153209;5196.63;25-apr-95;10:07:00;5300.671;34.865;2.2297;264.11924;4;21.018;1;1.49654;1;43.44349;1;6;14.04;0.48
18HU95003_080;CAST#1;38.16817;-49.5825;153208;5393.69;25-apr-95;10:07:00;5504.152;34.8589;2.2106;261.9309;4;21.49349;1;1.58701;1;47.54059;1;6;13.54;0.45
18HU95003_091;CAST#1;38.1665;-48.88167;153253;6.21;25-apr-95;16:28:00;6.255;36.4757;18.1417;247.6397;4;0;1;0.05495;1;0.7465;1;6;0.00;0.00
18HU95003_091;CAST#1;38.1665;-48.88167;153252;145.3;25-apr-95;16:28:00;146.449;36.5033;18.0714;229.55285;4;1.98801;1;0.14554;1;1.65954;1;6;13.66;1.20
18HU95003_091;CAST#1;38.1665;-48.88167;153251;316.29;25-apr-95;16:28:00;318.925;36.4994;18.0701;229.50819;4;2.12647;1;0.15746;1;1.68901;1;6;13.50;1.26
18HU95003_091;CAST#1;38.1665;-48.88167;153250;572.78;25-apr-95;16:28:00;577.912;36.1863;16.2303;209.36608;4;6.83805;1;0.42595;1;3.19146;1;6;16.05;2.14
18HU95003_091;CAST#1;38.1665;-48.88167;153249;709.22;25-apr-95;16:28:00;715.807;35.8192;13.7515;202.13116;4;11.03754;1;0.70805;1;5.02348;1;6;15.59;2.20
18HU95003_091;CAST#1;38.1665;-48.88167;153248;891.29;25-apr-95;16:28:00;899.968;35.2572;9.7792;154.43428;4;23.19701;1;1.48805;1;13.45546;1;6;15.59;1.72
18HU95003_091;CAST#1;38.1665;-48.88167;153247;1243.63;25-apr-95;16:28:00;1256.814;35.2281;6.5358;220.75438;4;18.99052;1;1.29798;1;12.54446;1;6;14.63;1.51
18HU95003_091;CAST#1;38.1665;-48.88167;153246;1391.76;25-apr-95;16:28:00;1407.009;35.0288;5.0076;246.2999;4;18.82455;1;1.30199;1;13.00849;1;6;14.46;1.45
18HU95003_091;CAST#1;38.1665;-48.88167;153245;1784.67;25-apr-95;16:28:00;1805.925;34.9642;4.0728;270.05902;4;18.1265;1;1.24601;1;12.88905;1;6;14.55;1.41
18HU95003_091;CAST#1;38.1665;-48.88167;153244;1979.03;25-apr-95;16:28:00;2003.531;34.9455;3.8345;273.67648;4;18.053;1;1.25902;1;12.88405;1;6;14.34;1.40
18HU95003_091;CAST#1;38.1665;-48.88167;153243;2124.07;25-apr-95;16:28:00;2151.108;34.9407;3.7049;278.18714;4;18.00102;1;1.22403;1;13.73747;1;6;14.71;1.31
18HU95003_091;CAST#1;38.1665;-48.88167;153242;2464.78;25-apr-95;16:28:00;2498.18;34.953;3.5219;273.40852;4;18.55304;1;1.26395;1;16.15953;1;6;14.68;1.15
18HU95003_091;CAST#1;38.1665;-48.88167;153241;2661.48;25-apr-95;16:28:00;2698.802;34.9512;3.3956;272.69396;4;18.34351;1;1.325;1;17.42756;1;6;13.84;1.05
18HU95003_091;CAST#1;38.1665;-48.88167;153240;2948.54;25-apr-95;16:28:00;2991.912;34.9441;3.1631;271.89008;4;18.79298;1;1.28098;1;20.27052;1;6;14.67;0.93
18HU95003_091;CAST#1;38.1665;-48.88167;153239;3347.8;25-apr-95;16:28:00;3400.229;34.9245;2.8148;273.72114;4;18.15551;1;1.33;1;23.16956;1;6;13.65;0.78
18HU95003_091;CAST#1;38.1665;-48.88167;153238;3640.6;25-apr-95;16:28:00;3700.15;34.911;2.6098;274.39104;4;18.49951;1;1.29346;1;24.76953;1;6;14.30;0.75
18HU95003_091;CAST#1;38.1665;-48.88167;153237;3884.93;25-apr-95;16:28:00;3950.724;34.9001;2.4538;275.23958;4;18.77205;1;1.33849;1;27.42948;1;6;14.02;0.68
18HU95003_091;CAST#1;38.1665;-48.88167;153236;4125.16;25-apr-95;16:28:00;4197.367;34.891;2.3503;271.84542;4;18.8465;1;1.31601;1;30.29655;1;6;14.32;0.62
18HU95003_091;CAST#1;38.1665;-48.88167;153235;4417.1;25-apr-95;16:28:00;4497.456;34.8816;2.2735;271.57746;4;19.72206;1;1.35201;1;35.11449;1;6;14.59;0.56
18HU95003_091;CAST#1;38.1665;-48.88167;153234;4707.86;25-apr-95;16:28:00;4796.721;34.8734;2.2346;268.31728;4;20.83747;1;1.41848;1;39.46449;1;6;14.69;0.53
18HU95003_091;CAST#1;38.1665;-48.88167;153233;5001.17;25-apr-95;16:28:00;5099.012;34.8655;2.2092;261.88624;4;21.03052;1;1.49449;1;43.34204;1;6;14.07;0.49
18HU95003_091;CAST#1;38.1665;-48.88167;153232;5251.44;25-apr-95;16:28:00;5357.251;34.8633;2.2273;263.80662;4;20.797;1;1.50997;1;44.57558;1;6;13.77;0.47
18HU95003_091;CAST#1;38.1665;-48.88167;153231;5348.19;25-apr-95;16:28:00;5457.149;34.8632;2.2399;264.09691;4;21.29003;1;1.5665;1;45.11651;1;6;13.59;0.47
18HU95003_102;CAST#1;38.16483;-48.16283;153276;96.93;25-apr-95;22:48:00;97.687;36.4477;17.9925;231.96449;4;1.44255;1;0.13599;1;1.26548;1;6;10.61;1.14
18HU95003_102;CAST#1;38.16483;-48.16283;153275;189.7;25-apr-95;22:48:00;191.217;36.444;17.951;230.26741;4;1.67651;1;0.14698;1;1.327;1;6;11.41;1.26
18HU95003_102;CAST#1;38.16483;-48.16283;153274;391.47;25-apr-95;22:48:00;394.8;36.3351;17.2319;202.84572;4;5.56255;1;0.36305;1;2.57151;1;6;15.32;2.16
18HU95003_102;CAST#1;38.16483;-48.16283;153273;593.38;25-apr-95;22:48:00;598.726;36.0893;15.5245;207.84764;4;7.83099;1;0.48948;1;3.52053;1;6;16.00;2.22
18HU95003_102;CAST#1;38.16483;-48.16283;153272;793.96;25-apr-95;22:48:00;801.506;35.4603;11.3542;179.80116;4;17.38302;1;1.10197;1;9.02604;1;6;15.77;1.93
18HU95003_102;CAST#1;38.16483;-48.16283;153271;892.63;25-apr-95;22:48:00;901.327;35.3039;9.8539;179.62252;4;19.83053;1;1.30698;1;10.77353;1;6;15.17;1.84
18HU95003_102;CAST#1;38.16483;-48.16283;153270;992.75;25-apr-95;22:48:00;1002.669;35.253;8.4958;184.53512;4;20.95055;1;1.37404;1;12.59898;1;6;15.25;1.66
18HU95003_102;CAST#1;38.16483;-48.16283;153269;1191.21;25-apr-95;22:48:00;1203.684;35.1532;6.4244;215.61848;4;19.58551;1;1.33002;1;13.03997;1;6;14.73;1.50
18HU95003_102;CAST#1;38.16483;-48.16283;153268;1375.97;25-apr-95;22:48:00;1390.998;35.0155;4.9524;245.1834;4;19.11451;1;1.29551;1;13.101;1;6;14.75;1.46
18HU95003_102;CAST#1;38.16483;-48.16283;153267;1680.42;25-apr-95;22:48:00;1700.009;34.9701;4.221;270.01436;4;18.03096;1;1.24797;1;12.50304;1;6;14.45;1.44
18HU95003_102;CAST#1;38.16483;-48.16283;153266;1969.15;25-apr-95;22:48:00;1993.485;34.9383;3.8038;277.15996;4;17.95954;1;1.22598;1;13.14149;1;6;14.65;1.37
18HU95003_102;CAST#1;38.16483;-48.16283;153265;2269.94;25-apr-95;22:48:00;2299.63;34.9415;3.6307;277.24928;4;18.09203;1;1.22198;1;14.25855;1;6;14.81;1.27
18HU95003_102;CAST#1;38.16483;-48.16283;153264;2568.25;25-apr-95;22:48:00;2603.687;34.9522;3.4811;273.5425;4;18.17404;1;1.23246;1;16.73004;1;6;14.75;1.09
18HU95003_102;CAST#1;38.16483;-48.16283;153263;2847.46;25-apr-95;22:48:00;2888.656;34.9497;3.2549;271.7561;4;18.36801;1;1.28847;1;19.50198;1;6;14.26;0.94
18HU95003_102;CAST#1;38.16483;-48.16283;153262;3147.78;25-apr-95;22:48:00;3195.579;34.9352;2.9898;272.06872;4;18.59403;1;1.28805;1;22.60057;1;6;14.44;0.82
18HU95003_102;CAST#1;38.16483;-48.16283;153261;3437.96;25-apr-95;22:48:00;3492.536;34.9207;2.749;269.5231;4;18.85154;1;1.28701;1;24.18751;1;6;14.65;0.78
18HU95003_102;CAST#1;38.16483;-48.16283;153260;3733.32;25-apr-95;22:48:00;3795.212;34.9057;2.5224;274.92696;4;18.37849;1;1.2795;1;26.25699;1;6;14.36;0.70
18HU95003_102;CAST#1;38.16483;-48.16283;153259;4028.75;25-apr-95;22:48:00;4098.354;34.8946;2.3828;274.2124;4;18.61552;1;1.30801;1;29.11049;1;6;14.23;0.64
18HU95003_102;CAST#1;38.16483;-48.16283;153258;4318.35;25-apr-95;22:48:00;4395.905;34.8875;2.3208;273.5425;4;18.61552;1;1.30995;1;31.52004;1;6;14.21;0.59
18HU95003_102;CAST#1;38.16483;-48.16283;153257;4592.08;25-apr-95;22:48:00;4677.51;34.8817;2.2896;272.426;4;19.64902;1;1.37201;1;34.49999;1;6;14.32;0.57
18HU95003_102;CAST#1;38.16483;-48.16283;153256;4897.19;25-apr-95;22:48:00;4991.803;34.8761;2.2788;269.92504;4;20.01302;1;1.37796;1;37.45303;1;6;14.52;0.53
18HU95003_102;CAST#1;38.16483;-48.16283;153255;5136;25-apr-95;22:48:00;5238.092;34.8703;2.2642;267.37942;4;20.62856;1;1.45305;1;41.6175;1;6;14.20;0.50
18HU95003_102;CAST#1;38.16483;-48.16283;153254;5321.77;25-apr-95;22:48:00;5429.863;34.8638;2.2421;263.67264;4;20.94647;1;1.45899;1;44.51702;1;6;14.36;0.47
18HU95003_279;CAST#1;43.08183;-48.8345;153733;6.43;03-may-95;21:47:00;6.479;33.5396;3.1277;343.12278;4;3.50754;1;0.64596;1;1.77503;1;6;5.43;1.98
18HU95003_279;CAST#1;43.08183;-48.8345;153732;68.7;03-may-95;21:47:00;69.265;33.6796;3.7864;330.484;4;4.36805;1;0.69697;1;2.22149;1;6;6.27;1.97
18HU95003_279;CAST#1;43.08183;-48.8345;153731;161.93;03-may-95;21:47:00;163.287;34.3753;2.1299;NaN;9;NaN;9;NaN;9;NaN;9;0;NaN;NaN
18HU95003_279;CAST#1;43.08183;-48.8345;153730;260.72;03-may-95;21:47:00;262.973;34.617;2.8492;302.75014;4;15.44598;1;1.15245;1;9.46946;1;6;13.40;1.63
18HU95003_279;CAST#1;43.08183;-48.8345;153729;402.38;03-may-95;21:47:00;406;34.912;4.2859;279.16966;4;16.88804;1;1.21149;1;10.58252;1;6;13.94;1.60
18HU95003_279;CAST#1;43.08183;-48.8345;153728;413.02;03-may-95;21:47:00;416.747;34.9126;4.2651;263.89594;4;18.18602;1;1.28905;1;11.80304;1;6;14.11;1.54
18HU95003_279;CAST#1;43.08183;-48.8345;153727;515.37;03-may-95;21:47:00;520.144;34.9147;4.0487;275.75317;4;17.63001;1;1.271;1;11.03455;1;6;13.87;1.60
18HU95003_279;CAST#1;43.08183;-48.8345;153726;599.78;03-may-95;21:47:00;605.466;34.9143;3.8923;278.6784;4;17.94106;1;1.26802;1;11.104;1;6;14.15;1.62
18HU95003_279;CAST#1;43.08183;-48.8345;153725;813.33;03-may-95;21:47:00;821.467;34.8682;3.4392;293.55018;4;17.19001;1;1.22253;1;10.59797;1;6;14.06;1.62
18HU95003_279;CAST#1;43.08183;-48.8345;153724;945.9;03-may-95;21:47:00;955.663;34.8872;3.4849;289.26282;4;17.53403;1;1.25497;1;10.94753;1;6;13.97;1.60
18HU95003_279;CAST#1;43.08183;-48.8345;153723;995.35;03-may-95;21:47:00;1005.745;34.875;3.375;292.2997;4;17.33598;1;1.225;1;10.90199;1;6;14.15;1.59
18HU95003_279;CAST#1;43.08183;-48.8345;153722;1215.76;03-may-95;21:47:00;1229.111;34.876;3.2909;293.90746;4;16.86747;1;1.22705;1;11.08655;1;6;13.75;1.52
18HU95003_279;CAST#1;43.08183;-48.8345;153721;1275.24;03-may-95;21:47:00;1289.431;34.8756;3.2749;292.16572;4;17.05356;1;1.245;1;11.13097;1;6;13.70;1.53
18HU95003_279;CAST#1;43.08183;-48.8345;153720;1384.74;03-may-95;21:47:00;1400.517;34.8628;3.1589;296.81036;4;17.40701;1;1.2255;1;11.01956;1;6;14.20;1.58
18HU95003_279;CAST#1;43.08183;-48.8345;153719;1487.51;03-may-95;21:47:00;1504.832;34.8712;3.1776;294.5327;4;17.17753;1;1.21997;1;11.30348;1;6;14.08;1.52
18HU95003_279;CAST#1;43.08183;-48.8345;153718;1577.42;03-may-95;21:47:00;1596.137;34.8609;3.0802;295.47056;4;16.72048;1;1.21996;1;10.91254;1;6;13.71;1.53
18HU95003_279;CAST#1;43.08183;-48.8345;153717;1648.27;03-may-95;21:47:00;1668.103;34.8643;3.0911;289.21816;4;14.1735;1;1.11348;1;8.9905;1;6;12.73;1.58
18HU95003_279;CAST#1;43.08183;-48.8345;153716;1771.65;03-may-95;21:47:00;1793.504;34.8653;3.0747;296.85502;4;16.63898;1;1.18703;1;11.13396;1;6;14.02;1.49
18HU95003_279;CAST#1;43.08183;-48.8345;153715;1924.15;03-may-95;21:47:00;1948.591;34.8661;3.0541;297.79288;4;16.83052;1;1.2135;1;11.171;1;6;13.87;1.51
18HU95003_279;CAST#1;43.08183;-48.8345;153714;2050.26;03-may-95;21:47:00;2076.927;34.8669;3.0585;296.27444;4;16.91403;1;1.23905;1;11.68497;1;6;13.65;1.45
18HU95003_280;CAST#1;43.16783;-49.16933;153745;6.59;04-may-95;01:25:00;6.643;32.8951;0.1479;420.96516;4;0;1;0.42101;1;0.87602;1;6;0.00;0.00
18HU95003_280;CAST#1;43.16783;-49.16933;153744;54.72;04-may-95;01:25:00;55.164;33.0264;-0.7053;370.32072;4;5.46647;1;0.87355;1;5.89254;1;6;6.26;0.93
18HU95003_280;CAST#1;43.16783;-49.16933;153743;126.9;04-may-95;01:25:00;127.955;33.6646;0.2822;334.23544;4;10.16047;1;1.01152;1;9.55749;1;6;10.04;1.06
18HU95003_280;CAST#1;43.16783;-49.16933;153742;232.64;04-may-95;01:25:00;234.634;34.2508;1.741;309.58312;4;13.87052;1;1.08702;1;10.56301;1;6;12.76;1.31
18HU95003_280;CAST#1;43.16783;-49.16933;153741;307.1;04-may-95;01:25:00;309.797;34.4956;2.462;304.49188;4;14.9405;1;1.12948;1;10.00847;1;6;13.23;1.49
18HU95003_280;CAST#1;43.16783;-49.16933;153740;390.56;04-may-95;01:25:00;394.069;34.6815;3.109;292.61232;4;16.29347;1;1.17897;1;10.2585;1;6;13.82;1.59
18HU95003_280;CAST#1;43.16783;-49.16933;153739;498.12;04-may-95;01:25:00;502.719;34.8257;3.6121;290.0667;4;17.3775;1;1.19654;1;10.42652;1;6;14.52;1.67
18HU95003_280;CAST#1;43.16783;-49.16933;153738;601.17;04-may-95;01:25:00;606.872;34.853;3.5243;293.72882;4;17.14498;1;1.22498;1;10.34702;1;6;14.00;1.66
18HU95003_280;CAST#1;43.16783;-49.16933;153737;670.4;04-may-95;01:25:00;676.881;34.8554;3.4932;293.68416;4;17.01155;1;1.22703;1;10.38397;1;6;13.86;1.64
18HU95003_280;CAST#1;43.16783;-49.16933;153736;776.74;04-may-95;01:25:00;784.448;34.8542;3.3811;296.67638;4;17.12848;1;1.22652;1;10.53548;1;6;13.97;1.63
18HU95003_280;CAST#1;43.16783;-49.16933;153735;905.71;04-may-95;01:25:00;914.981;34.8568;3.3458;296.22978;4;17.48346;1;1.21996;1;10.72006;1;6;14.33;1.63
18HU95003_280;CAST#1;43.16783;-49.16933;153734;982.03;04-may-95;01:25:00;992.261;34.8577;3.3308;296.72104;4;17.19798;1;1.2215;1;10.77351;1;6;14.08;1.60
18HU95003_281;CAST#1;43.21067;-49.3335;153753;4.42;04-may-95;04:14:00;4.452;32.8481;0.1925;412.70306;4;0;1;0.47651;1;0.86053;1;6;0.00;0.00
18HU95003_281;CAST#1;43.21067;-49.3335;153752;83.34;04-may-95;04:14:00;84.021;33.0448;-1.0342;305.78702;4;9.92;1;1.03799;1;9.2205;1;6;9.56;1.08
18HU95003_281;CAST#1;43.21067;-49.3335;153751;193.23;04-may-95;04:14:00;194.87;33.6464;0.0961;327.49178;4;10.92103;1;1.05598;1;10.66849;1;6;10.34;1.02
18HU95003_281;CAST#1;43.21067;-49.3335;153750;302.31;04-may-95;04:14:00;304.955;34.5561;3.2431;283.88129;4;15.74999;1;1.18101;1;10.49148;1;6;13.34;1.50
18HU95003_281;CAST#1;43.21067;-49.3335;153749;499.1;04-may-95;04:14:00;503.713;34.8102;3.5782;290.9599;4;17.10801;1;1.18698;1;10.36454;1;6;14.41;1.65
18HU95003_281;CAST#1;43.21067;-49.3335;153748;678.16;04-may-95;04:14:00;684.723;34.8381;3.5209;294.35406;4;17.30103;1;1.18403;1;10.664;1;6;14.61;1.62
18HU95003_281;CAST#1;43.21067;-49.3335;153747;945.28;04-may-95;04:14:00;955.049;34.8537;3.4609;294.66668;4;17.09103;1;1.202;1;10.68402;1;6;14.22;1.60
18HU95003_281;CAST#1;43.21067;-49.3335;153746;1035.52;04-may-95;04:14:00;1046.451;34.8554;3.4495;294.9793;4;17.02304;1;1.19605;1;10.70404;1;6;14.23;1.59
18HU95003_282;CAST#1;43.24733;-49.4675;153760;14.88;04-may-95;06:34:00;15;32.8617;0.153;329.18886;4;3.53597;2;0.66305;2;3.49305;1;2054;5.33;1.01
18HU95003_282;CAST#1;43.24733;-49.4675;153759;91.37;04-may-95;06:34:00;92.125;33.1438;-1.0786;345.80238;4;8.91997;1;1.06901;1;9.48255;1;6;8.34;0.94
18HU95003_282;CAST#1;43.24733;-49.4675;153758;207.72;04-may-95;06:34:00;209.49;33.8368;0.6254;324.18694;4;11.46701;1;1.04753;2;10.48653;2;2054;10.95;1.09
18HU95003_282;CAST#1;43.24733;-49.4675;153757;325.96;04-may-95;06:34:00;328.831;34.4242;3.3453;271.84542;4;15.99251;2;1.23504;2;11.50746;2;2054;12.95;1.39
18HU95003_282;CAST#1;43.24733;-49.4675;153756;412.5;04-may-95;06:34:00;416.225;34.6591;2.9646;298.9987;4;15.73901;2;1.15146;2;10.52696;2;2054;13.67;1.50
18HU95003_282;CAST#1;43.24733;-49.4675;153754;490.66;04-may-95;06:34:00;495.19;34.7514;3.2467;296.63172;4;16.41999;2;1.17401;2;10.68248;2;2566;13.99;1.54
18HU95003_282;CAST#1;43.24733;-49.4675;153755;490.66;04-may-95;06:34:00;495.19;34.7514;3.2467;296.45308;4;16.82599;2;1.16549;2;10.79347;2;2566;14.44;1.56
18HU95003_283;CAST#1;43.27967;-49.58633;153764;13.77;04-may-95;08:01:00;13.876;32.8553;0.8143;379.76631;4;0.69152;1;0.55098;1;1.22949;1;6;1.26;0.56
18HU95003_283;CAST#1;43.27967;-49.58633;153763;72.8;04-may-95;08:01:00;73.401;33.0333;-0.1378;365.40812;4;4.26502;1;0.87304;1;4.79046;1;6;4.89;0.89
18HU95003_283;CAST#1;43.27967;-49.58633;153762;114.18;04-may-95;08:01:00;115.128;33.3594;-0.2991;NaN;9;NaN;9;NaN;9;NaN;9;0;NaN;NaN
18HU95003_283;CAST#1;43.27967;-49.58633;153761;164.04;04-may-95;08:01:00;165.418;33.7847;1.1331;318.69376;4;10.88055;1;1.00997;1;9.89354;2;2054;10.77;1.10
18HU95003_295;CAST#1;42.9175;-48.1735;153787;17.82;04-may-95;19:35:00;17.967;34.8811;10.6166;276.31142;4;4.42196;1;0.4955;1;2.58799;1;6;8.92;1.71
18HU95003_295;CAST#1;42.9175;-48.1735;153786;98.89;04-may-95;19:35:00;99.7;34.9197;9.6327;227.72134;4;11.72349;1;0.91255;1;6.46796;1;6;12.85;1.81
18HU95003_295;CAST#1;42.9175;-48.1735;153785;193.07;04-may-95;19:35:00;194.702;34.8266;7.5756;198.15642;4;18.74649;1;1.31646;1;11.831;1;6;14.24;1.58
18HU95003_295;CAST#1;42.9175;-48.1735;153784;294.41;04-may-95;19:35:00;296.976;34.8135;5.9211;210.08064;4;19.73254;1;1.37851;1;13.00402;1;6;14.31;1.52
18HU95003_295;CAST#1;42.9175;-48.1735;153783;494.64;04-may-95;19:35:00;499.192;34.785;3.6864;281.49198;4;17.124;1;1.17599;1;10.84555;1;6;14.56;1.58
18HU95003_295;CAST#1;42.9175;-48.1735;153782;695.26;04-may-95;19:35:00;702.006;34.853;3.648;292.47834;4;17.217;1;1.17902;1;10.54348;1;6;14.60;1.63
18HU95003_295;CAST#1;42.9175;-48.1735;153781;982.95;04-may-95;19:35:00;993.169;34.9026;3.6652;283.63566;4;17.48653;1;1.18799;1;11.43896;1;6;14.72;1.53
18HU95003_295;CAST#1;42.9175;-48.1735;153780;1086.86;04-may-95;19:35:00;1098.435;34.8804;3.449;289.93272;4;17.42202;1;1.18653;1;11.31403;1;6;14.68;1.54
18HU95003_295;CAST#1;42.9175;-48.1735;153779;1236.01;04-may-95;19:35:00;1249.627;34.8809;3.3764;287.02982;4;17.29399;1;1.18048;1;11.42852;1;6;14.65;1.51
18HU95003_295;CAST#1;42.9175;-48.1735;153778;1480.81;04-may-95;19:35:00;1498.005;34.8671;3.1978;293.6395;4;17.39753;1;1.16549;1;11.50801;1;6;14.93;1.51
18HU95003_295;CAST#1;42.9175;-48.1735;153777;1581.2;04-may-95;19:35:00;1599.952;34.8706;3.1861;293.95212;4;17.03801;1;1.15852;1;11.62355;1;6;14.71;1.47
18HU95003_295;CAST#1;42.9175;-48.1735;153776;1780.64;04-may-95;19:35:00;1802.616;34.8685;3.1164;295.51522;4;17.241;1;1.15954;1;11.77249;1;6;14.87;1.46
18HU95003_295;CAST#1;42.9175;-48.1735;153775;1877.12;04-may-95;19:35:00;1900.726;34.8855;3.1774;291.04922;4;17.11298;1;1.18254;1;12.21705;1;6;14.47;1.40
18HU95003_295;CAST#1;42.9175;-48.1735;153774;1953.03;04-may-95;19:35:00;1977.944;34.8914;3.1764;289.88806;4;17.12855;1;1.16049;1;12.506;1;6;14.76;1.37
18HU95003_295;CAST#1;42.9175;-48.1735;153773;2141.54;04-may-95;19:35:00;2169.83;34.9086;3.1848;285.51138;4;17.07748;1;1.19805;1;13.59403;1;6;14.25;1.26
18HU95003_295;CAST#1;42.9175;-48.1735;153772;2318.2;04-may-95;19:35:00;2349.815;34.9143;3.109;283.8143;4;17.036;1;1.17702;1;13.85251;1;6;14.47;1.23
18HU95003_295;CAST#1;42.9175;-48.1735;153771;2464.02;04-may-95;19:35:00;2498.492;34.9191;3.0404;281.26868;4;17.34855;1;1.15948;1;15.18604;1;6;14.96;1.14
18HU95003_295;CAST#1;42.9175;-48.1735;153770;2613.46;04-may-95;19:35:00;2650.962;34.9168;2.931;283.1444;4;16.89097;1;1.12696;1;14.95354;1;6;14.99;1.13
18HU95003_295;CAST#1;42.9175;-48.1735;153769;2760.75;04-may-95;19:35:00;2801.333;34.9148;2.8264;283.23372;4;17.26848;1;1.14748;1;15.79999;1;6;15.05;1.09
18HU95003_295;CAST#1;42.9175;-48.1735;153768;2958.02;04-may-95;19:35:00;3002.903;34.9071;2.5912;270.99688;4;10.44798;1;0.79251;1;6.87549;1;6;13.18;1.52
18HU95003_295;CAST#1;42.9175;-48.1735;153767;3097.74;04-may-95;19:35:00;3145.777;34.8985;2.3766;287.3871;4;16.83852;1;1.12797;1;17.12905;1;6;14.93;0.98
18HU95003_295;CAST#1;42.9175;-48.1735;153766;3183.42;04-may-95;19:35:00;3233.442;34.8955;2.307;287.52108;4;16.61299;1;1.11648;1;17.5405;1;6;14.88;0.95
18HU95003_295;CAST#1;42.9175;-48.1735;153765;3283.05;04-may-95;19:35:00;3335.411;34.8916;2.2349;287.65506;4;16.58452;1;1.14551;1;18.09248;1;6;14.48;0.92
18HU95003_004;CAST#1;43.77817;-57.83517;154465;20.03;15-may-95;20:22:00;20.19;34.0186;8.3325;312.44136;4;0.68054;1;0.35954;1;1.72247;1;6;1.89;0.40
18HU95003_004;CAST#1;43.77817;-57.83517;154464;115.62;15-may-95;20:22:00;116.587;35.3872;12.1403;247.01446;4;8.54299;1;0.58005;1;4.15096;1;6;14.73;2.06
18HU95003_004;CAST#1;43.77817;-57.83517;154463;218.38;15-may-95;20:22:00;220.262;35.2898;11.3954;218.96798;4;11.97099;1;0.78196;1;6.40798;1;6;15.31;1.87
18HU95003_004;CAST#1;43.77817;-57.83517;154462;313.15;15-may-95;20:22:00;315.919;35.1448;9.2686;159.74882;4;22.53599;1;1.34253;1;13.66047;1;6;16.79;1.65
18HU95003_004;CAST#1;43.77817;-57.83517;154461;401.48;15-may-95;20:22:00;405.117;35.0334;7.3934;175.9604;4;22.25955;1;1.405;1;16.65555;1;6;15.84;1.34
18HU95003_004;CAST#1;43.77817;-57.83517;154460;692.85;15-may-95;20:22:00;699.616;34.9842;4.829;249.29212;4;16.41598;1;1.13348;1;10.63901;1;6;14.48;1.54
18HU95003_004;CAST#1;43.77817;-57.83517;154459;1114.1;15-may-95;20:22:00;1126.129;34.9428;3.9135;275.64152;4;17.39554;1;1.13098;1;11.97146;1;6;15.38;1.45
18HU95003_004;CAST#1;43.77817;-57.83517;154458;1493.76;15-may-95;20:22:00;1511.278;34.9226;3.5834;279.70558;4;15.99204;1;1.07598;1;11.81801;1;6;14.86;1.35
18HU95003_004;CAST#1;43.77817;-57.83517;154457;1891.71;15-may-95;20:22:00;1915.72;34.9323;3.4376;283.85896;4;17.2605;1;1.07855;1;13.51753;1;6;16.00;1.28
18HU95003_004;CAST#1;43.77817;-57.83517;154456;2267.9;15-may-95;20:22:00;2298.742;34.9429;3.2491;280.0182;4;16.19798;1;1.092;1;14.28452;1;6;14.83;1.13
18HU95003_004;CAST#1;43.77817;-57.83517;154455;2732.02;15-may-95;20:22:00;2772.221;34.9431;3.1383;278.09782;4;18.07051;1;1.09446;1;16.52853;1;6;16.51;1.09
18HU95003_004;CAST#1;43.77817;-57.83517;154454;2903.64;15-may-95;20:22:00;2947.559;34.9346;2.9445;240.0475;4;17.69552;1;1.07753;1;16.90248;1;6;16.42;1.05
18HU95003_005;CAST#1;44.13417;-58.17383;154472;10.28;16-may-95;00:53:00;10.36;33.3065;6.3125;328.16168;4;0.33804;1;0.41345;1;1.29354;1;6;0.82;0.26
18HU95003_005;CAST#1;44.13417;-58.17383;154471;99.56;16-may-95;00:53:00;100.393;34.6748;9.1464;226.6495;4;10.29056;1;0.81053;1;6.18798;1;6;12.70;1.66
18HU95003_005;CAST#1;44.13417;-58.17383;154470;196.59;16-may-95;00:53:00;198.276;35.0581;9.0837;166.09054;4;20.881;1;1.2895;1;12.16354;1;6;16.19;1.72
18HU95003_005;CAST#1;44.13417;-58.17383;154469;296.08;16-may-95;00:53:00;298.693;35.0416;7.5579;169.4847;4;22.10404;1;1.39701;1;13.75503;1;6;15.82;1.61
18HU95003_005;CAST#1;44.13417;-58.17383;154468;444.31;16-may-95;00:53:00;448.4;34.9325;5.2456;224.46116;4;20.2686;1;NaN;9;13.6863;1;6;NaN;1.48
18HU95003_005;CAST#1;44.13417;-58.17383;154467;678.94;16-may-95;00:53:00;685.572;34.9578;4.2469;264.34254;4;16.87097;1;1.09499;1;11.19403;1;6;15.41;1.51
18HU95003_005;CAST#1;44.13417;-58.17383;154466;742.64;16-may-95;00:53:00;750.014;34.9536;4.1533;267.20078;4;17.73999;1;1.08103;1;11.75406;1;6;16.41;1.51
18HU95003_006;CAST#1;44.47633;-58.50683;154475;10.68;16-may-95;04:04:00;10.765;32.2745;2.3547;367.93141;4;0;1;0.4245;1;0.43504;1;6;0.00;0.00
18HU95003_006;CAST#1;44.47633;-58.50683;154474;31.03;16-may-95;04:04:00;31.285;32.383;1.9002;363.979;4;0;1;0.51751;1;0.83196;1;6;0.00;0.00
18HU95003_006;CAST#1;44.47633;-58.50683;154473;52.8;16-may-95;04:04:00;53.232;32.519;2.1382;351.6975;4;0.25253;1;0.50199;1;1.22898;1;6;0.50;0.21
18HU95003_007;CAST#1;44.81417;-58.8495;154479;21.52;16-may-95;06:58:00;21.692;31.6948;1.834;371.83916;4;0;1;0.36802;1;2.11696;1;6;0.00;0.00
18HU95003_007;CAST#1;44.81417;-58.8495;154478;77.83;16-may-95;06:58:00;78.478;32.3897;0.6976;305.87634;4;7.705;1;1.01802;1;6.98301;1;6;7.57;1.10
18HU95003_007;CAST#1;44.81417;-58.8495;154477;175.3;16-may-95;06:58:00;176.803;32.6925;0.9245;289.70942;4;9.45997;1;1.08452;1;9.92403;1;6;8.72;0.95
18HU95003_007;CAST#1;44.81417;-58.8495;154476;244.01;16-may-95;06:58:00;246.15;32.8311;1.0355;282.83178;4;10.25397;1;1.10553;1;10.49653;1;6;9.28;0.98
18HU95003_008;CAST#2;45.1565;-59.17433;154482;10.56;16-may-95;09:34:00;10.642;31.1463;2.8859;362.68386;4;0;1;0.37647;1;0.74597;1;6;0.00;0.00
18HU95003_008;CAST#2;45.1565;-59.17433;154481;49.68;16-may-95;09:34:00;50.095;31.8148;-0.3351;365.58676;4;2.04898;1;0.70899;1;2.05901;1;6;2.89;1.00
18HU95003_008;CAST#2;45.1565;-59.17433;154480;94.7;16-may-95;09:34:00;95.496;32.3431;0.7093;297.8822;4;8.12505;1;1.04502;1;8.71452;1;6;7.78;0.93
18HU95003_009;CAST#2;45.48733;-59.516;154486;10.72;16-may-95;11:58:00;10.81;30.5428;1.0043;410.15744;4;0;1;0.40002;1;1.497;1;6;0.00;0.00
18HU95003_009;CAST#2;45.48733;-59.516;154485;45.83;16-may-95;11:58:00;46.215;31.6293;-0.2312;376.52846;4;1.68949;1;0.62303;1;2.13405;1;6;2.71;0.79
18HU95003_009;CAST#2;45.48733;-59.516;154484;88.71;16-may-95;11:58:00;89.457;32.3116;0.0507;355.53826;4;3.13703;1;0.72246;1;2.185;1;6;4.34;1.44
18HU95003_009;CAST#2;45.48733;-59.516;154483;139.17;16-may-95;11:58:00;140.365;32.8446;1.0977;278.32112;4;10.80997;1;1.10554;1;11.97902;1;6;9.78;0.90
18HU95003_010;CAST#1;45.657;-59.70333;154490;10.37;16-may-95;13:28:00;10.453;31.0671;2.3518;393.49926;4;0;1;0.34248;1;0.85303;1;6;0.00;0.00
18HU95003_010;CAST#1;45.657;-59.70333;154489;35.98;16-may-95;13:28:00;36.279;31.5478;1.194;392.82936;4;0;1;0.39152;1;0.83103;1;6;0.00;0.00
18HU95003_010;CAST#1;45.657;-59.70333;154488;80.66;16-may-95;13:28:00;81.337;32.2544;-0.1273;364.15764;4;3.54746;1;0.6825;1;3.50702;1;6;5.20;1.01
18HU95003_010;CAST#1;45.657;-59.70333;154487;125.79;16-may-95;13:28:00;126.871;32.7691;0.5911;308.28798;4;8.38106;1;0.99752;1;8.54555;1;6;8.40;0.98
18HU95003_011;CAST#1;45.82283;-59.70367;154493;10.52;16-may-95;14:45:00;10.609;30.5923;0.7957;426.41368;4;0;1;0.36455;1;2.02;1;6;0.00;0.00
18HU95003_011;CAST#1;45.82283;-59.70367;154492;41.3;16-may-95;14:45:00;41.643;31.3477;0.2412;389.70316;4;0.64705;1;0.51547;1;1.64555;1;6;1.26;0.39
18HU95003_011;CAST#1;45.82283;-59.70367;154491;75.66;16-may-95;14:45:00;76.297;31.755;-0.1622;372.55372;4;2.17652;1;0.66802;1;2.60597;1;6;3.26;0.84
