CTD;CTD;CTD;CTD;CTD;CTD;CTD;CTD;CTD;labo;labo;labo;labo;terrain;labo;labo;labo;labo;labo;labo;labo;labo;labo;labo;calc;calc
Fichier;Station;Latitude;Longitude;Echantillon;zbouteille;Date;Heure;PRES;PSAL_BS;Q_PSAL;OXYM_01;Q_OXYM;TEMP_XX;Q_TEMP_RT;CHL_03;Q_CHL;NOx_01;Q_NOX;PO4_01;Q_PO4;Si_01;Q_Si;QCFF;N_P;N_Si
(nom);(nom/no);(degres);(degres);(no_unique);(dbar);(jj-mmm-yyyy);(GMT);(dbar);(PSU);((none));(mmol/m**3);((none));(celsius);((none));(mg/m**3);((none));(mmol/m**3);((none));(mmol/m**3);((none));(mmol/m**3);((none));((none));((none));((none))
18TL03004_002;STN27;47.5467;-52.5867;256090;6;19-apr-03;21:02:00;5.68;32.566;1;396.1753;4;-0.677;1;2.41;1;2.26;1;0.92;1;3.79;1;6;2.46;0.60
18TL03004_002;STN27;47.5467;-52.5867;256089;10;19-apr-03;21:02:00;10.24;32.563;1;395.9073;4;-0.657;1;2.54;1;2.51;1;0.82;1;3.92;1;6;3.06;0.64
18TL03004_002;STN27;47.5467;-52.5867;256088;19;19-apr-03;21:02:00;19.25;32.608;1;388.5385;4;-1.037;1;2.33;1;3.25;1;0.92;1;4.64;1;6;3.53;0.70
18TL03004_002;STN27;47.5467;-52.5867;256087;31;19-apr-03;21:02:00;30.96;32.622;1;382.8667;4;-1.09;1;1.55;1;4.29;1;0.9;1;4.77;1;6;4.77;0.90
18TL03004_002;STN27;47.5467;-52.5867;256086;40;19-apr-03;21:02:00;40.79;32.624;1;382.1522;4;-1.103;1;1.48;1;4.25;1;1.03;1;5.42;1;6;4.13;0.78
18TL03004_002;STN27;47.5467;-52.5867;256085;50;19-apr-03;21:02:00;50.47;32.641;1;377.6862;4;-1.159;1;1.11;1;4.96;1;0.87;1;5.53;1;6;5.70;0.90
18TL03004_002;STN27;47.5467;-52.5867;256084;75;19-apr-03;21:02:00;75.9;32.664;1;375.3193;4;-1.224;1;0.85;1;5.3;1;0.94;1;5.31;1;6;5.64;1.00
18TL03004_002;STN27;47.5467;-52.5867;256083;103;19-apr-03;21:02:00;103.88;32.717;1;376.6591;4;-1.351;1;0.67;1;5.66;1;0.99;1;5.87;1;6;5.72;0.96
18TL03004_002;STN27;47.5467;-52.5867;256082;148;19-apr-03;21:02:00;149.1;32.813;1;360.001;4;-1.503;1;NaN;9;7.05;1;1.11;1;6.8;1;6;6.35;1.04
18TL03004_002;STN27;47.5467;-52.5867;256081;170;19-apr-03;21:02:00;171.7;32.874;1;353.8827;4;-1.373;1;NaN;9;7.24;1;1.11;1;8.4;1;6;6.52;0.86
18TL03004_113;SEGB-01;46.5833;-52.9333;256096;5;20-apr-03;03:49:00;4.62;32.668;1;393.8083;4;-0.963;1;3.43;1;3.88;1;0.86;1;3.44;1;6;4.51;1.13
18TL03004_113;SEGB-01;46.5833;-52.9333;256095;10;20-apr-03;03:49:00;10.13;32.669;1;393.6297;4;-0.97;1;3.36;1;2.82;1;0.76;1;4.64;1;6;3.71;0.61
18TL03004_113;SEGB-01;46.5833;-52.9333;256094;19;20-apr-03;03:49:00;19.46;32.691;1;387.1541;4;-1.113;1;2.72;1;3.52;1;0.83;1;4.74;1;6;4.24;0.74
18TL03004_113;SEGB-01;46.5833;-52.9333;256093;30;20-apr-03;03:49:00;29.99;32.696;1;384.0726;4;-1.229;1;2.51;1;4.04;1;0.81;1;4.58;1;6;4.99;0.88
18TL03004_113;SEGB-01;46.5833;-52.9333;256092;39;20-apr-03;03:49:00;39.68;32.695;1;384.0726;4;-1.231;1;2.23;1;4.05;1;0.89;1;4.23;1;6;4.55;0.96
18TL03004_113;SEGB-01;46.5833;-52.9333;256091;50;20-apr-03;03:49:00;50.78;32.694;1;383.7153;4;-1.239;1;1.77;1;4.15;1;0.91;1;4.37;1;6;4.56;0.95
18TL03004_225;SEGB-02;46.5;-52.85;256097;177;20-apr-03;05:02:00;178.18;32.843;1;369.6028;4;-1.513;1;NaN;9;NaN;9;NaN;9;NaN;9;6;NaN;NaN
18TL03004_264;SEGB-03;46.35;-52.7333;256107;4;20-apr-03;06:14:00;4.37;32.775;1;385.5463;4;-0.977;1;1.29;1;4.76;1;0.9;1;3.5;1;6;5.29;1.36
18TL03004_264;SEGB-03;46.35;-52.7333;256106;10;20-apr-03;06:14:00;10.57;32.775;1;385.7696;4;-0.981;1;1.46;1;5.4;1;1.04;1;4.17;1;6;5.19;1.29
18TL03004_264;SEGB-03;46.35;-52.7333;256105;19;20-apr-03;06:14:00;19.66;32.775;1;385.6357;4;-1.086;1;1.46;1;5.21;1;0.79;1;3.71;1;6;6.59;1.40
18TL03004_264;SEGB-03;46.35;-52.7333;256104;31;20-apr-03;06:14:00;30.98;32.774;1;384.9211;4;-1.152;1;1.23;1;5.31;1;1.01;1;3.65;1;6;5.26;1.45
18TL03004_264;SEGB-03;46.35;-52.7333;256103;40;20-apr-03;06:14:00;40.56;32.774;1;383.492;4;-1.162;1;1.23;1;5.76;1;1.06;1;3.78;1;6;5.43;1.52
18TL03004_264;SEGB-03;46.35;-52.7333;256102;50;20-apr-03;06:14:00;50.05;32.775;1;382.4648;4;-1.169;1;1.48;1;5.32;1;0.68;1;3.69;1;6;7.82;1.44
18TL03004_264;SEGB-03;46.35;-52.7333;256101;75;20-apr-03;06:14:00;75.81;32.911;1;367.7271;4;-1.464;1;0.69;1;7.09;1;1.31;1;5.08;1;6;5.41;1.40
18TL03004_264;SEGB-03;46.35;-52.7333;256100;100;20-apr-03;06:14:00;100.97;32.946;1;365.5835;4;-1.468;1;0.49;1;10.79;1;1.05;1;5.3;1;6;10.28;2.04
18TL03004_264;SEGB-03;46.35;-52.7333;256099;149;20-apr-03;06:14:00;150.09;32.977;1;364.0651;4;-1.394;1;NaN;9;7.62;1;1.27;1;5.71;1;6;6.00;1.33
18TL03004_264;SEGB-03;46.35;-52.7333;256098;166;20-apr-03;06:14:00;167.1;33.14;1;358.2146;4;-0.989;1;NaN;9;10.22;1;1.3;2;5.7;1;2054;7.86;1.79
18TL03004_284;SEGB-04;46.2083;-52.6083;256108;122;20-apr-03;08:07:00;122.63;33.148;1;359.3758;4;-0.989;1;NaN;9;NaN;9;NaN;9;NaN;9;6;NaN;NaN
18TL03004_304;SEGB-05;46.07;-52.5;256116;5;20-apr-03;09:11:00;5.33;32.944;1;396.8899;4;-0.446;1;3.6;1;2.55;1;0.69;1;1.04;1;6;3.70;2.45
18TL03004_304;SEGB-05;46.07;-52.5;256115;9;20-apr-03;09:11:00;9.2;32.944;1;396.8005;4;-0.447;1;3.69;1;2.48;1;0.66;1;1.12;1;6;3.76;2.21
18TL03004_304;SEGB-05;46.07;-52.5;256114;20;20-apr-03;09:11:00;19.69;32.944;1;397.0239;4;-0.494;1;3.89;1;2.71;1;0.76;1;1.33;1;6;3.57;2.04
18TL03004_304;SEGB-05;46.07;-52.5;256113;29;20-apr-03;09:11:00;29.52;32.945;1;390.9948;4;-0.647;1;3.96;1;3.27;1;0.72;1;1.53;1;6;4.54;2.14
18TL03004_304;SEGB-05;46.07;-52.5;256112;39;20-apr-03;09:11:00;39.66;32.945;1;390.5036;4;-0.647;1;3.34;1;3.21;1;0.9;1;1.78;1;6;3.57;1.80
18TL03004_304;SEGB-05;46.07;-52.5;256111;49;20-apr-03;09:11:00;49.49;32.945;1;389.3424;4;-0.644;1;3.46;1;3.08;1;0.72;1;1.13;1;6;4.28;2.73
18TL03004_304;SEGB-05;46.07;-52.5;256110;74;20-apr-03;09:11:00;74.67;33.062;1;358.9739;4;-0.895;1;1.95;1;6.21;1;1.1;1;2.51;1;6;5.65;2.47
18TL03004_304;SEGB-05;46.07;-52.5;256109;86;20-apr-03;09:11:00;86.24;33.13;1;354.4186;4;-0.815;1;1.19;1;6.63;1;1.06;1;4.23;1;6;6.25;1.57
18TL03004_315;SEGB-06;45.7883;-52.2667;256117;82;20-apr-03;11:29:00;82.26;33.103;1;373.8008;4;-0.465;1;NaN;9;NaN;9;NaN;9;NaN;9;6;NaN;NaN
18TL03004_326;SEGB-07;45.4583;-52;256124;5;20-apr-03;13:34:00;5.17;33.101;1;379.3387;4;0.146;1;1.2;1;4.81;1;0.98;1;2.03;1;6;4.91;2.37
18TL03004_326;SEGB-07;45.4583;-52;256123;10;20-apr-03;13:34:00;10.36;33.101;1;379.4726;4;0.121;1;1.29;1;4.63;1;0.89;1;2.12;1;6;5.20;2.18
18TL03004_326;SEGB-07;45.4583;-52;256122;20;20-apr-03;13:34:00;20.59;33.103;1;380.9017;4;-0.094;1;1.62;1;4.59;1;0.81;1;1.88;1;6;5.67;2.44
18TL03004_326;SEGB-07;45.4583;-52;256121;30;20-apr-03;13:34:00;30.32;33.104;1;377.5076;4;-0.12;1;1.69;1;8.93;1;0.84;1;2.06;1;6;10.63;4.33
18TL03004_326;SEGB-07;45.4583;-52;256120;40;20-apr-03;13:34:00;40.17;33.104;1;376.2571;4;-0.114;1;1.66;1;7.37;1;1;1;2.06;1;6;7.37;3.58
18TL03004_326;SEGB-07;45.4583;-52;256119;50;20-apr-03;13:34:00;50.8;33.107;1;374.5154;4;-0.102;1;1.37;1;5.66;1;0.95;1;2.11;1;6;5.96;2.68
18TL03004_326;SEGB-07;45.4583;-52;256118;78;20-apr-03;13:34:00;78.2;33.115;1;371.5232;4;-0.14;1;1.3;1;5.44;1;0.95;1;2.48;1;6;5.73;2.19
18TL03004_339;SEGB-08;45.095;-51.7;256125;67;20-apr-03;16:15:00;67.55;33.029;1;367.0573;4;-0.076;1;NaN;9;NaN;9;NaN;9;NaN;9;6;NaN;NaN
18TL03004_003;SEGB-09;44.725;-51.395;256132;5;20-apr-03;18:26:00;5.2;32.94;1;383.8939;4;0.859;1;1.81;1;4.89;1;0.9;1;4.88;1;6;5.43;1.00
18TL03004_003;SEGB-09;44.725;-51.395;256131;10;20-apr-03;18:26:00;10.49;32.908;1;380.3658;4;0.911;1;1.29;1;5.35;1;1.07;1;5.89;1;6;5.00;0.91
18TL03004_003;SEGB-09;44.725;-51.395;256130;20;20-apr-03;18:26:00;20.48;33.028;1;388.0026;4;0.444;1;2.44;1;4.52;1;0.92;1;3.91;1;6;4.91;1.16
18TL03004_003;SEGB-09;44.725;-51.395;256129;30;20-apr-03;18:26:00;30.62;33.029;1;376.8377;4;0.412;1;2.83;1;5.82;1;1.06;1;4.16;1;6;5.49;1.40
18TL03004_003;SEGB-09;44.725;-51.395;256128;40;20-apr-03;18:26:00;40.4;33.029;1;372.9523;4;0.387;1;1.99;1;5.92;1;1.04;1;4.24;1;6;5.69;1.40
18TL03004_003;SEGB-09;44.725;-51.395;256127;51;20-apr-03;18:26:00;51.53;33.029;1;372.4611;4;0.38;1;2.07;1;5.71;1;1.06;1;3.91;1;6;5.39;1.46
18TL03004_003;SEGB-09;44.725;-51.395;256126;61;20-apr-03;18:26:00;61.62;33.033;1;372.7737;4;0.351;1;2.29;1;5.91;1;1.26;1;4.02;1;6;4.69;1.47
18TL03004_014;SEGB-10;44.3633;-51.1033;256133;67;20-apr-03;20:59:00;67.81;32.814;1;362.0107;4;0.827;1;NaN;9;NaN;9;NaN;9;NaN;9;6;NaN;NaN
18TL03004_025;SEGB-11;44;-50.8083;256140;5;20-apr-03;23:12:00;4.97;32.612;1;175.3783;4;1.571;1;1.88;1;1.62;1;0.84;1;3.55;1;6;1.93;0.46
18TL03004_025;SEGB-11;44;-50.8083;256139;10;20-apr-03;23:12:00;9.91;32.533;1;180.2461;4;1.464;1;1.86;1;1.54;1;0.56;1;3.72;1;6;2.75;0.41
18TL03004_025;SEGB-11;44;-50.8083;256138;20;20-apr-03;23:12:00;19.88;32.847;1;187.0791;4;1.022;1;2.54;1;3.24;1;0.71;1;4.03;1;6;4.56;0.80
18TL03004_025;SEGB-11;44;-50.8083;256137;30;20-apr-03;23:12:00;30.08;32.853;1;186.6771;4;1.019;1;2.32;1;3.28;1;0.73;1;4.23;1;6;4.49;0.78
18TL03004_025;SEGB-11;44;-50.8083;256136;40;20-apr-03;23:12:00;40.3;32.849;1;189.6693;4;1.028;1;2.56;1;3.16;1;0.82;1;4.03;1;6;3.85;0.78
18TL03004_025;SEGB-11;44;-50.8083;256135;50;20-apr-03;23:12:00;50.03;32.85;1;207.3992;4;1.031;1;2.9;1;2.85;1;0.62;1;3.03;1;6;4.60;0.94
18TL03004_025;SEGB-11;44;-50.8083;256134;66;20-apr-03;23:12:00;66.37;32.851;1;371.3445;4;1.034;1;3.01;1;3.32;1;0.87;1;2.94;1;6;3.82;1.13
18TL03004_036;SEGB-12;43.6333;-50.5167;256147;5;21-apr-03;02:01:00;5.16;32.86;1;378.8921;4;1.695;1;1.96;1;2.8;1;0.87;1;3.38;1;6;3.22;0.83
18TL03004_036;SEGB-12;43.6333;-50.5167;256146;10;21-apr-03;02:01:00;10.05;32.86;1;378.6687;4;1.695;1;2.13;1;2.96;1;0.87;1;3.58;1;6;3.40;0.83
18TL03004_036;SEGB-12;43.6333;-50.5167;256145;20;21-apr-03;02:01:00;19.98;32.865;1;380.9911;4;1.657;1;2.36;1;2.52;1;0.85;1;3.56;1;6;2.96;0.71
18TL03004_036;SEGB-12;43.6333;-50.5167;256144;30;21-apr-03;02:01:00;30.27;32.89;1;375.8998;4;1.342;1;3.54;1;1.89;1;0.62;1;3.19;1;6;3.05;0.59
18TL03004_036;SEGB-12;43.6333;-50.5167;256143;40;21-apr-03;02:01:00;39.93;32.893;1;375.7212;4;1.338;1;4.08;1;2.32;1;0.53;1;3.32;1;6;4.38;0.70
18TL03004_036;SEGB-12;43.6333;-50.5167;256142;49;21-apr-03;02:01:00;49.71;32.895;1;376.7484;4;1.341;1;3.76;1;1.8;1;0.94;1;3.88;1;6;1.91;0.46
18TL03004_036;SEGB-12;43.6333;-50.5167;256141;65;21-apr-03;02:01:00;65.76;32.893;1;375.4979;4;1.338;1;3.73;1;2.04;1;0.75;1;3.34;1;6;2.72;0.61
18TL03004_047;SEGB-13;43.2;-50.1667;256154;5;21-apr-03;05:04:00;5;33.101;1;397.5151;4;1.262;1;1.68;1;0;1;0.38;1;1.96;1;6;0.00;0.00
18TL03004_047;SEGB-13;43.2;-50.1667;256153;11;21-apr-03;05:04:00;10.81;33.1;1;398.0063;4;1.252;1;1.83;1;0;1;0.27;1;1.2;1;6;0.00;0.00
18TL03004_047;SEGB-13;43.2;-50.1667;256152;21;21-apr-03;05:04:00;20.88;33.09;1;409.0819;4;0.648;1;5.55;1;0.27;1;0.26;1;1.7;1;6;1.04;0.16
18TL03004_047;SEGB-13;43.2;-50.1667;256151;30;21-apr-03;05:04:00;30.69;33.093;1;394.9249;4;0.492;1;4.65;1;0;1;0.39;1;1.08;1;6;0.00;0.00
18TL03004_047;SEGB-13;43.2;-50.1667;256150;40;21-apr-03;05:04:00;40.47;33.099;1;389.923;4;0.517;1;6.38;1;0.28;1;0.33;1;1.18;1;6;0.85;0.24
18TL03004_047;SEGB-13;43.2;-50.1667;256149;50;21-apr-03;05:04:00;50.54;33.198;1;365.0029;4;0.119;1;4.89;1;4.15;1;0.84;1;2.53;1;6;4.94;1.64
18TL03004_047;SEGB-13;43.2;-50.1667;256148;63;21-apr-03;05:04:00;63.49;33.198;1;364.6456;4;0.099;1;4.6;1;5.89;1;0.84;1;2.65;1;6;7.01;2.22
18TL03004_058;SEGB-14;42.92;-49.9417;256155;165;21-apr-03;07:08:00;166.72;33.387;1;343.477;4;-0.538;1;NaN;9;NaN;9;NaN;9;NaN;9;6;NaN;NaN
18TL03004_069;SEGB-15;42.85;-49.8867;256165;5;21-apr-03;07:51:00;5.54;32.861;1;375.8998;4;-0.721;1;1.17;1;5.88;1;1.04;1;4.39;1;6;5.65;1.34
18TL03004_069;SEGB-15;42.85;-49.8867;256164;9;21-apr-03;07:51:00;9.35;32.862;1;375.0067;4;-0.732;1;1.43;1;6.16;1;1.03;1;4.25;1;6;5.98;1.45
18TL03004_069;SEGB-15;42.85;-49.8867;256163;20;21-apr-03;07:51:00;19.7;32.873;1;378.6241;4;-0.986;1;1.42;1;6.01;1;0.82;1;4.06;1;6;7.33;1.48
18TL03004_069;SEGB-15;42.85;-49.8867;256162;30;21-apr-03;07:51:00;30.55;32.895;1;375.6765;4;-0.972;1;1.06;1;7.36;1;0.99;1;5.48;1;6;7.43;1.34
18TL03004_069;SEGB-15;42.85;-49.8867;256161;41;21-apr-03;07:51:00;41.03;32.957;1;368.799;4;-1.113;1;3.05;1;6.98;1;0.88;1;6.06;1;6;7.93;1.15
18TL03004_069;SEGB-15;42.85;-49.8867;256160;50;21-apr-03;07:51:00;50.35;33.162;1;355.7584;4;-1.141;1;0.24;1;8.24;1;1.25;1;6.98;1;6;6.59;1.18
18TL03004_069;SEGB-15;42.85;-49.8867;256159;75;21-apr-03;07:51:00;75.8;33.32;1;345.6653;4;-0.774;1;0.08;1;8.75;1;1.17;1;7.43;1;6;7.48;1.18
18TL03004_069;SEGB-15;42.85;-49.8867;256158;100;21-apr-03;07:51:00;100.31;33.403;1;339.6363;4;-0.402;1;0.1;1;9.4;1;1.15;1;8.35;1;6;8.17;1.13
18TL03004_069;SEGB-15;42.85;-49.8867;256157;149;21-apr-03;07:51:00;150.12;33.685;1;328.2034;4;0.614;1;NaN;9;10.1;1;1.09;1;8.23;1;6;9.27;1.23
18TL03004_069;SEGB-15;42.85;-49.8867;256156;394;21-apr-03;07:51:00;397.07;34.539;1;302.7474;4;2.87;1;NaN;9;14.14;1;1.51;1;8.67;1;6;9.36;1.63
18TL03004_080;SEGB-16;42.775;-49.8283;256166;1472;21-apr-03;09:26:00;1478.71;34.864;1;293.9495;4;3.505;1;NaN;9;NaN;9;NaN;9;NaN;9;6;NaN;NaN
18TL03004_091;SEGB-17;42.5883;-49.6833;256176;5;21-apr-03;12:11:00;5.05;33.659;1;355.1778;4;2.873;1;1.57;1;5.56;1;0.8;1;3.7;1;6;6.95;1.50
18TL03004_091;SEGB-17;42.5883;-49.6833;256175;10;21-apr-03;12:11:00;10.1;33.662;1;355.3118;4;2.849;1;1.58;1;4.81;1;0.68;1;3.04;1;6;7.07;1.58
18TL03004_091;SEGB-17;42.5883;-49.6833;256174;20;21-apr-03;12:11:00;20.11;33.668;1;354.24;4;2.753;1;1.61;1;6.56;1;1.13;1;4.59;1;6;5.81;1.43
18TL03004_091;SEGB-17;42.5883;-49.6833;256173;30;21-apr-03;12:11:00;29.78;33.674;1;353.6147;4;2.718;1;1.59;1;5.71;1;0.84;1;3.37;1;6;6.80;1.69
18TL03004_091;SEGB-17;42.5883;-49.6833;256172;40;21-apr-03;12:11:00;39.99;33.721;1;350.7119;4;2.548;1;1.47;1;6.68;1;1.03;1;3.95;1;6;6.49;1.69
18TL03004_091;SEGB-17;42.5883;-49.6833;256171;50;21-apr-03;12:11:00;49.96;33.771;1;349.1934;4;2.37;1;1.33;1;7.35;1;1.18;1;4.22;1;6;6.23;1.74
18TL03004_091;SEGB-17;42.5883;-49.6833;256170;74;21-apr-03;12:11:00;74.98;33.894;1;342.6731;4;2.123;1;1.19;1;8.86;1;1.33;1;5.2;1;6;6.66;1.70
18TL03004_091;SEGB-17;42.5883;-49.6833;256169;100;21-apr-03;12:11:00;100.37;34.211;1;326.7743;4;2.224;1;0.28;1;12.15;1;1.52;1;6.75;1;6;7.99;1.80
18TL03004_091;SEGB-17;42.5883;-49.6833;256168;149;21-apr-03;12:11:00;150.15;34.44;1;312.9298;4;2.747;1;NaN;9;13.73;1;1.81;1;7.13;1;6;7.59;1.93
18TL03004_091;SEGB-17;42.5883;-49.6833;256167;1463;21-apr-03;12:11:00;1469.39;34.931;1;278.7206;4;3.731;1;NaN;9;15.2;1;1.49;1;8.7;1;6;10.20;1.75
18TL03004_102;SEGB-18;42.395;-49.5183;256177;1501;21-apr-03;15:49:00;1507.35;34.93;1;280.1943;4;3.587;1;NaN;9;NaN;9;NaN;9;NaN;9;6;NaN;NaN
18TL03004_114;SEGB-19;42.0817;-49.27;256187;5;21-apr-03;18:44:00;4.68;34.247;1;312.3046;4;8.636;1;1.13;1;3.25;1;1.07;1;2.43;1;6;3.04;1.34
18TL03004_114;SEGB-19;42.0817;-49.27;256186;10;21-apr-03;18:44:00;9.84;34.371;1;307.392;4;9.074;1;1.66;1;3.48;1;0.63;1;2.06;1;6;5.52;1.69
18TL03004_114;SEGB-19;42.0817;-49.27;256185;20;21-apr-03;18:44:00;20.22;35.11;1;277.5148;4;11.649;1;1.3;1;4.84;1;1;1;2.1;1;6;4.84;2.30
18TL03004_114;SEGB-19;42.0817;-49.27;256184;30;21-apr-03;18:44:00;30.39;35.205;1;272.0216;4;11.994;1;0.84;1;4.45;1;0.5;1;1.8;1;6;8.90;2.47
18TL03004_114;SEGB-19;42.0817;-49.27;256183;40;21-apr-03;18:44:00;40.11;35.274;1;266.9751;4;12.232;1;0.58;1;5.28;1;0.94;1;2.21;1;6;5.62;2.39
18TL03004_114;SEGB-19;42.0817;-49.27;256182;50;21-apr-03;18:44:00;50.2;35.313;1;264.5634;4;12.367;1;NaN;9;5.4;1;0.61;1;2.08;1;6;8.85;2.60
18TL03004_114;SEGB-19;42.0817;-49.27;256181;75;21-apr-03;18:44:00;75.46;35.216;1;257.8645;4;11.594;1;0.22;1;7.82;1;0.91;1;3.05;1;6;8.59;2.56
18TL03004_114;SEGB-19;42.0817;-49.27;256180;99;21-apr-03;18:44:00;100.04;35.273;1;248.9326;4;11.687;1;0.13;1;9.45;1;1.17;1;3.83;1;6;8.08;2.47
18TL03004_114;SEGB-19;42.0817;-49.27;256179;149;21-apr-03;18:44:00;150.35;35.197;1;245.8511;4;11.218;1;NaN;9;10.94;1;1.1;1;4.17;1;6;9.95;2.62
18TL03004_114;SEGB-19;42.0817;-49.27;256178;1475;21-apr-03;18:44:00;1481.61;34.916;1;283.0525;4;3.545;1;NaN;9;15.78;1;1.77;1;9.45;1;6;8.92;1.67
18TL03004_127;SEGB-20;41.7;-48.95;256188;1510;21-apr-03;23:15:00;1516.58;34.93;1;280.0157;4;3.655;1;NaN;9;NaN;9;NaN;9;NaN;9;6;NaN;NaN
18TL03004_278;FC-12;47;-48.1167;256319;6;25-apr-03;16:00:00;6.24;32.769;1;386.8861;4;0.191;1;0.47;1;4.37;1;0.75;1;2.27;1;6;5.83;1.93
18TL03004_278;FC-12;47;-48.1167;256318;9;25-apr-03;16:00:00;9.3;32.768;1;386.4395;4;0.279;1;1.56;1;4.81;1;0.71;1;2.38;1;6;6.77;2.02
18TL03004_278;FC-12;47;-48.1167;256317;21;25-apr-03;16:00:00;21.17;32.815;1;389.2084;4;-0.877;1;1.11;1;5.32;1;0.97;1;2.01;1;6;5.48;2.65
18TL03004_278;FC-12;47;-48.1167;256316;31;25-apr-03;16:00:00;30.92;32.85;1;393.4957;4;-0.542;1;1.42;1;4.22;1;0.93;1;3.2;1;6;4.54;1.32
18TL03004_278;FC-12;47;-48.1167;256315;41;25-apr-03;16:00:00;41.17;32.889;1;402.4723;4;-0.257;1;1.61;1;3.21;1;0.78;1;1.19;1;6;4.12;2.70
18TL03004_278;FC-12;47;-48.1167;256314;50;25-apr-03;16:00:00;50.85;32.888;1;400.9092;4;-0.432;1;1.94;1;3.27;1;0.46;1;1.23;1;6;7.11;2.66
18TL03004_278;FC-12;47;-48.1167;256313;76;25-apr-03;16:00:00;76.13;32.919;1;387.5114;4;-0.72;1;2.24;1;4.19;1;0.72;1;1.15;1;6;5.82;3.64
18TL03004_278;FC-12;47;-48.1167;256312;100;25-apr-03;16:00:00;101.25;33.177;1;357.8127;4;-0.959;1;0.51;1;7.59;1;1.36;1;6.45;1;6;5.58;1.18
18TL03004_278;FC-12;47;-48.1167;256311;130;25-apr-03;16:00:00;131.11;33.27;1;342.2712;4;-0.82;1;NaN;9;8.7;1;1.22;1;7.87;1;6;7.13;1.11
18TL03004_278;FC-12;47;-48.1167;256310;160;25-apr-03;16:00:00;161.58;33.265;1;335.4383;4;-0.193;1;NaN;9;NaN;9;NaN;9;NaN;9;6;NaN;NaN
18TL03004_279;FC-11;47;-48.6167;256320;100;25-apr-03;18:13:00;101.02;33.248;1;344.6828;4;-0.77;1;NaN;9;NaN;9;NaN;9;NaN;9;6;NaN;NaN
18TL03004_280;FC-10;47;-49.1167;256327;6;25-apr-03;20:06:00;5.55;32.949;1;397.3811;4;1.069;1;1.51;1;1.95;1;0.53;1;1.21;1;6;3.68;1.61
18TL03004_280;FC-10;47;-49.1167;256326;10;25-apr-03;20:06:00;10.05;32.908;1;400.4179;4;0.264;1;NaN;9;NaN;9;NaN;9;NaN;9;6;NaN;NaN
18TL03004_280;FC-10;47;-49.1167;256325;21;25-apr-03;20:06:00;20.91;32.922;1;406.8936;4;-0.108;1;2.78;1;1.54;1;0.25;1;1.15;1;6;6.16;1.34
18TL03004_280;FC-10;47;-49.1167;256324;31;25-apr-03;20:06:00;31.24;32.924;1;402.6063;4;-0.323;1;3.58;1;2.44;1;0.42;1;1.04;1;6;5.81;2.35
18TL03004_280;FC-10;47;-49.1167;256323;41;25-apr-03;20:06:00;40.93;33.086;1;385.9036;4;-0.492;1;3.1;1;3.83;1;0.64;1;1.28;1;6;5.98;2.99
18TL03004_280;FC-10;47;-49.1167;256322;48;25-apr-03;20:06:00;48.42;33.16;1;365.8514;4;-0.507;1;3.07;1;5.02;1;0.87;1;1.34;1;6;5.77;3.75
18TL03004_280;FC-10;47;-49.1167;256321;75;25-apr-03;20:06:00;76;33.164;1;363.1272;4;-0.515;1;1.36;1;5.4;1;0.84;1;1.71;1;6;6.43;3.16
18TL03004_281;FC-09;47;-50;256334;5;25-apr-03;23:30:00;5.16;32.972;1;432.6176;4;1.094;1;3.04;1;0.71;1;0.46;1;1.09;1;6;1.54;0.65
18TL03004_281;FC-09;47;-50;256333;10;25-apr-03;23:30:00;10.5;32.971;1;433.5107;4;1.051;1;2.81;1;0.22;1;0.29;1;1.18;1;6;0.76;0.19
18TL03004_281;FC-09;47;-50;256332;20;25-apr-03;23:30:00;20.29;32.953;1;444.3184;4;0.44;1;4.01;1;0.5;1;0.5;1;1.22;1;6;1.00;0.41
18TL03004_281;FC-09;47;-50;256331;31;25-apr-03;23:30:00;31.2;32.963;1;447.7125;4;-0.527;1;4.58;1;0.88;1;0.49;1;1.07;1;6;1.80;0.82
18TL03004_281;FC-09;47;-50;256330;40;25-apr-03;23:30:00;40.51;32.993;1;418.907;4;-0.464;1;8.77;1;0.56;1;0.56;1;1.43;1;6;1.00;0.39
18TL03004_281;FC-09;47;-50;256329;50;25-apr-03;23:30:00;50.26;33.055;1;403.5442;4;-0.511;1;7.02;1;0.9;1;0.65;1;1.28;1;6;1.38;0.70
18TL03004_281;FC-09;47;-50;256328;75;25-apr-03;23:30:00;75.87;33.139;1;357.8574;4;-0.866;1;1.21;1;7.63;1;1.49;1;5.55;1;6;5.12;1.37
18TL03004_282;FC-08;47;-50.6667;256335;168;26-apr-03;02:20:00;169.17;33.215;1;346.6478;4;-0.827;1;NaN;9;NaN;9;NaN;9;NaN;9;6;NaN;NaN
18TL03004_283;FC-07;47;-51;256343;4;26-apr-03;03:43:00;4.4;32.838;1;396.2199;4;0.039;1;1.65;1;3.43;1;0.44;1;2.17;1;6;7.80;1.58
18TL03004_283;FC-07;47;-51;256342;10;26-apr-03;03:43:00;9.66;32.838;1;395.6394;4;0.035;1;1.51;1;3.1;1;0.39;1;1.89;1;6;7.95;1.64
18TL03004_283;FC-07;47;-51;256341;20;26-apr-03;03:43:00;20.01;32.83;1;397.3365;4;-0.33;1;1.91;1;3.4;1;0.68;1;2.08;1;6;5.00;1.63
18TL03004_283;FC-07;47;-51;256340;30;26-apr-03;03:43:00;29.95;32.827;1;394.9695;4;-0.879;1;2.33;1;4.17;1;0.93;1;2.29;1;6;4.48;1.82
18TL03004_283;FC-07;47;-51;256339;39;26-apr-03;03:43:00;39.57;32.84;1;391.2627;4;-1.06;1;2.58;1;4.47;1;0.83;1;2.15;1;6;5.39;2.08
18TL03004_283;FC-07;47;-51;256338;49;26-apr-03;03:43:00;49.44;32.856;1;386.3502;4;-1.034;1;2.83;1;4.2;1;0.85;1;1.61;1;6;4.94;2.61
18TL03004_283;FC-07;47;-51;256337;74;26-apr-03;03:43:00;74.59;33.099;1;353.5254;4;-1.006;1;1.98;1;9;1;1.28;1;6.11;1;6;7.03;1.47
18TL03004_283;FC-07;47;-51;256336;100;26-apr-03;03:43:00;100.43;33.188;1;341.6459;4;-0.756;1;0.6;1;8.72;1;1.14;1;8.39;1;6;7.65;1.04
18TL03004_285;FC-06;47;-51.4833;256344;95;26-apr-03;05:59:00;95.51;33.109;1;350.8011;4;-0.99;1;NaN;9;NaN;9;NaN;9;NaN;9;6;NaN;NaN
18TL03004_295;FC-05;47;-52.0333;256353;5;26-apr-03;07:55:00;5.31;32.774;1;386.4395;4;-0.315;1;1.08;1;5.03;1;0.66;1;3.63;1;6;7.62;1.39
18TL03004_295;FC-05;47;-52.0333;256352;10;26-apr-03;07:55:00;10.55;32.774;1;386.5735;4;-0.318;1;1.12;1;5.2;1;0.72;1;3.68;1;6;7.22;1.41
18TL03004_295;FC-05;47;-52.0333;256351;20;26-apr-03;07:55:00;20.31;32.774;1;386.3055;4;-0.318;1;1.15;1;4.88;1;0.84;1;3.24;1;6;5.81;1.51
18TL03004_295;FC-05;47;-52.0333;256350;29;26-apr-03;07:55:00;28.9;32.772;1;387.3773;4;-0.421;1;1.16;1;5.02;1;0.97;1;3.57;1;6;5.18;1.41
18TL03004_295;FC-05;47;-52.0333;256349;40;26-apr-03;07:55:00;40.06;32.76;1;389.9677;4;-1.143;1;1.33;1;4.88;1;0.72;1;3.67;1;6;6.78;1.33
18TL03004_295;FC-05;47;-52.0333;256348;50;26-apr-03;07:55:00;50;32.759;1;381.527;4;-1.299;1;1.56;1;5.51;1;0.71;1;3.84;1;6;7.76;1.43
18TL03004_295;FC-05;47;-52.0333;256347;75;26-apr-03;07:55:00;75.67;32.815;1;365.1815;4;-1.637;1;0.51;1;7.23;1;1.14;1;5.75;1;6;6.34;1.26
18TL03004_295;FC-05;47;-52.0333;256346;100;26-apr-03;07:55:00;100.43;32.879;1;364.467;4;-1.662;1;0.5;1;7.58;1;0.96;1;5.98;1;6;7.90;1.27
18TL03004_295;FC-05;47;-52.0333;256345;133;26-apr-03;07:55:00;134.12;33.16;1;337.1353;4;-0.646;1;NaN;9;9.01;1;1.33;1;9.63;1;6;6.77;0.94
18TL03004_296;FC-04;47;-52.3217;256362;5;26-apr-03;09:44:00;5.44;32.845;1;399.5248;4;0.222;1;1.68;1;2.08;1;0.74;1;2.63;1;6;2.81;0.79
18TL03004_296;FC-04;47;-52.3217;256361;10;26-apr-03;09:44:00;10.37;32.845;1;399.7034;4;0.217;1;1.71;1;2.08;1;0.57;1;1.73;1;6;3.65;1.20
18TL03004_296;FC-04;47;-52.3217;256360;20;26-apr-03;09:44:00;20.46;32.847;1;397.2918;4;0.174;1;1.62;1;1.96;1;0.63;1;1.63;1;6;3.11;1.20
18TL03004_296;FC-04;47;-52.3217;256359;31;26-apr-03;09:44:00;30.85;32.847;1;395.2375;4;-0.427;1;1.4;1;8.2;1;1.26;1;6.77;1;6;6.51;1.21
18TL03004_296;FC-04;47;-52.3217;256358;41;26-apr-03;09:44:00;40.95;32.884;1;393.9423;4;-0.136;1;1.47;1;3.88;1;0.68;1;1.06;1;6;5.71;3.66
18TL03004_296;FC-04;47;-52.3217;256357;50;26-apr-03;09:44:00;50.56;32.89;1;398.3636;4;-0.641;1;1.78;1;2.6;1;0.64;1;1.76;1;6;4.06;1.48
18TL03004_296;FC-04;47;-52.3217;256356;75;26-apr-03;09:44:00;75.51;32.904;1;388.3599;4;-0.861;1;1.39;1;3.83;1;0.66;1;1.58;1;6;5.80;2.42
18TL03004_296;FC-04;47;-52.3217;256355;100;26-apr-03;09:44:00;100.72;33.025;1;375.4532;4;-0.995;1;1.2;1;4.46;1;0.74;1;2.88;1;6;6.03;1.55
18TL03004_296;FC-04;47;-52.3217;256354;119;26-apr-03;09:44:00;120.35;33.147;1;344.9507;4;-0.803;1;NaN;9;8.42;1;0.93;1;8.16;1;6;9.05;1.03
18TL03004_297;FC-03;47;-52.58;256372;5;26-apr-03;11:21:00;4.61;32.832;1;390.1016;4;-0.138;1;1.15;1;5.06;1;0.71;1;2.8;1;6;7.13;1.81
18TL03004_297;FC-03;47;-52.58;256371;9;26-apr-03;11:21:00;9.37;32.834;1;389.789;4;-0.077;1;0.99;1;4.56;1;0.7;1;4.05;1;6;6.51;1.13
18TL03004_297;FC-03;47;-52.58;256370;19;26-apr-03;11:21:00;19.65;32.832;1;390.5036;4;-0.213;1;1.24;1;6.02;1;1.1;1;5.36;1;6;5.47;1.12
18TL03004_297;FC-03;47;-52.58;256369;29;26-apr-03;11:21:00;29.33;32.832;1;390.3249;4;-0.515;1;1.27;1;0.12;1;0.51;1;1.42;1;6;0.24;0.08
18TL03004_297;FC-03;47;-52.58;256368;40;26-apr-03;11:21:00;39.87;32.823;1;387.9133;4;-0.823;1;1.22;1;4.56;1;0.72;1;2.32;1;6;6.33;1.97
18TL03004_297;FC-03;47;-52.58;256367;50;26-apr-03;11:21:00;50.11;32.813;1;384.0279;4;-1.169;1;1.33;1;3.71;1;0.74;1;3.51;1;6;5.01;1.06
18TL03004_297;FC-03;47;-52.58;256366;74;26-apr-03;11:21:00;74.53;32.846;1;377.1057;4;-1.29;1;3.02;1;4.48;1;0.88;1;3.99;1;6;5.09;1.12
18TL03004_297;FC-03;47;-52.58;256365;99;26-apr-03;11:21:00;99.81;33.082;1;361.2962;4;-0.962;1;1.52;1;3.56;1;0.75;1;1.91;1;6;4.75;1.86
18TL03004_297;FC-03;47;-52.58;256364;124;26-apr-03;11:21:00;124.97;33.16;1;348.0769;4;-0.773;1;NaN;9;4.62;1;0.76;1;2.28;1;6;6.08;2.03
18TL03004_297;FC-03;47;-52.58;256363;151;26-apr-03;11:21:00;152.25;33.204;1;348.2109;4;-0.662;1;NaN;9;8;1;1.09;1;7.92;1;6;7.34;1.01
18TL03004_298;FC-02;47;-52.705;256373;177;26-apr-03;12:35:00;177.98;33.226;1;340.6634;4;-0.47;1;NaN;9;NaN;9;NaN;9;NaN;9;6;NaN;NaN
18TL03004_299;FC-01;47;-52.8317;256381;5;26-apr-03;13:25:00;5.15;32.588;1;422.8817;4;0.457;1;5.81;1;0.36;1;0.39;1;1.12;1;6;0.92;0.32
18TL03004_299;FC-01;47;-52.8317;256380;10;26-apr-03;13:25:00;10.32;32.586;1;418.5944;4;-0.012;1;6.03;1;4.03;1;0.6;1;2.12;1;6;6.72;1.90
18TL03004_299;FC-01;47;-52.8317;256379;20;26-apr-03;13:25:00;20.32;32.621;1;381.3483;4;-1.031;1;2.3;1;5.97;1;0.83;1;3.16;1;6;7.19;1.89
18TL03004_299;FC-01;47;-52.8317;256378;30;26-apr-03;13:25:00;30.41;32.641;1;377.1057;4;-1.121;1;1.29;1;5.11;1;0.84;1;4.49;1;6;6.08;1.14
18TL03004_299;FC-01;47;-52.8317;256377;40;26-apr-03;13:25:00;39.98;32.657;1;374.828;4;-1.173;1;1.21;1;7.25;1;0.95;1;4.63;1;6;7.63;1.57
18TL03004_299;FC-01;47;-52.8317;256376;50;26-apr-03;13:25:00;50.9;32.663;1;374.1135;4;-1.193;1;1.34;1;4.28;1;0.76;1;2.35;1;6;5.63;1.82
18TL03004_299;FC-01;47;-52.8317;256375;76;26-apr-03;13:25:00;76.14;32.721;1;369.5582;4;-1.413;1;0.56;1;6.78;1;1.07;1;4.51;1;6;6.34;1.50
18TL03004_299;FC-01;47;-52.8317;256374;98;26-apr-03;13:25:00;98.82;32.743;1;367.8165;4;-1.507;1;0.53;1;4.09;1;0.65;1;2.02;1;6;6.29;2.02
18TL03004_300;STN27;47.5467;-52.5867;256391;5;26-apr-03;16:47:00;5.09;32.538;1;429.8933;4;0.448;1;5.99;1;0.34;1;0.46;1;1.16;1;6;0.74;0.29
18TL03004_300;STN27;47.5467;-52.5867;256390;10;26-apr-03;16:47:00;10.26;32.545;1;432.5282;4;0.201;1;6.01;1;0.73;1;0.47;1;1.57;1;6;1.55;0.46
18TL03004_300;STN27;47.5467;-52.5867;256389;20;26-apr-03;16:47:00;20.34;32.67;1;387.69;4;-0.398;1;4.19;1;3.33;1;0.67;1;4.43;1;6;4.97;0.75
18TL03004_300;STN27;47.5467;-52.5867;256388;30;26-apr-03;16:47:00;30.56;32.7;1;381.259;4;-0.53;1;2.05;1;4.42;1;0.76;1;5.11;1;6;5.82;0.86
18TL03004_300;STN27;47.5467;-52.5867;256387;40;26-apr-03;16:47:00;40.63;32.728;1;381.3483;4;-0.908;1;1.2;1;4.92;1;0.83;1;5.57;1;6;5.93;0.88
18TL03004_300;STN27;47.5467;-52.5867;256386;50;26-apr-03;16:47:00;50.53;32.727;1;380.2318;4;-1.082;1;1.25;1;5.31;1;0.96;1;5.37;1;6;5.53;0.99
18TL03004_300;STN27;47.5467;-52.5867;256385;74;26-apr-03;16:47:00;74.83;32.741;1;378.8474;4;-1.3;1;1.26;1;4.66;1;0.9;1;4.5;1;6;5.18;1.04
18TL03004_300;STN27;47.5467;-52.5867;256384;100;26-apr-03;16:47:00;100.94;32.743;1;372.3718;4;-1.409;1;0.97;1;5.6;1;0.93;1;5.36;1;6;6.02;1.04
18TL03004_300;STN27;47.5467;-52.5867;256383;150;26-apr-03;16:47:00;151.1;32.813;1;361.3855;4;-1.645;1;NaN;9;5.49;1;0.91;1;5.59;1;6;6.03;0.98
18TL03004_300;STN27;47.5467;-52.5867;256382;173;26-apr-03;16:47:00;174.44;32.928;1;346.2905;4;-1.269;1;NaN;9;7.72;1;1.01;1;8.42;1;6;7.64;0.92
18TL03004_005;S27-09;47.94;-50.72;256698;5;03-may-03;19:54:00;5.12;32.724;1;393.8976;4;0.279;1;2.08;1;2.08;1;0.47;1;3.08;1;6;4.43;0.68
18TL03004_005;S27-09;47.94;-50.72;256697;10;03-may-03;19:54:00;9.92;32.723;1;393.8083;4;0.291;1;2.07;1;2.49;1;0.53;1;3.03;1;6;4.70;0.82
18TL03004_005;S27-09;47.94;-50.72;256696;19;03-may-03;19:54:00;19.08;32.725;1;393.0491;4;0.151;1;2.08;1;2.18;1;0.5;1;2.97;1;6;4.36;0.73
18TL03004_005;S27-09;47.94;-50.72;256695;30;03-may-03;19:54:00;29.81;32.747;1;386.5288;4;-0.322;1;1.44;1;3.85;1;0.58;1;3.59;1;6;6.64;1.07
18TL03004_005;S27-09;47.94;-50.72;256694;40;03-may-03;19:54:00;40.3;32.762;1;382.9561;4;-0.772;1;1.37;1;5.53;1;0.74;1;3.72;1;6;7.47;1.49
18TL03004_005;S27-09;47.94;-50.72;256693;50;03-may-03;19:54:00;50.23;32.764;1;382.6434;4;-0.824;1;1.06;1;5.04;1;0.93;1;5.29;1;6;5.42;0.95
18TL03004_005;S27-09;47.94;-50.72;256692;74;03-may-03;19:54:00;75.05;32.89;1;382.3755;4;-1.133;1;2.9;1;4.5;1;0.86;1;3.7;1;6;5.23;1.22
18TL03004_005;S27-09;47.94;-50.72;256691;99;03-may-03;19:54:00;100.05;33.123;1;349.9973;4;-0.991;1;1.07;1;7.28;1;1.08;1;7.17;1;6;6.74;1.02
18TL03004_005;S27-09;47.94;-50.72;256690;111;03-may-03;19:54:00;111.54;33.218;1;342.5838;4;-0.732;1;NaN;9;8.35;1;1.33;1;7.96;1;6;6.28;1.05
18TL03004_006;S27-07;47.84;-51.19;256708;5;03-may-03;21:45:00;4.81;32.692;1;393.853;4;0.351;1;2.55;1;1.94;1;0.48;1;3.48;1;6;4.04;0.56
18TL03004_006;S27-07;47.84;-51.19;256707;10;03-may-03;21:45:00;9.88;32.694;1;393.853;4;0.324;1;1.92;1;3.26;1;0.54;1;3.77;1;6;6.04;0.86
18TL03004_006;S27-07;47.84;-51.19;256706;20;03-may-03;21:45:00;19.79;32.696;1;393.853;4;0.308;1;2.67;1;2.05;1;0.47;1;3.41;1;6;4.36;0.60
18TL03004_006;S27-07;47.84;-51.19;256705;29;03-may-03;21:45:00;29.36;32.71;1;389.789;4;-0.123;1;1.73;1;2.64;1;0.5;1;3.22;1;6;5.28;0.82
18TL03004_006;S27-07;47.84;-51.19;256704;40;03-may-03;21:45:00;40.59;32.726;1;389.2084;4;-0.293;1;1.27;1;3.65;1;0.57;1;3.16;1;6;6.40;1.16
18TL03004_006;S27-07;47.84;-51.19;256703;49;03-may-03;21:45:00;49.86;32.765;1;379.9192;4;-1.283;1;0.93;1;5.45;1;0.68;1;4.03;1;6;8.01;1.35
18TL03004_006;S27-07;47.84;-51.19;256702;75;03-may-03;21:45:00;75.12;32.833;1;379.2047;4;-1.236;1;1.08;1;4.64;1;0.69;1;3.21;1;6;6.72;1.45
18TL03004_006;S27-07;47.84;-51.19;256701;100;03-may-03;21:45:00;100.53;33.097;1;350.0866;4;-0.969;1;0.76;1;7.21;1;0.74;1;6.21;1;6;9.74;1.16
18TL03004_006;S27-07;47.84;-51.19;256700;149;03-may-03;21:45:00;150.66;33.427;1;322.353;4;0.156;1;NaN;9;9.94;1;0.76;1;10.5;1;6;13.08;0.95
18TL03004_006;S27-07;47.84;-51.19;256699;171;03-may-03;21:45:00;172.67;33.447;1;319.2715;4;0.235;1;NaN;9;9.07;1;0.74;1;11.91;1;6;12.26;0.76
18TL03004_007;S27-06;47.79;-51.42;256709;140;03-may-03;23:02:00;141.24;33.436;1;321.2812;4;0.21;1;NaN;9;NaN;9;NaN;9;NaN;9;6;NaN;NaN
18TL03004_008;S27-05;47.74;-51.65;256719;5;04-may-03;00:11:00;4.88;32.67;1;393.4957;4;0.391;1;2.48;1;2.28;1;0.56;1;1.57;1;6;4.07;1.45
18TL03004_008;S27-05;47.74;-51.65;256718;10;04-may-03;00:11:00;9.63;32.685;1;394.4782;4;0.355;1;1.91;1;2.36;1;0.49;1;1.87;1;6;4.82;1.26
18TL03004_008;S27-05;47.74;-51.65;256717;20;04-may-03;00:11:00;19.78;32.703;1;395.3268;4;0.273;1;2.47;1;2.68;1;0.49;1;2.59;1;6;5.47;1.03
18TL03004_008;S27-05;47.74;-51.65;256716;29;04-may-03;00:11:00;29.7;32.72;1;394.2103;4;0.104;1;2.11;1;2.94;1;0.71;1;2.78;1;6;4.14;1.06
18TL03004_008;S27-05;47.74;-51.65;256715;40;04-may-03;00:11:00;39.93;32.729;1;389.5657;4;-0.496;1;1.33;1;2.88;1;0.52;1;1.72;1;6;5.54;1.67
18TL03004_008;S27-05;47.74;-51.65;256714;49;04-may-03;00:11:00;49.77;32.744;1;382.8221;4;-1.3;1;1.25;1;4.36;1;0.81;1;3.05;1;6;5.38;1.43
18TL03004_008;S27-05;47.74;-51.65;256713;75;04-may-03;00:11:00;75.47;32.755;1;378.9814;4;-1.356;1;1.14;1;4.79;1;0.84;1;3.33;1;6;5.70;1.44
18TL03004_008;S27-05;47.74;-51.65;256712;99;04-may-03;00:11:00;99.38;32.916;1;357.2768;4;-1.353;1;0.28;1;6.42;1;0.64;1;5.64;1;6;10.03;1.14
18TL03004_008;S27-05;47.74;-51.65;256711;150;04-may-03;00:11:00;151.36;33.456;1;317.954;4;0.272;1;NaN;9;9.715;1;0.835;1;12.42;1;6;11.63;0.78
18TL03004_009;S27-04;47.68;-51.88;256720;177;04-may-03;01:57:00;178.12;33.462;1;316.056;4;0.312;1;NaN;9;NaN;9;NaN;9;NaN;9;6;NaN;NaN
18TL03004_010;S27-03;47.63;-52.12;256730;5;04-may-03;03:29:00;4.54;32.64;1;407.0276;4;0.238;1;6.73;1;0.15;1;0.46;1;3.01;1;6;0.33;0.05
18TL03004_010;S27-03;47.63;-52.12;256729;9;04-may-03;03:29:00;9.54;32.642;1;407.9208;4;0.222;1;6.76;1;0.48;1;0.55;1;3.22;1;6;0.87;0.15
18TL03004_010;S27-03;47.63;-52.12;256728;20;04-may-03;03:29:00;19.78;32.651;1;408.68;4;0.152;1;6.91;1;0.79;1;0.6;1;3.22;1;6;1.32;0.25
18TL03004_010;S27-03;47.63;-52.12;256727;29;04-may-03;03:29:00;29.63;32.679;1;409.4839;4;-0.067;1;2.94;1;0.19;1;0.64;1;3.34;1;6;0.30;0.06
18TL03004_010;S27-03;47.63;-52.12;256726;39;04-may-03;03:29:00;39.67;32.701;1;385.8589;4;-0.935;1;7.17;1;4.23;1;1.01;1;6.16;1;6;4.19;0.69
18TL03004_010;S27-03;47.63;-52.12;256725;50;04-may-03;03:29:00;49.98;32.709;1;372.6397;4;-1.442;1;0.92;1;6.37;1;0.96;1;6.19;1;6;6.64;1.03
18TL03004_010;S27-03;47.63;-52.12;256724;76;04-may-03;03:29:00;76.17;32.729;1;369.3795;4;-1.518;1;0.78;1;6.84;1;0.98;1;7.25;1;6;6.98;0.94
18TL03004_010;S27-03;47.63;-52.12;256723;100;04-may-03;03:29:00;100.41;32.795;1;364.1097;4;-1.62;1;0.52;1;6.82;1;1.11;1;7.17;1;6;6.14;0.95
18TL03004_010;S27-03;47.63;-52.12;256722;151;04-may-03;03:29:00;152.18;33.107;1;347.8536;4;-0.861;1;NaN;9;6.9;1;0.92;1;5.97;1;6;7.50;1.16
18TL03004_010;S27-03;47.63;-52.12;256721;164;04-may-03;03:29:00;165.54;33.272;1;331.2402;4;-0.265;1;NaN;9;8.17;1;1.25;1;9.52;1;6;6.54;0.86
18TL03004_011;S27-02;47.58;-52.35;256731;161;04-may-03;05:11:00;162.51;32.969;1;342.8071;4;-1.158;1;NaN;9;NaN;9;NaN;9;NaN;9;6;NaN;NaN
18TL03004_012;STN27;47.5467;-52.5867;256741;5;04-may-03;08:36:00;5.06;32.382;1;405.4198;4;1.225;1;2.49;1;0.08;1;0.34;1;1.14;1;6;0.24;0.07
18TL03004_012;STN27;47.5467;-52.5867;256740;10;04-may-03;08:36:00;9.75;32.387;1;406.715;4;1.212;1;2.54;1;0;1;0.34;1;1.31;1;6;0.00;0.00
18TL03004_012;STN27;47.5467;-52.5867;256739;20;04-may-03;08:36:00;19.85;32.615;1;410.779;4;0.194;1;6.18;1;0.22;1;0.41;1;1.3;1;6;0.54;0.17
18TL03004_012;STN27;47.5467;-52.5867;256738;29;04-may-03;08:36:00;29.73;32.636;1;405.9557;4;0.049;1;6.91;1;0.16;1;0.46;1;1.28;1;6;0.35;0.13
18TL03004_012;STN27;47.5467;-52.5867;256737;39;04-may-03;08:36:00;39.4;32.716;1;377.7309;4;-1.111;1;1.3;1;5.02;1;0.81;1;4.52;1;6;6.20;1.11
18TL03004_012;STN27;47.5467;-52.5867;256736;49;04-may-03;08:36:00;49.63;32.729;1;381.2144;4;-1.213;1;1.29;1;5.16;1;0.9;1;5.09;1;6;5.73;1.01
18TL03004_012;STN27;47.5467;-52.5867;256735;74;04-may-03;08:36:00;74.91;32.737;1;375.7212;4;-1.387;1;2.57;1;0.14;1;0.3;1;1.27;1;6;0.47;0.11
18TL03004_012;STN27;47.5467;-52.5867;256734;100;04-may-03;08:36:00;100.64;32.746;1;373.1309;4;-1.447;1;0.7;1;6.31;1;0.94;1;5.59;1;6;6.71;1.13
18TL03004_012;STN27;47.5467;-52.5867;256733;150;04-may-03;08:36:00;151.06;32.837;1;358.3486;4;-1.532;1;NaN;9;6.18;1;0.92;1;6.74;1;6;6.72;0.92
18TL03004_012;STN27;47.5467;-52.5867;256732;169;04-may-03;08:36:00;170.07;32.858;1;354.9545;4;-1.479;1;NaN;9;7.39;1;1.01;1;8.45;1;6;7.32;0.87
