CTD;CTD;CTD;CTD;CTD;CTD;CTD;CTD;CTD;CTD;CTD;labo;labo;labo;labo;labo;labo;labo;labo;labo;labo;labo;labo;labo;labo;labo;labo;labo;labo;labo;labo;labo;labo;labo;calc;calc
Fichier;Station;Latitude;Longitude;Echantillon;zbouteille;Date;Heure;PSAL;TEMP_XX;DOXY;CHL_01;Q_CHL;PSAL_BS;Q_PSAL;OXY_02;Q_OXY;NO2_01;Q_NO2;NO2_01;Q_NO2;NOx_01;Q_NOX;NOx_01;Q_NOX;PO4_01;Q_PO4;PO4_01;Q_PO4;Si_01;Q_Si;Si_01;Q_Si;QCFF;N_P;N_Si
(nom);(nom/no);(degres);(degres);(no_unique);(dbar);(jj-mmm-yyyy);(GMT);(psu);(celsius);(ml/l);(mg/m**3);((none));(PSU);((none));(ml/l);((none));(mmol/m**3);((none));(mmol/m**3);((none));(mmol/m**3);((none));(mmol/m**3);((none));(mmol/m**3);((none));(mmol/m**3);((none));(mmol/m**3);((none));(mmol/m**3);((none));((none));((none));((none))
18HU13008_284;HL_02;44.26613;-63.31396;392010;2.86;07-may-13;06:14:00;31.1303;4.0388;7.8461;0.1754;1;31.1567;1;8.0705;1;0.05;1;NaN;9;0.395;1;NaN;9;0.386;1;NaN;9;0.345;1;NaN;9;0;1.02;1.14
18HU13008_284;HL_02;44.26613;-63.31396;392009;9.92;07-may-13;06:14:00;31.1601;3.8438;7.8682;0.2091;1;NaN;9;7.988;1;0.045;1;NaN;9;0.395;1;NaN;9;0.42;1;NaN;9;0.35;1;NaN;9;0;0.94;1.13
18HU13008_284;HL_02;44.26613;-63.31396;392008;20.8;07-may-13;06:14:00;31.3653;3.573;7.8387;0.1923;1;NaN;9;NaN;9;0.095;1;NaN;9;0.185;1;NaN;9;0.421;1;NaN;9;0.47;1;NaN;9;0;0.44;0.39
18HU13008_284;HL_02;44.26613;-63.31396;392007;29.03;07-may-13;06:14:00;31.3964;3.0123;7.9295;0.1803;1;NaN;9;8.093;1;0.095;1;NaN;9;1.385;1;NaN;9;0.4305;1;NaN;9;0.84;1;NaN;9;0;3.22;1.65
18HU13008_284;HL_02;44.26613;-63.31396;392006;40.11;07-may-13;06:14:00;31.6568;2.8776;7.8985;0.1628;1;31.6554;1;8.1055;1;0.115;1;NaN;9;1.48;1;NaN;9;0.4735;1;NaN;9;1.08;1;NaN;9;0;3.13;1.37
18HU13008_284;HL_02;44.26613;-63.31396;392005;51.21;07-may-13;06:14:00;31.8078;2.4634;7.7388;0.0805;1;NaN;9;8.005;1;0.12;1;NaN;9;2.2;1;NaN;9;0.574;1;NaN;9;2.04;1;NaN;9;0;3.83;1.08
18HU13008_284;HL_02;44.26613;-63.31396;392004;60.46;07-may-13;06:14:00;31.8925;1.9724;7.2996;0.0525;1;NaN;9;7.429;1;0.165;1;NaN;9;5.825;1;NaN;9;0.822;1;NaN;9;5.33;1;NaN;9;0;7.09;1.09
18HU13008_284;HL_02;44.26613;-63.31396;392003;79.9;07-may-13;06:14:00;32.2561;2.6732;6.7868;0.049;1;NaN;9;7.02;1;0.17;1;NaN;9;6.895;1;NaN;9;0.875;1;NaN;9;5.66;1;NaN;9;0;7.88;1.22
18HU13008_284;HL_02;44.26613;-63.31396;392002;99.91;07-may-13;06:14:00;32.8641;4.7888;6.0696;0.0508;1;NaN;9;6.363;1;0.19;1;NaN;9;7.83;1;NaN;9;0.8595;1;NaN;9;6.655;1;NaN;9;0;9.11;1.18
18HU13008_284;HL_02;44.26613;-63.31396;392001;137.02;07-may-13;06:14:00;34.353;9.1703;3.9213;0.0665;1;34.3466;1;4.0515;1;0.17;1;NaN;9;14.9;1;NaN;9;1.1685;1;NaN;9;15.94;1;NaN;9;0;12.75;0.93
18HU13008_284;HL_02;44.26613;-63.31396;391992;137.12;07-may-13;06:14:00;34.3636;9.1974;3.9067;NaN;9;NaN;9;NaN;9;NaN;9;NaN;9;NaN;9;NaN;9;NaN;9;NaN;9;NaN;9;NaN;9;0;NaN;NaN
18HU13008_284;HL_02;44.26613;-63.31396;391988;137.13;07-may-13;06:14:00;34.3901;9.2693;3.9079;NaN;9;NaN;9;NaN;9;NaN;9;NaN;9;NaN;9;NaN;9;NaN;9;NaN;9;NaN;9;NaN;9;0;NaN;NaN
18HU13008_284;HL_02;44.26613;-63.31396;391998;137.16;07-may-13;06:14:00;34.3566;9.1791;3.9235;NaN;9;NaN;9;NaN;9;NaN;9;NaN;9;NaN;9;NaN;9;NaN;9;NaN;9;NaN;9;NaN;9;0;NaN;NaN
18HU13008_284;HL_02;44.26613;-63.31396;391994;137.17;07-may-13;06:14:00;34.3633;9.193;3.9051;NaN;9;NaN;9;NaN;9;NaN;9;NaN;9;NaN;9;NaN;9;NaN;9;NaN;9;NaN;9;NaN;9;0;NaN;NaN
18HU13008_284;HL_02;44.26613;-63.31396;391997;137.27;07-may-13;06:14:00;34.3585;9.1801;3.9094;NaN;9;NaN;9;NaN;9;NaN;9;NaN;9;NaN;9;NaN;9;NaN;9;NaN;9;NaN;9;NaN;9;0;NaN;NaN
18HU13008_284;HL_02;44.26613;-63.31396;391990;137.42;07-may-13;06:14:00;34.3756;9.2261;3.9158;NaN;9;NaN;9;NaN;9;NaN;9;NaN;9;NaN;9;NaN;9;NaN;9;NaN;9;NaN;9;NaN;9;0;NaN;NaN
18HU13008_284;HL_02;44.26613;-63.31396;391989;137.44;07-may-13;06:14:00;34.3866;9.2523;3.8825;NaN;9;NaN;9;NaN;9;NaN;9;NaN;9;NaN;9;NaN;9;NaN;9;NaN;9;NaN;9;NaN;9;0;NaN;NaN
18HU13008_284;HL_02;44.26613;-63.31396;391996;137.46;07-may-13;06:14:00;34.3672;9.205;3.9127;NaN;9;NaN;9;NaN;9;NaN;9;NaN;9;NaN;9;NaN;9;NaN;9;NaN;9;NaN;9;NaN;9;0;NaN;NaN
18HU13008_284;HL_02;44.26613;-63.31396;391991;137.47;07-may-13;06:14:00;34.3716;9.2199;3.895;NaN;9;NaN;9;NaN;9;NaN;9;NaN;9;NaN;9;NaN;9;NaN;9;NaN;9;NaN;9;NaN;9;0;NaN;NaN
18HU13008_284;HL_02;44.26613;-63.31396;392000;137.48;07-may-13;06:14:00;34.3595;9.1872;3.9258;NaN;9;NaN;9;NaN;9;NaN;9;NaN;9;NaN;9;NaN;9;NaN;9;NaN;9;NaN;9;NaN;9;0;NaN;NaN
18HU13008_284;HL_02;44.26613;-63.31396;391995;137.57;07-may-13;06:14:00;34.3718;9.2139;3.9201;NaN;9;NaN;9;NaN;9;NaN;9;NaN;9;NaN;9;NaN;9;NaN;9;NaN;9;NaN;9;NaN;9;0;NaN;NaN
18HU13008_284;HL_02;44.26613;-63.31396;391993;137.58;07-may-13;06:14:00;34.3672;9.2076;3.9068;NaN;9;NaN;9;NaN;9;NaN;9;NaN;9;NaN;9;NaN;9;NaN;9;NaN;9;NaN;9;NaN;9;0;NaN;NaN
18HU13008_284;HL_02;44.26613;-63.31396;391987;137.64;07-may-13;06:14:00;34.3856;9.2572;3.9217;NaN;9;NaN;9;NaN;9;NaN;9;NaN;9;NaN;9;NaN;9;NaN;9;NaN;9;NaN;9;NaN;9;0;NaN;NaN
18HU13008_284;HL_02;44.26613;-63.31396;391999;137.77;07-may-13;06:14:00;34.3627;9.1994;3.9248;NaN;9;NaN;9;NaN;9;NaN;9;NaN;9;NaN;9;NaN;9;NaN;9;NaN;9;NaN;9;NaN;9;0;NaN;NaN
18HU13008_058;STN27;47.54669;-52.59989;392034;5.79;09-may-13;11:38:00;32.2375;1.5593;8.5634;0.2429;1;32.2597;1;8.506;1;0.055;1;NaN;9;0.55;1;NaN;9;0.2885;1;NaN;9;0.065;1;NaN;9;0;1.91;8.46
18HU13008_058;STN27;47.54669;-52.59989;392033;10.66;09-may-13;11:38:00;32.2373;1.5836;8.5493;0.3474;1;NaN;9;8.53;1;NaN;9;NaN;9;NaN;9;NaN;9;NaN;9;NaN;9;NaN;9;NaN;9;0;NaN;NaN
18HU13008_058;STN27;47.54669;-52.59989;392032;20.24;09-may-13;11:38:00;32.2367;1.5019;8.5661;NaN;9;NaN;9;NaN;9;NaN;9;NaN;9;NaN;9;NaN;9;NaN;9;NaN;9;NaN;9;NaN;9;0;NaN;NaN
18HU13008_058;STN27;47.54669;-52.59989;392030;31.01;09-may-13;11:38:00;32.2371;1.3347;8.6116;NaN;9;NaN;9;NaN;9;0.04;1;NaN;9;0.545;1;NaN;9;0.3035;1;NaN;9;0.11;1;NaN;9;0;1.80;4.95
18HU13008_058;STN27;47.54669;-52.59989;392031;31.3;09-may-13;11:38:00;32.238;1.2985;8.5996;0.3144;1;NaN;9;NaN;9;0.05;1;NaN;9;0.425;1;NaN;9;0.2695;1;NaN;9;0.08;1;NaN;9;0;1.58;5.31
18HU13008_058;STN27;47.54669;-52.59989;392029;40.83;09-may-13;11:38:00;32.263;0.8746;8.6692;0.4655;1;32.2614;1;8.7635;1;0.06;1;NaN;9;0.87;1;NaN;9;0.3305;1;NaN;9;0.13;1;NaN;9;0;2.63;6.69
18HU13008_058;STN27;47.54669;-52.59989;392028;50.38;09-may-13;11:38:00;32.4389;1.1979;8.8326;1.1472;1;NaN;9;8.953;1;0.04;1;NaN;9;0.635;1;NaN;9;0.2765;1;NaN;9;0.955;1;NaN;9;0;2.30;0.66
18HU13008_058;STN27;47.54669;-52.59989;392027;75.5;09-may-13;11:38:00;32.4973;0.5132;8.8307;1.0876;1;NaN;9;8.954;1;0.045;1;NaN;9;0.665;1;NaN;9;0.307;1;NaN;9;0.135;1;NaN;9;0;2.17;4.93
18HU13008_058;STN27;47.54669;-52.59989;392026;99.92;09-may-13;11:38:00;32.5493;-0.4482;8.2208;1.0579;1;NaN;9;NaN;9;0.09;1;NaN;9;3.36;1;NaN;9;0.606;1;NaN;9;1.395;1;NaN;9;0;5.54;2.41
18HU13008_058;STN27;47.54669;-52.59989;392025;151.87;09-may-13;11:38:00;32.8369;-0.2292;7.4243;1.1919;1;NaN;9;7.541;1;0.11;1;NaN;9;6.835;1;NaN;9;0.8635;1;NaN;9;4.755;1;NaN;9;0;7.92;1.44
18HU13008_058;STN27;47.54669;-52.59989;392011;163.12;09-may-13;11:38:00;32.8482;-0.2352;7.3623;NaN;9;NaN;9;7.4325;1;NaN;9;NaN;9;NaN;9;NaN;9;NaN;9;NaN;9;NaN;9;NaN;9;0;NaN;NaN
18HU13008_058;STN27;47.54669;-52.59989;392012;163.69;09-may-13;11:38:00;32.8489;-0.2375;7.3586;NaN;9;NaN;9;7.408;1;NaN;9;NaN;9;NaN;9;NaN;9;NaN;9;NaN;9;NaN;9;NaN;9;0;NaN;NaN
18HU13008_058;STN27;47.54669;-52.59989;392017;163.76;09-may-13;11:38:00;32.8493;-0.2377;7.3552;NaN;9;NaN;9;7.425;1;NaN;9;NaN;9;NaN;9;NaN;9;NaN;9;NaN;9;NaN;9;NaN;9;0;NaN;NaN
18HU13008_058;STN27;47.54669;-52.59989;392019;163.78;09-may-13;11:38:00;32.8493;-0.2378;7.3568;NaN;9;NaN;9;7.4015;1;NaN;9;NaN;9;NaN;9;NaN;9;NaN;9;NaN;9;NaN;9;NaN;9;0;NaN;NaN
18HU13008_058;STN27;47.54669;-52.59989;392013;163.8;09-may-13;11:38:00;32.8491;-0.238;7.3703;NaN;9;NaN;9;7.411;1;NaN;9;NaN;9;NaN;9;NaN;9;NaN;9;NaN;9;NaN;9;NaN;9;0;NaN;NaN
18HU13008_058;STN27;47.54669;-52.59989;392016;163.85;09-may-13;11:38:00;32.8492;-0.2377;7.358;NaN;9;NaN;9;7.428;1;NaN;9;NaN;9;NaN;9;NaN;9;NaN;9;NaN;9;NaN;9;NaN;9;0;NaN;NaN
18HU13008_058;STN27;47.54669;-52.59989;392014;163.98;09-may-13;11:38:00;32.849;-0.2373;7.3546;NaN;9;NaN;9;7.416;1;NaN;9;NaN;9;NaN;9;NaN;9;NaN;9;NaN;9;NaN;9;NaN;9;0;NaN;NaN
18HU13008_058;STN27;47.54669;-52.59989;392015;164.01;09-may-13;11:38:00;32.8491;-0.2374;7.36;NaN;9;NaN;9;7.413;1;NaN;9;NaN;9;NaN;9;NaN;9;NaN;9;NaN;9;NaN;9;NaN;9;0;NaN;NaN
18HU13008_058;STN27;47.54669;-52.59989;392023;164.04;09-may-13;11:38:00;32.8492;-0.2372;7.3532;NaN;9;NaN;9;7.4105;1;NaN;9;NaN;9;NaN;9;NaN;9;NaN;9;NaN;9;NaN;9;NaN;9;0;NaN;NaN
18HU13008_058;STN27;47.54669;-52.59989;392020;164.07;09-may-13;11:38:00;32.849;-0.2373;7.3596;NaN;9;NaN;9;7.405;1;NaN;9;NaN;9;NaN;9;NaN;9;NaN;9;NaN;9;NaN;9;NaN;9;0;NaN;NaN
18HU13008_058;STN27;47.54669;-52.59989;392024;164.1;09-may-13;11:38:00;32.8492;-0.2374;7.3511;1.4561;1;32.8518;1;7.4255;1;0.115;1;NaN;9;7.42;1;NaN;9;0.9915;1;NaN;9;5.22;1;NaN;9;0;7.48;1.42
18HU13008_058;STN27;47.54669;-52.59989;392021;164.17;09-may-13;11:38:00;32.8488;-0.2364;7.3618;NaN;9;NaN;9;6.788;1;NaN;9;NaN;9;NaN;9;NaN;9;NaN;9;NaN;9;NaN;9;NaN;9;0;NaN;NaN
18HU13008_058;STN27;47.54669;-52.59989;392018;164.3;09-may-13;11:38:00;32.8492;-0.2376;7.3553;NaN;9;NaN;9;7.4215;1;NaN;9;NaN;9;NaN;9;NaN;9;NaN;9;NaN;9;NaN;9;NaN;9;0;NaN;NaN
18HU13008_058;STN27;47.54669;-52.59989;392022;164.33;09-may-13;11:38:00;32.849;-0.2371;7.3565;NaN;9;NaN;9;6.6255;1;NaN;9;NaN;9;NaN;9;NaN;9;NaN;9;NaN;9;NaN;9;NaN;9;0;NaN;NaN
18HU13008_121;HL_16;39.6903;-59.548;392809;3.07;24-may-13;09:44:00;36.2356;22.3438;4.7817;NaN;9;36.2374;1;4.966;1;NaN;9;0.1;1;NaN;9;0;1;NaN;9;0.0135;1;NaN;9;0.85;1;0;0.00;0.00
18HU13008_121;HL_16;39.6903;-59.548;392808;49.12;24-may-13;09:44:00;36.3715;21.4302;4.7682;NaN;9;36.3842;1;4.965;1;NaN;9;0.12;1;NaN;9;0;1;NaN;9;0.03;1;NaN;9;0.485;1;0;0.00;0.00
18HU13008_121;HL_16;39.6903;-59.548;392807;100.03;24-may-13;09:44:00;36.6237;20.5754;3.4732;NaN;9;36.6547;1;3.581;1;NaN;9;0.07;1;NaN;9;6.235;1;NaN;9;0.318;1;NaN;9;2.255;1;0;19.61;2.76
18HU13008_121;HL_16;39.6903;-59.548;392806;194.96;24-may-13;09:44:00;36.3082;16.9578;4.0889;NaN;9;36.3006;1;4.28;1;NaN;9;0;1;NaN;9;7.89;1;NaN;9;0.4165;1;NaN;9;2.555;1;0;18.94;3.09
18HU13008_121;HL_16;39.6903;-59.548;392805;331.34;24-may-13;09:44:00;35.782;13.8555;4.9268;NaN;9;35.778;1;5.121;1;NaN;9;0.04;1;NaN;9;9.84;1;NaN;9;0.585;1;NaN;9;4.075;1;0;16.82;2.41
18HU13008_121;HL_16;39.6903;-59.548;392804;536.12;24-may-13;09:44:00;35.3955;10.9943;3.1706;NaN;9;35.3806;1;NaN;9;NaN;9;0.04;1;NaN;9;23.3;1;NaN;9;1.4165;1;NaN;9;11.675;1;0;16.45;2.00
18HU13008_121;HL_16;39.6903;-59.548;392803;730.25;24-may-13;09:44:00;35.0974;7.2709;3.9579;NaN;9;35.099;1;NaN;9;NaN;9;0.06;1;NaN;9;23.865;1;NaN;9;1.499;1;NaN;9;14.23;1;0;15.92;1.68
18HU13008_121;HL_16;39.6903;-59.548;392802;960.45;24-may-13;09:44:00;35.0251;5.2234;5.193;NaN;9;35.025;1;5.375;1;NaN;9;0;1;NaN;9;20.035;1;NaN;9;1.2795;1;NaN;9;12.37;1;0;15.66;1.62
18HU13008_121;HL_16;39.6903;-59.548;392801;1201.6;24-may-13;09:44:00;34.9942;4.5686;5.574;NaN;9;34.9948;1;5.782;1;NaN;9;0.15;1;NaN;9;19.02;1;NaN;9;1.179;1;NaN;9;12.035;1;0;16.13;1.58
18HU13008_121;HL_16;39.6903;-59.548;392800;1450.62;24-may-13;09:44:00;34.9746;4.1728;5.7388;NaN;9;34.9743;1;5.969;1;NaN;9;0.135;1;NaN;9;18.7;1;NaN;9;1.1655;1;NaN;9;12.275;1;0;16.04;1.52
18HU13008_121;HL_16;39.6903;-59.548;392799;1721.53;24-may-13;09:44:00;34.9649;3.9345;5.7896;NaN;9;34.966;1;6.03933;1;NaN;9;0.125;1;NaN;9;18.48;1;NaN;9;1.155;1;NaN;9;12.96;1;0;16.00;1.43
18HU13008_121;HL_16;39.6903;-59.548;392798;2002.92;24-may-13;09:44:00;34.9549;3.6935;5.838;NaN;9;34.9558;1;6.119;1;NaN;9;0.115;1;NaN;9;18.65;1;NaN;9;1.1575;1;NaN;9;13.85;1;0;16.11;1.35
18HU13008_121;HL_16;39.6903;-59.548;392797;2277.05;24-may-13;09:44:00;34.9469;3.4678;5.8632;NaN;9;34.9467;1;6.149;1;NaN;9;0.1;1;NaN;9;18.55;1;NaN;9;1.1675;1;NaN;9;15.25;1;0;15.89;1.22
18HU13008_121;HL_16;39.6903;-59.548;392796;2571.7;24-may-13;09:44:00;34.9449;3.2659;5.8443;NaN;9;34.9451;1;6.099;1;NaN;9;0.085;1;NaN;9;18.885;1;NaN;9;1.187;1;NaN;9;17.57;1;0;15.91;1.07
18HU13008_121;HL_16;39.6903;-59.548;392795;2877.34;24-may-13;09:44:00;34.9378;3.0464;5.8389;NaN;9;34.9382;1;5.959;1;NaN;9;0.07;1;NaN;9;18.86;1;NaN;9;1.204;1;NaN;9;19.64;1;0;15.66;0.96
18HU13008_121;HL_16;39.6903;-59.548;392794;3181.37;24-may-13;09:44:00;34.9265;2.8196;5.8714;NaN;9;34.92633;1;6.187;1;NaN;9;0.065;1;NaN;9;18.775;1;NaN;9;1.2165;1;NaN;9;21.26;1;0;15.43;0.88
18HU13008_121;HL_16;39.6903;-59.548;392793;3471.15;24-may-13;09:44:00;34.9136;2.595;5.9092;NaN;9;34.9128;1;6.182;1;NaN;9;0.06;1;NaN;9;18.51;1;NaN;9;1.3045;1;NaN;9;23.005;1;0;14.19;0.80
18HU13008_121;HL_16;39.6903;-59.548;392792;3750.01;24-may-13;09:44:00;34.903;2.4312;5.9204;NaN;9;34.9032;1;6.221;1;NaN;9;0.06;1;NaN;9;18.44;1;NaN;9;1.309;1;NaN;9;24.93;1;0;14.09;0.74
18HU13008_121;HL_16;39.6903;-59.548;392791;4000.22;24-may-13;09:44:00;34.8954;2.3332;5.9188;NaN;9;34.8943;1;6.211;1;NaN;9;0.06;1;NaN;9;18.86;1;NaN;9;1.3385;1;NaN;9;27.33;1;0;14.09;0.69
18HU13008_121;HL_16;39.6903;-59.548;392790;4252.87;24-may-13;09:44:00;34.8902;2.2902;5.8979;NaN;9;34.8915;1;5.818;1;NaN;9;0.055;1;NaN;9;18.965;1;NaN;9;1.389;1;NaN;9;29.75;1;0;13.65;0.64
18HU13008_121;HL_16;39.6903;-59.548;392789;4501.45;24-may-13;09:44:00;34.8862;2.2725;5.8752;NaN;9;34.8858;1;6.022;1;NaN;9;0.06;1;NaN;9;19.18;1;NaN;9;1.3885;1;NaN;9;31.79;1;0;13.81;0.60
18HU13008_121;HL_16;39.6903;-59.548;392788;4793.58;24-may-13;09:44:00;34.8823;2.2697;5.8436;NaN;9;34.8825;1;5.25;1;NaN;9;0.06;1;NaN;9;19.67;1;NaN;9;1.413;1;NaN;9;34.505;1;0;13.92;0.57
18HU13008_121;HL_16;39.6903;-59.548;392787;5000.35;24-may-13;09:44:00;34.8795;2.2705;5.8173;NaN;9;34.8795;1;5.65;1;NaN;9;0.06;1;NaN;9;19.755;1;NaN;9;1.4225;1;NaN;9;36.535;1;4;13.89;0.54
18HU13008_121;HL_16;39.6903;-59.548;392786;5220.86;24-may-13;09:44:00;34.8748;2.2574;5.8259;NaN;9;34.8759;1;5.874;1;NaN;9;0.075;1;NaN;9;20.145;1;NaN;9;1.4525;1;NaN;9;39.415;1;4;13.87;0.51
18HU13008_124;HL_16;39.7659;-59.5297;392819;2.88;24-may-13;14:45:00;36.2058;22.4583;4.7587;0.1575;1;NaN;9;NaN;9;NaN;9;0.05;1;NaN;9;0;1;NaN;9;0;1;NaN;9;0.905;1;0;NaN;0.00
18HU13008_124;HL_16;39.7659;-59.5297;392820;3.23;24-may-13;14:45:00;36.2058;22.458;4.7385;NaN;9;NaN;9;NaN;9;NaN;9;NaN;9;NaN;9;NaN;9;NaN;9;NaN;9;NaN;9;NaN;9;0;NaN;NaN
18HU13008_124;HL_16;39.7659;-59.5297;392818;9.08;24-may-13;14:45:00;36.2094;22.4455;4.7382;0.1628;1;NaN;9;NaN;9;NaN;9;0.045;1;NaN;9;0;1;NaN;9;0;1;NaN;9;0.815;1;0;NaN;0.00
18HU13008_124;HL_16;39.7659;-59.5297;392817;19.19;24-may-13;14:45:00;36.2943;22.2091;4.7513;0.154;1;NaN;9;NaN;9;NaN;9;0.045;1;NaN;9;0;1;NaN;9;0;1;NaN;9;0.725;1;0;NaN;0.00
18HU13008_124;HL_16;39.7659;-59.5297;392816;28.65;24-may-13;14:45:00;36.3335;21.9914;4.7459;0.1925;1;NaN;9;NaN;9;NaN;9;0.06;1;NaN;9;0;1;NaN;9;0;1;NaN;9;0.66;1;0;NaN;0.00
18HU13008_124;HL_16;39.7659;-59.5297;392815;39.53;24-may-13;14:45:00;36.3518;21.8666;4.7494;0.1889;1;NaN;9;NaN;9;NaN;9;0.04;1;NaN;9;0;1;NaN;9;0;1;NaN;9;0.505;1;0;NaN;0.00
18HU13008_124;HL_16;39.7659;-59.5297;392814;49.53;24-may-13;14:45:00;36.3508;21.688;4.7674;0.2597;1;NaN;9;NaN;9;NaN;9;0.04;1;NaN;9;0;1;NaN;9;0;1;NaN;9;0.42;1;0;NaN;0.00
18HU13008_124;HL_16;39.7659;-59.5297;392812;60;24-may-13;14:45:00;36.4487;21.5885;4.6322;0.7152;1;NaN;9;NaN;9;NaN;9;0.095;1;NaN;9;0.15;1;NaN;9;0;1;NaN;9;0.59;1;0;NaN;0.25
18HU13008_124;HL_16;39.7659;-59.5297;392813;60.53;24-may-13;14:45:00;36.4488;21.5843;4.6512;NaN;9;NaN;9;NaN;9;NaN;9;NaN;9;NaN;9;NaN;9;NaN;9;NaN;9;NaN;9;NaN;9;0;NaN;NaN
18HU13008_124;HL_16;39.7659;-59.5297;392811;79.21;24-may-13;14:45:00;36.8091;21.8032;3.3007;0.253;1;NaN;9;NaN;9;NaN;9;0.1;1;NaN;9;5.3;1;NaN;9;0.2375;1;NaN;9;1.805;1;0;22.32;2.94
18HU13008_124;HL_16;39.7659;-59.5297;392810;105.03;24-may-13;14:45:00;36.6158;20.6671;3.5094;0.1628;1;NaN;9;NaN;9;NaN;9;0.08;1;NaN;9;5.605;1;NaN;9;0.2795;1;NaN;9;2.095;1;0;20.05;2.68
18HU13008_125;HL_15;40.1481;-59.8488;392844;2.65;24-may-13;17:32:00;36.1979;22.3748;4.8004;0.1785;1;NaN;9;4.974;1;NaN;9;0.17;1;NaN;9;0;1;NaN;9;0.046;1;NaN;9;0.67;1;0;0.00;0.00
18HU13008_125;HL_15;40.1481;-59.8488;392843;49.04;24-may-13;17:32:00;36.6826;20.9637;4.2782;0.2597;1;36.685;1;4.433;1;NaN;9;0.275;1;NaN;9;2.135;1;NaN;9;0.1115;1;NaN;9;1.14;1;0;19.15;1.87
18HU13008_125;HL_15;40.1481;-59.8488;392842;99.94;24-may-13;17:32:00;36.5495;18.5507;4.8348;0.021;1;36.5492;1;5.003;1;NaN;9;0.18;1;NaN;9;1.86;1;NaN;9;0.0955;1;NaN;9;1.12;1;0;19.48;1.66
18HU13008_125;HL_15;40.1481;-59.8488;392841;193.94;24-may-13;17:32:00;36.461;17.5163;4.2631;NaN;9;36.46;1;4.414;1;NaN;9;0.17;1;NaN;9;5.065;1;NaN;9;0.3435;1;NaN;9;2.025;1;0;14.75;2.50
18HU13008_125;HL_15;40.1481;-59.8488;392840;329.56;24-may-13;17:32:00;35.8705;14.2758;4.4685;NaN;9;35.9149;1;4.812;1;NaN;9;0.17;1;NaN;9;9.11;1;NaN;9;0.59;1;NaN;9;4.03;1;0;15.44;2.26
18HU13008_125;HL_15;40.1481;-59.8488;392839;515.08;24-may-13;17:32:00;35.2521;9.8394;3.1211;NaN;9;35.2521;1;3.193;1;NaN;9;0.17;1;NaN;9;22.74;1;NaN;9;1.538;1;NaN;9;13.425;1;0;14.79;1.69
18HU13008_125;HL_15;40.1481;-59.8488;392838;730.47;24-may-13;17:32:00;35.06;6.2787;4.5104;NaN;9;35.0598;1;4.669;1;NaN;9;0.17;1;NaN;9;20.1;1;NaN;9;1.404;1;NaN;9;13.52;1;0;14.32;1.49
18HU13008_125;HL_15;40.1481;-59.8488;392837;959.15;24-may-13;17:32:00;35.012;4.9362;5.4038;NaN;9;35.012;1;5.6;1;NaN;9;0;1;NaN;9;17.6;1;NaN;9;1.2535;1;NaN;9;11.9;1;0;14.04;1.48
18HU13008_125;HL_15;40.1481;-59.8488;392836;1198.73;24-may-13;17:32:00;34.9884;4.4419;5.6426;NaN;9;34.9887;1;5.861;1;NaN;9;0.17;1;NaN;9;17.205;1;NaN;9;1.256;1;NaN;9;11.925;1;0;13.70;1.44
18HU13008_125;HL_15;40.1481;-59.8488;392835;1448.66;24-may-13;17:32:00;34.9736;4.1076;5.7537;NaN;9;34.9734;1;5.913;1;NaN;9;0;1;NaN;9;17.025;1;NaN;9;1.281;1;NaN;9;12.34;1;0;13.29;1.38
18HU13008_125;HL_15;40.1481;-59.8488;392834;1718.29;24-may-13;17:32:00;34.9624;3.836;5.8064;NaN;9;34.9639;1;6.06;1;NaN;9;0.17;1;NaN;9;17.075;1;NaN;9;1.206;1;NaN;9;13.215;1;0;14.16;1.29
18HU13008_125;HL_15;40.1481;-59.8488;392833;2000.11;24-may-13;17:32:00;34.9516;3.578;5.8622;NaN;9;34.9509;1;6.137;1;NaN;9;0.17;1;NaN;9;17.1;1;NaN;9;1.229;1;NaN;9;14.395;1;0;13.91;1.19
18HU13008_125;HL_15;40.1481;-59.8488;392832;2279.97;24-may-13;17:32:00;34.9488;3.3887;5.8449;NaN;9;34.9484;1;6.113;1;NaN;9;0;1;NaN;9;17.095;1;NaN;9;1.224;1;NaN;9;16.075;1;0;13.97;1.06
18HU13008_125;HL_15;40.1481;-59.8488;392831;2570.89;24-may-13;17:32:00;34.9442;3.1955;5.844;NaN;9;34.9438;1;6.102;1;NaN;9;0;1;NaN;9;17.165;1;NaN;9;1.2215;1;NaN;9;18.105;1;0;14.05;0.95
18HU13008_125;HL_15;40.1481;-59.8488;392830;2882.52;24-may-13;17:32:00;34.936;2.9934;5.8426;NaN;9;34.9365;1;6.131;1;NaN;9;0.17;1;NaN;9;17.3;1;NaN;9;1.26;1;NaN;9;19.735;1;0;13.73;0.88
18HU13008_125;HL_15;40.1481;-59.8488;392829;3180.87;24-may-13;17:32:00;34.925;2.7744;5.8627;NaN;9;34.9246;1;6.168;1;NaN;9;0.17;1;NaN;9;17.455;1;NaN;9;1.2405;1;NaN;9;21.59;1;0;14.07;0.81
18HU13008_125;HL_15;40.1481;-59.8488;392828;3470.92;24-may-13;17:32:00;34.9139;2.5804;5.887;NaN;9;34.9131;1;6.164;1;NaN;9;0.17;1;NaN;9;17.385;1;NaN;9;1.2495;1;NaN;9;23.695;1;0;13.91;0.73
18HU13008_125;HL_15;40.1481;-59.8488;392827;3752;24-may-13;17:32:00;34.9016;2.4006;5.932;NaN;9;34.9018;1;6.189;1;NaN;9;0.17;1;NaN;9;17.16;1;NaN;9;1.2805;1;NaN;9;25.355;1;0;13.40;0.68
18HU13008_125;HL_15;40.1481;-59.8488;392826;4001.8;24-may-13;17:32:00;34.8942;2.3126;5.8622;NaN;9;34.8932;1;6.141;1;NaN;9;0.17;1;NaN;9;17.765;1;NaN;9;1.2955;1;NaN;9;29.075;1;0;13.71;0.61
18HU13008_125;HL_15;40.1481;-59.8488;392825;4247.68;24-may-13;17:32:00;34.8899;2.2738;5.8849;NaN;9;34.889;1;6.15267;1;NaN;9;0.17;1;NaN;9;17.875;1;NaN;9;1.304;1;NaN;9;29.675;1;0;13.71;0.60
18HU13008_125;HL_15;40.1481;-59.8488;392824;4499.49;24-may-13;17:32:00;34.8855;2.258;5.8506;NaN;9;34.8857;1;6.126;1;NaN;9;0.17;1;NaN;9;18.08;1;NaN;9;1.3295;1;NaN;9;32.13;1;0;13.60;0.56
18HU13008_125;HL_15;40.1481;-59.8488;392823;4729.19;24-may-13;17:32:00;34.8829;2.2555;5.8464;NaN;9;34.8831;1;6.094;1;NaN;9;0.17;1;NaN;9;18.535;1;NaN;9;1.339;1;NaN;9;33.615;1;0;13.84;0.55
18HU13008_125;HL_15;40.1481;-59.8488;392822;4929.49;24-may-13;17:32:00;34.8794;2.2513;5.8016;NaN;9;34.8797;1;6.045;1;NaN;9;0.17;1;NaN;9;18.835;1;NaN;9;1.374;1;NaN;9;36.24;1;0;13.71;0.52
18HU13008_125;HL_15;40.1481;-59.8488;392821;5161.64;24-may-13;17:32:00;34.87;2.2131;5.7124;NaN;9;34.8693;1;5.902;1;NaN;9;0.19;1;NaN;9;20.505;1;NaN;9;1.4695;1;NaN;9;43.31;1;4;13.95;0.47
18HU13008_129;HL_14;40.598;-60.1363;392868;2.87;25-may-13;00:52:00;34.3131;13.7731;6.074;1.4154;1;34.3115;1;6.398;1;0;1;NaN;9;0;1;NaN;9;0;1;NaN;9;0.53;1;NaN;9;0;NaN;0.00
18HU13008_129;HL_14;40.598;-60.1363;392867;50.26;25-may-13;00:52:00;35.3161;14.7998;5.4277;0.3677;1;35.3141;1;5.749;1;0.09;1;NaN;9;0.59;1;NaN;9;NaN;9;NaN;9;0.495;1;NaN;9;0;NaN;1.19
18HU13008_129;HL_14;40.598;-60.1363;392866;99.05;25-may-13;00:52:00;35.4675;13.3023;5.071;0.049;1;35.4667;1;5.401;1;0.395;1;NaN;9;6.48;1;NaN;9;0.375;1;NaN;9;2.53;1;NaN;9;0;17.28;2.56
18HU13008_129;HL_14;40.598;-60.1363;392865;196.43;25-may-13;00:52:00;35.7978;13.7072;3.5249;NaN;9;35.7961;1;3.684;1;0;1;NaN;9;14.49;1;NaN;9;0.861;1;NaN;9;6.425;1;NaN;9;0;16.83;2.26
18HU13008_129;HL_14;40.598;-60.1363;392864;329;25-may-13;00:52:00;35.4471;11.345;3.1722;NaN;9;35.4459;1;3.321;1;0;1;NaN;9;19.695;1;NaN;9;1.2505;1;NaN;9;10.705;1;NaN;9;0;15.75;1.84
18HU13008_129;HL_14;40.598;-60.1363;392863;514.18;25-may-13;00:52:00;35.0938;7.3744;3.9115;NaN;9;35.0936;1;4.043;1;0;1;NaN;9;21.985;1;NaN;9;1.414;1;NaN;9;13.75;1;NaN;9;0;15.55;1.60
18HU13008_129;HL_14;40.598;-60.1363;392862;730.58;25-may-13;00:52:00;35.0292;5.3738;5.0731;NaN;9;35.0286;1;5.288;1;0;1;NaN;9;18.815;1;NaN;9;1.245;1;NaN;9;12.295;1;NaN;9;0;15.11;1.53
18HU13008_129;HL_14;40.598;-60.1363;392861;961.35;25-may-13;00:52:00;34.9983;4.6708;5.4655;NaN;9;34.9981;1;5.767;1;0;1;NaN;9;17.46;1;NaN;9;1.17;1;NaN;9;11.83;1;NaN;9;0;14.92;1.48
18HU13008_129;HL_14;40.598;-60.1363;392860;1201.12;25-may-13;00:52:00;34.9761;4.2656;5.6158;NaN;9;34.9771;1;6;1;0;1;NaN;9;18.12;1;NaN;9;1.1595;1;NaN;9;11.53;1;NaN;9;0;15.63;1.57
18HU13008_129;HL_14;40.598;-60.1363;392859;1454.38;25-may-13;00:52:00;34.9649;3.9375;5.726;NaN;9;34.9666;1;6.077;1;0;1;NaN;9;17.855;1;NaN;9;1.167;1;NaN;9;12.805;1;NaN;9;0;15.30;1.39
18HU13008_129;HL_14;40.598;-60.1363;392858;1718.89;25-may-13;00:52:00;34.9521;3.6179;5.8068;NaN;9;34.9542;1;6.11967;1;0;1;NaN;9;18.105;1;NaN;9;1.1585;1;NaN;9;14.065;1;NaN;9;0;15.63;1.29
18HU13008_129;HL_14;40.598;-60.1363;392857;2000.3;25-may-13;00:52:00;34.9494;3.4685;5.7681;NaN;9;34.9485;1;6.158;1;0;1;NaN;9;18.195;1;NaN;9;1.1615;1;NaN;9;15.245;1;NaN;9;0;15.67;1.19
18HU13008_129;HL_14;40.598;-60.1363;392856;2281.01;25-may-13;00:52:00;34.9467;3.3494;5.7906;NaN;9;34.9467;1;6.149;1;0;1;NaN;9;17.925;1;NaN;9;1.175;1;NaN;9;16.365;1;NaN;9;0;15.26;1.10
18HU13008_129;HL_14;40.598;-60.1363;392855;2572.61;25-may-13;00:52:00;34.9454;3.2489;5.7594;NaN;9;34.9445;1;6.138;1;0;1;NaN;9;18.225;1;NaN;9;1.175;1;NaN;9;17.805;1;NaN;9;0;15.51;1.02
18HU13008_129;HL_14;40.598;-60.1363;392854;2880.28;25-may-13;00:52:00;34.9404;3.098;5.7742;NaN;9;34.9388;1;6.14;1;0;1;NaN;9;18.525;1;NaN;9;1.1825;1;NaN;9;19.005;1;NaN;9;0;15.67;0.97
18HU13008_129;HL_14;40.598;-60.1363;392853;3181.96;25-may-13;00:52:00;34.9243;2.761;5.8244;NaN;9;34.92383;1;6.18;1;0;1;NaN;9;18.43;1;NaN;9;1.191;1;NaN;9;21.58;1;NaN;9;0;15.47;0.85
18HU13008_129;HL_14;40.598;-60.1363;392852;3471.36;25-may-13;00:52:00;34.9112;2.5367;5.8509;NaN;9;34.9112;1;6.218;1;0.06;1;NaN;9;17.96;1;NaN;9;1.2085;1;NaN;9;23.685;1;NaN;9;0;14.86;0.76
18HU13008_129;HL_14;40.598;-60.1363;392851;3751.05;25-may-13;00:52:00;34.9012;2.3926;5.8503;NaN;9;34.9012;1;6.214;1;0.06;1;NaN;9;18.53;1;NaN;9;1.2305;1;NaN;9;25.9;1;NaN;9;0;15.06;0.72
18HU13008_129;HL_14;40.598;-60.1363;392850;4001.2;25-may-13;00:52:00;34.8943;2.3115;5.8122;NaN;9;34.8939;1;6.193;1;0;1;NaN;9;18.885;1;NaN;9;1.265;1;NaN;9;28.455;1;NaN;9;0;14.93;0.66
18HU13008_129;HL_14;40.598;-60.1363;392849;4249.62;25-may-13;00:52:00;34.8898;2.2751;5.8355;NaN;9;34.8893;1;6.14967;1;0;1;NaN;9;19.285;1;NaN;9;1.2755;1;NaN;9;30.365;1;NaN;9;0;15.12;0.64
18HU13008_129;HL_14;40.598;-60.1363;392848;4497.33;25-may-13;00:52:00;34.8856;2.2613;5.7968;NaN;9;34.8852;1;6.133;1;0;1;NaN;9;19.46;1;NaN;9;1.3185;1;NaN;9;33.04;1;NaN;9;0;14.76;0.59
18HU13008_129;HL_14;40.598;-60.1363;392847;4731.46;25-may-13;00:52:00;34.8825;2.2596;5.7619;NaN;9;34.8828;1;5.996;1;0;1;NaN;9;19.72;1;NaN;9;1.3355;1;NaN;9;34.64;1;NaN;9;0;14.77;0.57
18HU13008_129;HL_14;40.598;-60.1363;392846;4930.5;25-may-13;00:52:00;34.8796;2.2597;5.7467;NaN;9;34.8799;1;6.043;1;NaN;9;NaN;9;19.81;1;NaN;9;1.358;1;NaN;9;36.55;1;NaN;9;0;14.59;0.54
18HU13008_129;HL_14;40.598;-60.1363;392845;5050.72;25-may-13;00:52:00;34.8763;2.2442;5.7386;NaN;9;34.8765;1;6.001;1;0.065;1;NaN;9;20.12;1;NaN;9;1.384;1;NaN;9;39.04;1;NaN;9;4;14.54;0.52
18HU13008_132;HL_13;41.021;-60.4183;392892;2.13;25-may-13;08:05:00;35.2741;15.4568;5.6869;0.0893;1;35.5658;7;4.965;1;0.07;1;NaN;9;8.745;1;NaN;9;0.607;1;NaN;9;3.335;1;NaN;9;256;14.41;2.62
18HU13008_132;HL_13;41.021;-60.4183;392891;49.28;25-may-13;08:05:00;35.5489;13.4997;4.8402;0.0228;1;35.7634;7;4.984;1;0.05;1;NaN;9;8.495;1;NaN;9;0.6055;1;NaN;9;3.705;1;NaN;9;256;14.03;2.29
18HU13008_132;HL_13;41.021;-60.4183;392890;100.38;25-may-13;08:05:00;35.7644;13.8138;4.9644;0.0193;1;35.7636;1;5.12933;1;0.06;1;NaN;9;9.28;1;NaN;9;0.628;1;NaN;9;4.225;1;NaN;9;0;14.78;2.20
18HU13008_132;HL_13;41.021;-60.4183;392889;194.16;25-may-13;08:05:00;35.7012;13.2883;4.7752;NaN;9;35.699;1;4.263;1;0.045;1;NaN;9;11.335;1;NaN;9;0.734;1;NaN;9;5.05;1;NaN;9;0;15.44;2.24
18HU13008_132;HL_13;41.021;-60.4183;392888;330.55;25-may-13;08:05:00;35.3114;10.3289;3.0557;NaN;9;35.3132;1;3.074;1;0.04;1;NaN;9;23.69;1;NaN;9;1.532;1;NaN;9;12.81;1;NaN;9;0;15.46;1.85
18HU13008_132;HL_13;41.021;-60.4183;392887;514.82;25-may-13;08:05:00;35.0786;6.7746;4.2271;NaN;9;35.0782;1;NaN;9;0.035;1;NaN;9;19.82;1;NaN;9;1.4195;1;NaN;9;13.63;1;NaN;9;0;13.96;1.45
18HU13008_132;HL_13;41.021;-60.4183;392886;731.39;25-may-13;08:05:00;35.0212;5.1783;5.222;NaN;9;35.0211;1;5.423;1;0.035;1;NaN;9;18.255;1;NaN;9;1.2775;1;NaN;9;11.795;1;NaN;9;0;14.29;1.55
18HU13008_132;HL_13;41.021;-60.4183;392885;958.95;25-may-13;08:05:00;34.9948;4.5848;5.5921;NaN;9;34.9934;1;5.818;1;0.035;1;NaN;9;18.445;1;NaN;9;1.2475;1;NaN;9;11.9;1;NaN;9;0;14.79;1.55
18HU13008_132;HL_13;41.021;-60.4183;392884;1199.9;25-may-13;08:05:00;34.978;4.2351;5.7189;NaN;9;34.9778;1;NaN;9;0.03;1;NaN;9;18.15;1;NaN;9;1.2195;1;NaN;9;12.455;1;NaN;9;0;14.88;1.46
18HU13008_132;HL_13;41.021;-60.4183;392883;1448.25;25-may-13;08:05:00;34.968;3.9734;5.7977;NaN;9;34.967;1;6.049;1;0.04;1;NaN;9;18.125;1;NaN;9;1.2335;1;NaN;9;12.835;1;NaN;9;0;14.69;1.41
18HU13008_132;HL_13;41.021;-60.4183;392882;1718.26;25-may-13;08:05:00;34.9583;3.7187;5.8322;NaN;9;34.9594;1;6.05867;1;0.03;1;NaN;9;18.15;1;NaN;9;1.2315;1;NaN;9;13.9;1;NaN;9;0;14.74;1.31
18HU13008_132;HL_13;41.021;-60.4183;392881;2002.28;25-may-13;08:05:00;34.9509;3.4903;5.8598;NaN;9;34.9503;1;6.013;1;0.035;1;NaN;9;17.94;1;NaN;9;1.222;1;NaN;9;14.925;1;NaN;9;0;14.68;1.20
18HU13008_132;HL_13;41.021;-60.4183;392880;2278.41;25-may-13;08:05:00;34.9478;3.303;5.8542;NaN;9;34.9474;1;6.131;1;0.03;1;NaN;9;18.07;1;NaN;9;1.2355;1;NaN;9;17.105;1;NaN;9;0;14.63;1.06
18HU13008_132;HL_13;41.021;-60.4183;392879;2570.76;25-may-13;08:05:00;34.9408;3.071;5.8385;NaN;9;34.9407;1;6.126;1;0.035;1;NaN;9;18.265;1;NaN;9;1.2615;1;NaN;9;19.525;1;NaN;9;0;14.48;0.94
18HU13008_132;HL_13;41.021;-60.4183;392878;2878.55;25-may-13;08:05:00;34.9265;2.8012;5.911;NaN;9;34.9255;1;6.194;1;0.04;1;NaN;9;17.875;1;NaN;9;1.236;1;NaN;9;20.165;1;NaN;9;0;14.46;0.89
18HU13008_132;HL_13;41.021;-60.4183;392877;3180.91;25-may-13;08:05:00;34.9147;2.5714;5.9035;NaN;9;34.91433;1;6.212;1;0.03;1;NaN;9;18.11;1;NaN;9;1.253;1;NaN;9;24.41;1;NaN;9;0;14.45;0.74
18HU13008_132;HL_13;41.021;-60.4183;392876;3468.74;25-may-13;08:05:00;34.9043;2.4074;5.9234;NaN;9;34.9033;1;6.21;1;0.03;1;NaN;9;18.27;1;NaN;9;1.264;1;NaN;9;25.53;1;NaN;9;0;14.45;0.72
18HU13008_132;HL_13;41.021;-60.4183;392875;3722.25;25-may-13;08:05:00;34.8965;2.31;5.9063;NaN;9;34.8957;1;6.194;1;0.035;1;NaN;9;18.535;1;NaN;9;1.274;1;NaN;9;27.765;1;NaN;9;0;14.55;0.67
18HU13008_132;HL_13;41.021;-60.4183;392874;3952.09;25-may-13;08:05:00;34.8914;2.2631;5.8846;NaN;9;NaN;9;NaN;9;NaN;9;NaN;9;NaN;9;NaN;9;NaN;9;NaN;9;NaN;9;NaN;9;0;NaN;NaN
18HU13008_132;HL_13;41.021;-60.4183;392873;4161.62;25-may-13;08:05:00;34.8881;2.2446;5.8544;NaN;9;34.8884;1;6.08733;1;0.04;1;NaN;9;19.25;1;NaN;9;1.339;1;NaN;9;31.225;1;NaN;9;0;14.38;0.62
18HU13008_132;HL_13;41.021;-60.4183;392872;4389.74;25-may-13;08:05:00;34.8862;2.2419;5.875;NaN;9;34.8855;1;6.134;1;0.06;1;NaN;9;19.465;1;NaN;9;1.348;1;NaN;9;32.045;1;NaN;9;0;14.44;0.61
18HU13008_132;HL_13;41.021;-60.4183;392871;4620.37;25-may-13;08:05:00;34.8829;2.2405;5.8203;NaN;9;34.8825;1;6.076;1;0.03;1;NaN;9;19.56;1;NaN;9;1.3775;1;NaN;9;34.26;1;NaN;9;0;14.20;0.57
18HU13008_132;HL_13;41.021;-60.4183;392870;4802.04;25-may-13;08:05:00;34.8794;2.2382;5.7669;NaN;9;34.8792;1;6.032;1;0.035;1;NaN;9;19.85;1;NaN;9;1.4075;1;NaN;9;38.805;1;NaN;9;0;14.10;0.51
18HU13008_132;HL_13;41.021;-60.4183;392869;4933.4;25-may-13;08:05:00;34.8776;2.2346;5.8204;NaN;9;35.2808;7;5.928;1;NaN;9;NaN;9;NaN;9;NaN;9;NaN;9;NaN;9;NaN;9;NaN;9;256;NaN;NaN
18HU13008_136;HL_12;41.4134;-60.6682;392916;3.15;25-may-13;14:59:00;35.7405;15.8864;5.6374;0.894;1;35.308;7;5.875;1;0;1;NaN;9;0;1;NaN;9;NaN;9;NaN;9;0;1;NaN;9;256;NaN;NaN
18HU13008_136;HL_12;41.4134;-60.6682;392915;47.92;25-may-13;14:59:00;35.0683;12.1548;5.3312;0.119;1;35.0681;1;5.555;1;0;1;NaN;9;7.17;1;NaN;9;NaN;9;NaN;9;0;1;NaN;9;0;NaN;NaN
18HU13008_136;HL_12;41.4134;-60.6682;392914;99.09;25-may-13;14:59:00;36.2301;12.3078;4.8746;0.0105;1;35.5346;7;5.051;1;0;1;NaN;9;10.545;1;NaN;9;NaN;9;NaN;9;2.735;1;NaN;9;256;NaN;3.86
18HU13008_136;HL_12;41.4134;-60.6682;392913;195.52;25-may-13;14:59:00;35.6545;12.953;4.4003;NaN;9;35.6489;1;4.601;1;0;1;NaN;9;13.38;1;NaN;9;NaN;9;NaN;9;6.395;1;NaN;9;0;NaN;2.09
18HU13008_136;HL_12;41.4134;-60.6682;392912;332.11;25-may-13;14:59:00;35.2098;9.3014;3.1884;NaN;9;35.2093;1;3.301;1;0;1;NaN;9;24.22;1;NaN;9;NaN;9;NaN;9;22.35;1;NaN;9;0;NaN;1.08
18HU13008_136;HL_12;41.4134;-60.6682;392911;512.92;25-may-13;14:59:00;35.0167;6.2685;4.4487;NaN;9;35.0185;1;4.541;1;0;1;NaN;9;21.34;1;NaN;9;NaN;9;NaN;9;30.42;1;NaN;9;0;NaN;0.70
18HU13008_136;HL_12;41.4134;-60.6682;392910;730.91;25-may-13;14:59:00;35.0216;5.2016;5.2044;NaN;9;35.0203;1;5.403;1;0;1;NaN;9;18.485;1;NaN;9;NaN;9;NaN;9;32.71;1;NaN;9;0;NaN;0.57
18HU13008_136;HL_12;41.4134;-60.6682;392909;960.64;25-may-13;14:59:00;34.8468;4.6545;5.6476;NaN;9;34.9806;1;5.894;1;0;1;NaN;9;17.89;1;NaN;9;NaN;9;NaN;9;42.02;1;NaN;9;0;NaN;0.43
18HU13008_136;HL_12;41.4134;-60.6682;392908;1201.05;25-may-13;14:59:00;35.1887;4.1044;5.7045;NaN;9;34.9829;7;5.929;1;0;1;NaN;9;18.19;1;NaN;9;NaN;9;NaN;9;38.925;1;NaN;9;256;NaN;0.47
18HU13008_136;HL_12;41.4134;-60.6682;392907;1453.28;25-may-13;14:59:00;34.9868;4.0192;4.5222;NaN;9;34.9708;1;6.028;7;0;1;NaN;9;16.765;1;NaN;9;NaN;9;NaN;9;24.11;1;NaN;9;256;NaN;0.70
18HU13008_136;HL_12;41.4134;-60.6682;392906;1719.78;25-may-13;14:59:00;34.8389;3.9101;5.8032;NaN;9;34.9601;1;6.08667;1;0;1;NaN;9;14.97;1;NaN;9;NaN;9;NaN;9;23.63;1;NaN;9;0;NaN;0.63
18HU13008_136;HL_12;41.4134;-60.6682;392905;1998.91;25-may-13;14:59:00;34.661;3.7896;5.8293;NaN;9;34.9507;7;6.134;1;0;1;NaN;9;17.22;1;NaN;9;NaN;9;NaN;9;20.35;1;NaN;9;256;NaN;0.85
18HU13008_136;HL_12;41.4134;-60.6682;392904;2281.87;25-may-13;14:59:00;34.9451;3.2019;5.8328;NaN;9;34.9446;1;6.1;1;0;1;NaN;9;17.975;1;NaN;9;NaN;9;NaN;9;21.565;1;NaN;9;0;NaN;0.83
18HU13008_136;HL_12;41.4134;-60.6682;392903;2569.49;25-may-13;14:59:00;34.9263;2.9178;5.9548;NaN;9;34.9257;1;6.238;1;0;1;NaN;9;17.41;1;NaN;9;NaN;9;NaN;9;17.525;1;NaN;9;0;NaN;0.99
18HU13008_136;HL_12;41.4134;-60.6682;392902;2878.27;25-may-13;14:59:00;34.9247;2.732;5.8797;NaN;9;34.9238;1;6.194;1;0;1;NaN;9;14.65;1;NaN;9;NaN;9;NaN;9;14.74;1;NaN;9;0;NaN;0.99
18HU13008_136;HL_12;41.4134;-60.6682;392901;3178.25;25-may-13;14:59:00;34.9104;2.4892;5.9129;NaN;9;34.9101;1;6.209;1;0;1;NaN;9;16.77;1;NaN;9;1.2145;1;NaN;9;21.805;1;NaN;9;0;13.81;0.77
18HU13008_136;HL_12;41.4134;-60.6682;392900;3467.5;25-may-13;14:59:00;34.9001;2.3416;5.912;NaN;9;34.8994;1;6.22;1;0;1;NaN;9;18.325;1;NaN;9;1.2785;1;NaN;9;25.425;1;NaN;9;0;14.33;0.72
18HU13008_136;HL_12;41.4134;-60.6682;392899;3747.77;25-may-13;14:59:00;34.8927;2.251;5.914;NaN;9;34.8919;1;6.201;1;0.04;1;NaN;9;15.45;1;NaN;9;1.1635;1;NaN;9;23.335;1;NaN;9;0;13.28;0.66
18HU13008_136;HL_12;41.4134;-60.6682;392898;3949.64;25-may-13;14:59:00;34.8887;2.2268;5.8586;NaN;9;34.888;1;6.151;1;0.04;1;NaN;9;18.98;1;NaN;9;1.329;1;NaN;9;30.38;1;NaN;9;0;14.28;0.62
18HU13008_136;HL_12;41.4134;-60.6682;392897;4150.78;25-may-13;14:59:00;34.8855;2.2146;5.8305;NaN;9;34.8821;1;6.116;1;0.03;1;NaN;9;16.615;1;NaN;9;1.2585;1;NaN;9;27.765;1;NaN;9;0;13.20;0.60
18HU13008_136;HL_12;41.4134;-60.6682;392896;4348.81;25-may-13;14:59:00;34.8832;2.2129;5.8105;NaN;9;34.8825;1;6.118;1;0.035;1;NaN;9;18.665;1;NaN;9;1.3295;1;NaN;9;31.81;1;NaN;9;0;14.04;0.59
18HU13008_136;HL_12;41.4134;-60.6682;392895;4499.5;25-may-13;14:59:00;34.8805;2.2076;5.7897;NaN;9;34.8804;1;6.066;1;0.03;1;NaN;9;19.26;1;NaN;9;1.397;1;NaN;9;34.36;1;NaN;9;0;13.79;0.56
18HU13008_136;HL_12;41.4134;-60.6682;392894;4646.86;25-may-13;14:59:00;34.878;2.2013;5.803;NaN;9;34.8755;1;6.044;1;0.03;1;NaN;9;20.045;1;NaN;9;1.405;1;NaN;9;36.995;1;NaN;9;0;14.27;0.54
18HU13008_136;HL_12;41.4134;-60.6682;392893;4709.74;25-may-13;14:59:00;34.8762;2.1952;5.7674;NaN;9;34.8762;1;5.975;1;0.04;1;NaN;9;19.39;1;NaN;9;1.3985;1;NaN;9;36.96;1;NaN;9;0;13.86;0.52
18HU13008_139;HL_11;41.7779;-60.9066;392940;3.56;25-may-13;20:57:00;35.7047;16.4589;5.4984;0.4823;1;35.7039;1;5.724;1;0.05;1;NaN;9;9.58;2;NaN;9;0.648;1;NaN;9;3.71;1;NaN;9;2048;14.78;2.58
18HU13008_139;HL_11;41.7779;-60.9066;392939;49.08;25-may-13;20:57:00;35.7238;14.9733;5.0936;0.28;1;35.7246;1;5.299;1;0.42;1;NaN;9;4.27;1;NaN;9;0.3615;1;NaN;9;1.57;1;NaN;9;0;11.81;2.72
18HU13008_139;HL_11;41.7779;-60.9066;392938;99.4;25-may-13;20:57:00;35.7623;13.9213;4.8377;0.0315;1;35.7578;1;5.057;1;0.05;1;NaN;9;9.23;1;NaN;9;0.654;1;NaN;9;3.74;1;NaN;9;0;14.11;2.47
18HU13008_139;HL_11;41.7779;-60.9066;392937;193.47;25-may-13;20:57:00;35.7091;13.3759;4.6499;NaN;9;35.7074;1;NaN;9;0.04;1;NaN;9;11.31;1;NaN;9;0.774;1;NaN;9;5.74;1;NaN;9;0;14.61;1.97
18HU13008_139;HL_11;41.7779;-60.9066;392936;330.9;25-may-13;20:57:00;35.2485;9.8014;3.0019;NaN;9;35.2485;1;3.086;1;0.045;1;NaN;9;24.63;2;NaN;9;1.6235;1;NaN;9;13.925;1;NaN;9;2048;15.17;1.77
18HU13008_139;HL_11;41.7779;-60.9066;392935;519.65;25-may-13;20:57:00;35.0756;6.5973;4.2836;NaN;9;35.0747;1;4.39;1;0.035;1;NaN;9;20.525;1;NaN;9;1.4265;1;NaN;9;13.28;1;NaN;9;0;14.39;1.55
18HU13008_139;HL_11;41.7779;-60.9066;392934;731.79;25-may-13;20:57:00;35.018;5.0984;5.2498;NaN;9;35.0179;1;5.43233;1;0.045;1;NaN;9;18.945;1;NaN;9;1.308;1;NaN;9;12.25;1;NaN;9;0;14.48;1.55
18HU13008_139;HL_11;41.7779;-60.9066;392933;953.07;25-may-13;20:57:00;34.993;4.5518;5.5779;NaN;9;34.9928;1;5.79;1;0.05;1;NaN;9;18.02;1;NaN;9;1.245;1;NaN;9;11.75;1;NaN;9;0;14.47;1.53
18HU13008_139;HL_11;41.7779;-60.9066;392932;1201.9;25-may-13;20:57:00;34.9778;4.1976;5.7054;NaN;9;34.9777;1;5.953;1;0.04;1;NaN;9;17.885;1;NaN;9;1.231;1;NaN;9;12.16;1;NaN;9;0;14.53;1.47
18HU13008_139;HL_11;41.7779;-60.9066;392931;1449.21;25-may-13;20:57:00;34.9678;3.9655;5.783;NaN;9;34.9674;1;6.034;1;0.04;1;NaN;9;17.905;1;NaN;9;1.2375;1;NaN;9;12.77;1;NaN;9;0;14.47;1.40
18HU13008_139;HL_11;41.7779;-60.9066;392930;1716.83;25-may-13;20:57:00;34.959;3.7118;5.8445;NaN;9;34.9584;1;6.021;1;0.045;1;NaN;9;17.58;1;NaN;9;1.227;1;NaN;9;13.5;1;NaN;9;0;14.33;1.30
18HU13008_139;HL_11;41.7779;-60.9066;392929;2001.07;25-may-13;20:57:00;34.95;3.4788;5.8676;NaN;9;34.9497;1;6.092;1;0.045;1;NaN;9;17.635;1;NaN;9;1.2305;1;NaN;9;14.735;1;NaN;9;0;14.33;1.20
18HU13008_139;HL_11;41.7779;-60.9066;392928;2275.38;25-may-13;20:57:00;34.9477;3.2939;5.8366;NaN;9;34.9472;1;6.118;1;0.05;1;NaN;9;17.545;1;NaN;9;1.2445;1;NaN;9;16.47;1;NaN;9;0;14.10;1.07
18HU13008_139;HL_11;41.7779;-60.9066;392927;2569.76;25-may-13;20:57:00;34.9392;3.0841;5.8667;NaN;9;34.9387;1;6.134;1;0.05;1;NaN;9;17.675;1;NaN;9;1.266;1;NaN;9;18.4;1;NaN;9;0;13.96;0.96
18HU13008_139;HL_11;41.7779;-60.9066;392926;2880.33;25-may-13;20:57:00;34.9281;2.8359;5.8947;NaN;9;34.9273;1;6.188;1;0.04;1;NaN;9;17.785;1;NaN;9;1.243;1;NaN;9;19.685;1;NaN;9;0;14.31;0.90
18HU13008_139;HL_11;41.7779;-60.9066;392925;3181.18;25-may-13;20:57:00;34.9134;2.6063;5.9973;NaN;9;34.91333;1;6.28433;1;0.05;1;NaN;9;17.03;1;NaN;9;1.2195;1;NaN;9;18.75;1;NaN;9;0;13.96;0.91
18HU13008_139;HL_11;41.7779;-60.9066;392924;3472.81;25-may-13;20:57:00;34.9047;2.4355;6.0126;NaN;9;34.9032;1;6.286;1;0.04;1;NaN;9;17.205;1;NaN;9;1.2155;1;NaN;9;20.89;1;NaN;9;0;14.15;0.82
18HU13008_139;HL_11;41.7779;-60.9066;392923;3749.09;25-may-13;20:57:00;34.897;2.3147;6.0145;NaN;9;34.896;1;6.303;1;0.035;1;NaN;9;16.04;7;NaN;9;1.1915;1;NaN;9;21.045;1;NaN;9;512;13.46;0.76
18HU13008_139;HL_11;41.7779;-60.9066;392922;3749.46;25-may-13;20:57:00;34.8972;2.3146;6.0319;NaN;9;NaN;9;NaN;9;NaN;9;NaN;9;NaN;9;NaN;9;NaN;9;NaN;9;NaN;9;NaN;9;0;NaN;NaN
18HU13008_139;HL_11;41.7779;-60.9066;392921;3749.6;25-may-13;20:57:00;34.8972;2.3145;6.0247;NaN;9;NaN;9;NaN;9;0.05;1;NaN;9;17.49;7;NaN;9;1.1995;1;NaN;9;11.625;1;NaN;9;512;14.58;1.50
18HU13008_139;HL_11;41.7779;-60.9066;392920;4000.37;25-may-13;20:57:00;34.8932;2.2643;6.0095;NaN;9;34.8926;1;6.313;1;0.045;1;NaN;9;16.305;1;NaN;9;1.185;1;NaN;9;22.3;1;NaN;9;0;13.76;0.73
18HU13008_139;HL_11;41.7779;-60.9066;392919;4198.12;25-may-13;20:57:00;34.8903;2.2411;5.9947;NaN;9;34.8894;1;6.27;1;0.05;1;NaN;9;17.265;1;NaN;9;1.2625;1;NaN;9;25.17;1;NaN;9;0;13.68;0.69
18HU13008_139;HL_11;41.7779;-60.9066;392918;4376.82;25-may-13;20:57:00;34.8842;2.2118;5.88;NaN;9;34.8845;1;6.148;1;0.065;1;NaN;9;18.795;1;NaN;9;1.333;1;NaN;9;29.975;2;NaN;9;2048;14.10;0.63
18HU13008_139;HL_11;41.7779;-60.9066;392917;4498.93;25-may-13;20:57:00;34.8786;2.1913;5.798;NaN;9;34.8786;1;6.008;1;0;1;NaN;9;19.92;1;NaN;9;NaN;9;NaN;9;32.485;2;NaN;9;2048;NaN;0.61
18HU13008_144;HL_10;42.0311;-61.0647;392964;4.55;26-may-13;05:59:00;35.9019;16.6512;5.4142;0.4587;1;35.8919;1;5.192;1;0.185;1;NaN;9;0.745;1;NaN;9;0.132;1;NaN;9;0.78;1;NaN;9;0;5.64;0.96
18HU13008_144;HL_10;42.0311;-61.0647;392963;9.95;26-may-13;05:59:00;35.902;16.4925;5.4088;0.4554;1;35.8923;1;5.595;1;0.21;1;NaN;9;1;1;NaN;9;0.134;1;NaN;9;0.795;1;NaN;9;0;7.46;1.26
18HU13008_144;HL_10;42.0311;-61.0647;392962;48.82;26-may-13;05:59:00;35.8371;14.8966;4.924;0.172;1;35.8329;1;5.097;1;0.125;1;NaN;9;6.48;1;NaN;9;0.455;1;NaN;9;2.105;1;NaN;9;0;14.24;3.08
18HU13008_144;HL_10;42.0311;-61.0647;392961;101.6;26-may-13;05:59:00;35.7815;13.8887;4.7352;0.0245;1;35.7718;1;4.893;1;0.05;1;NaN;9;10.21;1;NaN;9;0.688;1;NaN;9;4.29;1;NaN;9;0;14.84;2.38
18HU13008_144;HL_10;42.0311;-61.0647;392960;196.35;26-may-13;05:59:00;35.713;13.1842;4.1423;NaN;9;35.7035;1;4.297;1;0.04;1;NaN;9;13.825;1;NaN;9;0.9245;1;NaN;9;6.34;1;NaN;9;0;14.95;2.18
18HU13008_144;HL_10;42.0311;-61.0647;392959;330.87;26-may-13;05:59:00;35.2807;10.0595;3.0219;NaN;9;35.2767;1;3.09;1;0.04;1;NaN;9;23.895;1;NaN;9;1.5825;1;NaN;9;13.545;1;NaN;9;0;15.10;1.76
18HU13008_144;HL_10;42.0311;-61.0647;392958;500.84;26-may-13;05:59:00;35.0303;6.7332;4.182;NaN;9;35.0175;1;4.302;1;0.03;1;NaN;9;20.005;1;NaN;9;1.4195;1;NaN;9;13.46;1;NaN;9;0;14.09;1.49
18HU13008_144;HL_10;42.0311;-61.0647;392957;649.36;26-may-13;05:59:00;35.0159;5.4677;5.0328;NaN;9;35.01;1;5.195;1;0.03;1;NaN;9;18.385;1;NaN;9;1.2735;1;NaN;9;11.87;1;NaN;9;0;14.44;1.55
18HU13008_144;HL_10;42.0311;-61.0647;392956;850.27;26-may-13;05:59:00;35.0016;4.7839;5.5263;NaN;9;34.9961;1;5.71;1;0.03;1;NaN;9;17.74;1;NaN;9;1.224;1;NaN;9;11.505;1;NaN;9;0;14.49;1.54
18HU13008_144;HL_10;42.0311;-61.0647;392955;1049.89;26-may-13;05:59:00;34.9695;4.3329;5.7981;NaN;9;34.964;1;6.018;1;0.03;1;NaN;9;17.47;1;NaN;9;1.2065;1;NaN;9;11.505;1;NaN;9;0;14.48;1.52
18HU13008_144;HL_10;42.0311;-61.0647;392954;1270.42;26-may-13;05:59:00;34.9833;4.214;5.7386;NaN;9;34.9789;1;5.94967;1;0;1;NaN;9;17.77;1;NaN;9;1.237;1;NaN;9;12.52;1;NaN;9;0;14.37;1.42
18HU13008_144;HL_10;42.0311;-61.0647;392953;1511.93;26-may-13;05:59:00;34.9738;3.9793;5.7947;NaN;9;34.9687;1;6.027;1;0.03;1;NaN;9;15.96;1;NaN;9;1.1665;1;NaN;9;11.78;1;NaN;9;0;13.68;1.35
18HU13008_144;HL_10;42.0311;-61.0647;392952;1760.64;26-may-13;05:59:00;34.964;3.7566;5.8559;NaN;9;34.9581;1;5.958;1;0;1;NaN;9;17.985;1;NaN;9;1.274;1;NaN;9;13.685;1;NaN;9;0;14.12;1.31
18HU13008_144;HL_10;42.0311;-61.0647;392951;2022.81;26-may-13;05:59:00;34.9547;3.5142;5.893;NaN;9;34.9494;1;5.244;1;0;1;NaN;9;15.87;1;NaN;9;1.1835;1;NaN;9;13.455;1;NaN;9;0;13.41;1.18
18HU13008_144;HL_10;42.0311;-61.0647;392950;2278.43;26-may-13;05:59:00;34.9435;3.2981;5.9289;NaN;9;34.9382;1;6.196;1;0.03;1;NaN;9;17.25;1;NaN;9;1.209;1;NaN;9;15.855;1;NaN;9;0;14.27;1.09
18HU13008_144;HL_10;42.0311;-61.0647;392949;2530.91;26-may-13;05:59:00;34.9438;3.1344;5.885;NaN;9;34.9386;1;5.893;1;0.03;1;NaN;9;17.785;1;NaN;9;1.241;1;NaN;9;18.03;1;NaN;9;0;14.33;0.99
18HU13008_144;HL_10;42.0311;-61.0647;392948;2770.69;26-may-13;05:59:00;34.9343;2.9237;5.9499;NaN;9;34.9284;1;6.064;1;0.03;1;NaN;9;15.7;1;NaN;9;1.161;1;NaN;9;16.72;1;NaN;9;0;13.52;0.94
18HU13008_144;HL_10;42.0311;-61.0647;392947;2996.6;26-may-13;05:59:00;34.9244;2.7189;5.9997;NaN;9;34.9187;1;6.236;1;0.04;1;NaN;9;17.605;1;NaN;9;1.227;1;NaN;9;19.215;1;NaN;9;0;14.35;0.92
18HU13008_144;HL_10;42.0311;-61.0647;392946;3222.41;26-may-13;05:59:00;34.9163;2.5497;6.0052;NaN;9;34.9111;1;6.281;1;0.03;1;NaN;9;16.675;1;NaN;9;1.199;1;NaN;9;19.64;1;NaN;9;0;13.91;0.85
18HU13008_144;HL_10;42.0311;-61.0647;392945;3421.3;26-may-13;05:59:00;34.9092;2.4172;6.0013;NaN;9;34.9046;1;6.10733;1;0.03;1;NaN;9;16.41;1;NaN;9;1.211;1;NaN;9;20.63;1;NaN;9;0;13.55;0.80
18HU13008_144;HL_10;42.0311;-61.0647;392944;3621.15;26-may-13;05:59:00;34.9032;2.3039;6.0432;NaN;9;34.8975;1;6.228;1;0.03;1;NaN;9;17.225;1;NaN;9;1.2355;1;NaN;9;23.085;1;NaN;9;0;13.94;0.75
18HU13008_144;HL_10;42.0311;-61.0647;392943;3822.45;26-may-13;05:59:00;34.8997;2.2536;6.0565;NaN;9;34.8941;1;6.279;1;0.03;1;NaN;9;15.51;1;NaN;9;1.1785;1;NaN;9;20.925;1;NaN;9;0;13.16;0.74
18HU13008_144;HL_10;42.0311;-61.0647;392942;3997.89;26-may-13;05:59:00;34.8977;2.2386;6.0672;NaN;9;34.8928;1;6.116;1;0.035;1;NaN;9;16.37;1;NaN;9;1.19;1;NaN;9;22.775;1;NaN;9;0;13.76;0.72
18HU13008_144;HL_10;42.0311;-61.0647;392941;4141.19;26-may-13;05:59:00;34.8938;2.2135;5.9971;NaN;9;34.8879;1;6.22;1;0.03;1;NaN;9;17.965;1;NaN;9;1.2585;1;NaN;9;26.755;1;NaN;9;0;14.27;0.67
18HU13008_146;HL_09;42.2004;-61.1656;392988;2.63;26-may-13;11:05:00;35.266;15.1137;5.1152;1.4899;1;35.2747;1;6.003;1;0.05;1;NaN;9;0;1;NaN;9;0.1355;1;NaN;9;1.215;1;NaN;9;0;0.00;0.00
18HU13008_146;HL_09;42.2004;-61.1656;392987;9.92;26-may-13;11:05:00;35.2374;14.9843;4.5688;1.4452;1;35.2611;1;6.009;7;0.05;1;NaN;9;0;1;NaN;9;0.1415;1;NaN;9;0.845;1;NaN;9;256;0.00;0.00
18HU13008_146;HL_09;42.2004;-61.1656;392986;49.85;26-may-13;11:05:00;36.027;16.0408;4.393;0.3103;1;36.019;1;5.421;7;0.36;1;NaN;9;2.3;1;NaN;9;0.216;1;NaN;9;1.125;1;NaN;9;256;10.65;2.04
18HU13008_146;HL_09;42.2004;-61.1656;392985;121.06;26-may-13;11:05:00;35.7729;13.8509;4.0619;NaN;9;35.7639;1;4.918;1;0.05;1;NaN;9;9.835;1;NaN;9;0.693;1;NaN;9;4.45;1;NaN;9;0;14.19;2.21
18HU13008_146;HL_09;42.2004;-61.1656;392984;228.78;26-may-13;11:05:00;35.7505;13.3446;3.3082;NaN;9;35.742;1;4.878;7;0.035;1;NaN;9;11.225;1;NaN;9;0.7925;1;NaN;9;5.095;1;NaN;9;256;14.16;2.20
18HU13008_146;HL_09;42.2004;-61.1656;392983;340.22;26-may-13;11:05:00;35.2843;10.1602;2.4669;NaN;9;35.2792;1;3.132;1;0.04;1;NaN;9;18.55;1;NaN;9;1.4055;1;NaN;9;10.455;1;NaN;9;0;13.20;1.77
18HU13008_146;HL_09;42.2004;-61.1656;392982;511.56;26-may-13;11:05:00;35.088;7.2056;3.6736;NaN;9;35.0833;1;4.313;1;0.035;1;NaN;9;20.83;1;NaN;9;1.4735;1;NaN;9;13.2;1;NaN;9;0;14.14;1.58
18HU13008_146;HL_09;42.2004;-61.1656;392981;680.77;26-may-13;11:05:00;35.0196;5.4594;4.6382;NaN;9;35.0132;1;5.189;1;0.03;1;NaN;9;16.795;1;NaN;9;1.2385;1;NaN;9;10.92;1;NaN;9;0;13.56;1.54
18HU13008_146;HL_09;42.2004;-61.1656;392980;868.22;26-may-13;11:05:00;35.0145;4.8552;4.8272;NaN;9;35.0094;1;5.636;1;0.03;1;NaN;9;16.425;1;NaN;9;1.2075;1;NaN;9;10.895;1;NaN;9;0;13.60;1.51
18HU13008_146;HL_09;42.2004;-61.1656;392979;1068.52;26-may-13;11:05:00;34.9961;4.4709;5.6417;NaN;9;34.9904;1;5.858;1;0.03;1;NaN;9;17.915;1;NaN;9;1.2345;1;NaN;9;11.98;1;NaN;9;0;14.51;1.50
18HU13008_146;HL_09;42.2004;-61.1656;392978;1299.51;26-may-13;11:05:00;34.9816;4.1783;5.7477;NaN;9;34.977;1;5.96267;1;0.03;1;NaN;9;18.025;1;NaN;9;1.2285;1;NaN;9;12.03;1;NaN;9;0;14.67;1.50
18HU13008_146;HL_09;42.2004;-61.1656;392977;1563.88;26-may-13;11:05:00;34.9718;3.9272;5.8037;NaN;9;34.9665;1;6.048;1;0.03;1;NaN;9;16.25;1;NaN;9;1.142;1;NaN;9;11.82;1;NaN;9;0;14.23;1.37
18HU13008_146;HL_09;42.2004;-61.1656;392976;1808.64;26-may-13;11:05:00;34.956;3.6648;5.8845;NaN;9;34.9506;1;6.133;1;0.04;1;NaN;9;16.265;1;NaN;9;1.167;1;NaN;9;12.475;1;NaN;9;0;13.94;1.30
18HU13008_146;HL_09;42.2004;-61.1656;392975;2069.64;26-may-13;11:05:00;34.9515;3.4543;5.8972;NaN;9;34.9457;1;6.149;1;0;1;NaN;9;17.57;1;NaN;9;1.243;1;NaN;9;14.755;1;NaN;9;0;14.14;1.19
18HU13008_146;HL_09;42.2004;-61.1656;392974;2329.06;26-may-13;11:05:00;34.9472;3.2477;5.8965;NaN;9;34.9414;1;6.172;1;0.025;1;NaN;9;15.07;1;NaN;9;1.12;1;NaN;9;14.18;1;NaN;9;0;13.46;1.06
18HU13008_146;HL_09;42.2004;-61.1656;392973;2570.27;26-may-13;11:05:00;34.9427;3.0878;5.8846;NaN;9;34.93693;1;6.196;1;0.03;1;NaN;9;17.57;1;NaN;9;1.223;1;NaN;9;17.855;1;NaN;9;0;14.37;0.98
18HU13008_146;HL_09;42.2004;-61.1656;392972;2790.43;26-may-13;11:05:00;34.9375;2.9232;5.8942;NaN;9;34.9317;1;6.16;1;0.035;1;NaN;9;16.86;1;NaN;9;1.207;1;NaN;9;18.495;1;NaN;9;0;13.97;0.91
18HU13008_146;HL_09;42.2004;-61.1656;392971;2997.61;26-may-13;11:05:00;34.9279;2.7602;5.9497;NaN;9;34.9215;1;6.233;1;0.03;1;NaN;9;15.135;1;NaN;9;1.14;1;NaN;9;17.465;1;NaN;9;0;13.28;0.87
18HU13008_146;HL_09;42.2004;-61.1656;392970;3211.83;26-may-13;11:05:00;34.9168;2.5776;6.0629;NaN;9;34.9107;1;6.34;1;0.03;1;NaN;9;15.815;1;NaN;9;1.1535;1;NaN;9;17.725;1;NaN;9;0;13.71;0.89
18HU13008_146;HL_09;42.2004;-61.1656;392969;3401.77;26-may-13;11:05:00;34.9109;2.4446;6.0548;NaN;9;34.9048;1;6.31767;1;0.035;1;NaN;9;15.485;1;NaN;9;1.145;1;NaN;9;18.95;1;NaN;9;0;13.52;0.82
18HU13008_146;HL_09;42.2004;-61.1656;392968;3560.15;26-may-13;11:05:00;34.9058;2.3534;6.0781;NaN;9;34.9;1;6.348;1;0.04;1;NaN;9;16.25;1;NaN;9;1.1775;1;NaN;9;20.195;1;NaN;9;0;13.80;0.80
18HU13008_146;HL_09;42.2004;-61.1656;392967;3698.42;26-may-13;11:05:00;34.9032;2.3021;6.1028;NaN;9;34.8971;1;6.353;1;0.03;1;NaN;9;16.295;1;NaN;9;1.188;1;NaN;9;20.455;1;NaN;9;0;13.72;0.80
18HU13008_146;HL_09;42.2004;-61.1656;392966;3840.09;26-may-13;11:05:00;34.9012;2.2777;6.0958;NaN;9;34.8959;1;6.358;1;0.04;1;NaN;9;16.435;1;NaN;9;1.193;1;NaN;9;21.39;1;NaN;9;0;13.78;0.77
18HU13008_146;HL_09;42.2004;-61.1656;392965;3945.14;26-may-13;11:05:00;34.9003;2.2703;6.1093;NaN;9;34.8947;1;6.325;1;0.035;1;NaN;9;16.6;1;NaN;9;1.19;1;NaN;9;22.5;1;NaN;9;0;13.95;0.74
18HU13008_148;HL_08;42.3646;-61.3541;393012;2.96;26-may-13;15:56:00;35.1464;14.928;5.7494;NaN;9;35.1392;1;5.951;1;0.055;1;NaN;9;0.1;1;NaN;9;0.2465;1;NaN;9;0.64;1;NaN;9;0;0.41;0.16
18HU13008_148;HL_08;42.3646;-61.3541;393011;7.64;26-may-13;15:56:00;35.1461;14.9356;5.7456;NaN;9;35.1388;1;5.948;1;0.04;1;NaN;9;NaN;9;NaN;9;1.217;1;NaN;9;13.77;2;NaN;9;2048;NaN;NaN
18HU13008_148;HL_08;42.3646;-61.3541;393010;51.19;26-may-13;15:56:00;35.4876;13.7233;5.2252;NaN;9;35.4829;1;5.416;1;0.195;1;NaN;9;5.41;1;NaN;9;0.484;1;NaN;9;5.81;1;NaN;9;0;11.18;0.93
18HU13008_148;HL_08;42.3646;-61.3541;393009;110.2;26-may-13;15:56:00;35.7272;13.6931;5.0001;NaN;9;35.7181;1;5.182;1;0.06;1;NaN;9;8.795;1;NaN;9;0.621;1;NaN;9;3.635;1;NaN;9;0;14.16;2.42
18HU13008_148;HL_08;42.3646;-61.3541;393008;211.08;26-may-13;15:56:00;35.6607;13.303;5.0909;NaN;9;35.6526;1;5.304;1;0.04;1;NaN;9;8.35;1;NaN;9;0.621;1;NaN;9;3.625;1;NaN;9;0;13.45;2.30
18HU13008_148;HL_08;42.3646;-61.3541;393007;332.55;26-may-13;15:56:00;35.47;11.5898;3.3105;NaN;9;35.4687;1;3.42;1;0.055;1;NaN;9;19.24;1;NaN;9;1.105;1;NaN;9;9.94;1;NaN;9;0;17.41;1.94
18HU13008_148;HL_08;42.3646;-61.3541;393006;482.72;26-may-13;15:56:00;35.1145;7.6467;3.7668;NaN;9;35.1098;1;3.862;1;0.045;1;NaN;9;22.92;1;NaN;9;1.3045;1;NaN;9;14.305;1;NaN;9;0;17.57;1.60
18HU13008_148;HL_08;42.3646;-61.3541;393005;661.33;26-may-13;15:56:00;34.9726;5.3942;5.0505;NaN;9;34.9667;1;5.223;1;0.035;1;NaN;9;18.645;1;NaN;9;1.1145;1;NaN;9;12.35;1;NaN;9;0;16.73;1.51
18HU13008_148;HL_08;42.3646;-61.3541;393004;842.72;26-may-13;15:56:00;35.0212;5.019;5.332;NaN;9;35.0171;1;5.518;1;0.035;1;NaN;9;16.955;1;NaN;9;1.0545;1;NaN;9;10.99;1;NaN;9;0;16.08;1.54
18HU13008_148;HL_08;42.3646;-61.3541;393003;1030.24;26-may-13;15:56:00;34.9947;4.5602;5.6303;NaN;9;34.9894;1;5.838;1;0.04;1;NaN;9;16.595;1;NaN;9;1.041;1;NaN;9;11.06;1;NaN;9;0;15.94;1.50
18HU13008_148;HL_08;42.3646;-61.3541;393002;1231.89;26-may-13;15:56:00;34.9853;4.2964;5.7124;NaN;9;34.9811;1;5.92433;1;0.035;1;NaN;9;16.235;1;NaN;9;1.022;1;NaN;9;11.185;1;NaN;9;0;15.89;1.45
18HU13008_148;HL_08;42.3646;-61.3541;393001;1436.97;26-may-13;15:56:00;34.9756;4.0585;5.7827;NaN;9;34.9699;1;6.004;1;0.035;1;NaN;9;16.005;1;NaN;9;1.02;1;NaN;9;11.66;1;NaN;9;0;15.69;1.37
18HU13008_148;HL_08;42.3646;-61.3541;393000;1663.43;26-may-13;15:56:00;34.965;3.847;5.8447;NaN;9;34.9604;1;6.064;1;0.04;1;NaN;9;14.93;1;NaN;9;0.991;1;NaN;9;11.35;1;NaN;9;0;15.07;1.32
18HU13008_148;HL_08;42.3646;-61.3541;392999;1878.52;26-may-13;15:56:00;34.9558;3.6448;5.8739;NaN;9;34.9518;1;6.114;1;0.03;1;NaN;9;17.335;1;NaN;9;1.058;1;NaN;9;13.81;1;NaN;9;0;16.38;1.26
18HU13008_148;HL_08;42.3646;-61.3541;392998;2098.75;26-may-13;15:56:00;34.9502;3.4992;5.9044;NaN;9;34.9453;1;6.157;1;0.035;1;NaN;9;16.145;1;NaN;9;1.03;1;NaN;9;13.87;1;NaN;9;0;15.67;1.16
18HU13008_148;HL_08;42.3646;-61.3541;392997;2307.19;26-may-13;15:56:00;34.945;3.3308;5.9274;NaN;9;34.94087;1;6.105;1;0.03;1;NaN;9;15.835;1;NaN;9;1.0215;1;NaN;9;14.57;1;NaN;9;0;15.50;1.09
18HU13008_148;HL_08;42.3646;-61.3541;392995;2499.6;26-may-13;15:56:00;34.9371;3.1589;5.9653;NaN;9;NaN;9;NaN;9;NaN;9;NaN;9;NaN;9;NaN;9;NaN;9;NaN;9;NaN;9;NaN;9;0;NaN;NaN
18HU13008_148;HL_08;42.3646;-61.3541;392996;2501.46;26-may-13;15:56:00;34.9371;3.158;5.97;NaN;9;34.9317;1;6.214;1;0.03;1;NaN;9;14.445;1;NaN;9;0.991;1;NaN;9;14.08;1;NaN;9;0;14.58;1.03
18HU13008_148;HL_08;42.3646;-61.3541;392994;2502.22;26-may-13;15:56:00;34.9369;3.1566;5.9644;NaN;9;NaN;9;NaN;9;NaN;9;NaN;9;NaN;9;NaN;9;NaN;9;NaN;9;NaN;9;NaN;9;0;NaN;NaN
18HU13008_148;HL_08;42.3646;-61.3541;392993;2750.25;26-may-13;15:56:00;34.9285;2.8987;6.0198;NaN;9;34.9227;1;6.27533;1;0.03;1;NaN;9;15.69;1;NaN;9;1.0025;1;NaN;9;15.8;1;NaN;9;0;15.65;0.99
18HU13008_148;HL_08;42.3646;-61.3541;392992;2980.09;26-may-13;15:56:00;34.9228;2.7147;6.0194;NaN;9;34.9172;1;6.297;1;0.035;1;NaN;9;15.825;1;NaN;9;1.0275;1;NaN;9;16.965;1;NaN;9;0;15.40;0.93
18HU13008_148;HL_08;42.3646;-61.3541;392991;3162.47;26-may-13;15:56:00;34.9159;2.5684;6.0644;NaN;9;34.9105;1;6.329;1;0.04;1;NaN;9;15.905;1;NaN;9;1.0365;1;NaN;9;17.525;1;NaN;9;0;15.34;0.91
18HU13008_148;HL_08;42.3646;-61.3541;392990;3336.07;26-may-13;15:56:00;34.9093;2.4028;6.0879;NaN;9;34.9034;1;6.333;1;0.04;1;NaN;9;16.13;1;NaN;9;1.1745;1;NaN;9;18.98;1;NaN;9;0;13.73;0.85
18HU13008_148;HL_08;42.3646;-61.3541;392989;3467.39;26-may-13;15:56:00;34.904;2.2909;6.1363;NaN;9;34.8979;1;6.369;1;0.035;1;NaN;9;15.635;1;NaN;9;1.1505;1;NaN;9;19.115;1;NaN;9;0;13.59;0.82
18HU13008_152;HL_07;42.4891;-61.4112;393036;4.64;27-may-13;01:07:00;34.8948;14.7945;5.6794;0.1821;1;NaN;9;5.969;1;0.04;1;NaN;9;0;1;NaN;9;0.2385;1;NaN;9;0.81;1;NaN;9;0;0.00;0.00
18HU13008_152;HL_07;42.4891;-61.4112;393035;10.97;27-may-13;01:07:00;34.894;14.7654;5.6548;0.1923;1;34.8845;1;5.956;1;0.04;1;NaN;9;0;1;NaN;9;0.235;1;NaN;9;0.735;1;NaN;9;0;0.00;0.00
18HU13008_152;HL_07;42.4891;-61.4112;393034;18.44;27-may-13;01:07:00;35.0628;14.8872;5.6677;0.3811;1;NaN;9;5.967;1;0.05;1;NaN;9;0.08;1;NaN;9;0.235;1;NaN;9;0.89;1;NaN;9;0;0.34;0.09
18HU13008_152;HL_07;42.4891;-61.4112;393033;29.99;27-may-13;01:07:00;35.2572;14.6767;5.6321;0.745;1;NaN;9;5.945;1;0.08;1;NaN;9;0.13;1;NaN;9;0.253;1;NaN;9;0.865;1;NaN;9;0;0.51;0.15
18HU13008_152;HL_07;42.4891;-61.4112;393032;38.99;27-may-13;01:07:00;35.187;13.9528;5.4241;0.3913;1;NaN;9;5.702;1;0.44;1;NaN;9;2.54;1;NaN;9;0.3965;1;NaN;9;1.23;1;NaN;9;0;6.41;2.07
18HU13008_152;HL_07;42.4891;-61.4112;393031;51.34;27-may-13;01:07:00;35.2627;12.86;5.4669;0.1923;1;35.2225;1;5.739;1;0.76;1;NaN;9;4.84;1;NaN;9;0.5005;1;NaN;9;1.69;1;NaN;9;0;9.67;2.86
18HU13008_152;HL_07;42.4891;-61.4112;393030;61.75;27-may-13;01:07:00;35.5022;13.4066;5.3138;0.1208;1;NaN;9;5.579;1;0.62;1;NaN;9;5.655;1;NaN;9;0.484;1;NaN;9;1.565;1;NaN;9;0;11.68;3.61
18HU13008_152;HL_07;42.4891;-61.4112;393029;80.16;27-may-13;01:07:00;35.8294;14.3418;5.1652;0.0333;1;NaN;9;5.423;1;0.545;1;NaN;9;6.27;1;NaN;9;0.489;1;NaN;9;1.3;1;NaN;9;0;12.82;4.82
18HU13008_152;HL_07;42.4891;-61.4112;393028;99.63;27-may-13;01:07:00;35.741;13.9244;5.0887;0.0228;1;35.7424;1;5.364;1;0.115;1;NaN;9;7.365;1;NaN;9;0.5375;1;NaN;9;2.365;1;NaN;9;0;13.70;3.11
18HU13008_152;HL_07;42.4891;-61.4112;393027;149.67;27-may-13;01:07:00;35.6881;13.4948;4.9641;NaN;9;35.6846;1;5.236;1;0.045;1;NaN;9;8.925;1;NaN;9;0.628;1;NaN;9;4.175;1;NaN;9;0;14.21;2.14
18HU13008_152;HL_07;42.4891;-61.4112;393026;201.44;27-may-13;01:07:00;35.6668;13.3413;4.9348;NaN;9;35.6648;1;5.22;1;0.045;1;NaN;9;9.37;1;NaN;9;0.6445;1;NaN;9;4.45;1;NaN;9;0;14.54;2.11
18HU13008_152;HL_07;42.4891;-61.4112;393025;298.9;27-may-13;01:07:00;35.466;11.6261;3.2602;NaN;9;35.4756;1;3.421;1;0.04;1;NaN;9;19.485;1;NaN;9;1.1325;1;NaN;9;10.285;1;NaN;9;0;17.21;1.89
18HU13008_152;HL_07;42.4891;-61.4112;393024;501.56;27-may-13;01:07:00;35.0947;7.4196;3.8338;NaN;9;35.1061;1;3.976;1;0.045;1;NaN;9;21.485;1;NaN;9;1.2825;1;NaN;9;13.665;1;NaN;9;0;16.75;1.57
18HU13008_152;HL_07;42.4891;-61.4112;393023;748.41;27-may-13;01:07:00;34.9823;5.0412;5.3154;NaN;9;34.978;1;5.558;1;0.03;1;NaN;9;17.925;1;NaN;9;1.103;1;NaN;9;12.015;1;NaN;9;0;16.25;1.49
18HU13008_152;HL_07;42.4891;-61.4112;393022;998.63;27-may-13;01:07:00;34.9688;4.4682;5.7047;NaN;9;34.9687;1;5.949;1;0.03;1;NaN;9;17.215;1;NaN;9;1.0665;1;NaN;9;11.115;1;NaN;9;0;16.14;1.55
18HU13008_152;HL_07;42.4891;-61.4112;393021;1249.48;27-may-13;01:07:00;34.967;4.1953;5.7596;NaN;9;34.9638;1;6.029;1;0.03;1;NaN;9;17.22;1;NaN;9;1.08;1;NaN;9;11.6;1;NaN;9;0;15.94;1.48
18HU13008_152;HL_07;42.4891;-61.4112;393020;1500.48;27-may-13;01:07:00;34.9651;3.9763;5.7813;NaN;9;34.9628;1;6.053;1;0.03;1;NaN;9;17.22;1;NaN;9;1.067;1;NaN;9;12.255;1;NaN;9;0;16.14;1.41
18HU13008_152;HL_07;42.4891;-61.4112;393019;1754.91;27-may-13;01:07:00;34.9612;3.7686;5.8186;NaN;9;34.9575;1;6.087;1;0.03;1;NaN;9;17.39;1;NaN;9;1.078;1;NaN;9;13.455;1;NaN;9;0;16.13;1.29
18HU13008_152;HL_07;42.4891;-61.4112;393018;1999.65;27-may-13;01:07:00;34.9528;3.5977;5.8381;NaN;9;34.9502;1;6.135;1;0.03;1;NaN;9;16.36;1;NaN;9;1.0535;1;NaN;9;13.265;1;NaN;9;0;15.53;1.23
18HU13008_152;HL_07;42.4891;-61.4112;393017;2200.23;27-may-13;01:07:00;34.9476;3.411;5.8588;NaN;9;34.9453;1;6.14733;1;0.03;1;NaN;9;17.27;1;NaN;9;1.0815;1;NaN;9;15.31;1;NaN;9;0;15.97;1.13
18HU13008_152;HL_07;42.4891;-61.4112;393016;2388.7;27-may-13;01:07:00;34.9461;3.2974;5.8539;NaN;9;34.9425;1;6.166;1;0.03;1;NaN;9;16.595;1;NaN;9;1.068;1;NaN;9;15.445;1;NaN;9;0;15.54;1.07
18HU13008_152;HL_07;42.4891;-61.4112;393015;2569.93;27-may-13;01:07:00;34.9446;3.1467;5.8689;NaN;9;34.9398;1;6.145;1;0.03;1;NaN;9;17.595;1;NaN;9;1.078;1;NaN;9;17.765;1;NaN;9;0;16.32;0.99
18HU13008_152;HL_07;42.4891;-61.4112;393014;2742.39;27-may-13;01:07:00;34.9301;2.9555;5.9585;NaN;9;34.927;1;6.248;1;0.03;1;NaN;9;17.01;1;NaN;9;1.054;1;NaN;9;17.085;1;NaN;9;0;16.14;1.00
18HU13008_152;HL_07;42.4891;-61.4112;393013;2877.95;27-may-13;01:07:00;34.9204;2.6859;6.0519;NaN;9;34.9166;1;6.307;1;0.03;1;NaN;9;16.65;1;NaN;9;1.034;1;NaN;9;17.515;1;NaN;9;0;16.10;0.95
18HU13008_155;HL_06;42.8308;-61.7328;393052;3.19;27-may-13;08:40:00;33.1185;9.7663;6.5439;0.8344;1;33.1327;1;6.84;1;0.045;1;NaN;9;0;2;NaN;9;0.286;1;NaN;9;1.11;1;NaN;9;2048;0.00;0.00
18HU13008_155;HL_06;42.8308;-61.7328;393051;9.62;27-may-13;08:40:00;33.1351;9.6522;6.5424;0.8791;1;33.1528;1;6.846;1;0.055;1;NaN;9;0;2;NaN;9;0.289;1;NaN;9;1.095;1;NaN;9;2048;0.00;0.00
18HU13008_155;HL_06;42.8308;-61.7328;393050;20.72;27-may-13;08:40:00;33.5321;8.9656;6.4484;2.2225;1;NaN;9;NaN;9;0.08;1;NaN;9;0.715;1;NaN;9;0.396;1;NaN;9;1.61;1;NaN;9;0;1.81;0.44
18HU13008_155;HL_06;42.8308;-61.7328;393049;29.51;27-may-13;08:40:00;33.4961;8.8004;6.3387;1.2366;1;NaN;9;NaN;9;0.15;1;NaN;9;2.125;1;NaN;9;0.491;1;NaN;9;2.075;1;NaN;9;0;4.33;1.02
18HU13008_155;HL_06;42.8308;-61.7328;393048;40.6;27-may-13;08:40:00;33.859;7.7094;6.0721;0.3103;1;NaN;9;NaN;9;0.24;1;NaN;9;4.525;1;NaN;9;0.659;1;NaN;9;3.02;1;NaN;9;0;6.87;1.50
18HU13008_155;HL_06;42.8308;-61.7328;393047;49.19;27-may-13;08:40:00;33.964;7.7969;5.9691;0.2065;1;33.903;1;6.241;1;0.24;1;NaN;9;4.8;1;NaN;9;0.6125;1;NaN;9;2.765;1;NaN;9;0;7.84;1.74
18HU13008_155;HL_06;42.8308;-61.7328;393046;59.89;27-may-13;08:40:00;34.3853;8.761;5.6197;0.0998;1;NaN;9;NaN;9;0.3;1;NaN;9;6.79;1;NaN;9;0.6975;1;NaN;9;3.71;1;NaN;9;0;9.73;1.83
18HU13008_155;HL_06;42.8308;-61.7328;393045;80.34;27-may-13;08:40:00;34.8741;10.6365;4.8275;0.0735;1;NaN;9;NaN;9;0.07;1;NaN;9;11.065;1;NaN;9;0.8755;1;NaN;9;6.375;1;NaN;9;0;12.64;1.74
18HU13008_155;HL_06;42.8308;-61.7328;393044;99.42;27-may-13;08:40:00;35.1028;11.242;4.5815;0.0508;1;35.1018;1;NaN;9;0.06;1;NaN;9;11.895;1;NaN;9;0.906;1;NaN;9;6.625;1;NaN;9;0;13.13;1.80
18HU13008_155;HL_06;42.8308;-61.7328;393043;148.8;27-may-13;08:40:00;35.0434;10.0413;4.0277;NaN;9;NaN;9;NaN;9;0.06;1;NaN;9;13.935;1;NaN;9;1.0645;1;NaN;9;7.595;1;NaN;9;0;13.09;1.83
18HU13008_155;HL_06;42.8308;-61.7328;393042;200.51;27-may-13;08:40:00;35.1041;9.4755;3.4184;NaN;9;35.1285;1;3.531;1;0.04;1;NaN;9;19.43;1;NaN;9;1.378;1;NaN;9;11.085;1;NaN;9;0;14.10;1.75
18HU13008_155;HL_06;42.8308;-61.7328;393041;301.12;27-may-13;08:40:00;34.8557;7.2822;3.9846;NaN;9;34.9565;1;4.0605;1;0.045;1;NaN;9;21.13;1;NaN;9;1.498;1;NaN;9;13.755;1;NaN;9;0;14.11;1.54
18HU13008_155;HL_06;42.8308;-61.7328;393040;498.79;27-may-13;08:40:00;34.9129;5.1594;5.1148;NaN;9;34.9075;1;5.321;1;0.05;1;NaN;9;16.715;1;NaN;9;1.2535;1;NaN;9;11.42;1;NaN;9;0;13.33;1.46
18HU13008_155;HL_06;42.8308;-61.7328;393039;752.11;27-may-13;08:40:00;34.9421;4.6147;5.6379;NaN;9;34.9388;1;5.886;1;0.04;1;NaN;9;17.22;1;NaN;9;1.0595;1;NaN;9;11.425;1;NaN;9;0;16.25;1.51
18HU13008_155;HL_06;42.8308;-61.7328;393038;969.57;27-may-13;08:40:00;34.9747;4.5689;5.622;NaN;9;34.9764;1;5.865;1;0.04;1;NaN;9;17.085;1;NaN;9;1.043;1;NaN;9;11.585;1;NaN;9;0;16.38;1.47
18HU13008_155;HL_06;42.8308;-61.7328;393037;1099.05;27-may-13;08:40:00;34.966;4.2685;5.7712;NaN;9;34.9618;1;6.004;1;0.045;1;NaN;9;17.14;1;NaN;9;1.046;1;NaN;9;11.675;1;NaN;9;0;16.39;1.47
18HU13008_162;HL_05;43.1832;-62.0999;393061;3.03;27-may-13;17:07:00;32.5574;8.322;6.7809;0.2934;1;NaN;9;7.045;1;0.05;1;NaN;9;0;1;NaN;9;0.3675;1;NaN;9;1.17;1;NaN;9;0;0.00;0.00
18HU13008_162;HL_05;43.1832;-62.0999;393060;9.04;27-may-13;17:07:00;32.5554;8.3435;6.7606;0.2901;1;NaN;9;7.056;1;0.055;1;NaN;9;0;1;NaN;9;0.366;1;NaN;9;1.1;1;NaN;9;0;0.00;0.00
18HU13008_162;HL_05;43.1832;-62.0999;393059;20.18;27-may-13;17:07:00;32.7966;7.8551;6.9055;0.9685;1;NaN;9;NaN;9;0.055;1;NaN;9;0;1;NaN;9;0.3535;1;NaN;9;1.41;1;NaN;9;0;0.00;0.00
18HU13008_162;HL_05;43.1832;-62.0999;393058;29.52;27-may-13;17:07:00;32.8447;7.0377;6.9812;1.8028;1;NaN;9;NaN;9;0.065;1;NaN;9;0;1;NaN;9;0.412;1;NaN;9;1.415;1;NaN;9;0;0.00;0.00
18HU13008_162;HL_05;43.1832;-62.0999;393057;41.18;27-may-13;17:07:00;32.9443;5.7334;6.8676;1.1919;1;NaN;9;NaN;9;0.12;1;NaN;9;1.47;1;NaN;9;0.5565;1;NaN;9;1.845;1;NaN;9;0;2.64;0.80
18HU13008_162;HL_05;43.1832;-62.0999;393056;49.57;27-may-13;17:07:00;33.1221;5.8595;6.6291;0.3339;1;NaN;9;6.889;1;0.14;1;NaN;9;2.04;1;NaN;9;0.617;1;NaN;9;2.2;1;NaN;9;0;3.31;0.93
18HU13008_162;HL_05;43.1832;-62.0999;393055;61.35;27-may-13;17:07:00;33.2764;6.0745;6.4393;0.226;1;NaN;9;NaN;9;0.165;1;NaN;9;2.525;1;NaN;9;0.649;1;NaN;9;2.865;1;NaN;9;0;3.89;0.88
18HU13008_162;HL_05;43.1832;-62.0999;393054;80.17;27-may-13;17:07:00;33.6763;6.5032;5.743;0.0333;1;NaN;9;NaN;9;0.24;1;NaN;9;6.27;1;NaN;9;0.854;1;NaN;9;6.27;1;NaN;9;0;7.34;1.00
18HU13008_162;HL_05;43.1832;-62.0999;393053;89.78;27-may-13;17:07:00;33.7921;6.8867;5.6663;0.035;1;NaN;9;5.85933;1;0.26;1;NaN;9;7.085;1;NaN;9;0.865;1;NaN;9;6.96;1;NaN;9;0;8.19;1.02
18HU13008_164;HL_04;43.4836;-62.4486;393070;4.25;27-may-13;20:12:00;31.8391;7.2153;7.0111;0.6407;1;NaN;9;7.313;1;0.055;1;NaN;9;0;1;NaN;9;0.4155;1;NaN;9;0.93;1;NaN;9;0;0.00;0.00
18HU13008_164;HL_04;43.4836;-62.4486;393069;8.41;27-may-13;20:12:00;31.8367;7.1988;7.0188;0.4284;1;NaN;9;7.313;1;0.06;1;NaN;9;0;1;NaN;9;0.4325;1;NaN;9;0.925;1;NaN;9;0;0.00;0.00
18HU13008_164;HL_04;43.4836;-62.4486;393068;19.87;27-may-13;20:12:00;31.8204;5.5654;7.3599;0.3272;1;NaN;9;NaN;9;0.085;1;NaN;9;1.15;1;NaN;9;0.5565;1;NaN;9;1.535;1;NaN;9;0;2.07;0.75
18HU13008_164;HL_04;43.4836;-62.4486;393067;28.64;27-may-13;20:12:00;31.9665;2.7363;7.3624;0.2934;1;NaN;9;NaN;9;0.115;1;NaN;9;3.115;1;NaN;9;0.7335;1;NaN;9;2.97;1;NaN;9;0;4.25;1.05
18HU13008_164;HL_04;43.4836;-62.4486;393066;37.93;27-may-13;20:12:00;32.1797;2.8534;7.0976;0.1956;1;NaN;9;NaN;9;0.135;1;NaN;9;4.4;1;NaN;9;0.8295;1;NaN;9;3.94;1;NaN;9;0;5.30;1.12
18HU13008_164;HL_04;43.4836;-62.4486;393065;48.06;27-may-13;20:12:00;32.5651;4.3457;6.9845;0.28;1;NaN;9;7.131;1;0.145;1;NaN;9;2.35;1;NaN;9;0.627;1;NaN;9;2.73;1;NaN;9;0;3.75;0.86
18HU13008_164;HL_04;43.4836;-62.4486;393064;58.39;27-may-13;20:12:00;32.7976;4.547;6.3667;0.1243;1;NaN;9;NaN;9;0.2;1;NaN;9;6.52;1;NaN;9;0.8635;1;NaN;9;5.46;1;NaN;9;0;7.55;1.19
18HU13008_164;HL_04;43.4836;-62.4486;393063;63.52;27-may-13;20:12:00;32.7822;4.2798;6.3125;0.0893;1;NaN;9;6.512;1;0.19;1;NaN;9;7.095;1;NaN;9;0.9145;1;NaN;9;5.98;1;NaN;9;0;7.76;1.19
18HU13008_164;HL_04;43.4836;-62.4486;393062;73.03;27-may-13;20:12:00;32.7689;4.1856;6.3211;0.091;1;NaN;9;6.513;1;0.18;1;NaN;9;7.2;1;NaN;9;0.9025;1;NaN;9;5.935;1;NaN;9;0;7.98;1.21
18HU13008_166;HL_03;43.8862;-62.8857;393082;2.96;27-may-13;23:49:00;31.4308;7.4615;6.9012;NaN;9;NaN;9;NaN;9;0.04;1;NaN;9;0;1;NaN;9;0.4165;1;NaN;9;0.87;1;NaN;9;0;0.00;0.00
18HU13008_166;HL_03;43.8862;-62.8857;393081;3.08;27-may-13;23:49:00;31.4307;7.4632;6.9117;0.1754;1;NaN;9;5.0055;7;0.035;1;NaN;9;0;1;NaN;9;0.432;1;NaN;9;0.7;1;NaN;9;256;0.00;0.00
18HU13008_166;HL_03;43.8862;-62.8857;393080;8.83;27-may-13;23:49:00;31.4302;7.46;6.9017;0.2429;1;31.4317;1;7.221;1;0.05;1;NaN;9;0;1;NaN;9;0.453;1;NaN;9;1.385;1;NaN;9;0;0.00;0.00
18HU13008_166;HL_03;43.8862;-62.8857;393079;19.18;27-may-13;23:49:00;31.4337;7.3734;6.9343;0.2226;1;NaN;9;NaN;9;0.05;1;NaN;9;0;1;NaN;9;0.4245;1;NaN;9;0.715;1;NaN;9;0;0.00;0.00
18HU13008_166;HL_03;43.8862;-62.8857;393078;28.09;27-may-13;23:49:00;31.5424;5.5859;7.2613;0.226;1;NaN;9;NaN;9;0.045;1;NaN;9;0;1;NaN;9;0.4445;1;NaN;9;0.595;1;NaN;9;0;0.00;0.00
18HU13008_166;HL_03;43.8862;-62.8857;393077;39.09;27-may-13;23:49:00;32.0336;3.2176;7.3493;4.1385;1;NaN;9;NaN;9;0.11;1;NaN;9;2.49;1;NaN;9;0.938;1;NaN;9;1.985;1;NaN;9;0;2.65;1.25
18HU13008_166;HL_03;43.8862;-62.8857;393076;50.78;27-may-13;23:49:00;32.2875;3.5076;7.1933;0.175;1;NaN;9;7.4675;1;0.095;1;NaN;9;2.315;1;NaN;9;0.665;1;NaN;9;2.03;1;NaN;9;0;3.48;1.14
18HU13008_166;HL_03;43.8862;-62.8857;393075;59.79;27-may-13;23:49:00;32.3359;2.9648;6.8126;0.0245;1;NaN;9;NaN;9;0.13;1;NaN;9;4.37;1;NaN;9;0.8455;1;NaN;9;4.305;1;NaN;9;0;5.17;1.02
18HU13008_166;HL_03;43.8862;-62.8857;393074;79.68;27-may-13;23:49:00;32.7774;4.1084;6.2307;0.0438;1;NaN;9;NaN;9;0.2;1;NaN;9;5.465;1;NaN;9;0.8985;1;NaN;9;5.275;1;NaN;9;0;6.08;1.04
18HU13008_166;HL_03;43.8862;-62.8857;393073;101.35;27-may-13;23:49:00;33.8716;7.7785;4.199;0.0245;1;NaN;9;4.418;1;0.075;1;NaN;9;13.155;1;NaN;9;1.2195;1;NaN;9;12.255;1;NaN;9;0;10.79;1.07
18HU13008_166;HL_03;43.8862;-62.8857;393072;199.06;27-may-13;23:49:00;35.0506;10.1457;3.4178;NaN;9;NaN;9;3.5895;1;0.07;1;NaN;9;18.405;1;NaN;9;1.3615;1;NaN;9;12.26;1;NaN;9;0;13.52;1.50
18HU13008_166;HL_03;43.8862;-62.8857;393071;255.91;27-may-13;23:49:00;35.0993;9.6652;3.1275;NaN;9;35.0925;1;3.249;1;0.08;1;NaN;9;20.805;1;NaN;9;1.3965;1;NaN;9;16.355;1;NaN;9;0;14.90;1.27
18HU13008_169;HL_02;44.2663;-63.3128;393092;2.03;28-may-13;05:12:00;31.0646;7.3645;7.0007;0.2429;1;NaN;9;7.2625;1;0.04;1;NaN;9;0;1;NaN;9;0.413;1;NaN;9;0.705;1;NaN;9;0;0.00;0.00
18HU13008_169;HL_02;44.2663;-63.3128;393093;2.32;28-may-13;05:12:00;31.0637;7.3539;6.9831;NaN;9;NaN;9;NaN;9;NaN;9;NaN;9;NaN;9;NaN;9;NaN;9;NaN;9;NaN;9;NaN;9;0;NaN;NaN
18HU13008_169;HL_02;44.2663;-63.3128;393091;10.15;28-may-13;05:12:00;31.0635;7.3636;6.9911;0.2934;1;NaN;9;7.266;1;0.05;1;NaN;9;0.55;1;NaN;9;0.4095;1;NaN;9;0.725;1;NaN;9;0;1.34;0.76
18HU13008_169;HL_02;44.2663;-63.3128;393090;20.47;28-may-13;05:12:00;31.4755;6.3719;7.3069;0.3137;1;NaN;9;NaN;9;0.05;1;NaN;9;0;1;NaN;9;0.421;1;NaN;9;0.71;1;NaN;9;0;0.00;0.00
18HU13008_169;HL_02;44.2663;-63.3128;393089;31.26;28-may-13;05:12:00;31.9644;4.5745;7.1962;1.0727;1;NaN;9;NaN;9;0.07;1;NaN;9;0.64;1;NaN;9;0.5255;1;NaN;9;1.38;1;NaN;9;0;1.22;0.46
18HU13008_169;HL_02;44.2663;-63.3128;393088;40.26;28-may-13;05:12:00;32.0235;3.239;7.2909;0.28;1;NaN;9;7.568;1;0.105;1;NaN;9;2.88;1;NaN;9;0.7175;1;NaN;9;2.385;1;NaN;9;0;4.01;1.21
18HU13008_169;HL_02;44.2663;-63.3128;393087;50.12;28-may-13;05:12:00;32.1116;2.8499;7.1075;0.1645;1;NaN;9;7.408;1;0.11;1;NaN;9;3.52;1;NaN;9;0.7735;1;NaN;9;4.22;1;NaN;9;0;4.55;0.83
18HU13008_169;HL_02;44.2663;-63.3128;393086;58.82;28-may-13;05:12:00;32.1986;2.7415;7.0737;0.0893;1;NaN;9;NaN;9;0.11;1;NaN;9;3.95;1;NaN;9;0.802;1;NaN;9;3.52;1;NaN;9;0;4.93;1.12
18HU13008_169;HL_02;44.2663;-63.3128;393085;80.48;28-may-13;05:12:00;32.4788;3.2008;6.5666;0.0333;1;NaN;9;NaN;9;0.14;1;NaN;9;5.38;1;NaN;9;0.8685;1;NaN;9;4.57;1;NaN;9;0;6.19;1.18
18HU13008_169;HL_02;44.2663;-63.3128;393084;100.83;28-may-13;05:12:00;32.9898;4.9507;5.6633;0.021;1;NaN;9;5.9315;1;0.175;1;NaN;9;8.95;1;NaN;9;1.0045;1;NaN;9;8;1;NaN;9;0;8.91;1.12
18HU13008_169;HL_02;44.2663;-63.3128;393083;138.18;28-may-13;05:12:00;34.1938;8.6794;3.9505;0.0228;1;NaN;9;4.1535;1;0.06;1;NaN;9;13.08;1;NaN;9;1.166;1;NaN;9;13.805;1;NaN;9;0;11.22;0.95
18HU13008_172;HL_01;44.3999;-63.4494;393101;2.22;28-may-13;07:32:00;31.1416;6.5986;7.1685;1.1025;1;NaN;9;7.422;1;0.04;1;NaN;9;0;1;NaN;9;0.409;1;NaN;9;0.62;1;NaN;9;0;0.00;0.00
18HU13008_172;HL_01;44.3999;-63.4494;393102;2.32;28-may-13;07:32:00;31.1462;6.587;7.1677;NaN;9;NaN;9;NaN;9;NaN;9;NaN;9;NaN;9;NaN;9;NaN;9;NaN;9;NaN;9;NaN;9;0;NaN;NaN
18HU13008_172;HL_01;44.3999;-63.4494;393100;9.9;28-may-13;07:32:00;31.1555;6.5539;7.1776;0.6258;1;31.1555;1;7.4435;1;0.045;1;NaN;9;0;1;NaN;9;0.432;1;NaN;9;0.755;1;NaN;9;0;0.00;0.00
18HU13008_172;HL_01;44.3999;-63.4494;393099;20.45;28-may-13;07:32:00;31.713;5.3308;7.4247;0.596;1;NaN;9;NaN;9;0.035;1;NaN;9;0;1;NaN;9;0.441;1;NaN;9;0.93;1;NaN;9;0;0.00;0.00
18HU13008_172;HL_01;44.3999;-63.4494;393098;30.88;28-may-13;07:32:00;31.8738;3.9621;7.3224;0.2934;1;NaN;9;NaN;9;0.07;1;NaN;9;1.61;1;NaN;9;0.6205;1;NaN;9;2.185;1;NaN;9;0;2.59;0.74
18HU13008_172;HL_01;44.3999;-63.4494;393097;41.15;28-may-13;07:32:00;32.022;3.5672;7.2195;0.1956;1;NaN;9;NaN;9;0.09;1;NaN;9;2.49;1;NaN;9;0.703;1;NaN;9;2.675;1;NaN;9;0;3.54;0.93
18HU13008_172;HL_01;44.3999;-63.4494;393096;50.47;28-may-13;07:32:00;32.1304;3.5318;7.1179;0.1015;1;NaN;9;7.3695;1;0.09;1;NaN;9;2.715;1;NaN;9;0.664;1;NaN;9;2.845;1;NaN;9;0;4.09;0.95
18HU13008_172;HL_01;44.3999;-63.4494;393095;60.45;28-may-13;07:32:00;32.2955;3.8274;6.9126;0.1282;1;NaN;9;NaN;9;0.125;1;NaN;9;3.36;1;NaN;9;0.717;1;NaN;9;3.93;1;NaN;9;0;4.69;0.85
18HU13008_172;HL_01;44.3999;-63.4494;393094;75.43;28-may-13;07:32:00;32.396;3.6047;6.4772;0.054;1;32.4118;1;6.6645;1;0.165;1;NaN;9;5.845;1;NaN;9;0.892;1;NaN;9;6.66;1;NaN;9;0;6.55;0.88
