CTD;CTD;CTD;CTD;CTD;CTD;CTD;CTD;CTD;labo;labo;labo;labo;labo;labo;labo;labo;labo;labo;labo;calc;calc
Fichier;Station;Latitude;Longitude;Echantillon;zbouteille;Date;Heure;PRES;PSAL_BS;Q_PSAL;OXYM_01;Q_OXYM;NOx_01;Q_NOX;PO4_01;Q_PO4;Si_01;Q_Si;QCFF;N_P;N_Si
(nom);(nom/no);(degres);(degres);(no_unique);(dbar);(jj-mmm-yyyy);(GMT);(dbar);(PSU);((none));(mmol/m**3);((none));(mmol/m**3);((none));(mmol/m**3);((none));(mmol/m**3);((none));((none));((none));((none))
181079022_001;0;44.2017;-63.4667;4108;10;06-aug-79;16:39:00;10;NaN;9;271.0862;4;0.195;1;0.565;1;0.755;1;6;0.35;0.26
181079022_001;0;44.2017;-63.4667;4107;20;06-aug-79;16:39:00;20;NaN;9;343.4354;4;0.17;1;0.63;1;0.65;1;6;0.27;0.26
181079022_001;0;44.2017;-63.4667;4106;30;06-aug-79;16:39:00;30;NaN;9;371.5712;4;0.22;1;0.575;1;0.635;1;6;0.38;0.35
181079022_001;0;44.2017;-63.4667;4104;50;06-aug-79;16:39:00;50;NaN;9;322.8918;4;3.12;7;1.005;7;2.485;1;518;3.10;1.26
181079022_001;0;44.2017;-63.4667;4105;50;06-aug-79;16:39:00;50;NaN;9;328.251;4;11.345;7;1.385;7;8.135;1;518;8.19;1.39
181079022_001;0;44.2017;-63.4667;4103;74;06-aug-79;16:39:00;75;NaN;9;230.4456;4;15.325;1;1.61;1;13.22;1;6;9.52;1.16
181079022_001;0;44.2017;-63.4667;4102;99;06-aug-79;16:39:00;100;NaN;9;187.1254;4;3.4;1;1.035;1;2.62;1;6;3.29;1.30
181079022_001;0;44.2017;-63.4667;4100;129;06-aug-79;16:39:00;130;34.528;7;NaN;9;18.145;7;1.755;7;15.81;1;512;10.34;1.15
181079022_001;0;44.2017;-63.4667;4101;129;06-aug-79;16:39:00;130;34.527;7;NaN;9;16.31;7;1.59;7;14.64;1;512;10.26;1.11
181079022_002;1;42.6833;-64;4117;10;07-aug-79;01:55:00;10;NaN;9;252.7756;4;0.27;1;0.51;1;0.55;1;6;0.53;0.49
181079022_002;1;42.6833;-64;4116;30;07-aug-79;01:55:00;30;NaN;9;318.4258;4;0.355;1;0.885;1;1.445;1;6;0.40;0.25
181079022_002;1;42.6833;-64;4115;50;07-aug-79;01:55:00;50;NaN;9;266.1736;4;4.17;1;1.03;1;3.245;1;6;4.05;1.29
181079022_002;1;42.6833;-64;4114;99;07-aug-79;01:55:00;100;NaN;9;200.97;4;12.83;1;1.2;1;5.66;1;6;10.69;2.27
181079022_002;1;42.6833;-64;4113;149;07-aug-79;01:55:00;150;NaN;9;188.0186;4;13.56;1;1.245;1;6.5;1;6;10.89;2.09
181079022_002;1;42.6833;-64;4112;198;07-aug-79;01:55:00;200;NaN;9;150.9508;4;19.08;1;1.52;1;9.955;1;6;12.55;1.92
181079022_002;1;42.6833;-64;4109;495;07-aug-79;01:55:00;500;34.937;7;328.251;4;20.925;7;1.68;7;13.045;1;518;12.46;1.60
181079022_002;1;42.6833;-64;4110;495;07-aug-79;01:55:00;500;34.935;7;227.766;4;19.165;7;1.58;7;12.04;1;518;12.13;1.59
181079022_002;1;42.6833;-64;4111;495;07-aug-79;01:55:00;500;NaN;9;NaN;9;NaN;9;NaN;9;NaN;9;0;NaN;NaN
181079022_113;2;42.785;-64.13;4126;10;07-aug-79;04:15:00;10;NaN;9;259.4746;4;0.285;1;0.49;1;0.61;2;2054;0.58;0.47
181079022_113;2;42.785;-64.13;4125;20;07-aug-79;04:15:00;20;NaN;9;294.756;4;0.27;1;0.525;1;0.95;1;6;0.51;0.28
181079022_113;2;42.785;-64.13;4124;30;07-aug-79;04:15:00;30;NaN;9;316.6394;4;0.345;1;0.5;1;1.565;1;6;0.69;0.22
181079022_113;2;42.785;-64.13;4122;50;07-aug-79;04:15:00;50;NaN;9;316.6394;4;0.435;7;0.59;7;2.085;1;518;0.74;0.21
181079022_113;2;42.785;-64.13;4123;50;07-aug-79;04:15:00;50;NaN;9;326.018;4;0.505;7;0.58;7;2.035;1;518;0.87;0.25
181079022_113;2;42.785;-64.13;4121;74;07-aug-79;04:15:00;75;NaN;9;246.9698;4;7.285;1;0.94;1;4.21;1;6;7.75;1.73
181079022_113;2;42.785;-64.13;4120;99;07-aug-79;04:15:00;100;NaN;9;217.4942;4;10.525;1;1.12;1;5.565;1;6;9.40;1.89
181079022_113;2;42.785;-64.13;4118;137;07-aug-79;04:15:00;138;35.2765;7;220.1738;4;16.76;7;1.305;7;8.47;1;518;12.84;1.98
181079022_113;2;42.785;-64.13;4119;137;07-aug-79;04:15:00;138;35.274;7;179.5332;4;16.195;7;1.33;7;8.295;1;518;12.18;1.95
181079022_225;3;42.9;-64.27667;4135;10;07-aug-79;05:42:00;10;NaN;9;259.9212;4;0.225;1;0.51;1;0.565;2;2054;0.44;0.40
181079022_225;3;42.9;-64.27667;4134;20;07-aug-79;05:42:00;20;NaN;9;326.018;4;0.345;1;0.655;1;0.705;1;6;0.53;0.49
181079022_225;3;42.9;-64.27667;4133;30;07-aug-79;05:42:00;30;NaN;9;342.5422;4;0.23;1;0.665;1;0.58;1;6;0.35;0.40
181079022_225;3;42.9;-64.27667;4131;50;07-aug-79;05:42:00;50;NaN;9;271.5328;4;4.71;7;1.045;7;2.49;1;518;4.51;1.89
181079022_225;3;42.9;-64.27667;4132;50;07-aug-79;05:42:00;50;NaN;9;300.5618;4;4.96;7;1.09;7;2.465;1;518;4.55;2.01
181079022_225;3;42.9;-64.27667;4130;74;07-aug-79;05:42:00;75;NaN;9;261.261;4;10.605;1;1.365;1;7.72;1;6;7.77;1.37
181079022_225;3;42.9;-64.27667;4129;99;07-aug-79;05:42:00;100;NaN;9;188.9118;4;16.5;1;1.515;1;12.015;1;6;10.89;1.37
181079022_225;3;42.9;-64.27667;4127;110;07-aug-79;05:42:00;111;34.2915;7;188.0186;4;16.585;7;1.45;7;12.045;1;518;11.44;1.38
181079022_225;3;42.9;-64.27667;4128;110;07-aug-79;05:42:00;111;34.2875;7;180.4264;4;14.35;7;1.385;7;10.565;1;518;10.36;1.36
181079022_264;4;43.01667;-64.425;4144;10;07-aug-79;07:05:00;10;NaN;9;269.2998;4;0.585;1;0.87;1;0.765;2;2054;0.67;0.76
181079022_264;4;43.01667;-64.425;4143;20;07-aug-79;07:05:00;20;NaN;9;345.6684;4;0.36;1;0.75;1;0.585;1;6;0.48;0.62
181079022_264;4;43.01667;-64.425;4142;30;07-aug-79;07:05:00;30;NaN;9;288.057;4;0.265;1;0.915;1;0.795;1;6;0.29;0.33
181079022_264;4;43.01667;-64.425;4140;50;07-aug-79;07:05:00;50;NaN;9;313.0666;4;5.565;7;1.195;7;3.26;1;518;4.66;1.71
181079022_264;4;43.01667;-64.425;4141;50;07-aug-79;07:05:00;50;NaN;9;321.9986;4;4.98;7;1.155;7;2.76;1;518;4.31;1.80
181079022_264;4;43.01667;-64.425;4139;74;07-aug-79;07:05:00;75;NaN;9;246.0766;4;11.28;1;1.36;1;8.65;1;6;8.29;1.30
181079022_264;4;43.01667;-64.425;4138;99;07-aug-79;07:05:00;100;NaN;9;236.698;4;11.395;1;1.32;1;8.86;1;6;8.63;1.29
181079022_264;4;43.01667;-64.425;4136;129;07-aug-79;07:05:00;130;34.168;7;166.5818;4;16.695;7;1.475;7;12.21;1;518;11.32;1.37
181079022_264;4;43.01667;-64.425;4137;129;07-aug-79;07:05:00;130;34.166;7;136.6596;4;16.975;7;1.53;7;12.53;1;518;11.09;1.35
181079022_284;5;43.13333;-64.63333;4153;10;07-aug-79;08:30:00;10;NaN;9;183.106;4;0.345;1;1.175;1;0.65;2;2054;0.29;0.53
181079022_284;5;43.13333;-64.63333;4152;20;07-aug-79;08:30:00;20;NaN;9;234.9116;4;0.62;1;0.98;1;0.785;1;6;0.63;0.79
181079022_284;5;43.13333;-64.63333;4151;30;07-aug-79;08:30:00;30;NaN;9;221.9602;4;0.38;1;0.775;1;0.97;1;6;0.49;0.39
181079022_284;5;43.13333;-64.63333;4149;50;07-aug-79;08:30:00;50;NaN;9;202.3098;4;7.68;7;1.315;7;5.06;1;518;5.84;1.52
181079022_284;5;43.13333;-64.63333;4150;50;07-aug-79;08:30:00;50;NaN;9;205.436;4;7.14;7;1.2;7;4.93;1;518;5.95;1.45
181079022_284;5;43.13333;-64.63333;4148;74;07-aug-79;08:30:00;75;NaN;9;82.1744;4;10.775;1;1.385;1;7.525;1;6;7.78;1.43
181079022_284;5;43.13333;-64.63333;4147;99;07-aug-79;08:30:00;100;NaN;9;111.65;4;12.675;1;1.545;1;9.735;1;6;8.20;1.30
181079022_284;5;43.13333;-64.63333;4145;123;07-aug-79;08:30:00;124;34.0505;7;146.9314;4;17.225;7;1.685;7;14.44;1;518;10.22;1.19
181079022_284;5;43.13333;-64.63333;4146;123;07-aug-79;08:30:00;124;34.048;7;70.1162;4;17.42;7;2.09;2;14.47;1;2566;8.33;1.20
181079022_304;6;43.25;-64.8;4162;10;07-aug-79;09:47:00;10;NaN;9;313.5132;4;0.16;1;1.125;1;0.88;1;6;0.14;0.18
181079022_304;6;43.25;-64.8;4161;20;07-aug-79;09:47:00;20;NaN;9;329.5908;4;0.33;1;0.675;1;0.895;1;6;0.49;0.37
181079022_304;6;43.25;-64.8;4160;30;07-aug-79;09:47:00;30;NaN;9;342.5422;4;0.28;1;0.72;1;1.065;1;6;0.39;0.26
181079022_304;6;43.25;-64.8;4158;50;07-aug-79;09:47:00;50;NaN;9;300.5618;4;7.995;7;1.14;7;5.44;1;518;7.01;1.47
181079022_304;6;43.25;-64.8;4159;50;07-aug-79;09:47:00;50;NaN;9;295.6492;4;8.37;7;1.22;7;5.645;1;518;6.86;1.48
181079022_304;6;43.25;-64.8;4157;74;07-aug-79;09:47:00;75;NaN;9;259.9212;4;9.82;1;1.235;1;6.925;1;6;7.95;1.42
181079022_304;6;43.25;-64.8;4156;99;07-aug-79;09:47:00;100;NaN;9;219.7272;4;13.545;1;1.82;2;10.97;1;2054;7.44;1.23
181079022_304;6;43.25;-64.8;4154;114;07-aug-79;09:47:00;115;33.8705;7;201.8632;4;15.605;7;1.765;7;13.385;1;518;8.84;1.17
181079022_304;6;43.25;-64.8;4155;114;07-aug-79;09:47:00;115;33.87;7;192.038;4;15.95;7;1.56;7;13.655;1;518;10.22;1.17
181079022_315;7;43.38333;-64.9;4171;10;07-aug-79;11:33:00;10;NaN;9;295.2026;4;0.17;1;0.58;1;0.53;2;2054;0.29;0.32
181079022_315;7;43.38333;-64.9;4170;20;07-aug-79;11:33:00;20;NaN;9;216.601;4;0.205;1;0.76;1;1.06;1;6;0.27;0.19
181079022_315;7;43.38333;-64.9;4169;30;07-aug-79;11:33:00;30;NaN;9;213.0282;4;1.98;1;0.87;1;1.205;1;6;2.28;1.64
181079022_315;7;43.38333;-64.9;4167;50;07-aug-79;11:33:00;50;NaN;9;108.0772;4;5.915;7;1.035;7;3.3;1;518;5.71;1.79
181079022_315;7;43.38333;-64.9;4168;50;07-aug-79;11:33:00;50;NaN;9;175.0672;4;7.98;7;1.23;7;4.46;1;518;6.49;1.79
181079022_315;7;43.38333;-64.9;4166;74;07-aug-79;11:33:00;75;NaN;9;149.611;4;10.84;1;1.31;1;7.205;1;6;8.27;1.50
181079022_315;7;43.38333;-64.9;4165;99;07-aug-79;11:33:00;100;NaN;9;184.8924;4;12.98;1;1.835;2;9.895;1;2054;7.07;1.31
181079022_315;7;43.38333;-64.9;4163;139;07-aug-79;11:33:00;140;33.516;7;265.727;4;12.74;7;1.42;7;11.175;1;518;8.97;1.14
181079022_315;7;43.38333;-64.9;4164;139;07-aug-79;11:33:00;140;33.5145;7;142.4654;4;10.11;7;1.24;7;9.17;1;518;8.15;1.10
181079022_326;8;43.46667;-65.06667;4180;10;07-aug-79;12:38:00;10;NaN;9;335.3966;4;0.235;1;0.62;1;0.405;2;2054;0.38;0.58
181079022_326;8;43.46667;-65.06667;4179;20;07-aug-79;12:38:00;20;NaN;9;355.9402;4;0.215;1;0.655;1;0.36;1;6;0.33;0.60
181079022_326;8;43.46667;-65.06667;4178;30;07-aug-79;12:38:00;30;NaN;9;NaN;9;0.755;1;0.895;1;0.945;1;0;0.84;0.80
181079022_326;8;43.46667;-65.06667;4176;50;07-aug-79;12:38:00;50;NaN;9;298.3288;4;6.31;7;1.39;7;5.215;1;518;4.54;1.21
181079022_326;8;43.46667;-65.06667;4177;50;07-aug-79;12:38:00;50;NaN;9;295.6492;4;5.57;7;1.215;7;4.565;1;518;4.58;1.22
181079022_326;8;43.46667;-65.06667;4175;74;07-aug-79;12:38:00;75;NaN;9;225.9796;4;11.885;1;1.37;1;10.48;1;6;8.68;1.13
181079022_326;8;43.46667;-65.06667;4174;99;07-aug-79;12:38:00;100;NaN;9;206.7758;4;13.505;1;1.475;1;12.47;1;6;9.16;1.08
181079022_326;8;43.46667;-65.06667;4172;107;07-aug-79;12:38:00;108;33.411;7;224.1932;4;12.195;7;1.37;7;11.42;1;518;8.90;1.07
181079022_326;8;43.46667;-65.06667;4173;107;07-aug-79;12:38:00;108;33.4105;7;205.8826;4;13.88;7;1.63;7;12.81;1;518;8.52;1.08
181079022_339;9;43.56;-65.1;4188;10;07-aug-79;14:22:00;10;NaN;9;353.2606;4;0.71;7;0.805;7;0.935;1;518;0.88;0.76
181079022_339;9;43.56;-65.1;4189;10;07-aug-79;14:22:00;10;NaN;9;340.3092;4;0.395;7;0.78;7;0.73;2;2566;0.51;0.54
181079022_339;9;43.56;-65.1;4187;20;07-aug-79;14:22:00;20;NaN;9;330.0374;4;2.78;1;1.005;1;2.645;1;6;2.77;1.05
181079022_339;9;43.56;-65.1;4186;30;07-aug-79;14:22:00;30;NaN;9;305.0278;4;5.355;1;1.165;1;4.485;1;6;4.60;1.19
181079022_339;9;43.56;-65.1;4185;40;07-aug-79;14:22:00;40;NaN;9;298.3288;4;6.53;1;1.225;1;5.78;1;6;5.33;1.13
181079022_339;9;43.56;-65.1;4183;50;07-aug-79;14:22:00;50;NaN;9;276.4454;4;7.965;7;1.285;7;7.205;1;518;6.20;1.11
181079022_339;9;43.56;-65.1;4184;50;07-aug-79;14:22:00;50;NaN;9;NaN;9;6.55;7;1.275;7;5.82;1;512;5.14;1.13
181079022_339;9;43.56;-65.1;4181;55;07-aug-79;14:22:00;55;32.553;7;329.1442;4;7.405;7;1.27;7;6.775;1;518;5.83;1.09
181079022_339;9;43.56;-65.1;4182;55;07-aug-79;14:22:00;55;32.577;7;277.7852;4;7.96;7;1.37;7;7.21;1;518;5.81;1.10
181079022_003;10;43.24667;-65.46667;4198;10;07-aug-79;18:25:00;10;NaN;9;287.1638;4;5.25;1;1.26;1;4.445;1;6;4.17;1.18
181079022_003;10;43.24667;-65.46667;4197;20;07-aug-79;18:25:00;20;NaN;9;271.5328;4;5.12;1;1.045;1;4.45;1;6;4.90;1.15
181079022_003;10;43.24667;-65.46667;4196;30;07-aug-79;18:25:00;30;NaN;9;208.5622;4;5.725;1;1.06;1;4.9;1;6;5.40;1.17
181079022_003;10;43.24667;-65.46667;4194;40;07-aug-79;18:25:00;40;NaN;9;275.1056;4;6.885;7;1.12;7;5.745;1;518;6.15;1.20
181079022_003;10;43.24667;-65.46667;4195;40;07-aug-79;18:25:00;40;NaN;9;263.9406;4;6.32;7;1.1;7;5.405;1;518;5.75;1.17
181079022_003;10;43.24667;-65.46667;4192;50;07-aug-79;18:25:00;50;NaN;9;270.6396;4;7.42;7;1.12;7;5.97;1;518;6.62;1.24
181079022_003;10;43.24667;-65.46667;4193;50;07-aug-79;18:25:00;50;NaN;9;267.96;4;7.025;7;1.115;7;5.735;1;518;6.30;1.22
181079022_003;10;43.24667;-65.46667;4190;63;07-aug-79;18:25:00;64;32.8735;7;253.2222;4;6.995;7;1.06;7;5.775;1;518;6.60;1.21
181079022_003;10;43.24667;-65.46667;4191;63;07-aug-79;18:25:00;64;32.8685;7;245.63;4;7.13;7;1.095;7;6.065;1;518;6.51;1.18
181079022_014;11;43.09833;-65.39;4207;10;07-aug-79;19:39:00;10;NaN;9;307.7074;4;0.55;1;0.655;1;1.76;1;6;0.84;0.31
181079022_014;11;43.09833;-65.39;4205;20;07-aug-79;19:39:00;20;NaN;9;261.261;4;3.455;7;0.845;7;3.805;1;518;4.09;0.91
181079022_014;11;43.09833;-65.39;4206;20;07-aug-79;19:39:00;20;NaN;9;306.8142;4;0.72;7;0.725;7;2.035;1;518;0.99;0.35
181079022_014;11;43.09833;-65.39;4204;30;07-aug-79;19:39:00;30;NaN;9;259.028;4;8.55;1;1.365;1;6.53;1;6;6.26;1.31
181079022_014;11;43.09833;-65.39;4202;50;07-aug-79;19:39:00;50;NaN;9;232.6786;4;11.09;7;1.385;7;8.575;1;518;8.01;1.29
181079022_014;11;43.09833;-65.39;4203;50;07-aug-79;19:39:00;50;NaN;9;254.1154;4;8.535;7;1.31;7;6.575;1;518;6.52;1.30
181079022_014;11;43.09833;-65.39;4201;74;07-aug-79;19:39:00;75;NaN;9;204.5428;4;11.43;1;1.44;1;8.82;1;6;7.94;1.30
181079022_014;11;43.09833;-65.39;4199;99;07-aug-79;19:39:00;100;33.105;7;195.1642;4;11.28;7;1.395;7;8.885;1;518;8.09;1.27
181079022_014;11;43.09833;-65.39;4200;99;07-aug-79;19:39:00;100;33.101;7;209.0088;4;11.19;7;1.46;7;8.775;1;518;7.66;1.28
181079022_025;12;42.945;-65.31333;4216;10;07-aug-79;20:54:00;10;NaN;9;316.1928;4;3.1;1;1.02;1;2.195;1;6;3.04;1.41
181079022_025;12;42.945;-65.31333;4215;30;07-aug-79;20:54:00;30;NaN;9;263.9406;4;8.74;1;1.265;1;6.025;1;6;6.91;1.45
181079022_025;12;42.945;-65.31333;4213;50;07-aug-79;20:54:00;50;NaN;9;225.9796;4;11.83;7;1.39;7;9.24;1;518;8.51;1.28
181079022_025;12;42.945;-65.31333;4214;50;07-aug-79;20:54:00;50;NaN;9;209.902;4;9.26;7;1.32;7;6.115;1;518;7.02;1.51
181079022_025;12;42.945;-65.31333;4212;74;07-aug-79;20:54:00;75;NaN;9;187.572;4;12.605;1;1.415;1;10.12;1;6;8.91;1.25
181079022_025;12;42.945;-65.31333;4211;99;07-aug-79;20:54:00;100;NaN;9;185.7856;4;13.34;1;1.44;1;11.35;1;6;9.26;1.18
181079022_025;12;42.945;-65.31333;4210;124;07-aug-79;20:54:00;125;NaN;9;199.1836;4;14.405;1;1.445;1;12.26;1;6;9.97;1.17
181079022_025;12;42.945;-65.31333;4208;149;07-aug-79;20:54:00;150;33.5165;7;199.1836;4;13.715;7;1.35;7;11.79;1;518;10.16;1.16
181079022_025;12;42.945;-65.31333;4209;149;07-aug-79;20:54:00;150;33.518;7;203.6496;4;14.31;7;1.475;7;12.215;1;518;9.70;1.17
181079022_036;13;42.79167;-64.23333;4225;10;07-aug-79;22:12:00;10;NaN;9;284.9308;4;0.155;1;0.495;1;0.64;2;2054;0.31;0.24
181079022_036;13;42.79167;-64.23333;4223;20;07-aug-79;22:12:00;20;NaN;9;336.2898;4;0.24;7;0.625;7;0.865;1;518;0.38;0.28
181079022_036;13;42.79167;-64.23333;4224;20;07-aug-79;22:12:00;20;NaN;9;339.416;4;0.155;7;0.565;7;0.755;1;518;0.27;0.21
181079022_036;13;42.79167;-64.23333;4222;30;07-aug-79;22:12:00;30;NaN;9;351.4742;4;0.195;1;0.725;1;1.075;1;6;0.27;0.18
181079022_036;13;42.79167;-64.23333;4220;50;07-aug-79;22:12:00;50;NaN;9;278.6784;4;7.825;7;1.11;7;6.11;1;518;7.05;1.28
181079022_036;13;42.79167;-64.23333;4221;50;07-aug-79;22:12:00;50;NaN;9;272.426;4;8.6;7;1.195;7;6.53;1;518;7.20;1.32
181079022_036;13;42.79167;-64.23333;4219;74;07-aug-79;22:12:00;75;NaN;9;266.1736;4;8.87;1;1.205;1;6.91;1;6;7.36;1.28
181079022_036;13;42.79167;-64.23333;4217;99;07-aug-79;22:12:00;100;NaN;9;264.8338;4;8.95;7;1.215;7;6.89;1;518;7.37;1.30
181079022_036;13;42.79167;-64.23333;4218;99;07-aug-79;22:12:00;100;NaN;9;263.494;4;8.635;7;1.25;7;6.855;1;518;6.91;1.26
181079022_047;14;42.63667;-65.15333;4234;10;07-aug-79;23:55:00;10;NaN;9;271.5328;4;0.3;1;0.48;1;0.52;2;2054;0.63;0.58
181079022_047;14;42.63667;-65.15333;4233;20;07-aug-79;23:55:00;20;NaN;9;320.2122;4;0.175;1;0.645;1;0.915;1;6;0.27;0.19
181079022_047;14;42.63667;-65.15333;4232;30;07-aug-79;23:55:00;30;NaN;9;319.319;4;1.52;1;0.845;1;2.36;1;6;1.80;0.64
181079022_047;14;42.63667;-65.15333;4231;40;07-aug-79;23:55:00;40;NaN;9;284.0376;4;6.615;1;1.055;1;10.31;1;6;6.27;0.64
181079022_047;14;42.63667;-65.15333;4229;50;07-aug-79;23:55:00;50;NaN;9;275.9988;4;8.205;7;1.155;7;6.56;1;518;7.10;1.25
181079022_047;14;42.63667;-65.15333;4230;50;07-aug-79;23:55:00;50;NaN;9;275.5522;4;8.14;7;1.205;7;6.28;1;518;6.76;1.30
181079022_047;14;42.63667;-65.15333;4228;74;07-aug-79;23:55:00;75;NaN;9;256.795;4;10.295;1;1.33;1;8;1;6;7.74;1.29
181079022_047;14;42.63667;-65.15333;4226;97;07-aug-79;23:55:00;98;33.1495;7;218.834;4;10.505;7;1.245;7;8.145;1;518;8.44;1.29
181079022_047;14;42.63667;-65.15333;4227;97;07-aug-79;23:55:00;98;33.146;7;199.1836;4;8.91;7;1.08;7;6.88;1;518;8.25;1.30
181079022_058;15;42.48833;-65.07833;4243;10;08-aug-79;01:29:00;10;NaN;9;264.3872;4;0.325;1;0.98;1;0.59;2;2054;0.33;0.55
181079022_058;15;42.48833;-65.07833;4242;20;08-aug-79;01:29:00;20;NaN;9;340.3092;4;0.135;1;0.545;1;0.63;1;6;0.25;0.21
181079022_058;15;42.48833;-65.07833;4241;30;08-aug-79;01:29:00;30;NaN;9;295.6492;4;0.245;1;0.6;1;0.825;1;6;0.41;0.30
181079022_058;15;42.48833;-65.07833;4239;50;08-aug-79;01:29:00;50;NaN;9;155.4168;4;6.69;7;1.2;7;4.875;1;518;5.58;1.37
181079022_058;15;42.48833;-65.07833;4240;50;08-aug-79;01:29:00;50;NaN;9;159.4362;4;6.945;7;1.22;7;5.08;1;518;5.69;1.37
181079022_058;15;42.48833;-65.07833;4238;74;08-aug-79;01:29:00;75;NaN;9;179.5332;4;11.645;1;1.245;1;8.305;1;6;9.35;1.40
181079022_058;15;42.48833;-65.07833;4237;99;08-aug-79;01:29:00;100;NaN;9;85.7472;4;11.85;1;1.19;1;7.625;1;6;9.96;1.55
181079022_058;15;42.48833;-65.07833;4235;111;08-aug-79;01:29:00;112;34.361;7;172.8342;4;11.15;7;1.12;7;7.235;1;518;9.96;1.54
181079022_058;15;42.48833;-65.07833;4236;111;08-aug-79;01:29:00;112;34.355;7;129.514;4;11.84;7;1.18;7;7.47;1;518;10.03;1.59
181079022_069;16;42.33333;-65;4252;10;08-aug-79;02:55:00;10;NaN;9;268.4066;4;0.205;1;0.46;1;0.88;1;6;0.45;0.23
181079022_069;16;42.33333;-65;4251;30;08-aug-79;02:55:00;30;NaN;9;351.9208;4;0.285;1;0.62;1;1.17;1;6;0.46;0.24
181079022_069;16;42.33333;-65;4250;50;08-aug-79;02:55:00;50;NaN;9;306.8142;4;0.385;1;0.545;1;5.025;1;6;0.71;0.08
181079022_069;16;42.33333;-65;4249;99;08-aug-79;02:55:00;100;NaN;9;215.2612;4;13.075;1;1.175;1;7.915;1;6;11.13;1.65
181079022_069;16;42.33333;-65;4248;149;08-aug-79;02:55:00;150;NaN;9;190.2516;4;16.69;1;1.35;1;9.22;1;6;12.36;1.81
181079022_069;16;42.33333;-65;4247;198;08-aug-79;02:55:00;200;NaN;9;162.1158;4;16.945;1;1.355;1;9.445;1;6;12.51;1.79
181079022_069;16;42.33333;-65;4246;248;08-aug-79;02:55:00;250;NaN;9;158.9896;4;20.77;1;1.64;1;11.445;1;6;12.66;1.81
181079022_069;16;42.33333;-65;4244;350;08-aug-79;02:55:00;353;35.0305;7;160.776;4;21.73;7;1.675;7;13.375;1;518;12.97;1.62
181079022_069;16;42.33333;-65;4245;350;08-aug-79;02:55:00;353;35.0255;7;139.3392;4;16.48;7;1.4;7;10.425;1;518;11.77;1.58
181079022_080;17;42.33333;-65.21667;4261;10;08-aug-79;04:45:00;10;NaN;9;274.659;4;0.215;1;0.44;1;0.85;1;6;0.49;0.25
181079022_080;17;42.33333;-65.21667;4260;20;08-aug-79;04:45:00;20;NaN;9;326.4646;4;0.355;1;0.565;1;1.025;1;6;0.63;0.35
181079022_080;17;42.33333;-65.21667;4259;30;08-aug-79;04:45:00;30;NaN;9;345.6684;4;1.25;1;0.675;1;1.405;1;6;1.85;0.89
181079022_080;17;42.33333;-65.21667;4257;50;08-aug-79;04:45:00;50;NaN;9;226.8728;4;9.74;7;1.09;7;6.445;1;518;8.94;1.51
181079022_080;17;42.33333;-65.21667;4258;50;08-aug-79;04:45:00;50;NaN;9;343.882;4;1.635;7;0.77;7;1.78;1;518;2.12;0.92
181079022_080;17;42.33333;-65.21667;4256;74;08-aug-79;04:45:00;75;NaN;9;179.5332;4;14.455;1;1.255;1;8.135;1;6;11.52;1.78
181079022_080;17;42.33333;-65.21667;4255;99;08-aug-79;04:45:00;100;NaN;9;191.1448;4;14.835;1;1.205;1;8.165;1;6;12.31;1.82
181079022_080;17;42.33333;-65.21667;4253;125;08-aug-79;04:45:00;126;35.0295;7;171.941;4;15.66;7;1.195;1;8.485;1;518;13.10;1.85
181079022_080;17;42.33333;-65.21667;4254;125;08-aug-79;04:45:00;126;35.06;7;151.844;4;14.775;7;1.195;1;7.99;1;518;12.36;1.85
181079022_091;18;42.325;-65.425;4270;10;08-aug-79;05:59:00;10;NaN;9;285.824;4;0.045;1;0.26;1;0.71;2;2054;0.17;0.06
181079022_091;18;42.325;-65.425;4269;20;08-aug-79;05:59:00;20;NaN;9;284.0376;4;0.06;1;0.295;1;1.09;1;6;0.20;0.06
181079022_091;18;42.325;-65.425;4268;30;08-aug-79;05:59:00;30;NaN;9;304.5812;4;0.635;1;0.395;1;1.36;1;6;1.61;0.47
181079022_091;18;42.325;-65.425;4266;50;08-aug-79;05:59:00;50;NaN;9;305.0278;4;3.825;7;0.685;7;3.24;1;518;5.58;1.18
181079022_091;18;42.325;-65.425;4267;50;08-aug-79;05:59:00;50;NaN;9;305.921;4;3.82;7;0.705;7;3.075;1;518;5.42;1.24
181079022_091;18;42.325;-65.425;4265;74;08-aug-79;05:59:00;75;NaN;9;231.3388;4;12.44;1;1.03;1;8.375;1;6;12.08;1.49
181079022_091;18;42.325;-65.425;4264;99;08-aug-79;05:59:00;100;NaN;9;230.4456;4;12.475;1;1.035;1;7.23;1;6;12.05;1.73
181079022_091;18;42.325;-65.425;4262;107;08-aug-79;05:59:00;108;34.332;7;227.3194;4;12.36;7;0.98;7;7.285;1;518;12.61;1.70
181079022_091;18;42.325;-65.425;4263;107;08-aug-79;05:59:00;108;34.3305;7;229.1058;4;11.99;7;0.97;7;7.205;1;518;12.36;1.66
181079022_102;19;42.565;-65.915;4279;10;08-aug-79;09:07:00;10;NaN;9;293.4162;4;0.065;1;0.375;1;0.82;1;6;0.17;0.08
181079022_102;19;42.565;-65.915;4277;20;08-aug-79;09:07:00;20;NaN;9;309.0472;4;0.585;7;0.43;7;1.065;1;518;1.36;0.55
181079022_102;19;42.565;-65.915;4278;20;08-aug-79;09:07:00;20;NaN;9;311.7268;4;0.155;7;0.51;7;0.97;1;518;0.30;0.16
181079022_102;19;42.565;-65.915;4276;30;08-aug-79;09:07:00;30;NaN;9;309.4938;4;0.135;1;0.55;1;1.28;1;6;0.25;0.11
181079022_102;19;42.565;-65.915;4274;50;08-aug-79;09:07:00;50;NaN;9;283.1444;4;7.475;7;0.985;7;5.9;1;518;7.59;1.27
181079022_102;19;42.565;-65.915;4275;50;08-aug-79;09:07:00;50;NaN;9;261.261;4;7.405;7;1.205;7;5.7;1;518;6.15;1.30
181079022_102;19;42.565;-65.915;4273;74;08-aug-79;09:07:00;75;NaN;9;253.2222;4;7.38;1;0.96;1;5.56;1;6;7.69;1.33
181079022_102;19;42.565;-65.915;4271;99;08-aug-79;09:07:00;100;33.456;7;256.3484;4;10.195;7;1.02;7;6.945;1;518;10.00;1.47
181079022_102;19;42.565;-65.915;4272;99;08-aug-79;09:07:00;100;33.5345;7;256.3484;4;9.765;7;1;7;6.81;1;518;9.77;1.43
181079022_114;20;42.85167;-65.83667;4287;10;08-aug-79;15:10:00;10;NaN;9;311.7268;4;0.295;1;0.445;1;1.465;1;6;0.66;0.20
181079022_114;20;42.85167;-65.83667;4286;20;08-aug-79;15:10:00;20;NaN;9;309.0472;4;0.505;1;0.515;1;2.46;1;6;0.98;0.21
181079022_114;20;42.85167;-65.83667;4285;30;08-aug-79;15:10:00;30;NaN;9;286.7172;4;3.045;1;0.58;1;3.055;1;6;5.25;1.00
181079022_114;20;42.85167;-65.83667;4284;40;08-aug-79;15:10:00;40;NaN;9;268.8532;4;5.825;1;0.735;1;4.635;1;6;7.93;1.26
181079022_114;20;42.85167;-65.83667;4282;50;08-aug-79;15:10:00;50;NaN;9;257.2416;4;8.21;7;0.885;1;6.09;1;518;9.28;1.35
181079022_114;20;42.85167;-65.83667;4283;50;08-aug-79;15:10:00;50;NaN;9;257.2416;4;8.04;7;0.885;1;6.76;1;518;9.08;1.19
181079022_114;20;42.85167;-65.83667;4281;74;08-aug-79;15:10:00;75;NaN;9;250.096;4;7.94;1;0.905;1;5.885;1;6;8.77;1.35
181079022_114;20;42.85167;-65.83667;4280;100;08-aug-79;15:10:00;101;33.559;1;253.6688;4;9.365;1;0.975;1;6.665;1;6;9.61;1.41
181079022_127;21;43.19167;-65.74167;4295;10;08-aug-79;21:00:00;10;NaN;9;179.5332;4;4.68;7;0.95;7;4.755;1;518;4.93;0.98
181079022_127;21;43.19167;-65.74167;4296;10;08-aug-79;21:00:00;10;NaN;9;164.7954;4;4.165;7;0.835;7;4.32;1;518;4.99;0.96
181079022_127;21;43.19167;-65.74167;4294;20;08-aug-79;21:00:00;20;NaN;9;160.3294;4;4.625;1;0.87;1;4.81;1;6;5.32;0.96
181079022_127;21;43.19167;-65.74167;4292;30;08-aug-79;21:00:00;30;NaN;9;131.747;4;4.74;7;1.015;7;5.27;1;518;4.67;0.90
181079022_127;21;43.19167;-65.74167;4293;30;08-aug-79;21:00:00;30;NaN;9;228.6592;4;4.7;7;0.98;7;4.845;1;518;4.80;0.97
181079022_127;21;43.19167;-65.74167;4290;35;08-aug-79;21:00:00;35;NaN;9;280.0182;4;4.61;7;0.875;7;5.155;1;518;5.27;0.89
181079022_127;21;43.19167;-65.74167;4291;35;08-aug-79;21:00:00;35;NaN;9;163.9022;4;4.65;7;0.835;7;4.78;1;518;5.57;0.97
181079022_127;21;43.19167;-65.74167;4288;42;08-aug-79;21:00:00;42;32.7115;1;NaN;9;NaN;9;NaN;9;NaN;9;0;NaN;NaN
181079022_127;21;43.19167;-65.74167;4289;42;08-aug-79;21:00:00;42;NaN;9;NaN;9;4.58;1;0.905;1;4.635;1;0;5.06;0.99
181079022_149;23;43.10833;-65.775;4305;10;08-aug-79;22:12:00;10;NaN;9;252.329;4;6.28;1;0.855;1;4.83;1;6;7.35;1.30
181079022_149;23;43.10833;-65.775;4304;20;08-aug-79;22:12:00;20;NaN;9;254.1154;4;6.555;1;0.91;1;5.15;1;6;7.20;1.27
181079022_149;23;43.10833;-65.775;4303;30;08-aug-79;22:12:00;30;NaN;9;253.6688;4;6.815;1;0.98;1;5.725;1;6;6.95;1.19
181079022_149;23;43.10833;-65.775;4302;40;08-aug-79;22:12:00;40;NaN;9;131.3004;4;7;1;0.885;1;5.22;1;6;7.91;1.34
181079022_149;23;43.10833;-65.775;4300;50;08-aug-79;22:12:00;50;NaN;9;242.9504;4;7.47;7;0.935;7;5.635;1;518;7.99;1.33
181079022_149;23;43.10833;-65.775;4301;50;08-aug-79;22:12:00;50;NaN;9;188.9118;4;7.51;7;0.93;7;5.76;1;518;8.08;1.30
181079022_149;23;43.10833;-65.775;4299;74;08-aug-79;22:12:00;75;NaN;9;260.3678;4;7.475;1;1.01;1;5.69;1;6;7.40;1.31
181079022_149;23;43.10833;-65.775;4297;81;08-aug-79;22:12:00;82;33.3595;7;209.902;4;7.23;7;0.99;7;5.34;1;518;7.30;1.35
181079022_149;23;43.10833;-65.775;4298;81;08-aug-79;22:12:00;82;33.3645;7;257.2416;4;7.375;7;0.985;7;5.575;1;518;7.49;1.32
181079022_160;24;43.03333;-65.78333;4314;10;08-aug-79;22:52:00;10;NaN;9;297.8822;4;2.105;1;0.75;1;2.33;1;6;2.81;0.90
181079022_160;24;43.03333;-65.78333;4313;20;08-aug-79;22:52:00;20;NaN;9;292.523;4;2.84;1;1.415;2;2.54;1;2054;2.01;1.12
181079022_160;24;43.03333;-65.78333;4312;30;08-aug-79;22:52:00;30;NaN;9;282.6978;4;4.665;1;0.845;1;3.79;1;6;5.52;1.23
181079022_160;24;43.03333;-65.78333;4311;40;08-aug-79;22:52:00;40;NaN;9;275.5522;4;4.565;1;0.81;1;4.48;1;6;5.64;1.02
181079022_160;24;43.03333;-65.78333;4309;50;08-aug-79;22:52:00;50;NaN;9;252.7756;4;8.79;7;1.085;7;6.915;1;518;8.10;1.27
181079022_160;24;43.03333;-65.78333;4310;50;08-aug-79;22:52:00;50;NaN;9;257.6882;4;7.395;7;0.93;7;5.71;1;518;7.95;1.30
181079022_160;24;43.03333;-65.78333;4308;74;08-aug-79;22:52:00;75;NaN;9;255.4552;4;8.755;1;0.995;1;6.725;1;6;8.80;1.30
181079022_160;24;43.03333;-65.78333;4306;99;08-aug-79;22:52:00;100;33.424;7;135.7664;4;8.605;7;1.01;7;6.765;1;518;8.52;1.27
181079022_160;24;43.03333;-65.78333;4307;99;08-aug-79;22:52:00;100;33.4215;7;254.1154;4;8.63;7;1.06;7;7.175;1;518;8.14;1.20
181079022_171;25;42.95;-65.81667;4323;10;09-aug-79;00:34:00;10;NaN;9;288.057;4;3.13;1;0.75;1;3;1;6;4.17;1.04
181079022_171;25;42.95;-65.81667;4322;20;09-aug-79;00:34:00;20;NaN;9;265.727;4;7.9;1;1.09;1;5.39;1;6;7.25;1.47
181079022_171;25;42.95;-65.81667;4321;30;09-aug-79;00:34:00;30;NaN;9;265.727;4;7.83;1;1.085;1;5.365;1;6;7.22;1.46
181079022_171;25;42.95;-65.81667;4319;50;09-aug-79;00:34:00;50;NaN;9;247.863;4;9.81;7;1.145;7;6.56;1;518;8.57;1.50
181079022_171;25;42.95;-65.81667;4320;50;09-aug-79;00:34:00;50;NaN;9;256.3484;4;9.395;7;1.17;7;6.385;1;518;8.03;1.47
181079022_171;25;42.95;-65.81667;4318;74;09-aug-79;00:34:00;75;NaN;9;244.2902;4;10.655;1;1.165;1;7.12;1;6;9.15;1.50
181079022_171;25;42.95;-65.81667;4317;99;09-aug-79;00:34:00;100;NaN;9;244.7368;4;10.955;1;1.215;1;7.23;1;6;9.02;1.52
181079022_171;25;42.95;-65.81667;4315;134;09-aug-79;00:34:00;135;33.724;7;244.2902;4;9.545;7;1.06;7;6.825;1;518;9.00;1.40
181079022_171;25;42.95;-65.81667;4316;134;09-aug-79;00:34:00;135;33.722;7;246.9698;4;10.72;7;1.15;7;7.15;1;518;9.32;1.50
181079022_182;26;42.87167;-65.84333;4332;10;09-aug-79;03:06:00;10;NaN;9;292.0764;4;0.485;1;0.58;1;1.55;1;6;0.84;0.31
181079022_182;26;42.87167;-65.84333;4331;20;09-aug-79;03:06:00;20;NaN;9;292.523;4;2.165;1;0.725;1;2.635;1;6;2.99;0.82
181079022_182;26;42.87167;-65.84333;4330;30;09-aug-79;03:06:00;30;NaN;9;284.0376;4;4.515;1;0.825;1;3.955;1;6;5.47;1.14
181079022_182;26;42.87167;-65.84333;4329;40;09-aug-79;03:06:00;40;NaN;9;250.5426;4;7.1;1;0.92;1;14.2;1;6;7.72;0.50
181079022_182;26;42.87167;-65.84333;4327;50;09-aug-79;03:06:00;50;NaN;9;256.795;4;9.06;7;1.045;7;6.265;1;518;8.67;1.45
181079022_182;26;42.87167;-65.84333;4328;50;09-aug-79;03:06:00;50;NaN;9;259.4746;4;8.73;7;1.03;7;6.335;1;518;8.48;1.38
181079022_182;26;42.87167;-65.84333;4326;74;09-aug-79;03:06:00;75;NaN;9;249.2028;4;9.155;1;1.05;1;6.41;1;6;8.72;1.43
181079022_182;26;42.87167;-65.84333;4324;94;09-aug-79;03:06:00;95;33.5505;7;233.1252;4;9.265;7;1.03;7;6.41;1;518;9.00;1.45
181079022_182;26;42.87167;-65.84333;4325;94;09-aug-79;03:06:00;95;33.544;7;248.7562;4;9.235;7;1.05;7;6.37;1;518;8.80;1.45
181079022_193;27;42.79;-65.875;4341;10;09-aug-79;04:02:00;10;NaN;9;306.8142;4;0.345;1;0.665;1;1.935;1;6;0.52;0.18
181079022_193;27;42.79;-65.875;4340;20;09-aug-79;04:02:00;20;NaN;9;301.0084;4;0.54;1;0.76;1;2.155;1;6;0.71;0.25
181079022_193;27;42.79;-65.875;4339;30;09-aug-79;04:02:00;30;NaN;9;274.659;4;6.27;1;1.04;1;5.605;1;6;6.03;1.12
181079022_193;27;42.79;-65.875;4338;40;09-aug-79;04:02:00;40;NaN;9;260.8144;4;8.25;1;1.13;1;6.035;1;6;7.30;1.37
181079022_193;27;42.79;-65.875;4336;50;09-aug-79;04:02:00;50;NaN;9;257.6882;4;8.28;7;1.015;7;6.44;1;518;8.16;1.29
181079022_193;27;42.79;-65.875;4337;50;09-aug-79;04:02:00;50;NaN;9;260.3678;4;8.305;7;1.02;7;6.25;1;518;8.14;1.33
181079022_193;27;42.79;-65.875;4335;74;09-aug-79;04:02:00;75;NaN;9;255.4552;4;8.255;1;1.02;1;6.28;1;6;8.09;1.31
181079022_193;27;42.79;-65.875;4333;92;09-aug-79;04:02:00;93;33.3695;7;260.3678;4;7.165;7;0.91;7;5.47;1;518;7.87;1.31
181079022_193;27;42.79;-65.875;4334;92;09-aug-79;04:02:00;93;33.369;7;256.795;4;8.135;7;1.005;7;6.285;1;518;8.09;1.29
181079022_204;28;42.70833;-65.905;4350;10;09-aug-79;05:06:00;10;NaN;9;303.688;4;0.48;1;0.6;1;1.02;1;6;0.80;0.47
181079022_204;28;42.70833;-65.905;4349;20;09-aug-79;05:06:00;20;NaN;9;306.3676;4;3.365;1;0.88;1;3.37;1;6;3.82;1.00
181079022_204;28;42.70833;-65.905;4348;30;09-aug-79;05:06:00;30;NaN;9;260.8144;4;8.035;1;1.08;1;6.525;1;6;7.44;1.23
181079022_204;28;42.70833;-65.905;4347;40;09-aug-79;05:06:00;40;NaN;9;259.4746;4;8.255;1;1.07;1;6.555;1;6;7.71;1.26
181079022_204;28;42.70833;-65.905;4345;50;09-aug-79;05:06:00;50;NaN;9;232.6786;4;8.315;7;1.07;7;6.5;1;518;7.77;1.28
181079022_204;28;42.70833;-65.905;4346;50;09-aug-79;05:06:00;50;NaN;9;259.4746;4;8.305;7;1.12;7;6.635;1;518;7.42;1.25
181079022_204;28;42.70833;-65.905;4344;74;09-aug-79;05:06:00;75;NaN;9;247.863;4;8.44;1;1.095;1;6.545;1;6;7.71;1.29
181079022_204;28;42.70833;-65.905;4342;82;09-aug-79;05:06:00;83;33.1295;7;258.1348;4;7.895;7;1.05;7;6.2;1;518;7.52;1.27
181079022_204;28;42.70833;-65.905;4343;82;09-aug-79;05:06:00;83;33.1285;7;259.028;4;8.18;7;1.19;7;6.545;1;518;6.87;1.25
181079022_215;29;42.63167;-65.93333;4359;10;09-aug-79;06:03:00;10;NaN;9;314.853;4;0.57;1;0.67;1;2.355;1;6;0.85;0.24
181079022_215;29;42.63167;-65.93333;4358;20;09-aug-79;06:03:00;20;NaN;9;289.8434;4;4.175;1;0.875;1;3.55;1;6;4.77;1.18
181079022_215;29;42.63167;-65.93333;4357;30;09-aug-79;06:03:00;30;NaN;9;259.4746;4;9.075;1;1.1;1;6.675;1;6;8.25;1.36
181079022_215;29;42.63167;-65.93333;4356;40;09-aug-79;06:03:00;40;NaN;9;253.2222;4;9.54;1;1.135;1;10.3;1;6;8.41;0.93
181079022_215;29;42.63167;-65.93333;4354;50;09-aug-79;06:03:00;50;NaN;9;246.0766;4;9.57;7;1.145;7;7.13;1;518;8.36;1.34
181079022_215;29;42.63167;-65.93333;4355;50;09-aug-79;06:03:00;50;NaN;9;256.795;4;9.59;7;1.175;7;7.015;1;518;8.16;1.37
181079022_215;29;42.63167;-65.93333;4353;74;09-aug-79;06:03:00;75;NaN;9;247.4164;4;9.47;1;1.105;1;6.89;1;6;8.57;1.37
181079022_215;29;42.63167;-65.93333;4351;79;09-aug-79;06:03:00;80;33.2535;7;252.329;4;8.77;7;1.035;7;6.49;1;550;8.47;1.35
181079022_215;29;42.63167;-65.93333;4352;79;09-aug-79;06:03:00;80;33.2535;7;254.1154;4;9.535;7;1.13;7;8.535;1;550;8.44;1.12
181079022_226;30;42.55333;-65.93333;4368;10;09-aug-79;06:56:00;10;NaN;9;212.5816;4;0.165;1;0.6;1;0.98;1;6;0.28;0.17
181079022_226;30;42.55333;-65.93333;4367;20;09-aug-79;06:56:00;20;NaN;9;165.242;4;0.155;1;0.815;1;1.04;1;6;0.19;0.15
181079022_226;30;42.55333;-65.93333;4366;30;09-aug-79;06:56:00;30;NaN;9;228.6592;4;0.12;1;0.685;1;1.195;1;6;0.18;0.10
181079022_226;30;42.55333;-65.93333;4364;50;09-aug-79;06:56:00;50;NaN;9;150.9508;4;4.27;7;0.91;7;3.455;1;518;4.69;1.24
181079022_226;30;42.55333;-65.93333;4365;50;09-aug-79;06:56:00;50;NaN;9;187.1254;4;4.39;7;0.975;7;3.59;1;518;4.50;1.22
181079022_226;30;42.55333;-65.93333;4363;74;09-aug-79;06:56:00;75;NaN;9;110.3102;4;10.94;1;1.25;1;6.565;1;6;8.75;1.67
181079022_226;30;42.55333;-65.93333;4362;99;09-aug-79;06:56:00;100;NaN;9;185.339;4;13.605;1;1.405;1;8.09;1;6;9.68;1.68
181079022_226;30;42.55333;-65.93333;4360;115;09-aug-79;06:56:00;116;34.6295;7;130.4072;4;14.89;7;1.58;7;8.48;1;518;9.42;1.76
181079022_226;30;42.55333;-65.93333;4361;115;09-aug-79;06:56:00;116;34.6285;7;150.9508;4;14.83;7;1.275;7;8.355;1;518;11.63;1.77
181079022_237;31;42.475;-66.01;4377;10;09-aug-79;07:43:00;10;NaN;9;271.9794;4;0.575;1;0.51;1;0.74;1;6;1.13;0.78
181079022_237;31;42.475;-66.01;4376;50;09-aug-79;07:43:00;50;NaN;9;216.601;4;0.51;1;0.525;1;0.965;1;6;0.97;0.53
181079022_237;31;42.475;-66.01;4375;74;09-aug-79;07:43:00;75;NaN;9;271.0862;4;3.025;1;0.8;1;3.73;1;6;3.78;0.81
181079022_237;31;42.475;-66.01;4374;99;09-aug-79;07:43:00;100;NaN;9;243.8436;4;12.32;1;1.125;1;7.315;1;6;10.95;1.68
181079022_237;31;42.475;-66.01;4373;124;09-aug-79;07:43:00;125;NaN;9;129.9606;4;14.885;1;1.265;1;7.495;1;6;11.77;1.99
181079022_237;31;42.475;-66.01;4372;149;09-aug-79;07:43:00;150;NaN;9;167.475;4;18.58;1;1.44;1;9.8;1;6;12.90;1.90
181079022_237;31;42.475;-66.01;4371;174;09-aug-79;07:43:00;175;NaN;9;151.3974;4;18.595;1;1.38;1;9.97;1;6;13.47;1.87
181079022_237;31;42.475;-66.01;4369;203;09-aug-79;07:43:00;205;35.2215;7;147.8246;4;18.71;7;1.41;7;13.88;1;518;13.27;1.35
181079022_237;31;42.475;-66.01;4370;203;09-aug-79;07:43:00;205;35.221;7;173.2808;4;17.7;7;1.375;7;9.565;1;518;12.87;1.85
181079022_239;32;42.32333;-66.05833;4386;10;09-aug-79;08:35:00;10;NaN;9;194.271;4;0.54;1;0.525;1;0.685;1;6;1.03;0.79
181079022_239;32;42.32333;-66.05833;4385;50;09-aug-79;08:35:00;50;NaN;9;173.7274;4;5.015;1;0.885;1;3.67;1;6;5.67;1.37
181079022_239;32;42.32333;-66.05833;4384;74;09-aug-79;08:35:00;75;NaN;9;127.281;4;8.88;1;1.025;1;5.52;1;6;8.66;1.61
181079022_239;32;42.32333;-66.05833;4383;99;09-aug-79;08:35:00;100;NaN;9;115.6694;4;14.42;1;1.37;1;8.355;1;6;10.53;1.73
181079022_239;32;42.32333;-66.05833;4382;149;09-aug-79;08:35:00;150;NaN;9;99.5918;4;19.385;1;1.475;1;11.86;1;6;13.14;1.63
181079022_239;32;42.32333;-66.05833;4381;174;09-aug-79;08:35:00;175;NaN;9;113.4364;4;19.73;1;1.605;1;11.715;1;6;12.29;1.68
181079022_239;32;42.32333;-66.05833;4380;198;09-aug-79;08:35:00;200;NaN;9;129.9606;4;14.77;1;1.29;1;8.795;1;6;11.45;1.68
181079022_239;32;42.32333;-66.05833;4378;248;09-aug-79;08:35:00;250;35.044;7;158.543;4;21.91;7;1.66;7;13.32;1;518;13.20;1.64
181079022_239;32;42.32333;-66.05833;4379;248;09-aug-79;08:35:00;250;35.028;7;146.4848;4;20.79;7;1.685;7;12.49;1;518;12.34;1.66
181079022_243;33;42.32333;-66.10333;4395;10;09-aug-79;09:29:00;10;NaN;9;252.329;4;0.595;1;0.5;1;0.515;1;6;1.19;1.16
181079022_243;33;42.32333;-66.10333;4394;30;09-aug-79;09:29:00;30;NaN;9;287.6104;4;2.095;1;0.74;1;2.3;1;6;2.83;0.91
181079022_243;33;42.32333;-66.10333;4393;50;09-aug-79;09:29:00;50;NaN;9;193.8244;4;3.94;1;0.64;1;2.32;1;6;6.16;1.70
181079022_243;33;42.32333;-66.10333;4392;74;09-aug-79;09:29:00;75;NaN;9;234.0184;4;12.65;1;1.15;1;7.605;1;6;11.00;1.66
181079022_243;33;42.32333;-66.10333;4391;99;09-aug-79;09:29:00;100;NaN;9;191.5914;4;14.975;1;1.405;1;8.52;1;6;10.66;1.76
181079022_243;33;42.32333;-66.10333;4390;149;09-aug-79;09:29:00;150;NaN;9;141.1256;4;20.815;1;1.52;1;12.26;1;6;13.69;1.70
181079022_243;33;42.32333;-66.10333;4389;198;09-aug-79;09:29:00;200;NaN;9;186.2322;4;20.685;1;1.515;1;11.94;1;6;13.65;1.73
181079022_243;33;42.32333;-66.10333;4387;262;09-aug-79;09:29:00;264;34.994;7;130.4072;4;20.97;7;1.555;7;12.62;1;518;13.49;1.66
181079022_243;33;42.32333;-66.10333;4388;262;09-aug-79;09:29:00;264;34.9985;7;189.805;4;22.14;7;1.475;7;13.215;1;518;15.01;1.68
181079022_244;34;42.24667;-66.2;4404;10;09-aug-79;10:21:00;10;NaN;9;271.5328;4;4.69;1;0.845;1;3.415;1;6;5.55;1.37
181079022_244;34;42.24667;-66.2;4403;30;09-aug-79;10:21:00;30;NaN;9;196.504;4;9.19;2;1.05;2;5.48;1;2054;8.75;1.68
181079022_244;34;42.24667;-66.2;4402;50;09-aug-79;10:21:00;50;NaN;9;244.2902;4;11.49;1;1.175;1;6.95;1;6;9.78;1.65
181079022_244;34;42.24667;-66.2;4401;74;09-aug-79;10:21:00;75;NaN;9;154.9702;4;14.785;1;1.29;1;8.98;1;6;11.46;1.65
181079022_244;34;42.24667;-66.2;4400;99;09-aug-79;10:21:00;100;NaN;9;193.8244;4;16.475;1;1.34;1;9.405;1;6;12.29;1.75
181079022_244;34;42.24667;-66.2;4399;149;09-aug-79;10:21:00;150;NaN;9;156.7566;4;21.915;1;1.485;1;13.05;1;6;14.76;1.68
181079022_244;34;42.24667;-66.2;4398;198;09-aug-79;10:21:00;200;NaN;9;156.31;4;21.72;1;1.51;1;12.99;1;6;14.38;1.67
181079022_244;34;42.24667;-66.2;4396;238;09-aug-79;10:21:00;240;34.9985;7;122.3684;4;20.03;7;1.4;7;11.98;1;518;14.31;1.67
181079022_244;34;42.24667;-66.2;4397;238;09-aug-79;10:21:00;240;34.998;7;172.8342;4;21.91;7;1.565;7;13.15;1;518;14.00;1.67
181079022_247;35;42.17333;-66.20333;4413;10;09-aug-79;11:15:00;10;NaN;9;301.455;4;0.475;1;0.545;1;0.59;1;6;0.87;0.81
181079022_247;35;42.17333;-66.20333;4412;20;09-aug-79;11:15:00;20;NaN;9;301.0084;4;1.8;1;0.74;1;1.725;1;6;2.43;1.04
181079022_247;35;42.17333;-66.20333;4411;30;09-aug-79;11:15:00;30;NaN;9;273.7658;4;7.515;1;1;2;4.615;1;2054;7.51;1.63
181079022_247;35;42.17333;-66.20333;4410;50;09-aug-79;11:15:00;50;NaN;9;247.863;4;11.235;1;1.225;1;7.045;1;6;9.17;1.59
181079022_247;35;42.17333;-66.20333;4409;74;09-aug-79;11:15:00;75;NaN;9;220.6204;4;15.95;1;1.355;1;9.865;1;6;11.77;1.62
181079022_247;35;42.17333;-66.20333;4408;99;09-aug-79;11:15:00;100;NaN;9;196.0574;4;17.975;1;1.4;1;10.49;1;6;12.84;1.71
181079022_247;35;42.17333;-66.20333;4407;149;09-aug-79;11:15:00;150;NaN;9;189.3584;4;18.89;1;1.495;1;11.345;1;6;12.64;1.67
181079022_247;35;42.17333;-66.20333;4405;193;09-aug-79;11:15:00;195;35.0185;7;199.6302;4;21.965;7;1.765;7;12.945;1;518;12.44;1.70
181079022_247;35;42.17333;-66.20333;4406;193;09-aug-79;11:15:00;195;34.9985;7;191.1448;4;19.695;7;1.63;7;11.745;1;518;12.08;1.68
181079022_253;36;42.1;-66.25;4422;10;09-aug-79;12:18:00;10;NaN;9;299.6686;4;0.66;1;0.605;1;0.78;1;6;1.09;0.85
181079022_253;36;42.1;-66.25;4421;20;09-aug-79;12:18:00;20;NaN;9;289.3968;4;7.47;1;1.015;1;5.1;1;6;7.36;1.46
181079022_253;36;42.1;-66.25;4420;30;09-aug-79;12:18:00;30;NaN;9;263.0474;4;10.41;2;1.1;1;6.875;1;2054;9.46;1.51
181079022_253;36;42.1;-66.25;4419;40;09-aug-79;12:18:00;40;NaN;9;258.5814;4;10.275;1;1.04;1;6.745;1;6;9.88;1.52
181079022_253;36;42.1;-66.25;4417;50;09-aug-79;12:18:00;50;NaN;9;NaN;9;14.06;7;1.23;7;8.97;1;512;11.43;1.57
181079022_253;36;42.1;-66.25;4418;50;09-aug-79;12:18:00;50;NaN;9;247.863;4;11.335;7;1.085;7;7.355;1;518;10.45;1.54
181079022_253;36;42.1;-66.25;4416;74;09-aug-79;12:18:00;75;NaN;9;238.4844;4;7.225;1;0.83;1;4.75;1;6;8.70;1.52
181079022_253;36;42.1;-66.25;4414;95;09-aug-79;12:18:00;96;34.029;7;236.698;4;14.245;7;1.54;7;8.91;1;518;9.25;1.60
181079022_253;36;42.1;-66.25;4415;95;09-aug-79;12:18:00;96;34.026;7;241.6106;4;7.74;7;0.88;7;5.055;1;518;8.80;1.53
181079022_257;37;42.025;-66.29167;4431;10;09-aug-79;13:30:00;10;NaN;9;318.4258;4;10.41;2;1.085;2;6.555;2;2054;9.59;1.59
181079022_257;37;42.025;-66.29167;4429;20;09-aug-79;13:30:00;20;NaN;9;NaN;9;NaN;9;NaN;9;NaN;9;0;NaN;NaN
181079022_257;37;42.025;-66.29167;4430;20;09-aug-79;13:30:00;20;NaN;9;306.3676;4;12.905;2;1.215;1;8.065;1;2566;10.62;1.60
181079022_257;37;42.025;-66.29167;4428;30;09-aug-79;13:30:00;30;NaN;9;294.756;4;0.965;7;0.765;1;1.74;1;518;1.26;0.55
181079022_257;37;42.025;-66.29167;4427;40;09-aug-79;13:30:00;40;NaN;9;292.0764;4;5.76;1;0.97;1;4.52;1;6;5.94;1.27
181079022_257;37;42.025;-66.29167;4425;50;09-aug-79;13:30:00;50;NaN;9;290.29;4;7.275;7;1.085;7;5.22;1;518;6.71;1.39
181079022_257;37;42.025;-66.29167;4426;50;09-aug-79;13:30:00;50;NaN;9;296.5424;4;7.44;7;1.02;7;5.575;1;518;7.29;1.33
181079022_257;37;42.025;-66.29167;4423;74;09-aug-79;13:30:00;75;32.9705;7;288.057;4;7.65;7;1.135;7;5.54;1;518;6.74;1.38
181079022_257;37;42.025;-66.29167;4424;74;09-aug-79;13:30:00;75;32.9875;7;288.9502;4;6.205;7;0.975;7;4.405;1;518;6.36;1.41
181079022_261;38;41.96667;-66.33333;4440;10;09-aug-79;14:30:00;10;NaN;9;311.7268;4;2.345;1;0.865;2;2.485;1;2054;2.71;0.94
181079022_261;38;41.96667;-66.33333;4438;20;09-aug-79;14:30:00;20;NaN;9;274.659;4;3.425;7;0.805;7;2.965;1;518;4.25;1.16
181079022_261;38;41.96667;-66.33333;4439;20;09-aug-79;14:30:00;20;NaN;9;290.29;4;3.59;7;1.02;7;3.155;1;518;3.52;1.14
181079022_261;38;41.96667;-66.33333;4437;30;09-aug-79;14:30:00;30;NaN;9;296.0958;4;3.525;1;0.84;1;3.115;1;6;4.20;1.13
181079022_261;38;41.96667;-66.33333;4436;40;09-aug-79;14:30:00;40;NaN;9;297.8822;4;6.185;1;0.99;1;4.855;1;6;6.25;1.27
181079022_261;38;41.96667;-66.33333;4434;50;09-aug-79;14:30:00;50;NaN;9;216.601;4;8.33;7;1.05;7;5.99;1;518;7.93;1.39
181079022_261;38;41.96667;-66.33333;4435;50;09-aug-79;14:30:00;50;NaN;9;213.0282;4;7.82;7;1.13;7;5.62;1;518;6.92;1.39
181079022_261;38;41.96667;-66.33333;4432;74;09-aug-79;14:30:00;75;32.7365;7;273.7658;4;12.105;7;1.23;7;7.71;1;518;9.84;1.57
181079022_261;38;41.96667;-66.33333;4433;74;09-aug-79;14:30:00;75;32.7375;7;258.5814;4;11.86;7;1.215;7;7.85;1;518;9.76;1.51
181079022_263;39;41.78333;-66.03667;4449;10;09-aug-79;16:30:00;10;NaN;9;305.4744;4;6.85;2;1.06;2;5.185;2;2054;6.46;1.32
181079022_263;39;41.78333;-66.03667;4448;20;09-aug-79;16:30:00;20;NaN;9;297.4356;4;6.74;1;1.06;1;4.88;1;6;6.36;1.38
181079022_263;39;41.78333;-66.03667;4447;30;09-aug-79;16:30:00;30;NaN;9;292.0764;4;7.56;2;1.155;1;5.49;1;2054;6.55;1.38
181079022_263;39;41.78333;-66.03667;4446;40;09-aug-79;16:30:00;40;NaN;9;284.9308;4;8.675;1;1.12;1;6.1;1;6;7.75;1.42
181079022_263;39;41.78333;-66.03667;4444;50;09-aug-79;16:30:00;50;NaN;9;277.7852;4;9.615;7;1.105;7;6.59;1;518;8.70;1.46
181079022_263;39;41.78333;-66.03667;4445;50;09-aug-79;16:30:00;50;NaN;9;277.7852;4;9.685;7;1.135;7;6.65;1;518;8.53;1.46
181079022_263;39;41.78333;-66.03667;4443;74;09-aug-79;16:30:00;75;NaN;9;275.9988;4;9.69;1;1.14;1;6.735;1;6;8.50;1.44
181079022_263;39;41.78333;-66.03667;4441;89;09-aug-79;16:30:00;90;33.158;7;274.659;4;9.25;7;1.085;7;6.475;1;518;8.53;1.43
181079022_263;39;41.78333;-66.03667;4442;89;09-aug-79;16:30:00;90;33.1595;7;275.9988;4;9.825;7;1.16;7;6.765;1;518;8.47;1.45
181079022_265;40;41.91667;-65.90833;4458;10;09-aug-79;17:45:00;10;NaN;9;307.7074;4;0.975;1;0.675;1;1.97;1;6;1.44;0.49
181079022_265;40;41.91667;-65.90833;4457;20;09-aug-79;17:45:00;20;NaN;9;295.6492;4;2.905;1;0.8;1;3.08;1;6;3.63;0.94
181079022_265;40;41.91667;-65.90833;4456;30;09-aug-79;17:45:00;30;NaN;9;299.6686;4;3.795;1;0.83;1;3.19;1;6;4.57;1.19
181079022_265;40;41.91667;-65.90833;4454;50;09-aug-79;17:45:00;50;NaN;9;287.1638;4;4.555;7;0.88;7;3.75;1;518;5.18;1.21
181079022_265;40;41.91667;-65.90833;4455;50;09-aug-79;17:45:00;50;NaN;9;286.2706;4;4.125;7;0.905;7;3.44;1;518;4.56;1.20
181079022_265;40;41.91667;-65.90833;4453;74;09-aug-79;17:45:00;75;NaN;9;256.795;4;5.365;1;1.03;1;4.245;1;6;5.21;1.26
181079022_265;40;41.91667;-65.90833;4452;99;09-aug-79;17:45:00;100;NaN;9;244.2902;4;5.47;1;1.005;1;4.35;1;6;5.44;1.26
181079022_265;40;41.91667;-65.90833;4450;112;09-aug-79;17:45:00;113;33.7355;7;251.4358;4;3.05;7;0.84;7;3.005;1;518;3.63;1.01
181079022_265;40;41.91667;-65.90833;4451;112;09-aug-79;17:45:00;113;33.7365;7;250.5426;4;2.86;7;0.72;7;2.695;1;518;3.97;1.06
181079022_275;41;42.00333;-65.825;4467;10;09-aug-79;18:55:00;10;NaN;9;161.2226;4;1.575;1;0.765;1;1.93;1;6;2.06;0.82
181079022_275;41;42.00333;-65.825;4466;30;09-aug-79;18:55:00;30;NaN;9;208.1156;4;4.97;1;0.945;1;3.88;1;6;5.26;1.28
181079022_275;41;42.00333;-65.825;4465;50;09-aug-79;18:55:00;50;NaN;9;158.9896;4;7.34;1;1.01;1;5.235;1;6;7.27;1.40
181079022_275;41;42.00333;-65.825;4464;74;09-aug-79;18:55:00;75;NaN;9;138.8926;4;9.995;1;1.235;1;6.67;1;6;8.09;1.50
181079022_275;41;42.00333;-65.825;4463;99;09-aug-79;18:55:00;100;NaN;9;224.6398;4;11.585;1;1.375;1;7.565;1;6;8.43;1.53
181079022_275;41;42.00333;-65.825;4462;149;09-aug-79;18:55:00;150;NaN;9;161.6692;4;19.025;1;1.555;1;11.705;1;6;12.23;1.63
181079022_275;41;42.00333;-65.825;4461;198;09-aug-79;18:55:00;200;NaN;9;150.9508;4;22.21;1;1.72;1;13.405;1;6;12.91;1.66
181079022_275;41;42.00333;-65.825;4459;243;09-aug-79;18:55:00;245;34.998;7;151.3974;4;21.905;7;1.62;7;13.64;1;518;13.52;1.61
181079022_275;41;42.00333;-65.825;4460;243;09-aug-79;18:55:00;245;34.9975;7;60.7376;4;22.165;7;1.76;7;13.59;1;518;12.59;1.63
181079022_276;42;42.09167;-65.74;4475;30;09-aug-79;19:55:00;30;NaN;9;259.028;4;2.695;1;0.93;1;2.755;1;6;2.90;0.98
181079022_276;42;42.09167;-65.74;4474;50;09-aug-79;19:55:00;50;NaN;9;284.9308;4;7.715;1;1.06;1;5.31;1;6;7.28;1.45
181079022_276;42;42.09167;-65.74;4473;74;09-aug-79;19:55:00;75;NaN;9;278.6784;4;9.98;1;1.255;1;6.615;1;6;7.95;1.51
181079022_276;42;42.09167;-65.74;4472;99;09-aug-79;19:55:00;100;NaN;9;267.96;4;11.49;1;1.265;1;7.47;1;6;9.08;1.54
181079022_276;42;42.09167;-65.74;4471;149;09-aug-79;19:55:00;150;NaN;9;225.533;4;11.64;1;1.47;1;7.655;1;6;7.92;1.52
181079022_276;42;42.09167;-65.74;4470;198;09-aug-79;19:55:00;200;NaN;9;208.5622;4;21.105;1;1.64;1;12.815;1;6;12.87;1.65
181079022_276;42;42.09167;-65.74;4468;254;09-aug-79;19:55:00;256;34.999;7;176.8536;4;19.865;7;1.55;7;12.15;1;518;12.82;1.63
181079022_276;42;42.09167;-65.74;4469;254;09-aug-79;19:55:00;256;34.9985;7;213.9214;4;21.17;7;1.62;7;13.005;1;518;13.07;1.63
181079022_277;43;42.18333;-65.64667;4476;10;09-aug-79;21:07:00;10;NaN;9;258.5814;4;0.63;7;0.64;7;0.965;1;518;0.98;0.65
181079022_277;43;42.18333;-65.64667;4485;10;09-aug-79;21:07:00;10;NaN;9;199.1836;4;0.85;7;0.93;7;1.515;1;518;0.91;0.56
181079022_277;43;42.18333;-65.64667;4484;30;09-aug-79;21:07:00;30;NaN;9;179.9798;4;1.1;1;1.075;2;1.695;1;2054;1.02;0.65
181079022_277;43;42.18333;-65.64667;4483;50;09-aug-79;21:07:00;50;NaN;9;197.3972;4;2.11;1;0.925;1;2.49;1;6;2.28;0.85
181079022_277;43;42.18333;-65.64667;4482;74;09-aug-79;21:07:00;75;NaN;9;221.9602;4;8.285;1;1.325;1;5.725;1;6;6.25;1.45
181079022_277;43;42.18333;-65.64667;4481;99;09-aug-79;21:07:00;100;NaN;9;210.7952;4;10.74;1;1.365;1;6.7;1;6;7.87;1.60
181079022_277;43;42.18333;-65.64667;4480;149;09-aug-79;21:07:00;150;NaN;9;149.1644;4;14.695;1;1.48;1;8.61;1;6;9.93;1.71
181079022_277;43;42.18333;-65.64667;4479;198;09-aug-79;21:07:00;200;NaN;9;97.3588;4;13.405;1;1.44;1;7.83;1;6;9.31;1.71
181079022_277;43;42.18333;-65.64667;4477;248;09-aug-79;21:07:00;250;35.02;7;206.7758;4;20.71;7;1.785;7;12.88;1;518;11.60;1.61
181079022_277;43;42.18333;-65.64667;4478;248;09-aug-79;21:07:00;250;35.024;7;193.8244;4;21.025;7;1.765;7;12.825;1;518;11.91;1.64
181079022_278;44;42.33333;-65.5;4494;10;09-aug-79;22:46:00;10;NaN;9;306.8142;4;1.095;1;0.905;1;1.465;1;6;1.21;0.75
181079022_278;44;42.33333;-65.5;4493;20;09-aug-79;22:46:00;20;NaN;9;275.1056;4;5.955;1;1.14;1;4.105;1;6;5.22;1.45
181079022_278;44;42.33333;-65.5;4492;30;09-aug-79;22:46:00;30;NaN;9;241.164;4;6.22;1;1.07;1;3.93;1;6;5.81;1.58
181079022_278;44;42.33333;-65.5;4490;50;09-aug-79;22:46:00;50;NaN;9;349.2412;4;10.845;7;1.4;7;6.39;1;518;7.75;1.70
181079022_278;44;42.33333;-65.5;4491;50;09-aug-79;22:46:00;50;NaN;9;237.5912;4;8.3;7;1.17;7;4.99;1;518;7.09;1.66
181079022_278;44;42.33333;-65.5;4488;74;09-aug-79;22:46:00;75;NaN;9;177.3002;4;10.54;7;1.285;7;6.1;1;518;8.20;1.73
181079022_278;44;42.33333;-65.5;4489;74;09-aug-79;22:46:00;75;NaN;9;229.1058;4;11.51;7;1.4;7;6.555;1;518;8.22;1.76
181079022_278;44;42.33333;-65.5;4486;99;09-aug-79;22:46:00;100;34.348;7;250.5426;4;12.075;7;1.405;7;6.895;1;518;8.59;1.75
181079022_278;44;42.33333;-65.5;4487;99;09-aug-79;22:46:00;100;34.3485;7;224.1932;4;12.235;7;1.44;7;7.01;1;518;8.50;1.75
181079022_279;45;42.38333;-65.71667;4503;10;09-aug-79;23:54:00;10;NaN;9;284.0376;4;0.68;1;1.07;1;1.095;1;6;0.64;0.62
181079022_279;45;42.38333;-65.71667;4502;20;09-aug-79;23:54:00;20;NaN;9;310.8336;4;0.74;1;0.965;1;1.445;1;6;0.77;0.51
181079022_279;45;42.38333;-65.71667;4501;30;09-aug-79;23:54:00;30;NaN;9;291.1832;4;4.055;1;1.195;1;3.14;1;6;3.39;1.29
181079022_279;45;42.38333;-65.71667;4499;50;09-aug-79;23:54:00;50;NaN;9;289.8434;4;3.91;7;1.675;2;3.135;1;2566;2.33;1.25
181079022_279;45;42.38333;-65.71667;4500;50;09-aug-79;23:54:00;50;NaN;9;288.5036;4;4.025;7;1.405;7;3.165;1;518;2.86;1.27
181079022_279;45;42.38333;-65.71667;4498;74;09-aug-79;23:54:00;75;NaN;9;264.3872;4;7.215;1;1.345;1;4.865;1;6;5.36;1.48
181079022_279;45;42.38333;-65.71667;4497;99;09-aug-79;23:54:00;100;NaN;9;237.5912;4;10.255;1;1.545;1;6.065;1;6;6.64;1.69
181079022_279;45;42.38333;-65.71667;4495;135;09-aug-79;23:54:00;136;35.115;7;235.8048;4;17.995;7;2.185;2;9.81;1;2566;8.24;1.83
181079022_279;45;42.38333;-65.71667;4496;135;09-aug-79;23:54:00;136;35.1125;7;198.2904;4;18.095;7;2.31;2;9.83;1;2566;7.83;1.84
181079022_280;46;42.46667;-65.81667;4512;10;10-aug-79;01:02:00;10;NaN;9;305.4744;4;0.755;1;0.885;1;1.175;1;6;0.85;0.64
181079022_280;46;42.46667;-65.81667;4510;20;10-aug-79;01:02:00;20;NaN;9;NaN;9;0.485;7;0.815;7;1.16;1;512;0.60;0.42
181079022_280;46;42.46667;-65.81667;4511;20;10-aug-79;01:02:00;20;NaN;9;254.1154;4;0.705;7;0.9;7;1.195;1;518;0.78;0.59
181079022_280;46;42.46667;-65.81667;4509;30;10-aug-79;01:02:00;30;NaN;9;285.824;4;3.48;1;1.01;1;2.77;1;6;3.45;1.26
181079022_280;46;42.46667;-65.81667;4507;50;10-aug-79;01:02:00;50;NaN;9;183.9992;4;8.65;7;1.295;7;6.255;1;518;6.68;1.38
181079022_280;46;42.46667;-65.81667;4508;50;10-aug-79;01:02:00;50;NaN;9;302.7948;4;1.86;7;1.015;7;2.04;1;518;1.83;0.91
181079022_280;46;42.46667;-65.81667;4506;74;10-aug-79;01:02:00;75;NaN;9;129.514;4;12.81;1;1.38;1;7.135;1;6;9.28;1.80
181079022_280;46;42.46667;-65.81667;4504;104;10-aug-79;01:02:00;105;34.6985;7;237.5912;4;12.84;7;1.36;7;7.135;1;518;9.44;1.80
181079022_280;46;42.46667;-65.81667;4505;104;10-aug-79;01:02:00;105;34.6605;7;220.1738;4;13.29;7;1.445;7;7.43;1;518;9.20;1.79
181079022_285;50;42.66667;-66.5;4548;10;10-aug-79;05:29:00;10;NaN;9;NaN;9;0.44;1;0.6;1;1.175;1;0;0.73;0.37
181079022_285;50;42.66667;-66.5;4547;20;10-aug-79;05:29:00;20;NaN;9;NaN;9;0.575;1;0.59;1;1.25;1;0;0.97;0.46
181079022_285;50;42.66667;-66.5;4546;30;10-aug-79;05:29:00;30;NaN;9;NaN;9;3.76;1;0.865;1;2.845;1;0;4.35;1.32
181079022_285;50;42.66667;-66.5;4545;50;10-aug-79;05:29:00;50;NaN;9;NaN;9;8.07;1;1;1;5.245;1;0;8.07;1.54
181079022_285;50;42.66667;-66.5;4544;74;10-aug-79;05:29:00;75;NaN;9;NaN;9;14.235;1;1.285;1;8.145;1;0;11.08;1.75
181079022_285;50;42.66667;-66.5;4543;99;10-aug-79;05:29:00;100;NaN;9;NaN;9;15.685;1;1.275;1;8.725;1;0;12.30;1.80
181079022_285;50;42.66667;-66.5;4542;149;10-aug-79;05:29:00;150;NaN;9;NaN;9;16.435;1;1.355;1;9.17;1;0;12.13;1.79
181079022_285;50;42.66667;-66.5;4540;158;10-aug-79;05:29:00;159;34.9975;7;NaN;9;16.635;7;1.365;7;9.215;1;544;12.19;1.81
181079022_285;50;42.66667;-66.5;4541;158;10-aug-79;05:29:00;159;34.9975;7;NaN;9;13.88;7;1.19;7;7.71;1;544;11.66;1.80
181079022_295;51;42.83333;-66.5;4557;10;10-aug-79;06:53:00;10;NaN;9;NaN;9;3.145;1;0.855;1;3.395;1;0;3.68;0.93
181079022_295;51;42.83333;-66.5;4556;20;10-aug-79;06:53:00;20;NaN;9;NaN;9;7.67;1;1.015;1;5.475;1;0;7.56;1.40
181079022_295;51;42.83333;-66.5;4555;30;10-aug-79;06:53:00;30;NaN;9;NaN;9;9.92;1;1.12;1;6.48;1;0;8.86;1.53
181079022_295;51;42.83333;-66.5;4553;50;10-aug-79;06:53:00;50;NaN;9;NaN;9;12.035;7;1.22;7;7.455;1;512;9.86;1.61
181079022_295;51;42.83333;-66.5;4554;50;10-aug-79;06:53:00;50;NaN;9;NaN;9;12.105;7;1.205;7;7.565;1;512;10.05;1.60
181079022_295;51;42.83333;-66.5;4552;74;10-aug-79;06:53:00;75;NaN;9;NaN;9;12.285;1;1.235;1;7.795;1;0;9.95;1.58
181079022_295;51;42.83333;-66.5;4551;99;10-aug-79;06:53:00;100;NaN;9;NaN;9;13.62;1;1.27;1;8.165;1;0;10.72;1.67
181079022_295;51;42.83333;-66.5;4549;107;10-aug-79;06:53:00;108;34.3565;7;NaN;9;11.905;7;1.22;7;7.13;1;544;9.76;1.67
181079022_295;51;42.83333;-66.5;4550;107;10-aug-79;06:53:00;108;34.3565;7;NaN;9;13.1;7;1.225;7;7.995;1;544;10.69;1.64
181079022_296;52;42.95833;-66.5;4566;10;10-aug-79;08:09:00;10;NaN;9;NaN;9;1.95;1;0.975;1;1.79;1;0;2.00;1.09
181079022_296;52;42.95833;-66.5;4565;20;10-aug-79;08:09:00;20;NaN;9;NaN;9;6.135;1;0.955;1;3.9;1;0;6.42;1.57
181079022_296;52;42.95833;-66.5;4564;30;10-aug-79;08:09:00;30;NaN;9;NaN;9;7.8;1;0.975;1;5.32;1;0;8.00;1.47
181079022_296;52;42.95833;-66.5;4562;50;10-aug-79;08:09:00;50;NaN;9;NaN;9;10.79;7;1.115;7;6.43;1;512;9.68;1.68
181079022_296;52;42.95833;-66.5;4563;50;10-aug-79;08:09:00;50;NaN;9;NaN;9;11.245;7;1.14;7;6.71;1;512;9.86;1.68
181079022_296;52;42.95833;-66.5;4561;74;10-aug-79;08:09:00;75;NaN;9;NaN;9;12.955;1;1.21;1;7.82;1;0;10.71;1.66
181079022_296;52;42.95833;-66.5;4560;99;10-aug-79;08:09:00;100;NaN;9;NaN;9;13.315;1;1.265;1;8.055;1;0;10.53;1.65
181079022_296;52;42.95833;-66.5;4558;147;10-aug-79;08:09:00;148;34.5075;7;NaN;9;15.23;7;1.34;7;9.16;1;512;11.37;1.66
181079022_296;52;42.95833;-66.5;4559;147;10-aug-79;08:09:00;148;34.513;7;NaN;9;14.76;7;1.345;7;8.74;1;512;10.97;1.69
181079022_297;53;43.05833;-66.5;4575;10;10-aug-79;09:27:00;10;NaN;9;NaN;9;10.65;2;0.96;1;7.06;2;2048;11.09;1.51
181079022_297;53;43.05833;-66.5;4574;20;10-aug-79;09:27:00;20;NaN;9;NaN;9;10.685;1;1.11;1;7.335;1;0;9.63;1.46
181079022_297;53;43.05833;-66.5;4573;30;10-aug-79;09:27:00;30;NaN;9;NaN;9;10.29;1;1.14;1;7.4;1;0;9.03;1.39
181079022_297;53;43.05833;-66.5;4571;50;10-aug-79;09:27:00;50;NaN;9;NaN;9;8.375;7;1.045;7;6.28;1;512;8.01;1.33
181079022_297;53;43.05833;-66.5;4572;50;10-aug-79;09:27:00;50;NaN;9;NaN;9;9.775;7;1.185;7;7.145;1;512;8.25;1.37
181079022_297;53;43.05833;-66.5;4570;74;10-aug-79;09:27:00;75;NaN;9;NaN;9;8.735;1;1.06;1;6.47;1;0;8.24;1.35
181079022_297;53;43.05833;-66.5;4567;92;10-aug-79;09:27:00;93;33.804;7;NaN;9;2.38;7;0.825;7;4.17;1;512;2.88;0.57
181079022_297;53;43.05833;-66.5;4568;92;10-aug-79;09:27:00;93;33.812;7;NaN;9;3;7;0.875;7;4.48;1;512;3.43;0.67
181079022_297;53;43.05833;-66.5;4569;92;10-aug-79;09:27:00;93;NaN;9;NaN;9;5.73;7;0.955;7;5.21;1;512;6.00;1.10
181079022_298;54;43.26667;-66.5;4585;10;10-aug-79;10:46:00;10;NaN;9;NaN;9;6.27;1;1.185;1;5.685;1;0;5.29;1.10
181079022_298;54;43.26667;-66.5;4584;20;10-aug-79;10:46:00;20;NaN;9;NaN;9;6.58;1;1.365;1;5.595;1;0;4.82;1.18
181079022_298;54;43.26667;-66.5;4583;30;10-aug-79;10:46:00;30;NaN;9;NaN;9;6.965;1;1.5;2;6.05;1;2048;4.64;1.15
181079022_298;54;43.26667;-66.5;4581;50;10-aug-79;10:46:00;50;NaN;9;NaN;9;7.26;7;1.04;7;6.115;1;512;6.98;1.19
181079022_298;54;43.26667;-66.5;4582;50;10-aug-79;10:46:00;50;NaN;9;NaN;9;6.77;7;1.045;7;5.75;1;512;6.48;1.18
181079022_298;54;43.26667;-66.5;4579;74;10-aug-79;10:46:00;75;NaN;9;NaN;9;7.37;7;1.01;7;6.13;1;512;7.30;1.20
181079022_298;54;43.26667;-66.5;4580;74;10-aug-79;10:46:00;75;NaN;9;NaN;9;7.375;7;1.185;7;5.995;1;512;6.22;1.23
181079022_298;54;43.26667;-66.5;4576;89;10-aug-79;10:46:00;90;33.463;7;NaN;9;7.86;7;1.25;7;6.37;1;512;6.29;1.23
181079022_298;54;43.26667;-66.5;4577;89;10-aug-79;10:46:00;90;NaN;9;NaN;9;7.76;7;1.14;7;6.31;1;512;6.81;1.23
181079022_298;54;43.26667;-66.5;4578;89;10-aug-79;10:46:00;90;33.4645;7;NaN;9;6.42;7;0.965;7;5.195;1;512;6.65;1.24
181079022_299;55;43.5;-66.5;4594;10;10-aug-79;12:30:00;10;NaN;9;NaN;9;0.475;1;0.84;1;2.605;1;0;0.57;0.18
181079022_299;55;43.5;-66.5;4593;12;10-aug-79;12:30:00;12;NaN;9;NaN;9;0.465;1;0.72;1;2.595;1;0;0.65;0.18
181079022_299;55;43.5;-66.5;4592;30;10-aug-79;12:30:00;30;NaN;9;NaN;9;0.785;1;0.72;1;2.785;1;0;1.09;0.28
181079022_299;55;43.5;-66.5;4591;40;10-aug-79;12:30:00;40;NaN;9;NaN;9;3.065;1;0.865;1;3.655;1;0;3.54;0.84
181079022_299;55;43.5;-66.5;4589;50;10-aug-79;12:30:00;50;NaN;9;NaN;9;7.835;7;1.125;7;6.075;1;512;6.96;1.29
181079022_299;55;43.5;-66.5;4590;50;10-aug-79;12:30:00;50;NaN;9;NaN;9;6.12;7;1.01;7;5.125;1;512;6.06;1.19
181079022_299;55;43.5;-66.5;4588;74;10-aug-79;12:30:00;75;NaN;9;NaN;9;10.39;1;1.19;1;7.82;1;0;8.73;1.33
181079022_299;55;43.5;-66.5;4586;99;10-aug-79;12:30:00;100;33.666;7;NaN;9;10.56;7;1.465;7;7.825;1;512;7.21;1.35
181079022_299;55;43.5;-66.5;4587;99;10-aug-79;12:30:00;100;33.68;7;NaN;9;10.535;7;1.53;7;7.91;1;512;6.89;1.33
181079022_281;47;47.55;-65.93333;4521;10;10-aug-80;01:56:00;10;NaN;9;NaN;9;0.71;1;0.985;1;1.84;1;0;0.72;0.39
181079022_281;47;47.55;-65.93333;4520;20;10-aug-80;01:56:00;20;NaN;9;NaN;9;0.565;1;1.04;1;2;1;0;0.54;0.28
181079022_281;47;47.55;-65.93333;4519;30;10-aug-80;01:56:00;30;NaN;9;NaN;9;2.52;1;1.32;1;3.34;1;0;1.91;0.75
181079022_281;47;47.55;-65.93333;4518;40;10-aug-80;01:56:00;40;NaN;9;NaN;9;6.44;1;1.625;1;4.94;1;0;3.96;1.30
181079022_281;47;47.55;-65.93333;4516;50;10-aug-80;01:56:00;50;NaN;9;NaN;9;8.695;7;1.645;7;6.11;1;512;5.29;1.42
181079022_281;47;47.55;-65.93333;4517;50;10-aug-80;01:56:00;50;NaN;9;NaN;9;5.52;7;1.205;7;4.395;1;512;4.58;1.26
181079022_281;47;47.55;-65.93333;4515;74;10-aug-80;01:56:00;75;NaN;9;NaN;9;13.12;1;1.53;1;7.745;1;0;8.58;1.69
181079022_281;47;47.55;-65.93333;4513;102;10-aug-80;01:56:00;103;34.262;7;NaN;9;13.82;7;1.82;7;7.875;1;512;7.59;1.75
181079022_281;47;47.55;-65.93333;4514;102;10-aug-80;01:56:00;103;34.2555;7;NaN;9;13.505;7;1.68;7;8.035;1;512;8.04;1.68
181079022_282;48;42.57167;-66.12667;4530;10;10-aug-81;02:54:00;10;NaN;9;NaN;9;0.88;1;0.995;1;1.93;1;0;0.88;0.46
181079022_282;48;42.57167;-66.12667;4529;20;10-aug-81;02:54:00;20;NaN;9;NaN;9;3.52;1;1.11;1;3.64;1;0;3.17;0.97
181079022_282;48;42.57167;-66.12667;4528;30;10-aug-81;02:54:00;30;NaN;9;NaN;9;8.89;1;1.32;1;6.595;1;0;6.73;1.35
181079022_282;48;42.57167;-66.12667;4527;40;10-aug-81;02:54:00;40;NaN;9;NaN;9;10.77;1;1.38;1;6.855;1;0;7.80;1.57
181079022_282;48;42.57167;-66.12667;4525;50;10-aug-81;02:54:00;50;NaN;9;NaN;9;11.845;7;1.45;7;7.435;1;512;8.17;1.59
181079022_282;48;42.57167;-66.12667;4526;50;10-aug-81;02:54:00;50;NaN;9;NaN;9;11.765;7;1.52;7;7.495;1;512;7.74;1.57
181079022_282;48;42.57167;-66.12667;4524;60;10-aug-81;02:54:00;60;NaN;9;NaN;9;10.48;1;1.35;1;6.605;1;0;7.76;1.59
181079022_282;48;42.57167;-66.12667;4522;71;10-aug-81;02:54:00;72;33.902;7;NaN;9;12.195;7;1.43;7;7.575;1;512;8.53;1.61
181079022_282;48;42.57167;-66.12667;4523;71;10-aug-81;02:54:00;72;33.8995;7;NaN;9;12.16;7;1.535;7;7.58;1;512;7.92;1.60
181079022_283;49;42.60167;-66.32333;4539;10;10-aug-82;04:10:00;10;NaN;9;NaN;9;15.615;2;1.275;2;8.595;1;2048;12.25;1.82
181079022_283;49;42.60167;-66.32333;4538;20;10-aug-82;04:10:00;20;NaN;9;NaN;9;16.21;2;1.305;2;8.565;1;2048;12.42;1.89
181079022_283;49;42.60167;-66.32333;4537;30;10-aug-82;04:10:00;30;NaN;9;NaN;9;15.295;2;1.26;2;8.05;1;2048;12.14;1.90
181079022_283;49;42.60167;-66.32333;4535;50;10-aug-82;04:10:00;50;NaN;9;NaN;9;4.77;7;0.905;7;4.075;1;512;5.27;1.17
181079022_283;49;42.60167;-66.32333;4536;50;10-aug-82;04:10:00;50;NaN;9;NaN;9;14.025;7;1.295;7;7.965;1;512;10.83;1.76
181079022_283;49;42.60167;-66.32333;4534;74;10-aug-82;04:10:00;75;NaN;9;NaN;9;4.73;1;0.905;1;3.9;1;0;5.23;1.21
181079022_283;49;42.60167;-66.32333;4533;99;10-aug-82;04:10:00;100;NaN;9;NaN;9;0.625;1;0.62;1;1.22;1;0;1.01;0.51
181079022_283;49;42.60167;-66.32333;4531;139;10-aug-82;04:10:00;140;35.0605;7;NaN;9;0.35;2;0.6;7;0.91;2;2560;0.58;0.38
181079022_283;49;42.60167;-66.32333;4532;139;10-aug-82;04:10:00;140;35.0595;7;NaN;9;0.335;2;0.56;7;1.075;1;2560;0.60;0.31
