CTD;CTD;CTD;CTD;CTD;CTD;CTD;CTD;CTD;CTD;labo;labo;labo;labo;labo;labo;labo;labo;labo;labo;labo;labo;labo;calc;calc
Fichier;Station;Latitude;Longitude;Echantillon;zbouteille;Date;Heure;PSAL;TEMP_XX;OXYM_01;Q_OXYM;CHL_XX;Q_CHL;NO2_01;Q_NO2;NOx_01;Q_NOX;PO4_01;Q_PO4;Si_01;Q_Si;QCFF;N_P;N_Si
(nom);(nom/no);(degres);(degres);(no_unique);(dbar);(jj-mmm-yyyy);(GMT);(psu);(celsius);(mmol/m**3);((none));(mg/m**3);((none));(mmol/m**3);((none));(mmol/m**3);((none));(mmol/m**3);((none));(mmol/m**3);((none));((none));((none));((none))
18NA96002_002;CAST#1;45.6577;-60.8535;147404;1;25-apr-96;11:32:00;20.556;4.334;357.90524;4;NaN;9;0.1165;1;0.04;1;0.219;1;0.42;1;6;0.18;0.10
18NA96002_002;CAST#1;45.6577;-60.8535;147403;5;25-apr-96;11:32:00;21.158;2.964;360.13824;4;0.0801;1;0.111;1;0.025;1;0.172;1;0.295;1;6;0.15;0.08
18NA96002_002;CAST#1;45.6577;-60.8535;147402;15;25-apr-96;11:32:00;21.871;1.126;352.1441;4;0.4005;1;0.142;1;0.085;1;0.317;1;0.24;1;6;0.27;0.35
18NA96002_002;CAST#1;45.6577;-60.8535;147401;25;25-apr-96;11:32:00;21.943;0.784;283.1444;4;NaN;9;0.162;1;3;1;0.928;1;8.245;1;6;3.23;0.36
18NA96002_113;CAST#1;45.685;-60.8272;147407;1;25-apr-96;12:20:00;21.122;3.334;370.32072;4;0.2403;7;0.128;1;0.025;7;0.195;1;0.325;1;38;0.13;0.08
18NA96002_113;CAST#1;45.685;-60.8272;147406;14;25-apr-96;12:20:00;21.822;1.543;381.53038;4;0.2403;7;0.119;1;0.025;7;0.251;1;0.37;1;38;0.10;0.07
18NA96002_225;CAST#1;45.7013;-60.7907;147410;1;25-apr-96;12:50:00;21.332;3.191;371.70518;4;0.3204;1;0.1205;1;0.01;1;0.195;1;0.075;1;6;0.05;0.13
18NA96002_225;CAST#1;45.7013;-60.7907;147409;5;25-apr-96;12:50:00;21.543;2.703;373.71488;4;0.3204;1;0.1115;1;0.05;1;0.184;1;0.125;1;6;0.27;0.40
18NA96002_225;CAST#1;45.7013;-60.7907;147408;18;25-apr-96;12:50:00;21.848;1.442;378.44884;4;0.1602;1;0.1245;1;0.04;1;0.241;1;0.24;1;6;0.17;0.17
18NA96002_264;CAST#1;45.744;-60.8;147414;1;25-apr-96;13:30:00;21.746;2.199;380.32456;4;NaN;9;0.1195;1;0;1;0.21;1;0.005;1;6;0.00;0.00
18NA96002_264;CAST#1;45.744;-60.8;147413;5;25-apr-96;13:30:00;21.751;2.128;379.96728;4;0.3204;1;0.1165;1;0.035;1;0.212;1;0.235;1;6;0.17;0.15
18NA96002_264;CAST#1;45.744;-60.8;147412;15;25-apr-96;13:30:00;21.823;1.689;380.2799;4;0.2403;1;0.1235;1;0;1;0.2115;1;0.145;1;6;0.00;0.00
18NA96002_264;CAST#1;45.744;-60.8;147411;37;25-apr-96;13:30:00;21.94;1.043;377.19836;4;NaN;9;0.1295;1;0.055;1;0.2795;1;0.2;1;6;0.20;0.27
18NA96002_284;CAST#1;45.7278;-61.0968;147417;1;25-apr-96;15:40:00;21.663;2.346;374.6974;4;0;7;0.111;1;0.01;1;0.2265;1;0.23;1;38;0.04;0.04
18NA96002_284;CAST#1;45.7278;-61.0968;147416;5;25-apr-96;15:40:00;21.666;2.243;374.4741;4;0;7;0.109;1;0;1;0.205;1;0.235;1;38;0.00;0.00
18NA96002_284;CAST#1;45.7278;-61.0968;147415;15;25-apr-96;15:40:00;21.742;1.562;368.6683;4;0;7;0.1355;1;0.08;1;0.2625;1;0.61;1;38;0.30;0.13
18NA96002_304;CAST#1;45.7812;-61.0835;147420;1;25-apr-96;16:32:00;21.643;2.805;378.85078;4;NaN;9;0.124;1;0.04;1;0.203;1;0.125;1;6;0.20;0.32
18NA96002_304;CAST#1;45.7812;-61.0835;147419;5;25-apr-96;16:32:00;21.641;2.787;378.40418;4;0.1602;1;0.1235;1;0.01;1;0.2065;1;0.235;1;6;0.05;0.04
18NA96002_304;CAST#1;45.7812;-61.0835;147418;35;25-apr-96;16:32:00;21.763;1.623;376.17118;4;NaN;9;0.122;1;0.02;1;0.25;1;0.345;1;6;0.08;0.06
18NA96002_315;CAST#1;45.7835;-61.0097;147423;1;25-apr-96;17:09:00;21.668;3.423;375.27798;4;0;1;0.1155;1;0;1;0.192;1;0.065;1;6;0.00;0.00
18NA96002_315;CAST#1;45.7835;-61.0097;147422;11;25-apr-96;17:09:00;21.673;2.903;376.12652;4;0.0801;1;0.1235;1;0.02;1;0.1885;1;0.445;1;6;0.11;0.04
18NA96002_315;CAST#1;45.7835;-61.0097;147421;46;25-apr-96;17:09:00;21.847;1.51;377.51098;4;NaN;9;0.117;1;0;1;0.218;1;0.205;1;6;0.00;0.00
18NA96002_326;CAST#1;45.9835;-60.7672;147425;4;25-apr-96;19:11:00;22.571;2.852;370.41004;4;0.3204;1;0.1255;1;0.22;1;0.1965;1;0.735;1;6;1.12;0.30
18NA96002_326;CAST#1;45.9835;-60.7672;147424;22;25-apr-96;19:11:00;24.349;0.85;361.79066;4;0.1602;1;0.186;1;1.835;1;0.438;1;3.59;1;6;4.19;0.51
18NA96002_339;CAST#1;46.0235;-60.765;147427;7;26-apr-96;11:44:00;22.853;2.875;374.34012;4;0.4005;1;0.1195;1;0.01;1;0.1975;1;0.685;1;6;0.05;0.01
18NA96002_339;CAST#1;46.0235;-60.765;147426;17;26-apr-96;11:44:00;24.186;1.043;363.39842;4;0.8811;1;0.1825;1;1.49;1;0.418;1;3.27;1;6;3.56;0.46
18NA96002_014;CAST#1;46.0145;-60.7487;147433;1;26-apr-96;12:22:00;22.419;3.263;367.46248;4;NaN;9;0.1035;1;0;1;0.1895;1;1.345;1;6;0.00;0.00
18NA96002_014;CAST#1;46.0145;-60.7487;147432;7;26-apr-96;12:22:00;22.82;2.679;373.49158;4;1.9224;1;0.12;1;0.105;1;0.214;1;0.875;1;6;0.49;0.12
18NA96002_014;CAST#1;46.0145;-60.7487;147431;40;26-apr-96;12:22:00;24.957;0.456;359.60232;4;0.4005;1;0.1755;1;2.31;1;0.48;1;4.16;1;6;4.81;0.56
18NA96002_014;CAST#1;46.0145;-60.7487;147430;75;26-apr-96;12:22:00;25.627;-0.069;364.47026;4;NaN;9;0.1785;1;3.435;1;0.579;1;6.045;1;6;5.93;0.57
18NA96002_014;CAST#1;46.0145;-60.7487;147429;100;26-apr-96;12:22:00;25.68;-0.096;364.02366;4;NaN;9;0.167;1;3.785;1;0.6155;1;6.745;1;6;6.15;0.56
18NA96002_014;CAST#1;46.0145;-60.7487;147428;140;26-apr-96;12:22:00;25.689;-0.099;363.04114;4;NaN;9;0.1755;1;3.725;1;0.622;1;6.605;1;6;5.99;0.56
18NA96002_058;CAST#1;46.0353;-60.7262;147439;7;26-apr-96;14:09:00;22.931;2.799;373.53624;4;0.3204;1;0.11;1;0.025;1;0.251;1;1.035;1;6;0.10;0.02
18NA96002_058;CAST#1;46.0353;-60.7262;147438;40;26-apr-96;14:09:00;24.939;0.636;360.49552;4;0.1602;1;0.158;1;2.125;1;0.446;1;3.88;1;6;4.76;0.55
18NA96002_058;CAST#1;46.0353;-60.7262;147437;75;26-apr-96;14:09:00;25.634;-0.068;367.95374;4;NaN;9;0.1625;1;3.16;1;0.5495;1;5.35;1;6;5.75;0.59
18NA96002_058;CAST#1;46.0353;-60.7262;147436;100;26-apr-96;14:09:00;25.677;-0.095;363.84502;4;NaN;9;0.167;1;3.74;1;0.703;1;7.33;1;6;5.32;0.51
18NA96002_058;CAST#1;46.0353;-60.7262;147435;140;26-apr-96;14:09:00;25.696;-0.1;361.9693;4;NaN;9;0.165;1;3.845;1;0.615;1;6.955;1;6;6.25;0.55
18NA96002_058;CAST#1;46.0353;-60.7262;147434;175;26-apr-96;14:09:00;25.702;-0.099;361.9693;4;NaN;9;0.158;1;3.605;1;0.6325;1;6.66;1;6;5.70;0.54
18NA96002_069;CAST#1;46.2258;-60.3225;147442;1;26-apr-96;16:41:00;22.333;4.698;362.54988;4;0.4005;1;0.1055;1;0.025;1;0.214;1;1.165;1;6;0.12;0.02
18NA96002_069;CAST#1;46.2258;-60.3225;147441;4;26-apr-96;16:41:00;22.315;4.704;362.23726;4;0.4005;1;0.0975;1;0;1;0.198;1;1.29;1;6;0.00;0.00
18NA96002_069;CAST#1;46.2258;-60.3225;147440;7;26-apr-96;16:41:00;22.325;4.601;363.21978;4;0.3204;1;0.105;1;0.04;1;0.2335;1;1.565;1;6;0.17;0.03
18NA96002_080;CAST#1;46.2197;-60.3682;147444;5;26-apr-96;17:09:00;22.291;4.195;365.18482;4;0.4806;1;0.1025;1;0;1;0.1925;1;1.045;1;6;0.00;0.00
18NA96002_080;CAST#1;46.2197;-60.3682;147443;15;26-apr-96;17:09:00;22.404;3.843;366.70326;4;0.3204;1;0.11;1;0.05;1;0.309;1;1.46;1;6;0.16;0.03
18NA96002_091;CAST#1;46.1792;-60.4078;147448;1;26-apr-96;17:35:00;22.147;4.714;366.07802;4;0.2403;1;0.0785;1;0;1;0.182;1;1.215;1;6;0.00;0.00
18NA96002_091;CAST#1;46.1792;-60.4078;147447;5;26-apr-96;17:35:00;22.32;4.042;NaN;9;0.2403;1;0.2055;1;0.01;1;0.2155;1;1.25;1;0;0.05;0.01
18NA96002_091;CAST#1;46.1792;-60.4078;147446;15;26-apr-96;17:35:00;22.733;3.272;369.1149;4;0.4005;1;0.43;1;0.095;1;0.1935;1;1.32;1;6;0.49;0.07
18NA96002_091;CAST#1;46.1792;-60.4078;147445;32;26-apr-96;17:35:00;24.796;0.772;313.42388;4;NaN;9;0.2185;1;5.15;1;0.863;1;11.035;1;6;5.97;0.47
18NA96002_102;CAST#1;46.1427;-60.4995;147456;1;26-apr-96;18:25:00;22.168;3.819;368.98092;4;0.1602;1;0.0955;1;0.03;1;0.163;1;0.565;1;6;0.18;0.05
18NA96002_102;CAST#1;46.1427;-60.4995;147455;5;26-apr-96;18:25:00;22.379;3.345;371.70518;4;0.0801;1;0.093;1;0.045;1;0.174;1;0.575;1;6;0.26;0.08
18NA96002_102;CAST#1;46.1427;-60.4995;147454;15;26-apr-96;18:25:00;22.747;3.143;373.1343;4;0;1;0.0985;1;0.12;1;0.1575;1;0.995;1;6;0.76;0.12
18NA96002_102;CAST#1;46.1427;-60.4995;147453;50;26-apr-96;18:25:00;25.123;0.527;335.6199;4;0.0801;1;0.152;1;5.31;1;0.6505;1;8.145;1;6;8.16;0.65
18NA96002_102;CAST#1;46.1427;-60.4995;147452;100;26-apr-96;18:25:00;25.38;0.35;294.5327;4;NaN;9;0.11;1;8.56;1;0.9125;1;14.18;1;6;9.38;0.60
18NA96002_102;CAST#1;46.1427;-60.4995;147451;150;26-apr-96;18:25:00;25.555;0.209;223.16602;4;NaN;9;0.1035;1;13.535;1;1.428;1;25.655;1;6;9.48;0.53
18NA96002_102;CAST#1;46.1427;-60.4995;147450;200;26-apr-96;18:25:00;25.582;0.174;214.94858;4;NaN;9;0.107;1;13.725;1;1.5535;1;26.84;1;6;8.83;0.51
18NA96002_102;CAST#1;46.1427;-60.4995;147449;257;26-apr-96;18:25:00;25.592;0.165;209.85734;4;NaN;9;0.0745;1;12.565;1;1.5055;1;25.99;1;6;8.35;0.48
18NA96002_114;CAST#1;46.1325;-60.5447;147458;1;26-apr-96;19:30:00;22.364;4.212;369.5615;4;0.2403;1;0.0895;1;0.06;7;0.144;1;0.755;1;38;0.42;0.08
18NA96002_114;CAST#1;46.1325;-60.5447;147457;5;26-apr-96;19:30:00;22.584;3.662;370.58868;4;0.3204;1;0.096;1;0.06;7;0.17;1;0.93;1;38;0.35;0.06
18NA96002_127;CAST#1;46.0813;-60.6775;147460;5;27-apr-96;11:27:00;22.631;3.05;371.3479;4;0;1;0.0975;1;0.065;1;0.21;1;0.925;1;6;0.31;0.07
18NA96002_127;CAST#1;46.0813;-60.6775;147459;10;27-apr-96;11:27:00;22.829;2.838;372.82168;4;0.4005;1;0.103;1;0.105;1;0.2035;1;0.59;1;6;0.52;0.18
18NA96002_149;CAST#1;46.0862;-60.6842;147465;1;27-apr-96;11:49:00;21.394;4.195;366.70326;4;0.4806;1;0.0935;1;0.08;1;0.1495;1;1.77;1;6;0.54;0.05
18NA96002_149;CAST#1;46.0862;-60.6842;147464;7;27-apr-96;11:49:00;22.715;3.095;373.00032;4;0.2403;1;0.098;1;0.075;1;0.1895;1;0.805;1;6;0.40;0.09
18NA96002_149;CAST#1;46.0862;-60.6842;147463;21;27-apr-96;11:49:00;24.28;2.054;373.49158;4;NaN;9;0.103;1;0.215;1;0.2615;1;0.845;1;6;0.82;0.25
18NA96002_149;CAST#1;46.0862;-60.6842;147462;46;27-apr-96;11:49:00;25.121;1.577;375.72458;4;NaN;9;0.114;1;0.415;1;0.313;1;1.085;1;6;1.33;0.38
18NA96002_149;CAST#1;46.0862;-60.6842;147461;88;27-apr-96;11:49:00;26.287;-0.146;362.81784;4;0.1602;1;0.136;1;0.765;1;0.558;1;0.815;1;6;1.37;0.94
18NA96002_171;CAST#1;46.096;-60.7075;147467;5;27-apr-96;12:24:00;22.518;3.106;371.39256;4;0.2403;1;0.0995;1;0.07;1;0.234;1;0.715;1;6;0.30;0.10
18NA96002_171;CAST#1;46.096;-60.7075;147466;10;27-apr-96;12:24:00;22.786;2.808;372.41974;4;0.3204;1;0.097;1;0.09;1;0.225;1;0.66;1;6;0.40;0.14
18NA96002_182;CAST#1;46.1348;-60.6045;147469;7;27-apr-96;13:05:00;22.955;3.044;371.70518;4;0.4806;1;0.0885;1;0.085;1;0.274;1;1.165;1;6;0.31;0.07
18NA96002_182;CAST#1;46.1348;-60.6045;147468;30;27-apr-96;13:05:00;26.383;1.327;379.3867;4;0.2403;1;0.1045;1;0.13;1;0.393;1;0.585;1;6;0.33;0.22
18NA96002_193;CAST#1;46.2907;-60.416;147472;1;27-apr-96;14:24:00;24.131;3.239;370.58868;4;0.4005;1;0.096;1;0.12;1;0.2985;1;1.22;1;6;0.40;0.10
18NA96002_193;CAST#1;46.2907;-60.416;147471;7;27-apr-96;14:24:00;24.966;2.631;375.32264;4;0.1602;1;0.092;1;0.1;1;0.3245;1;0.67;1;6;0.31;0.15
18NA96002_193;CAST#1;46.2907;-60.416;147470;12;27-apr-96;14:24:00;28.553;1.09;389.83714;4;0;1;0.097;1;0.07;1;0.3765;1;0.105;1;6;0.19;0.67
18NA96002_204;CAST#1;46.244;-60.4853;147475;1;27-apr-96;15:31:00;23.86;3.36;370.678;4;0.1602;1;0.0705;1;0.06;1;0.207;1;0.355;1;6;0.29;0.17
18NA96002_204;CAST#1;46.244;-60.4853;147474;7;27-apr-96;15:31:00;26.071;2.01;376.30516;4;0;1;0.0855;1;0.12;1;0.337;1;0.115;1;6;0.36;1.04
18NA96002_204;CAST#1;46.244;-60.4853;147473;17;27-apr-96;15:31:00;28.076;1.205;386.13036;4;0.1602;1;0.1045;1;0.14;1;0.4425;1;0.335;1;6;0.32;0.42
18NA96002_215;CAST#1;46.2125;-60.5172;147478;1;27-apr-96;15:55:00;21.836;4.275;366.61394;4;0.4806;1;0.07;1;0.06;1;0.1435;1;1.46;1;6;0.42;0.04
18NA96002_215;CAST#1;46.2125;-60.5172;147479;7;27-apr-96;15:55:00;22.804;3.643;369.51684;4;0.2403;1;0.0775;1;0.06;1;0.3535;1;0.99;1;6;0.17;0.06
18NA96002_215;CAST#1;46.2125;-60.5172;147477;29;27-apr-96;15:55:00;26.677;1.362;378.80612;4;0.1602;1;0.0955;1;0.195;1;0.392;1;0.495;1;6;0.50;0.39
18NA96002_215;CAST#1;46.2125;-60.5172;147476;79;27-apr-96;15:55:00;27.378;0.979;382.46824;4;0.0801;1;0.097;1;0.22;1;0.4055;1;0.465;1;6;0.54;0.47
18NA96002_226;CAST#1;46.0882;-60.7237;147482;1;27-apr-96;17:24:00;20.246;5.392;361.21008;4;0.4806;1;0.0735;1;0.245;1;0.1785;1;4.58;1;6;1.37;0.05
18NA96002_226;CAST#1;46.0882;-60.7237;147481;5;27-apr-96;17:24:00;22.639;2.951;372.50906;4;0.4806;1;0.075;1;0.04;1;0.207;1;0.835;1;6;0.19;0.05
18NA96002_226;CAST#1;46.0882;-60.7237;147480;17;27-apr-96;17:24:00;23.395;1.959;371.3479;4;0.2403;1;0.096;1;0.355;1;0.24;1;1.115;1;6;1.48;0.32
18NA96002_237;CAST#1;46.1068;-60.7257;147485;1;27-apr-96;17:42:00;20.414;5.433;362.68386;4;0;1;0.068;1;0.17;1;0.2445;1;2.575;1;6;0.70;0.07
18NA96002_237;CAST#1;46.1068;-60.7257;147484;5;27-apr-96;17:42:00;22.526;3.063;386.7556;4;0;1;0.0795;1;0.1;1;0.2215;1;1.48;1;6;0.45;0.07
18NA96002_237;CAST#1;46.1068;-60.7257;147483;11;27-apr-96;17:42:00;22.868;2.671;373.89352;4;0.3204;1;0.082;1;0.07;1;0.213;1;0.67;1;6;0.33;0.10
18NA96002_239;CAST#1;46.0675;-60.816;147488;1;27-apr-96;18:20:00;20.799;4.712;363.35376;4;0.0801;1;0.069;1;0.54;1;0.164;1;6.695;1;6;3.29;0.08
18NA96002_239;CAST#1;46.0675;-60.816;147487;5;27-apr-96;18:20:00;22.353;3.027;372.28576;4;0.4005;1;0.0725;1;0.03;1;0.2175;1;0.805;1;6;0.14;0.04
18NA96002_239;CAST#1;46.0675;-60.816;147486;11;27-apr-96;18:20:00;23.452;1.713;373.40226;4;0.4005;1;0.097;1;0.215;1;0.2595;1;0.76;1;6;0.83;0.28
18NA96002_243;CAST#1;46.1245;-60.707;147491;1;28-apr-96;12:21:00;22.322;3.418;369.82946;4;0;1;0.3175;1;3.355;1;0.63;1;11.905;1;6;5.33;0.28
18NA96002_243;CAST#1;46.1245;-60.707;147490;5;28-apr-96;12:21:00;22.588;2.945;372.4644;4;0.6408;1;0.075;1;0.08;1;0.222;1;1.075;1;6;0.36;0.07
18NA96002_243;CAST#1;46.1245;-60.707;147489;20;28-apr-96;12:21:00;24.109;0.653;316.59474;4;NaN;9;0.1535;1;1.05;1;0.6475;1;4.41;1;6;1.62;0.24
18NA96002_244;CAST#1;46.0728;-60.864;147493;4;28-apr-96;13:50:00;22.616;2.87;372.55372;4;0.7209;1;0.069;1;0.155;1;0.24;1;2.19;1;6;0.65;0.07
18NA96002_244;CAST#1;46.0728;-60.864;147492;8;28-apr-96;13:50:00;22.809;2.484;375.09934;4;NaN;9;0.071;1;0.075;1;0.26;1;0.985;1;6;0.29;0.08
18NA96002_247;CAST#1;46.0827;-60.8905;147494;4;28-apr-96;14:20:00;22.306;3.009;371.61586;4;NaN;9;0.064;1;0.67;1;0.219;1;6.135;1;6;3.06;0.11
18NA96002_253;CAST#1;46.0537;-60.8963;147496;1;28-apr-96;14:47:00;18.447;5.943;369.51684;4;0.5607;1;0.087;1;2.61;1;0.102;1;18.075;1;6;25.59;0.14
18NA96002_253;CAST#1;46.0537;-60.8963;147495;5;28-apr-96;14:47:00;22.427;2.947;372.50906;4;NaN;9;0.068;1;0.07;1;0.225;1;1.25;1;6;0.31;0.06
18NA96002_257;CAST#1;46.0032;-60.9643;147499;1;28-apr-96;15:28:00;20.21;4.318;356.92272;4;0.4806;1;NaN;9;0.95;1;0.226;1;9.635;1;6;4.20;0.10
18NA96002_257;CAST#1;46.0032;-60.9643;147498;4;28-apr-96;15:28:00;22.353;2.985;369.15956;4;NaN;9;NaN;9;0.105;1;0.305;1;1.02;1;6;0.34;0.10
18NA96002_257;CAST#1;46.0032;-60.9643;147497;7;28-apr-96;15:28:00;23.275;1.831;374.96536;4;0.5607;1;0.09;1;0.06;1;0.3165;1;0.74;1;6;0.19;0.08
18NA96002_261;CAST#1;45.946;-61.1235;147605;1;28-apr-96;16:37:00;16.816;6.496;350.40236;4;0.6408;1;NaN;9;0.59;1;0.368;1;7.275;1;6;1.60;0.08
18NA96002_261;CAST#1;45.946;-61.1235;147604;5;28-apr-96;16:37:00;18.312;6.173;350.89362;4;0.1602;1;NaN;9;0.195;1;0.361;1;3.37;1;6;0.54;0.06
18NA96002_261;CAST#1;45.946;-61.1235;147603;25;28-apr-96;16:37:00;23.053;3.2;0;7;NaN;9;NaN;9;0;1;10.35;4;38.08;1;38;NaN;0.00
18NA96002_261;CAST#1;45.946;-61.1235;147500;42;28-apr-96;16:37:00;23.056;2.941;0;7;NaN;9;NaN;9;0;1;12.11;4;42;1;38;NaN;0.00
18NA96002_263;CAST#1;45.9705;-61.0195;147609;1;28-apr-96;17:23:00;17.93;6.312;353.9305;4;0.8811;1;NaN;9;0.015;1;0.3465;1;1.94;1;6;0.04;0.01
18NA96002_263;CAST#1;45.9705;-61.0195;147608;5;28-apr-96;17:23:00;18.065;6.265;353.39458;4;0.5607;1;NaN;9;0.05;1;0.429;1;1.925;1;6;0.12;0.03
18NA96002_263;CAST#1;45.9705;-61.0195;147607;25;28-apr-96;17:23:00;23.27;2.051;254.29404;4;0.2403;1;NaN;9;8.17;1;1.2135;1;15.2;1;6;6.73;0.54
18NA96002_263;CAST#1;45.9705;-61.0195;147606;32;28-apr-96;17:23:00;23.297;2.075;238.66304;4;NaN;9;NaN;9;7.505;1;1.198;1;14.68;1;6;6.26;0.51
18NA96002_275;CAST#1;46.0478;-60.84;147612;1;29-apr-96;12:01:00;18.239;6.452;359.7363;4;0.2403;1;NaN;9;1.11;1;0.1975;1;10.985;1;6;5.62;0.10
18NA96002_275;CAST#1;46.0478;-60.84;147611;5;29-apr-96;12:01:00;22.773;2.437;368.13238;4;0.3204;1;NaN;9;0.115;1;0.2215;1;2.76;1;6;0.52;0.04
18NA96002_275;CAST#1;46.0478;-60.84;147610;11;29-apr-96;12:01:00;23.078;2.159;369.24888;4;0.3204;1;NaN;9;0.05;1;0.301;1;0.835;1;6;0.17;0.06
18NA96002_276;CAST#1;46.072;-60.6442;147614;7;29-apr-96;13:42:00;22.428;3.794;369.07024;4;0.0801;1;NaN;9;0;1;0.218;1;1.04;1;6;0.00;0.00
18NA96002_276;CAST#1;46.072;-60.6442;147613;32;29-apr-96;13:42:00;24.779;0.994;360.58484;4;NaN;9;NaN;9;2.095;1;0.5225;1;3.92;1;6;4.01;0.53
18NA96002_278;CAST#1;46.055;-60.626;147619;1;29-apr-96;14:11:00;21.822;4.358;367.50714;4;0;1;NaN;9;0.02;1;0.226;1;1.07;1;6;0.09;0.02
18NA96002_278;CAST#1;46.055;-60.626;147618;5;29-apr-96;14:11:00;21.835;4.329;367.7751;4;0;1;NaN;9;0;1;0.2675;1;1.16;1;6;0.00;0.00
18NA96002_278;CAST#1;46.055;-60.626;147617;15;29-apr-96;14:11:00;23.4;2.133;370.32072;4;0.6408;1;NaN;9;0.4;1;0.2945;1;1.37;1;6;1.36;0.29
18NA96002_278;CAST#1;46.055;-60.626;147616;50;29-apr-96;14:11:00;25.067;0.632;349.41984;4;NaN;9;NaN;9;3.59;1;0.6025;1;5.785;1;6;5.96;0.62
18NA96002_278;CAST#1;46.055;-60.626;147615;122;29-apr-96;14:11:00;25.517;-0.043;363.48774;4;NaN;9;NaN;9;2.89;1;0.5935;1;5.475;1;6;4.87;0.53
18NA96002_280;CAST#1;46.1113;-60.556;147623;1;29-apr-96;15:44:00;22.168;4.373;365.36346;4;0;1;NaN;9;0;1;0.233;1;0.815;1;6;0.00;0.00
18NA96002_280;CAST#1;46.1113;-60.556;147622;5;29-apr-96;15:44:00;22.165;4.371;365.0955;4;0.1602;1;NaN;9;0.01;1;0.251;1;0.95;1;6;0.04;0.01
18NA96002_280;CAST#1;46.1113;-60.556;147621;15;29-apr-96;15:44:00;23.19;2.676;367.37316;4;0;1;NaN;9;0.19;1;0.2715;1;1.305;1;6;0.70;0.15
18NA96002_280;CAST#1;46.1113;-60.556;147620;222;29-apr-96;15:44:00;25.581;0.177;215.08256;4;NaN;9;NaN;9;14.485;1;1.5965;1;27.945;1;6;9.07;0.52
18NA96002_281;CAST#1;45.9508;-60.8028;147625;7;30-apr-96;11:13:00;21.811;3.535;374.2508;4;0.4005;7;NaN;9;0;1;0.194;1;0.04;1;38;0.00;0.00
18NA96002_281;CAST#1;45.9508;-60.8028;147624;25;30-apr-96;11:13:00;22.644;2.813;366.61394;4;0.4005;7;NaN;9;0.145;1;0.2215;1;0.495;1;38;0.65;0.29
18NA96002_282;CAST#1;45.9225;-60.8308;147629;1;30-apr-96;11:37:00;21.564;3.695;372.911;4;0;1;NaN;9;0.015;1;0.167;1;0;1;6;0.09;NaN
18NA96002_282;CAST#1;45.9225;-60.8308;147628;5;30-apr-96;11:37:00;21.612;4.058;372.73236;4;0.1602;1;NaN;9;0.025;1;0.188;1;0.525;1;6;0.13;0.05
18NA96002_282;CAST#1;45.9225;-60.8308;147627;30;30-apr-96;11:37:00;23.328;1.875;381.30708;4;0.3204;1;NaN;9;0.625;1;0.334;1;1.07;1;6;1.87;0.58
18NA96002_282;CAST#1;45.9225;-60.8308;147626;62;30-apr-96;11:37:00;23.568;1.367;356.52078;4;NaN;9;NaN;9;1.245;1;0.463;1;3.46;1;6;2.69;0.36
18NA96002_283;CAST#1;45.9163;-60.9625;147632;1;30-apr-96;12:21:00;20.685;4.191;371.70518;4;0;1;NaN;9;0.035;1;0.176;1;0.07;1;6;0.20;0.50
18NA96002_283;CAST#1;45.9163;-60.9625;147631;5;30-apr-96;12:21:00;21.761;3.396;371.7945;4;0.4806;1;NaN;9;0.04;1;0.1925;1;0;1;6;0.21;NaN
18NA96002_283;CAST#1;45.9163;-60.9625;147630;11;30-apr-96;12:21:00;22.119;2.783;378.58282;4;0;1;NaN;9;0.035;1;0.2135;1;0;1;6;0.16;NaN
18NA96002_285;CAST#1;45.9012;-61.0562;147634;1;30-apr-96;13:15:00;15.101;7.352;352.41206;4;0.1602;1;NaN;9;0.045;1;0.0975;1;6.32;1;6;0.46;0.01
18NA96002_285;CAST#1;45.9012;-61.0562;147633;7;30-apr-96;13:15:00;21.88;2.427;384.43328;4;0.4806;1;NaN;9;0.085;1;0.2145;1;0;1;6;0.40;NaN
18NA96002_295;CAST#1;45.8727;-61.0723;147636;1;30-apr-96;13:57:00;14.783;8.215;355.62758;4;0.2403;1;NaN;9;0.49;1;0.1055;1;9.375;1;6;4.64;0.05
18NA96002_295;CAST#1;45.8727;-61.0723;147635;4;30-apr-96;13:57:00;21.49;3.029;381.21776;4;0.4806;1;NaN;9;0.055;1;0.178;1;0.995;1;6;0.31;0.06
18NA96002_296;CAST#1;45.8895;-60.9992;147638;1;30-apr-96;14:40:00;12.076;7.435;353.84118;4;0.4005;1;NaN;9;0.075;1;0.097;1;8.165;1;6;0.77;0.01
18NA96002_296;CAST#1;45.8895;-60.9992;147637;3;30-apr-96;14:40:00;21.161;3.677;365.3188;4;0.9612;1;NaN;9;0.055;1;0.177;1;3.97;1;6;0.31;0.01
18NA96002_297;CAST#1;45.8928;-60.9085;147640;5;30-apr-96;15:55:00;21.365;3.845;372.33042;4;0.2403;1;NaN;9;0.045;1;0.175;1;0;1;6;0.26;NaN
18NA96002_297;CAST#1;45.8928;-60.9085;147639;15;30-apr-96;15:55:00;22.379;2.355;377.01972;4;0.0801;1;NaN;9;0.065;1;0.2295;1;0.13;1;6;0.28;0.50
18NA96002_298;CAST#1;45.8665;-60.8392;147644;1;30-apr-96;16:24:00;21.633;3.856;369.82946;4;0;1;NaN;9;0.025;1;0.149;1;0;1;6;0.17;NaN
18NA96002_298;CAST#1;45.8665;-60.8392;147643;5;30-apr-96;16:24:00;21.643;3.615;372.911;4;0;1;NaN;9;0.025;1;0.179;1;0.03;1;6;0.14;0.83
18NA96002_298;CAST#1;45.8665;-60.8392;147642;20;30-apr-96;16:24:00;21.722;2.868;376.7071;4;0.0801;1;NaN;9;0.03;1;0.2065;1;0.105;1;6;0.15;0.29
18NA96002_298;CAST#1;45.8665;-60.8392;147641;45;30-apr-96;16:24:00;22.124;0.957;367.41782;4;NaN;9;NaN;9;0.385;1;0.3145;1;1.245;1;6;1.22;0.31
18NA96002_299;CAST#1;45.8202;-60.8495;147650;1;30-apr-96;17:20:00;21.612;3.905;371.3479;4;0;1;NaN;9;0.09;1;0.1615;1;0.06;1;6;0.56;1.50
18NA96002_299;CAST#1;45.8202;-60.8495;147649;5;30-apr-96;17:20:00;21.629;3.681;374.51876;4;0;1;NaN;9;0.1;1;0.1495;1;0.065;1;6;0.67;1.54
18NA96002_299;CAST#1;45.8202;-60.8495;147648;15;30-apr-96;17:20:00;21.647;3.506;373.93818;4;0.8811;1;NaN;9;0.13;1;0.1805;1;0.28;1;6;0.72;0.46
18NA96002_299;CAST#1;45.8202;-60.8495;147647;50;30-apr-96;17:20:00;22.152;0.89;371.97314;4;0.2403;1;NaN;9;0.295;1;0.3455;1;0.785;1;6;0.85;0.38
18NA96002_299;CAST#1;45.8202;-60.8495;147646;70;30-apr-96;17:20:00;22.316;0.307;370.72266;4;NaN;9;NaN;9;0.795;1;0.342;1;2.505;1;6;2.32;0.32
18NA96002_299;CAST#1;45.8202;-60.8495;147645;112;30-apr-96;17:20:00;22.481;-0.109;368.26636;4;NaN;9;NaN;9;1.92;1;0.483;1;6.155;1;6;3.98;0.31
18NA96002_300;CAST#1;45.8492;-60.7648;147655;1;30-apr-96;18:05:00;21.55;4.728;369.3382;4;0;1;NaN;9;0.06;1;0.136;1;0.02;1;6;0.44;3.00
18NA96002_300;CAST#1;45.8492;-60.7648;147654;5;30-apr-96;18:05:00;21.563;3.853;371.21392;4;0.2403;1;NaN;9;0.07;1;0.1335;1;0;1;6;0.52;NaN
18NA96002_300;CAST#1;45.8492;-60.7648;147653;25;30-apr-96;18:05:00;21.875;1.373;382.11096;4;0.4806;1;NaN;9;0.09;1;0.1875;1;0.01;1;6;0.48;9.00
18NA96002_300;CAST#1;45.8492;-60.7648;147652;50;30-apr-96;18:05:00;22.133;0.946;371.61586;4;NaN;9;NaN;9;0.365;1;0.2945;1;0.785;1;6;1.24;0.46
18NA96002_300;CAST#1;45.8492;-60.7648;147651;72;30-apr-96;18:05:00;22.273;0.208;367.3285;4;NaN;9;NaN;9;0.865;1;0.34;1;2.8;1;6;2.54;0.31
18NA96002_301;CAST#1;45.9145;-60.7563;147659;1;01-may-96;11:36:00;21.342;4.319;372.73236;4;0.0801;1;NaN;9;0.095;1;0.158;1;0.995;1;6;0.60;0.10
18NA96002_301;CAST#1;45.9145;-60.7563;147658;5;01-may-96;11:36:00;21.583;4.261;373.1343;4;0.1602;1;NaN;9;0.06;1;0.11;1;0.21;1;6;0.55;0.29
18NA96002_301;CAST#1;45.9145;-60.7563;147657;35;01-may-96;11:36:00;22.03;0.789;372.911;4;1.1214;1;NaN;9;0.19;1;0.273;1;0.59;1;6;0.70;0.32
18NA96002_301;CAST#1;45.9145;-60.7563;147656;72;01-may-96;11:36:00;22.17;0.03;359.42368;4;NaN;9;NaN;9;0.79;1;0.452;1;4.235;1;6;1.75;0.19
18NA96002_302;CAST#1;45.9547;-60.5872;147661;1;01-may-96;13:38:00;20.706;6.741;360.94212;4;0.1602;7;NaN;9;0.06;1;0.1495;1;1.595;1;38;0.40;0.04
18NA96002_302;CAST#1;45.9547;-60.5872;147660;5;01-may-96;13:38:00;21.377;4.463;379.96728;4;0.1602;7;NaN;9;0.03;1;0.161;1;0.5;1;38;0.19;0.06
18NA96002_303;CAST#1;45.9685;-60.4773;147663;1;01-may-96;14:31:00;20.389;6.277;365.72074;4;0.1602;1;NaN;9;0.03;1;0.1305;1;0.91;1;6;0.23;0.03
18NA96002_303;CAST#1;45.9685;-60.4773;147664;5;01-may-96;14:31:00;20.844;5.142;367.28384;4;0.1602;1;NaN;9;0.06;1;0.15;1;1.205;1;6;0.40;0.05
18NA96002_303;CAST#1;45.9685;-60.4773;147662;38;01-may-96;14:31:00;21.771;1.23;369.24888;4;0.8811;1;NaN;9;0.11;1;0.3055;1;0.635;1;6;0.36;0.17
18NA96002_305;CAST#1;46.0087;-60.4052;147666;1;01-may-96;15:25:00;19.745;5.71;369.07024;4;0.4005;1;NaN;9;0.03;1;0.1445;1;1.79;1;6;0.21;0.02
18NA96002_305;CAST#1;46.0087;-60.4052;147665;7;01-may-96;15:25:00;21.063;4.219;377.64496;4;0.2403;1;NaN;9;0.02;1;0.1175;1;0.195;1;6;0.17;0.10
18NA96002_306;CAST#1;45.904;-60.6112;147669;1;01-may-96;16:39:00;21.32;4.651;369.7848;4;0.2403;1;NaN;9;0.01;1;0.1535;1;0.24;1;6;0.07;0.04
18NA96002_306;CAST#1;45.904;-60.6112;147668;5;01-may-96;16:39:00;21.354;4.601;370.81198;4;0.2403;1;NaN;9;0.01;1;0.144;1;0.29;1;6;0.07;0.03
18NA96002_306;CAST#1;45.904;-60.6112;147667;20;01-may-96;16:39:00;21.869;1.789;372.59838;4;0.5607;1;NaN;9;0.02;1;0.2285;1;0.34;1;6;0.09;0.06
18NA96002_308;CAST#1;45.8767;-60.6717;147672;1;01-may-96;17:16:00;21.554;4.289;372.41974;4;0.3204;1;NaN;9;0;1;0.144;1;0.155;1;6;0.00;0.00
18NA96002_308;CAST#1;45.8767;-60.6717;147671;5;01-may-96;17:16:00;21.553;4.31;372.6877;4;0.2403;1;NaN;9;0;1;0.1125;1;0.09;1;6;0.00;0.00
18NA96002_308;CAST#1;45.8767;-60.6717;147670;25;01-may-96;17:16:00;21.886;1.74;374.6974;4;0.6408;1;NaN;9;0.01;1;0.159;1;0.145;1;6;0.06;0.07
