CTD;CTD;CTD;CTD;CTD;CTD;CTD;CTD;CTD;labo;labo;labo;labo;terrain;labo;labo;labo;labo;labo;labo;labo;labo;labo;labo;calc;calc
Fichier;Station;Latitude;Longitude;Echantillon;zbouteille;Date;Heure;PRES;PSAL_BS;Q_PSAL;OXYM_01;Q_OXYM;TEMP_XX;Q_TEMP_RT;CHL_XX;Q_CHL;NOx_01;Q_NOX;PO4_01;Q_PO4;Si_01;Q_Si;QCFF;N_P;N_Si
(nom);(nom/no);(degres);(degres);(no_unique);(dbar);(jj-mmm-yyyy);(GMT);(dbar);(PSU);((none));(mmol/m**3);((none));(celsius);((none));(mg/m**3);((none));(mmol/m**3);((none));(mmol/m**3);((none));(mmol/m**3);((none));((none));((none));((none))
18TL04524_002;STN27;47.5467;-52.5867;258045;5;17-apr-04;21:48:00;5.33;31.945;1;314.4;4;2.04;1;4.23;1;0.84;1;0.5;1;1.66;1;6;1.68;0.51
18TL04524_002;STN27;47.5467;-52.5867;258044;11;17-apr-04;21:48:00;10.61;32.115;1;336.3;4;1.62;1;3.81;1;0.98;1;0.49;1;1.79;1;6;2.00;0.55
18TL04524_002;STN27;47.5467;-52.5867;258043;20;17-apr-04;21:48:00;19.9;32.243;1;344.3;4;0.93;1;4.01;1;0.6;1;0.47;1;1.7;1;6;1.28;0.35
18TL04524_002;STN27;47.5467;-52.5867;258042;29;17-apr-04;21:48:00;29.46;32.393;1;347.5;4;-0.36;1;3.33;1;3.61;1;0.71;1;2.5;1;6;5.08;1.44
18TL04524_002;STN27;47.5467;-52.5867;258041;40;17-apr-04;21:48:00;39.87;32.45;1;348.3;4;-0.55;1;1.37;1;2.23;1;0.64;1;1.85;1;6;3.48;1.21
18TL04524_002;STN27;47.5467;-52.5867;258040;50;17-apr-04;21:48:00;50.26;32.49;1;351.5;4;-0.62;1;1.42;1;4.46;1;0.86;1;3.7;1;6;5.19;1.21
18TL04524_002;STN27;47.5467;-52.5867;258039;75;17-apr-04;21:48:00;75.51;32.582;1;344.8;4;-1.11;1;2.02;1;5.75;1;0.86;1;3.5;1;6;6.69;1.64
18TL04524_002;STN27;47.5467;-52.5867;258038;98;17-apr-04;21:48:00;98.82;32.631;1;352.4;4;-1.11;1;13.92;1;6.49;1;0.84;1;4.8;1;6;7.73;1.35
18TL04524_002;STN27;47.5467;-52.5867;258037;150;17-apr-04;21:48:00;150.96;32.768;1;356.4;4;-0.69;1;NaN;9;6.8;1;0.86;1;5.15;1;6;7.91;1.32
18TL04524_002;STN27;47.5467;-52.5867;258036;171;17-apr-04;21:48:00;172.8;32.896;1;355;4;-0.21;1;NaN;9;8.09;1;1.15;1;10.22;1;6;7.03;0.79
18TL04524_113;SEGB-01;46.5833;-52.9333;258051;5;18-apr-04;05:34:00;4.67;32.365;1;344.8;4;0.76;1;7.04;1;1.24;1;0.4;1;1.96;1;6;3.10;0.63
18TL04524_113;SEGB-01;46.5833;-52.9333;258050;10;18-apr-04;05:34:00;9.58;32.371;1;344.8;4;0.74;1;7.25;1;1.11;1;0.3;1;1.51;1;6;3.70;0.74
18TL04524_113;SEGB-01;46.5833;-52.9333;258049;20;18-apr-04;05:34:00;19.92;32.378;1;346.6;4;0.72;1;6.86;1;0.72;1;0.26;1;1.22;1;6;2.77;0.59
18TL04524_113;SEGB-01;46.5833;-52.9333;258048;30;18-apr-04;05:34:00;30.25;32.615;1;358.2;4;-0.03;1;1.78;1;4.25;1;0.49;1;2.96;1;6;8.67;1.44
18TL04524_113;SEGB-01;46.5833;-52.9333;258047;38;18-apr-04;05:34:00;38.67;32.64;1;360;4;-0.1;1;1.38;1;4.5;1;0.5;1;3.15;1;6;9.00;1.43
18TL04524_113;SEGB-01;46.5833;-52.9333;258046;46;18-apr-04;05:34:00;46.61;32.653;1;360;4;-0.12;1;1.24;1;4.64;1;0.86;1;3.33;1;6;5.40;1.39
18TL04524_225;SEGB-02;46.5;-52.85;258052;165;18-apr-04;07:19:00;166.7;32.779;1;343.4;4;-0.26;1;NaN;9;NaN;9;NaN;9;NaN;9;6;NaN;NaN
18TL04524_264;SEGB-03;46.35;-52.7333;258062;4;18-apr-04;08:45:00;4.48;32.24;1;297.4;4;1.53;1;2.97;1;0.6;1;0.26;1;1.61;1;6;2.31;0.37
18TL04524_264;SEGB-03;46.35;-52.7333;258061;9;18-apr-04;08:45:00;8.8;32.237;1;299.2;4;1.55;1;3.21;1;0.48;1;0.26;1;1.29;1;6;1.85;0.37
18TL04524_264;SEGB-03;46.35;-52.7333;258060;18;18-apr-04;08:45:00;18.19;32.495;1;319.3;4;1.05;1;5.79;1;0.58;1;0.26;1;1.39;1;6;2.23;0.42
18TL04524_264;SEGB-03;46.35;-52.7333;258059;28;18-apr-04;08:45:00;28.52;32.754;1;335.4;4;0.9;1;1.86;1;3.08;1;0.36;1;1.86;1;6;8.56;1.66
18TL04524_264;SEGB-03;46.35;-52.7333;258058;38;18-apr-04;08:45:00;38.48;32.753;1;335.8;4;0.57;1;1.6;1;3.8;1;0.34;1;2.07;1;6;11.18;1.84
18TL04524_264;SEGB-03;46.35;-52.7333;258057;49;18-apr-04;08:45:00;49.49;32.78;1;340.8;4;0.52;1;0.89;1;4.69;1;0.5;1;3.67;1;6;9.38;1.28
18TL04524_264;SEGB-03;46.35;-52.7333;258056;74;18-apr-04;08:45:00;74.58;32.828;1;342.5;4;0.02;1;0.57;1;5.82;1;0.71;1;5.23;1;6;8.20;1.11
18TL04524_264;SEGB-03;46.35;-52.7333;258055;100;18-apr-04;08:45:00;100.64;32.986;1;360;4;0.11;1;0.27;1;7.41;1;0.55;1;6.74;1;6;13.47;1.10
18TL04524_264;SEGB-03;46.35;-52.7333;258054;152;18-apr-04;08:45:00;153.46;33.244;1;356.4;4;0.47;1;NaN;9;10.93;1;0.98;1;12.28;1;6;11.15;0.89
18TL04524_264;SEGB-03;46.35;-52.7333;258053;162;18-apr-04;08:45:00;163.25;33.288;1;357.3;4;0.52;1;NaN;9;10.32;1;0.8;1;12.36;1;6;12.90;0.83
18TL04524_284;SEGB-04;46.2083;-52.6083;258063;122;18-apr-04;11:01:00;122.57;33.234;1;307.7;4;0.45;1;NaN;9;NaN;9;NaN;9;NaN;9;6;NaN;NaN
18TL04524_304;SEGB-05;46.07;-52.5;258071;5;18-apr-04;12:12:00;5.4;32.488;1;321.5;4;1.79;1;5.38;1;0.82;1;0.31;1;1.44;1;6;2.65;0.57
18TL04524_304;SEGB-05;46.07;-52.5;258070;10;18-apr-04;12:12:00;10.34;32.486;1;321.1;4;1.79;1;5.74;1;0.31;1;0.23;1;1.34;1;6;1.35;0.23
18TL04524_304;SEGB-05;46.07;-52.5;258069;20;18-apr-04;12:12:00;19.79;32.574;1;333.2;4;1.91;1;5.36;1;1.95;1;0.46;1;2.75;1;6;4.24;0.71
18TL04524_304;SEGB-05;46.07;-52.5;258068;30;18-apr-04;12:12:00;30;32.648;1;337.2;4;1.78;1;3.4;1;3.68;1;0.66;1;4.95;1;6;5.58;0.74
18TL04524_304;SEGB-05;46.07;-52.5;258067;40;18-apr-04;12:12:00;40.04;32.671;1;340.8;4;1.44;1;2.4;1;4.22;1;0.64;1;4.8;1;6;6.59;0.88
18TL04524_304;SEGB-05;46.07;-52.5;258066;49;18-apr-04;12:12:00;48.93;32.683;1;348.8;4;1.09;1;1.64;1;5.89;1;0.71;1;5.53;1;6;8.30;1.07
18TL04524_304;SEGB-05;46.07;-52.5;258065;73;18-apr-04;12:12:00;73.64;32.868;1;357.7;4;0.4;1;0.73;1;7.72;1;0.86;1;8.36;1;6;8.98;0.92
18TL04524_304;SEGB-05;46.07;-52.5;258064;84;18-apr-04;12:12:00;85.07;32.872;1;358.6;4;0.39;1;0.31;1;7.94;1;0.83;1;9.22;2;2054;9.57;0.86
18TL04524_315;SEGB-06;45.7883;-52.2667;258072;73;18-apr-04;14:38:00;73.48;32.806;1;321.5;4;0.72;1;NaN;9;NaN;9;NaN;9;NaN;9;6;NaN;NaN
18TL04524_326;SEGB-07;45.4583;-52;258079;4;19-apr-04;14:13:00;3.7;32.545;1;322.4;4;2.58;1;3.8;1;3.27;1;0.61;1;3.94;1;6;5.36;0.83
18TL04524_326;SEGB-07;45.4583;-52;258078;10;19-apr-04;14:13:00;10.37;32.546;1;333.6;4;2.52;1;3.85;1;3.49;1;0.59;1;3.78;1;6;5.92;0.92
18TL04524_326;SEGB-07;45.4583;-52;258077;20;19-apr-04;14:13:00;20.28;32.544;1;336.7;4;2.48;1;3.42;1;2.92;1;0.48;1;3.61;1;6;6.08;0.81
18TL04524_326;SEGB-07;45.4583;-52;258076;30;19-apr-04;14:13:00;29.95;32.542;1;339.9;4;2.44;1;3.15;1;2.76;1;0.54;1;3.97;1;6;5.11;0.70
18TL04524_326;SEGB-07;45.4583;-52;258075;39;19-apr-04;14:13:00;39.13;32.537;1;342.1;4;2.28;1;0.8;1;3.78;1;0.88;1;5.28;1;6;4.30;0.72
18TL04524_326;SEGB-07;45.4583;-52;258074;48;19-apr-04;14:13:00;48.38;32.544;1;344.3;4;1.87;1;1.34;1;5.05;1;0.71;1;5.53;1;6;7.11;0.91
18TL04524_326;SEGB-07;45.4583;-52;258073;74;19-apr-04;14:13:00;74.39;32.774;1;344.8;4;1.18;1;0.31;1;7.46;1;0.84;1;5.95;1;6;8.88;1.25
18TL04524_339;SEGB-08;45.095;-51.7;258080;67;19-apr-04;16:59:00;67.09;32.683;1;330.5;4;1.4;1;NaN;9;NaN;9;NaN;9;NaN;9;6;NaN;NaN
18TL04524_003;SEGB-09;44.725;-51.395;258087;5;19-apr-04;19:20:00;4.94;32.375;1;325.1;4;3.75;1;4.39;1;0.93;1;0.39;1;2.06;1;6;2.38;0.45
18TL04524_003;SEGB-09;44.725;-51.395;258086;10;19-apr-04;19:20:00;9.99;32.376;1;323.8;4;3.65;1;4.3;1;1.76;1;0.48;1;2.67;1;6;3.67;0.66
18TL04524_003;SEGB-09;44.725;-51.395;258085;20;19-apr-04;19:20:00;20.63;32.375;1;332.7;4;3.61;1;4.26;1;1.28;1;0.5;1;2.28;1;6;2.56;0.56
18TL04524_003;SEGB-09;44.725;-51.395;258084;30;19-apr-04;19:20:00;30.2;32.38;1;339;4;3.46;1;3.8;1;0.8;1;0.39;1;1.95;1;6;2.05;0.41
18TL04524_003;SEGB-09;44.725;-51.395;258083;40;19-apr-04;19:20:00;40.02;32.425;1;343.9;4;2.71;1;3.19;1;2.33;1;0.52;1;2.72;1;6;4.48;0.86
18TL04524_003;SEGB-09;44.725;-51.395;258082;50;19-apr-04;19:20:00;50.22;32.532;1;347.9;4;1.7;1;0.75;1;4.73;1;0.86;1;4.88;1;6;5.50;0.97
18TL04524_003;SEGB-09;44.725;-51.395;258081;65;19-apr-04;19:20:00;65.44;32.536;1;350.1;4;1.69;1;0.82;1;4.76;1;0.89;1;4.76;1;6;5.35;1.00
18TL04524_014;SEGB-10;44.3633;-51.1033;258088;66;19-apr-04;23:38:00;66.26;32.308;1;321.1;4;2.43;1;NaN;9;NaN;9;NaN;9;NaN;9;6;NaN;NaN
18TL04524_025;SEGB-11;44;-50.8083;258095;5;20-apr-04;01:56:00;5.44;32.255;1;314.4;4;4.85;1;2.53;1;0.22;1;0.3;1;3.52;1;6;0.73;0.06
18TL04524_025;SEGB-11;44;-50.8083;258094;10;20-apr-04;01:56:00;10.09;32.255;1;314.9;4;4.83;1;2.57;1;0.09;1;0.32;1;3.78;1;6;0.28;0.02
18TL04524_025;SEGB-11;44;-50.8083;258093;20;20-apr-04;01:56:00;19.89;32.259;1;318.4;4;4.64;1;2.53;1;0.54;1;0.27;1;3.39;1;6;2.00;0.16
18TL04524_025;SEGB-11;44;-50.8083;258092;29;20-apr-04;01:56:00;29.68;32.263;1;319.3;4;4.45;1;2.33;1;0.99;1;0.32;1;3.19;1;6;3.09;0.31
18TL04524_025;SEGB-11;44;-50.8083;258091;40;20-apr-04;01:56:00;40.29;32.283;1;320.7;4;3.79;1;1.55;1;2.99;1;0.41;1;3.8;1;6;7.29;0.79
18TL04524_025;SEGB-11;44;-50.8083;258090;50;20-apr-04;01:56:00;50.7;32.345;1;322;4;3.2;1;0.8;1;4.04;1;0.59;1;6.13;1;6;6.85;0.66
18TL04524_025;SEGB-11;44;-50.8083;258089;65;20-apr-04;01:56:00;65.99;32.345;1;322.9;4;3.07;1;0.45;1;5.18;1;0.64;1;6.2;1;6;8.09;0.84
18TL04524_036;SEGB-12;43.6333;-50.5167;258102;5;20-apr-04;04:33:00;4.93;32.199;1;318.4;4;4.84;1;4.43;1;0.13;1;0.32;1;1.15;1;6;0.41;0.11
18TL04524_036;SEGB-12;43.6333;-50.5167;258101;10;20-apr-04;04:33:00;9.69;32.2;1;315.3;4;4.85;1;4.53;1;0.41;1;0.32;1;1.53;1;6;1.28;0.27
18TL04524_036;SEGB-12;43.6333;-50.5167;258100;19;20-apr-04;04:33:00;19.51;32.203;1;322.4;4;4.76;1;4.67;1;0.88;1;0.29;1;1.15;1;6;3.03;0.77
18TL04524_036;SEGB-12;43.6333;-50.5167;258099;30;20-apr-04;04:33:00;30.03;32.214;1;329.1;4;4.34;1;6.09;1;0.64;1;0.41;1;1.92;1;6;1.56;0.33
18TL04524_036;SEGB-12;43.6333;-50.5167;258098;40;20-apr-04;04:33:00;40.1;32.241;1;336.7;4;3.59;1;3.35;1;2.16;1;0.46;1;2.91;1;6;4.70;0.74
18TL04524_036;SEGB-12;43.6333;-50.5167;258097;48;20-apr-04;04:33:00;48.59;32.332;1;338.1;4;3.22;1;0.74;1;3.31;1;0.62;1;4.46;1;6;5.34;0.74
18TL04524_036;SEGB-12;43.6333;-50.5167;258096;57;20-apr-04;04:33:00;57.78;32.35;1;338.5;4;3.11;1;1.04;1;3.1;1;0.52;1;3.78;1;6;5.96;0.82
18TL04524_047;SEGB-13;43.2;-50.1667;258109;5;20-apr-04;07:35:00;4.71;32.33;1;328.2;4;4.84;1;1;1;0.1;1;0.25;1;0.96;1;6;0.40;0.10
18TL04524_047;SEGB-13;43.2;-50.1667;258108;11;20-apr-04;07:35:00;11;32.331;1;330.5;4;4.84;1;1;1;0.1;1;0.26;1;1.2;1;6;0.38;0.08
18TL04524_047;SEGB-13;43.2;-50.1667;258107;21;20-apr-04;07:35:00;20.86;32.348;1;338.1;4;4.75;1;0.94;1;0.66;1;0.3;1;1.56;1;6;2.20;0.42
18TL04524_047;SEGB-13;43.2;-50.1667;258106;30;20-apr-04;07:35:00;30.72;32.586;1;350.1;4;3.71;1;1.25;1;0.99;1;0.34;1;1.99;1;6;2.91;0.50
18TL04524_047;SEGB-13;43.2;-50.1667;258105;40;20-apr-04;07:35:00;40.15;33.057;1;333.6;4;1.55;1;12.8;1;2.04;1;0.55;1;0.96;1;6;3.71;2.13
18TL04524_047;SEGB-13;43.2;-50.1667;258104;47;20-apr-04;07:35:00;47.68;33.25;1;330.5;4;1.19;1;3.32;1;5.59;1;0.93;1;3.03;1;6;6.01;1.84
18TL04524_047;SEGB-13;43.2;-50.1667;258103;61;20-apr-04;07:35:00;61.05;33.253;1;330;4;1.2;1;4.06;1;5.79;1;0.88;1;3.46;1;6;6.58;1.67
18TL04524_058;SEGB-14;42.92;-49.9417;258110;158;20-apr-04;09:50:00;159.25;33.626;1;323.3;4;1.1;1;NaN;9;NaN;9;NaN;9;NaN;9;6;NaN;NaN
18TL04524_069;SEGB-15;42.85;-49.8867;258120;5;20-apr-04;10:36:00;4.91;32.662;1;297.4;4;3.64;1;2.4;1;0.16;1;0.32;1;1.2;1;6;0.50;0.13
18TL04524_069;SEGB-15;42.85;-49.8867;258119;9;20-apr-04;10:36:00;9.47;32.67;1;329.1;4;3.56;1;2.3;1;0.2;1;0.29;1;1.08;1;6;0.69;0.19
18TL04524_069;SEGB-15;42.85;-49.8867;258118;19;20-apr-04;10:36:00;18.97;32.686;1;338.5;4;3.38;1;2.77;1;0.17;1;0.3;1;1.02;1;6;0.57;0.17
18TL04524_069;SEGB-15;42.85;-49.8867;258117;29;20-apr-04;10:36:00;29.34;32.792;1;347;4;2.22;1;4.6;1;0.6;1;0.51;1;2.34;1;6;1.18;0.26
18TL04524_069;SEGB-15;42.85;-49.8867;258116;40;20-apr-04;10:36:00;40.59;32.96;1;360.8;4;1.05;1;5.72;1;1.78;1;0.51;1;1.68;1;6;3.49;1.06
18TL04524_069;SEGB-15;42.85;-49.8867;258115;50;20-apr-04;10:36:00;49.91;33.066;1;382.7;4;0.42;1;3.93;1;5.22;1;0.7;1;3.15;1;6;7.46;1.66
18TL04524_069;SEGB-15;42.85;-49.8867;258114;75;20-apr-04;10:36:00;75.11;33.243;1;382.7;4;0.57;1;1.41;1;6.74;1;0.87;1;4.24;1;6;7.75;1.59
18TL04524_069;SEGB-15;42.85;-49.8867;258113;100;20-apr-04;10:36:00;101.09;33.341;1;368;4;0.45;1;1.6;1;8.55;1;0.92;1;5.92;1;6;9.29;1.44
18TL04524_069;SEGB-15;42.85;-49.8867;258112;149;20-apr-04;10:36:00;150.5;33.54;1;363.5;4;0.88;1;NaN;9;9.18;1;0.89;1;6.57;1;6;10.31;1.40
18TL04524_069;SEGB-15;42.85;-49.8867;258111;381;20-apr-04;10:36:00;383.27;34.66;1;362.2;4;3.66;1;NaN;9;15.78;1;1.09;1;9.56;1;6;14.48;1.65
18TL04524_080;SEGB-16;42.775;-49.8283;258121;1491;20-apr-04;12:22:00;1497.9;34.904;1;306.8;4;3.48;1;NaN;9;NaN;9;NaN;9;NaN;9;6;NaN;NaN
18TL04524_091;SEGB-17;42.5883;-49.6833;258131;5;20-apr-04;14:55:00;4.87;32.78;1;304.6;4;1.67;1;3.45;1;1.76;1;0.45;1;1.52;1;6;3.91;1.16
18TL04524_091;SEGB-17;42.5883;-49.6833;258130;10;20-apr-04;14:55:00;9.97;32.78;1;294.8;4;1.73;1;3.4;1;0.87;1;0.4;1;0.98;1;6;2.17;0.89
18TL04524_091;SEGB-17;42.5883;-49.6833;258129;20;20-apr-04;14:55:00;20.03;32.778;1;310.4;4;1.63;1;3.7;1;0.79;1;0.43;1;1.08;1;6;1.84;0.73
18TL04524_091;SEGB-17;42.5883;-49.6833;258128;29;20-apr-04;14:55:00;29.59;32.785;1;327.4;4;1.52;1;3.69;1;1.3;1;0.51;1;1.87;1;6;2.55;0.70
18TL04524_091;SEGB-17;42.5883;-49.6833;258127;39;20-apr-04;14:55:00;39.07;33.144;1;343.9;4;1.43;1;3.91;1;4.26;1;0.65;1;2.55;1;6;6.55;1.67
18TL04524_091;SEGB-17;42.5883;-49.6833;258126;50;20-apr-04;14:55:00;50.3;33.464;1;376;4;0.63;1;2.59;1;8.87;1;0.82;1;5.15;1;6;10.82;1.72
18TL04524_091;SEGB-17;42.5883;-49.6833;258125;75;20-apr-04;14:55:00;75.57;33.715;1;382.7;4;1.26;1;3.06;1;9.54;1;0.8;1;5.25;1;6;11.92;1.82
18TL04524_091;SEGB-17;42.5883;-49.6833;258124;100;20-apr-04;14:55:00;100.77;34.094;1;385.4;4;2.16;1;1.66;1;11.78;1;0.93;1;7.36;1;6;12.67;1.60
18TL04524_091;SEGB-17;42.5883;-49.6833;258123;150;20-apr-04;14:55:00;151.18;34.293;1;385.9;4;2.6;1;NaN;9;13.56;1;0.94;1;9.42;1;6;14.43;1.44
18TL04524_091;SEGB-17;42.5883;-49.6833;258122;1505;20-apr-04;14:55:00;1512.2;34.909;1;387.2;4;3.51;1;NaN;9;17.76;1;1.24;1;11.58;1;6;14.32;1.53
18TL04524_102;SEGB-18;42.395;-49.5183;258132;1509;20-apr-04;18:44:00;1516.3;34.914;1;304.1;4;3.42;1;NaN;9;NaN;9;NaN;9;NaN;9;6;NaN;NaN
18TL04524_114;SEGB-19;42.0817;-49.27;258142;5;20-apr-04;21:59:00;5.43;33.029;1;306.8;4;5.55;1;1.73;1;0.75;1;0.36;1;1.49;1;6;2.08;0.50
18TL04524_114;SEGB-19;42.0817;-49.27;258141;10;20-apr-04;21:59:00;9.94;33.039;1;259.9;4;5.54;1;1.81;1;1.1;1;0.35;1;1.77;1;6;3.14;0.62
18TL04524_114;SEGB-19;42.0817;-49.27;258140;20;20-apr-04;21:59:00;20.3;33.483;1;245.6;4;3.66;1;1.82;1;4.79;1;0.7;1;3.04;1;6;6.84;1.58
18TL04524_114;SEGB-19;42.0817;-49.27;258139;30;20-apr-04;21:59:00;30.26;33.604;1;287.6;4;3.65;1;1.99;1;4.98;1;0.67;1;2.71;1;6;7.43;1.84
18TL04524_114;SEGB-19;42.0817;-49.27;258138;40;20-apr-04;21:59:00;40.09;33.669;1;310.4;4;3.56;1;1.74;1;5.86;1;0.64;1;2.74;1;6;9.16;2.14
18TL04524_114;SEGB-19;42.0817;-49.27;258137;50;20-apr-04;21:59:00;49.97;33.773;1;318.4;4;3.57;1;1.6;1;6.52;1;0.68;1;3.66;1;6;9.59;1.78
18TL04524_114;SEGB-19;42.0817;-49.27;258136;75;20-apr-04;21:59:00;75.58;34.041;1;322.4;4;2.9;1;1.56;1;11.4;1;0.91;1;6.83;1;6;12.53;1.67
18TL04524_114;SEGB-19;42.0817;-49.27;258135;100;20-apr-04;21:59:00;100.72;34.531;1;325.1;4;4.86;1;0.22;1;16.37;1;1.15;1;9.97;1;6;14.23;1.64
18TL04524_114;SEGB-19;42.0817;-49.27;258134;149;20-apr-04;21:59:00;150.34;34.59;1;333.2;4;4.12;1;NaN;9;16.83;1;1.19;1;10.29;1;6;14.14;1.64
18TL04524_114;SEGB-19;42.0817;-49.27;258133;1508;20-apr-04;21:59:00;1514.5;34.903;1;334.5;4;3.35;1;NaN;9;17.62;1;1.12;1;10.9;1;6;15.73;1.62
18TL04524_127;SEGB-20;41.7;-48.95;258143;1487;21-apr-04;02:38:00;1493.4;34.943;1;295.6;4;3.58;1;NaN;9;NaN;9;NaN;9;NaN;9;6;NaN;NaN
18TL04524_279;FC-12;47;-48.1167;258255;6;25-apr-04;17:17:00;6.05;32.672;1;334.9;4;0.06;1;6.11;1;1.83;1;0.45;1;2.02;1;6;4.07;0.91
18TL04524_279;FC-12;47;-48.1167;258254;10;25-apr-04;17:17:00;10.5;32.674;1;342.1;4;0.06;1;6.07;1;1.85;1;0.45;1;1.9;1;6;4.11;0.97
18TL04524_279;FC-12;47;-48.1167;258253;21;25-apr-04;17:17:00;20.76;32.683;1;356.8;4;0;1;7.34;1;1.82;1;0.47;1;1.89;1;6;3.87;0.96
18TL04524_279;FC-12;47;-48.1167;258252;29;25-apr-04;17:17:00;29.48;32.707;1;380.9;4;-0.04;1;8.26;1;2.42;1;0.58;1;2.89;1;6;4.17;0.84
18TL04524_279;FC-12;47;-48.1167;258251;39;25-apr-04;17:17:00;39.78;32.713;1;393;4;-0.04;1;8.37;1;2.41;1;0.34;1;1.83;1;6;7.09;1.32
18TL04524_279;FC-12;47;-48.1167;258250;49;25-apr-04;17:17:00;49.13;32.786;1;396.1;4;-0.11;1;4.6;1;3.75;1;0.5;1;2.91;1;6;7.50;1.29
18TL04524_279;FC-12;47;-48.1167;258249;75;25-apr-04;17:17:00;75.7;33.236;1;398.4;4;-0.02;1;0.89;1;7.62;1;0.67;1;5.49;1;6;11.37;1.39
18TL04524_279;FC-12;47;-48.1167;258248;100;25-apr-04;17:17:00;100.5;33.415;1;400.6;4;0.51;1;1.55;1;9.07;1;0.74;1;7.49;1;6;12.26;1.21
18TL04524_279;FC-12;47;-48.1167;258247;126;25-apr-04;17:17:00;127.35;33.563;1;401.9;4;0.81;1;NaN;9;9.65;1;0.7;1;8.26;1;6;13.79;1.17
18TL04524_280;FC-11;47;-48.6167;258256;93;25-apr-04;20:19:00;93.49;33.295;1;332.3;4;0.33;1;NaN;9;NaN;9;NaN;9;NaN;9;6;NaN;NaN
18TL04524_282;FC-09;47;-50;258263;5;26-apr-04;03:19:00;5.52;32.81;1;363.5;4;1.45;1;5.34;1;1.6;1;0.51;1;2.37;1;6;3.14;0.68
18TL04524_282;FC-09;47;-50;258262;10;26-apr-04;03:19:00;9.96;32.811;1;367.5;4;1.45;1;5.27;1;1.86;1;0.49;1;2.35;1;6;3.80;0.79
18TL04524_282;FC-09;47;-50;258261;20;26-apr-04;03:19:00;20.53;32.812;1;368.9;4;1.45;1;5.08;1;0.92;1;0.45;1;2.12;1;6;2.04;0.43
18TL04524_282;FC-09;47;-50;258260;30;26-apr-04;03:19:00;30.7;32.812;1;369.3;4;1.45;1;5.87;1;3.11;1;0.51;1;2.36;1;6;6.10;1.32
18TL04524_282;FC-09;47;-50;258259;40;26-apr-04;03:19:00;40.35;32.813;1;369.3;4;1.45;1;5.42;1;2.67;1;0.51;1;2.37;1;6;5.24;1.13
18TL04524_282;FC-09;47;-50;258258;49;26-apr-04;03:19:00;49.51;32.815;1;369.3;4;1.45;1;5.57;1;0.92;1;0.4;1;2.58;1;6;2.30;0.36
18TL04524_282;FC-09;47;-50;258257;74;26-apr-04;03:19:00;75.11;32.853;1;368.9;4;1.34;1;5.79;1;1.68;1;0.42;1;3.01;1;6;4.00;0.56
18TL04524_285;FC-07;47;-51;258271;5;26-apr-04;08:30:00;4.96;32.727;1;308.2;4;0.93;1;5.51;1;0.1;1;0.42;1;1.58;1;6;0.24;0.06
18TL04524_285;FC-07;47;-51;258270;11;26-apr-04;08:30:00;11.07;32.726;1;309;4;0.93;1;5.51;1;1.53;1;0.52;1;1.94;1;6;2.94;0.79
18TL04524_285;FC-07;47;-51;258269;21;26-apr-04;08:30:00;20.97;32.726;1;366.7;4;0.93;1;5.38;1;0.16;1;0.42;1;1.57;1;6;0.38;0.10
18TL04524_285;FC-07;47;-51;258268;31;26-apr-04;08:30:00;31.31;32.726;1;372;4;0.93;1;5.62;1;1.79;1;0.41;1;1.69;1;6;4.37;1.06
18TL04524_285;FC-07;47;-51;258267;41;26-apr-04;08:30:00;41.34;32.734;1;373.8;4;0.92;1;6.02;1;1.46;1;0.44;1;2.01;1;6;3.32;0.73
18TL04524_285;FC-07;47;-51;258266;50;26-apr-04;08:30:00;50.84;32.758;1;375.1;4;0.84;1;5.18;1;3.14;1;0.48;1;1.9;1;6;6.54;1.65
18TL04524_285;FC-07;47;-51;258265;76;26-apr-04;08:30:00;76.22;33.378;1;375.6;4;0.65;1;0.74;1;10.03;1;1.08;1;11.81;1;6;9.29;0.85
18TL04524_285;FC-07;47;-51;258264;94;26-apr-04;08:30:00;95.21;33.405;1;375.6;4;0.69;1;0.77;1;12.3;1;1.14;1;13.77;1;6;10.79;0.89
18TL04524_297;FC-04;47;-52.3217;258280;6;26-apr-04;19:14:00;5.83;32.543;1;354.6;4;0.07;1;3.23;1;2.98;1;0.5;1;2.08;1;6;5.96;1.43
18TL04524_297;FC-04;47;-52.3217;258279;10;26-apr-04;19:14:00;10.43;32.544;1;365.3;4;0.06;1;3.23;1;1.6;1;0.48;1;2.13;1;6;3.33;0.75
18TL04524_297;FC-04;47;-52.3217;258278;21;26-apr-04;19:14:00;20.98;32.548;1;376.5;4;0.03;1;3.05;1;2.37;1;0.53;1;1.9;1;6;4.47;1.25
18TL04524_297;FC-04;47;-52.3217;258277;31;26-apr-04;19:14:00;31.35;32.555;1;380.9;4;-0.02;1;2.97;1;2.76;1;0.5;1;2.2;1;6;5.52;1.25
18TL04524_297;FC-04;47;-52.3217;258276;40;26-apr-04;19:14:00;40.53;32.563;1;382.3;4;-0.07;1;2.95;1;1.6;1;0.49;1;1.95;1;6;3.27;0.82
18TL04524_297;FC-04;47;-52.3217;258275;50;26-apr-04;19:14:00;50.3;32.576;1;383.2;4;-0.14;1;2.59;1;2;1;0.6;1;2.55;1;6;3.33;0.78
18TL04524_297;FC-04;47;-52.3217;258274;74;26-apr-04;19:14:00;74.48;32.671;1;384.1;4;-0.51;1;1.4;1;5.85;1;0.76;1;3.94;1;6;7.70;1.48
18TL04524_297;FC-04;47;-52.3217;258273;98;26-apr-04;19:14:00;98.61;32.835;1;384.1;4;-0.45;1;0.39;1;4.83;1;1.08;1;4.37;1;6;4.47;1.11
18TL04524_297;FC-04;47;-52.3217;258272;118;26-apr-04;19:14:00;118.74;32.958;1;384.5;4;-0.1;1;NaN;9;6.08;1;0.91;1;5.74;1;6;6.68;1.06
18TL04524_298;FC-03;47;-52.58;258290;5;26-apr-04;21:04:00;4.98;32.555;1;354.2;4;0.27;1;4.15;1;2.37;1;0.19;1;1.49;1;6;12.47;1.59
18TL04524_298;FC-03;47;-52.58;258289;10;26-apr-04;21:04:00;9.85;32.556;1;364.9;4;0.24;1;3.85;1;2.2;1;1.27;1;1.64;1;6;1.73;1.34
18TL04524_298;FC-03;47;-52.58;258288;20;26-apr-04;21:04:00;20.26;32.557;1;376.5;4;0.23;1;3.74;1;2.3;1;0.35;1;2.11;1;6;6.57;1.09
18TL04524_298;FC-03;47;-52.58;258287;30;26-apr-04;21:04:00;30.31;32.558;1;374.7;4;0.23;1;3.82;1;2.39;1;0.36;1;2.01;1;6;6.64;1.19
18TL04524_298;FC-03;47;-52.58;258286;40;26-apr-04;21:04:00;40.39;32.562;1;379.2;4;0.19;1;3.44;1;2.34;1;0.45;1;1.69;1;6;5.20;1.38
18TL04524_298;FC-03;47;-52.58;258285;51;26-apr-04;21:04:00;51.77;32.565;1;381.4;4;0.17;1;3.23;1;2.55;1;0.37;1;1.24;1;6;6.89;2.06
18TL04524_298;FC-03;47;-52.58;258284;74;26-apr-04;21:04:00;74.72;32.676;1;382.3;4;-0.34;1;1.33;1;5.21;1;0.74;1;3.39;1;6;7.04;1.54
18TL04524_298;FC-03;47;-52.58;258283;100;26-apr-04;21:04:00;100.46;32.78;1;382.3;4;-0.4;1;0.27;1;4.82;1;0.81;1;3.25;1;6;5.95;1.48
18TL04524_298;FC-03;47;-52.58;258282;125;26-apr-04;21:04:00;125.69;32.853;1;382.3;4;-0.35;1;NaN;9;6.31;1;0.85;1;4.68;1;6;7.42;1.35
18TL04524_298;FC-03;47;-52.58;258281;148;26-apr-04;21:04:00;149.28;32.952;1;382.3;4;-0.2;1;NaN;9;7.28;1;0.76;1;6.1;1;6;9.58;1.19
18TL04524_299;FC-02;47;-52.705;258291;177;26-apr-04;22:29:00;178.65;32.809;1;360.8;4;-0.49;1;NaN;9;NaN;9;NaN;9;NaN;9;6;NaN;NaN
18TL04524_300;FC-01;47;-52.8317;258299;5;26-apr-04;23:14:00;5.29;32.226;1;383.6;4;0.88;1;3.26;1;0.9;1;0.19;1;0.93;1;6;4.74;0.97
18TL04524_300;FC-01;47;-52.8317;258298;10;26-apr-04;23:14:00;10.35;32.225;1;383.2;4;0.86;1;3.39;1;0.57;1;0.19;1;0.89;1;6;3.00;0.64
18TL04524_300;FC-01;47;-52.8317;258297;20;26-apr-04;23:14:00;20.38;32.226;1;382.3;4;0.84;1;3.59;1;0.85;1;0.98;1;1.35;1;6;0.87;0.63
18TL04524_300;FC-01;47;-52.8317;258296;30;26-apr-04;23:14:00;30.33;32.226;1;380.5;4;0.83;1;3.59;1;0.97;1;0.19;1;1.15;1;6;5.11;0.84
18TL04524_300;FC-01;47;-52.8317;258295;40;26-apr-04;23:14:00;40.25;32.271;1;379.2;4;0.73;1;3.81;1;0.9;1;0.19;1;1.17;1;6;4.74;0.77
18TL04524_300;FC-01;47;-52.8317;258294;50;26-apr-04;23:14:00;50.45;32.358;1;378.7;4;0.49;1;3.87;1;1.25;1;0.29;1;1.42;1;6;4.31;0.88
18TL04524_300;FC-01;47;-52.8317;258293;74;26-apr-04;23:14:00;74.4;32.419;1;378.7;4;0.32;1;3.66;1;1.82;1;0.31;1;1.78;1;6;5.87;1.02
18TL04524_300;FC-01;47;-52.8317;258292;96;26-apr-04;23:14:00;96.72;32.455;1;378.7;4;0.18;1;3.43;1;1.72;1;0.19;1;0.89;1;6;9.05;1.93
18TL04524_301;STN27;47.5467;-52.5867;258309;5;27-apr-04;05:15:00;5.15;32.287;1;360;4;0.45;1;3.14;1;2.46;1;0.19;1;1.82;1;6;12.95;1.35
18TL04524_301;STN27;47.5467;-52.5867;258308;10;27-apr-04;05:15:00;9.97;32.287;1;359.5;4;0.46;1;3.19;1;2.01;1;0.19;1;1.2;1;6;10.58;1.67
18TL04524_301;STN27;47.5467;-52.5867;258307;20;27-apr-04;05:15:00;19.75;32.288;1;369.8;4;0.46;1;3.18;1;1.84;1;0.19;1;1.61;1;6;9.68;1.14
18TL04524_301;STN27;47.5467;-52.5867;258306;29;27-apr-04;05:15:00;29.22;32.294;1;389;4;0.42;1;3.52;1;1.94;1;0.19;1;1.3;1;6;10.21;1.49
18TL04524_301;STN27;47.5467;-52.5867;258305;39;27-apr-04;05:15:00;39.82;32.382;1;389.9;4;-0.03;1;4.82;1;3.31;1;1.76;1;3.28;1;6;1.88;1.01
18TL04524_301;STN27;47.5467;-52.5867;258304;49;27-apr-04;05:15:00;49.83;32.427;1;385.4;4;-0.25;1;5.21;1;2.14;1;0.19;1;1.4;1;6;11.26;1.53
18TL04524_301;STN27;47.5467;-52.5867;258303;74;27-apr-04;05:15:00;74.73;32.458;1;377.4;4;-0.33;1;5.16;1;2.4;1;0.19;1;1.8;1;6;12.63;1.33
18TL04524_301;STN27;47.5467;-52.5867;258302;99;27-apr-04;05:15:00;99.35;32.585;1;375.6;4;-0.55;1;0.98;1;5.61;1;0.46;1;4.26;1;6;12.20;1.32
18TL04524_301;STN27;47.5467;-52.5867;258301;149;27-apr-04;05:15:00;149.78;32.714;1;375.1;4;-0.55;1;0.5;1;7.28;1;0.19;1;6.14;1;6;38.32;1.19
18TL04524_301;STN27;47.5467;-52.5867;258300;172;27-apr-04;05:15:00;172.93;32.719;1;374.7;4;-0.55;1;NaN;9;8.98;1;0.42;1;6.79;1;6;21.38;1.32
18TL04524_004;STN27;47.5467;-52.5867;258512;5;02-may-04;07:39:00;5.1;32.103;1;351.5;4;1.79;1;1.79;1;0.3;1;0.3;1;1.23;1;6;1.00;0.24
18TL04524_004;STN27;47.5467;-52.5867;258511;10;02-may-04;07:39:00;9.85;32.118;1;359.1;4;1.32;1;2.16;1;0.96;1;0.35;1;1.97;1;6;2.74;0.49
18TL04524_004;STN27;47.5467;-52.5867;258510;20;02-may-04;07:39:00;19.77;32.132;1;388.5;4;1.12;1;2.75;1;1.04;1;0.28;1;1.28;1;6;3.71;0.81
18TL04524_004;STN27;47.5467;-52.5867;258509;29;02-may-04;07:39:00;29.64;32.161;1;380.1;4;0.93;1;4.69;1;0.97;1;0.28;1;1.56;1;6;3.46;0.62
18TL04524_004;STN27;47.5467;-52.5867;258508;40;02-may-04;07:39:00;40.47;32.198;1;377.8;4;0.74;1;5.68;1;0.81;1;0.34;1;1.1;1;6;2.38;0.74
18TL04524_004;STN27;47.5467;-52.5867;258507;50;02-may-04;07:39:00;49.92;32.237;1;375.6;4;0.43;1;3.92;1;1.72;1;0.52;1;2.17;1;6;3.31;0.79
18TL04524_004;STN27;47.5467;-52.5867;258506;75;02-may-04;07:39:00;75.47;32.392;1;377.8;4;-0.07;1;3.59;1;2.89;1;0.66;1;2.57;1;6;4.38;1.12
18TL04524_004;STN27;47.5467;-52.5867;258505;98;02-may-04;07:39:00;98.8;32.486;1;384.5;4;-0.5;1;3.99;1;1.87;1;0.5;1;1.74;1;6;3.74;1.07
18TL04524_004;STN27;47.5467;-52.5867;258504;148;02-may-04;07:39:00;149.2;32.742;1;384.5;4;-0.66;1;NaN;9;5.94;1;0.78;1;4.98;1;6;7.62;1.19
18TL04524_004;STN27;47.5467;-52.5867;258503;169;02-may-04;07:39:00;169.96;32.826;1;381.4;4;-0.61;1;NaN;9;7.22;1;1;1;7.15;1;6;7.22;1.01
