CTD;CTD;CTD;CTD;CTD;CTD;CTD;CTD;CTD;labo;labo;labo;labo;terrain;labo;labo;labo;labo;labo;labo;labo;labo;labo;labo;calc;calc
Fichier;Station;Latitude;Longitude;Echantillon;zbouteille;Date;Heure;PRES;PSAL_BS;Q_PSAL;OXYM_01;Q_OXYM;TEMP_XX;Q_TEMP_RT;CHL_03;Q_CHL;NOx_01;Q_NOX;PO4_01;Q_PO4;Si_01;Q_Si;QCFF;N_P;N_Si
(nom);(nom/no);(degres);(degres);(no_unique);(dbar);(jj-mmm-yyyy);(GMT);(dbar);(PSU);((none));(mmol/m**3);((none));(celsius);((none));(mg/m**3);((none));(mmol/m**3);((none));(mmol/m**3);((none));(mmol/m**3);((none));((none));((none));((none))
18HU05656_002;STN27;47.5457;-52.5858;260507;6;28-nov-05;21:38:00;5.59;31.59;1;314.9;4;5.46;1;0.86;1;1.01;1;0.3;1;3.14;1;6;3.37;0.32
18HU05656_002;STN27;47.5457;-52.5858;260506;10;28-nov-05;21:38:00;10.15;31.59;1;315.3;4;5.47;1;0.86;1;1.65;1;0.28;1;3.04;1;6;5.89;0.54
18HU05656_002;STN27;47.5457;-52.5858;260505;20;28-nov-05;21:38:00;20.09;31.61;1;316.6;4;5.23;1;0.95;1;1.55;1;0.32;1;3.44;1;6;4.84;0.45
18HU05656_002;STN27;47.5457;-52.5858;260504;30;28-nov-05;21:38:00;30.16;31.64;1;317.1;4;5.07;1;0.89;1;1.35;1;0.33;1;3.33;1;6;4.09;0.41
18HU05656_002;STN27;47.5457;-52.5858;260503;40;28-nov-05;21:38:00;40.02;31.83;1;324.7;4;4.13;1;1.04;1;1.89;1;0.32;1;3.51;1;6;5.91;0.54
18HU05656_002;STN27;47.5457;-52.5858;260502;50;28-nov-05;21:38:00;50.46;32.17;1;325.1;4;3.24;1;0.28;1;2.59;1;0.29;1;3.51;1;6;8.93;0.74
18HU05656_002;STN27;47.5457;-52.5858;260501;75;28-nov-05;21:38:00;75.64;32.52;1;326.5;4;2.81;1;0.23;1;2.44;1;0.45;1;4.1;1;6;5.42;0.60
18HU05656_002;STN27;47.5457;-52.5858;260500;99;28-nov-05;21:38:00;99.94;32.58;1;327.8;4;0.3;1;0.09;1;6.24;1;0.55;1;6.47;1;6;11.35;0.96
18HU05656_002;STN27;47.5457;-52.5858;260499;152;28-nov-05;21:38:00;153.06;32.99;1;310.4;4;-0.74;1;0.04;1;9.49;1;0.68;1;9.95;1;6;13.96;0.95
18HU05656_002;STN27;47.5457;-52.5858;260498;169;28-nov-05;21:38:00;169.91;33.36;1;285.4;4;-0.38;1;0.07;1;13.14;1;0.94;1;17.56;1;6;13.98;0.75
18HU05656_113;SEGB-01;46.5833;-52.9333;260512;5;29-nov-05;03:44:00;5.1;31.64;1;314.9;4;5.6;1;0.85;1;0.7;1;0.2;1;2.34;1;6;3.50;0.30
18HU05656_113;SEGB-01;46.5833;-52.9333;260511;10;29-nov-05;03:44:00;10.19;31.64;1;314;4;5.61;1;0.84;1;0.73;1;0.2;1;2.29;1;6;3.65;0.32
18HU05656_113;SEGB-01;46.5833;-52.9333;260510;20;29-nov-05;03:44:00;19.78;31.66;1;314.4;4;5.61;1;0.84;1;0.64;1;0.22;1;2.38;1;6;2.91;0.27
18HU05656_113;SEGB-01;46.5833;-52.9333;260509;31;29-nov-05;03:44:00;31.23;31.68;1;314.4;4;5.61;1;0.77;1;1.69;1;0.27;1;2.76;1;6;6.26;0.61
18HU05656_113;SEGB-01;46.5833;-52.9333;260508;48;29-nov-05;03:44:00;48.7;32.13;1;314;4;3.54;1;0.16;1;4.68;1;0.37;1;4.39;1;6;12.65;1.07
18HU05656_225;SEGB-02;46.5;-52.85;260513;173;29-nov-05;04:44:00;174.54;33.31;1;286.3;4;-0.46;1;NaN;9;NaN;9;NaN;9;NaN;9;6;NaN;NaN
18HU05656_264;SEGB-03;46.35;-52.7333;260523;5;29-nov-05;05:56:00;4.86;31.66;1;314.4;4;5.63;1;0.74;1;1.22;1;0.27;1;2.83;1;6;4.52;0.43
18HU05656_264;SEGB-03;46.35;-52.7333;260522;10;29-nov-05;05:56:00;9.81;31.66;1;314.4;4;5.63;1;0.64;1;0.83;1;0.21;1;2.34;1;6;3.95;0.35
18HU05656_264;SEGB-03;46.35;-52.7333;260521;20;29-nov-05;05:56:00;19.87;31.8;1;312.6;4;5.75;1;0.46;1;0.59;1;0.29;1;2.62;1;6;2.03;0.23
18HU05656_264;SEGB-03;46.35;-52.7333;260520;30;29-nov-05;05:56:00;30.1;31.99;1;313.1;4;4.98;1;0.2;1;1.13;1;0.25;1;2.75;1;6;4.52;0.41
18HU05656_264;SEGB-03;46.35;-52.7333;260519;40;29-nov-05;05:56:00;40.23;32.24;1;320.7;4;3.17;1;0.14;1;2.62;1;0.31;1;3.56;1;6;8.45;0.74
18HU05656_264;SEGB-03;46.35;-52.7333;260518;50;29-nov-05;05:56:00;50.25;32.4;1;328.2;4;1.38;1;0.06;1;NaN;9;NaN;9;NaN;9;6;NaN;NaN
18HU05656_264;SEGB-03;46.35;-52.7333;260517;75;29-nov-05;05:56:00;75.34;32.75;1;333.2;4;-1.24;1;0.05;1;9.4;1;0.64;1;8.08;1;6;14.69;1.16
18HU05656_264;SEGB-03;46.35;-52.7333;260516;99;29-nov-05;05:56:00;100.19;33.1;1;308.2;4;-0.82;1;0.05;1;11.27;2;0.97;1;11.93;1;2054;11.62;0.94
18HU05656_264;SEGB-03;46.35;-52.7333;260515;150;29-nov-05;05:56:00;150.98;33.37;1;281.4;4;-0.36;1;NaN;9;13.51;2;0.92;1;17.39;2;2054;14.68;0.78
18HU05656_264;SEGB-03;46.35;-52.7333;260514;167;29-nov-05;05:56:00;168.3;33.37;1;280.5;4;-0.34;1;NaN;9;13.32;1;0.75;1;17.3;2;2054;17.76;0.77
18HU05656_284;SEGB-04;46.2083;-52.6083;260524;124;29-nov-05;07:52:00;124.98;33.35;1;281.8;4;-0.4;1;NaN;9;NaN;9;NaN;9;NaN;9;6;NaN;NaN
18HU05656_304;SEGB-05;46.07;-52.5;260532;5;29-nov-05;08:55:00;5.08;31.95;1;305;4;6.76;1;0.77;1;0.32;1;0.23;1;1.86;1;6;1.39;0.17
18HU05656_304;SEGB-05;46.07;-52.5;260531;10;29-nov-05;08:55:00;9.92;31.95;1;305;4;6.76;1;0.77;1;0.32;1;0.23;1;2.24;1;6;1.39;0.14
18HU05656_304;SEGB-05;46.07;-52.5;260530;20;29-nov-05;08:55:00;19.95;31.95;1;305.5;4;6.74;1;0.79;1;0.06;1;0.19;1;2.15;1;6;0.32;0.03
18HU05656_304;SEGB-05;46.07;-52.5;260529;30;29-nov-05;08:55:00;30.32;31.94;1;305.9;4;6.69;1;0.69;1;0.62;1;0.24;1;2.53;1;6;2.58;0.25
18HU05656_304;SEGB-05;46.07;-52.5;260528;40;29-nov-05;08:55:00;40.55;32.29;1;305;4;4.15;1;0.2;1;2.39;1;0.3;1;3.95;1;6;7.97;0.61
18HU05656_304;SEGB-05;46.07;-52.5;260527;50;29-nov-05;08:55:00;50.41;32.85;1;291.6;4;0.4;1;0.15;1;7.66;1;0.76;1;9.82;1;6;10.08;0.78
18HU05656_304;SEGB-05;46.07;-52.5;260526;75;29-nov-05;08:55:00;75.34;32.99;1;268;4;0.18;1;0.08;1;9.92;1;0.9;1;12.85;1;6;11.02;0.77
18HU05656_304;SEGB-05;46.07;-52.5;260525;85;29-nov-05;08:55:00;85.57;33.17;1;298.3;4;-0.66;1;0.06;1;11.57;2;0.86;1;12.68;1;2054;13.45;0.91
18HU05656_315;SEGB-06;45.7883;-52.2667;260533;79;29-nov-05;11:23:00;79.52;32.91;1;285.4;4;0.19;1;NaN;9;NaN;9;NaN;9;NaN;9;6;NaN;NaN
18HU05656_326;SEGB-07;45.4583;-52;260540;5;29-nov-05;13:35:00;5.17;32.13;1;291.6;4;8.45;1;0.84;1;0;1;0.17;1;2.09;1;6;0.00;0.00
18HU05656_326;SEGB-07;45.4583;-52;260539;10;29-nov-05;13:35:00;9.91;32.13;1;290.7;4;8.45;1;0.82;1;0.01;1;0.18;1;2.11;1;6;0.06;0.00
18HU05656_326;SEGB-07;45.4583;-52;260538;20;29-nov-05;13:35:00;20.3;32.13;1;290.7;4;8.45;1;0.8;1;0.01;1;0.2;1;2.16;1;6;0.05;0.00
18HU05656_326;SEGB-07;45.4583;-52;260537;30;29-nov-05;13:35:00;29.92;32.13;1;290.7;4;8.45;1;0.8;1;0.03;1;0.29;1;2.36;1;6;0.10;0.01
18HU05656_326;SEGB-07;45.4583;-52;260536;40;29-nov-05;13:35:00;40.02;32.12;1;290.3;4;8.44;1;0.68;1;0.59;1;0.26;1;1.96;1;6;2.27;0.30
18HU05656_326;SEGB-07;45.4583;-52;260535;49;29-nov-05;13:35:00;49.88;32.78;1;313.1;4;0.46;1;0.13;1;7.48;1;0.82;1;9.56;1;6;9.12;0.78
18HU05656_326;SEGB-07;45.4583;-52;260534;74;29-nov-05;13:35:00;74.3;32.79;1;309.5;4;0.32;1;0.1;1;7.15;1;0.76;1;9.78;1;6;9.41;0.73
18HU05656_339;SEGB-08;45.095;-51.7;260541;68;29-nov-05;16:09:00;68.81;32.83;1;289.4;4;1.07;1;NaN;9;NaN;9;NaN;9;NaN;9;6;NaN;NaN
18HU05656_003;SEGB-09;44.725;-51.395;260548;5;29-nov-05;18:30:00;4.9;32.21;1;283.6;4;9.48;1;0.56;1;0.61;1;0.27;1;2.38;1;6;2.26;0.26
18HU05656_003;SEGB-09;44.725;-51.395;260547;10;29-nov-05;18:30:00;9.85;32.21;1;283.1;4;9.48;1;0.58;1;0.5;1;0.26;1;2.43;1;6;1.92;0.21
18HU05656_003;SEGB-09;44.725;-51.395;260546;20;29-nov-05;18:30:00;19.99;32.21;1;283.1;4;9.48;1;0.55;1;0.16;1;0.24;1;2.1;1;6;0.67;0.08
18HU05656_003;SEGB-09;44.725;-51.395;260545;29;29-nov-05;18:30:00;29.57;32.21;1;283.6;4;9.48;1;0.57;1;0.72;1;0.29;1;2.39;1;6;2.48;0.30
18HU05656_003;SEGB-09;44.725;-51.395;260544;40;29-nov-05;18:30:00;39.88;32.22;1;282.7;4;9.48;1;0.52;1;0.11;1;0.19;1;2.04;1;6;0.58;0.05
18HU05656_003;SEGB-09;44.725;-51.395;260543;50;29-nov-05;18:30:00;49.97;32.61;1;267.1;4;5.47;1;0.25;1;1.82;1;0.3;1;5.64;1;6;6.07;0.32
18HU05656_003;SEGB-09;44.725;-51.395;260542;69;29-nov-05;18:30:00;69.53;32.74;1;276.9;4;2.69;1;0.19;1;5.18;1;0.52;1;9.47;1;6;9.96;0.55
18HU05656_014;SEGB-10;44.3633;-51.1033;260549;68;29-nov-05;21:14:00;68.23;32.73;1;272.9;4;3.17;1;NaN;9;NaN;9;NaN;9;NaN;9;6;NaN;NaN
18HU05656_025;SEGB-11;44;-50.8083;260556;6;29-nov-05;23:46:00;5.62;32.24;1;299.7;4;7.61;1;0.6;1;0.24;1;0.27;1;1.91;1;6;0.89;0.13
18HU05656_025;SEGB-11;44;-50.8083;260555;10;29-nov-05;23:46:00;10.47;32.24;1;299.2;4;7.61;1;0.6;1;0.24;1;0.23;1;1.46;1;6;1.04;0.16
18HU05656_025;SEGB-11;44;-50.8083;260554;19;29-nov-05;23:46:00;19.59;32.24;1;299.2;4;7.61;1;0.57;1;0.37;1;0.29;1;1.98;1;6;1.28;0.19
18HU05656_025;SEGB-11;44;-50.8083;260553;30;29-nov-05;23:46:00;29.91;32.24;1;299.2;4;7.59;1;0.56;1;0.39;1;0.25;1;1.38;1;6;1.56;0.28
18HU05656_025;SEGB-11;44;-50.8083;260552;40;29-nov-05;23:46:00;40.37;32.79;1;259.9;4;3.74;1;0.16;1;4.16;1;0.75;1;10.51;1;6;5.55;0.40
18HU05656_025;SEGB-11;44;-50.8083;260551;51;29-nov-05;23:46:00;51.18;32.79;1;265.7;4;3.25;1;0.17;1;4.86;1;0.77;1;10.67;1;6;6.31;0.46
18HU05656_025;SEGB-11;44;-50.8083;260550;68;29-nov-05;23:46:00;68.3;32.81;1;266.6;4;3.03;1;0.3;1;7.4;1;0.98;1;11.73;1;6;7.55;0.63
18HU05656_036;SEGB-12;43.6333;-50.5167;260563;6;30-nov-05;02:49:00;5.76;32.48;1;308.2;4;6.35;1;0.6;1;0.24;1;0.35;1;1.72;1;6;0.69;0.14
18HU05656_036;SEGB-12;43.6333;-50.5167;260562;10;30-nov-05;02:49:00;10.51;32.48;1;308.2;4;6.35;1;0.57;1;0.44;1;0.48;1;2.57;1;6;0.92;0.17
18HU05656_036;SEGB-12;43.6333;-50.5167;260561;19;30-nov-05;02:49:00;19.25;32.48;1;308.2;4;6.35;1;0.61;1;0.24;1;0.29;1;1.38;1;6;0.83;0.17
18HU05656_036;SEGB-12;43.6333;-50.5167;260560;30;30-nov-05;02:49:00;29.74;32.49;1;308.6;4;6.34;1;0.64;1;0.24;1;0.27;1;1.34;1;6;0.89;0.18
18HU05656_036;SEGB-12;43.6333;-50.5167;260559;39;30-nov-05;02:49:00;39.13;32.62;1;301.5;4;5.47;1;0.21;1;0.24;1;0.35;1;1.56;1;6;0.69;0.15
18HU05656_036;SEGB-12;43.6333;-50.5167;260558;50;30-nov-05;02:49:00;50.89;33.01;1;290.3;4;1.28;1;0.35;1;7.14;1;0.7;1;10.98;1;6;10.20;0.65
18HU05656_036;SEGB-12;43.6333;-50.5167;260557;60;30-nov-05;02:49:00;60.62;33.02;1;289.8;4;1.24;1;0.63;1;6.81;1;0.84;1;11.93;1;6;8.11;0.57
18HU05656_047;SEGB-13;43.2;-50.1667;260570;4;30-nov-05;05:40:00;4.35;32.74;1;326.5;4;4.72;1;1.16;1;0.16;1;0.38;1;1.27;1;6;0.42;0.13
18HU05656_047;SEGB-13;43.2;-50.1667;260569;9;30-nov-05;05:40:00;8.93;32.74;1;326.5;4;4.73;1;1.09;1;0.16;1;0.32;1;0.91;1;6;0.50;0.18
18HU05656_047;SEGB-13;43.2;-50.1667;260568;19;30-nov-05;05:40:00;19.42;32.74;1;326.5;4;4.73;1;1.16;1;0.24;1;0.27;1;0.93;1;6;0.89;0.26
18HU05656_047;SEGB-13;43.2;-50.1667;260567;30;30-nov-05;05:40:00;29.74;32.76;1;324.7;4;4.56;1;1.2;1;0.41;1;0.4;1;1.52;1;6;1.02;0.27
18HU05656_047;SEGB-13;43.2;-50.1667;260566;39;30-nov-05;05:40:00;39.15;32.9;1;306.4;4;3.43;1;1.73;1;2.65;1;0.43;1;1.21;1;6;6.16;2.19
18HU05656_047;SEGB-13;43.2;-50.1667;260565;49;30-nov-05;05:40:00;49.69;33.04;1;290.7;4;2.14;1;1.12;1;5.46;1;0.59;1;7.58;1;6;9.25;0.72
18HU05656_047;SEGB-13;43.2;-50.1667;260564;59;30-nov-05;05:40:00;59.5;33.04;1;290.3;4;2.11;1;2.04;1;7.48;1;0.74;1;8.56;1;6;10.11;0.87
18HU05656_058;SEGB-14;42.92;-49.9417;260571;165;30-nov-05;08:15:00;166.11;34.01;1;289.4;4;1.72;1;NaN;9;NaN;9;NaN;9;NaN;9;6;NaN;NaN
18HU05656_069;SEGB-15;42.85;-49.8867;260581;5;30-nov-05;09:04:00;5.42;33.25;1;280;4;10.02;1;1.27;1;0.32;1;0.2;1;1.38;1;6;1.60;0.23
18HU05656_069;SEGB-15;42.85;-49.8867;260580;10;30-nov-05;09:04:00;10.38;33.25;1;280.9;4;9.97;1;1.26;1;1.26;1;0.26;1;1.79;1;6;4.85;0.70
18HU05656_069;SEGB-15;42.85;-49.8867;260579;20;30-nov-05;09:04:00;20.54;33.24;1;292.1;4;8.27;1;1.3;1;0.97;1;0.32;1;1.97;1;6;3.03;0.49
18HU05656_069;SEGB-15;42.85;-49.8867;260578;30;30-nov-05;09:04:00;30.37;33.26;1;306.4;4;6.17;1;1.13;1;2.15;1;0.33;1;2.61;1;6;6.52;0.82
18HU05656_069;SEGB-15;42.85;-49.8867;260577;40;30-nov-05;09:04:00;40.6;33.17;1;321.1;4;2.58;1;0.59;1;5.03;1;0.54;1;5.06;1;6;9.31;0.99
18HU05656_069;SEGB-15;42.85;-49.8867;260576;51;30-nov-05;09:04:00;50.93;33.27;1;322;4;2.3;1;0.54;1;5.21;1;0.52;1;5.03;1;6;10.02;1.04
18HU05656_069;SEGB-15;42.85;-49.8867;260575;75;30-nov-05;09:04:00;75.88;33.63;1;315.3;4;3.6;1;0.54;1;3.83;1;0.35;1;3.14;1;6;10.94;1.22
18HU05656_069;SEGB-15;42.85;-49.8867;260574;100;30-nov-05;09:04:00;100.51;33.87;1;304.6;4;4.24;1;0.29;1;5.61;1;0.45;1;4.03;1;6;12.47;1.39
18HU05656_069;SEGB-15;42.85;-49.8867;260573;150;30-nov-05;09:04:00;150.65;33.85;1;298.3;4;1.46;1;NaN;9;10.89;1;0.68;1;8.44;1;6;16.01;1.29
18HU05656_069;SEGB-15;42.85;-49.8867;260572;397;30-nov-05;09:04:00;399.79;34.79;1;283.6;4;3.81;1;NaN;9;15.74;1;0.94;1;9.66;1;6;16.74;1.63
18HU05656_080;SEGB-17;42.5883;-49.6833;260592;5;30-nov-05;14:16:00;5;NaN;9;NaN;9;NaN;9;2.2;1;1.72;1;0.38;1;1.76;1;0;4.53;0.98
18HU05656_080;SEGB-17;42.5883;-49.6833;260591;11;30-nov-05;14:16:00;10.82;33.43;1;305.5;4;7.13;1;2.12;1;3.11;1;0.41;1;2.26;1;6;7.59;1.38
18HU05656_080;SEGB-17;42.5883;-49.6833;260590;20;30-nov-05;14:16:00;20.1;33.41;1;303.7;4;7.1;1;2.23;1;1.43;1;0.26;1;1.55;1;6;5.50;0.92
18HU05656_080;SEGB-17;42.5883;-49.6833;260589;30;30-nov-05;14:16:00;30.33;33.52;1;301;4;6.51;1;1.03;1;3.78;1;0.54;1;2.74;1;6;7.00;1.38
18HU05656_080;SEGB-17;42.5883;-49.6833;260588;41;30-nov-05;14:16:00;40.84;33.82;1;295.2;4;5.31;1;0.28;1;6.16;1;0.46;1;3.33;1;6;13.39;1.85
18HU05656_080;SEGB-17;42.5883;-49.6833;260587;49;30-nov-05;14:16:00;49.65;33.97;1;292.5;4;4.14;1;0.11;1;9.91;1;0.72;1;5.27;1;6;13.76;1.88
18HU05656_080;SEGB-17;42.5883;-49.6833;260586;74;30-nov-05;14:16:00;74.97;34.31;1;273.8;4;3.79;1;0.05;1;13.41;1;0.83;1;7.99;1;6;16.16;1.68
18HU05656_080;SEGB-17;42.5883;-49.6833;260585;99;30-nov-05;14:16:00;100.14;34.51;1;253.2;4;4.24;1;0.03;1;14.91;1;1.1;1;9.64;1;6;13.55;1.55
18HU05656_080;SEGB-17;42.5883;-49.6833;260584;149;30-nov-05;14:16:00;150.33;34.94;1;207.2;4;6.04;1;NaN;9;19.63;1;1.34;1;12.13;1;6;14.65;1.62
18HU05656_080;SEGB-17;42.5883;-49.6833;260582;1487;30-nov-05;14:16:00;1494.13;34.87;1;286.7;4;3.62;1;NaN;9;NaN;9;NaN;9;NaN;9;6;NaN;NaN
18HU05656_080;SEGB-17;42.5883;-49.6833;260583;2609;30-nov-05;14:16:00;2614.18;34.91;1;277.3;4;2.88;1;NaN;9;15.82;1;0.93;1;12.07;1;6;17.01;1.31
18HU05656_091;SEGB-19;42.0817;-49.27;260594;3244;01-dec-05;00:04:00;3245.48;34.89;1;279.1;4;2.1;1;NaN;9;NaN;9;NaN;9;NaN;9;6;NaN;NaN
18HU05656_279;FC-12;47;-48.1167;260728;5;05-dec-05;03:09:00;5.2;32.31;1;313.1;4;4.95;1;0.78;1;1.89;1;0.47;1;3.09;1;6;4.02;0.61
18HU05656_279;FC-12;47;-48.1167;260727;10;05-dec-05;03:09:00;10.28;32.31;1;312.6;4;4.94;1;0.79;1;0.9;1;0.38;1;2.45;1;6;2.37;0.37
18HU05656_279;FC-12;47;-48.1167;260726;21;05-dec-05;03:09:00;20.75;32.31;1;312.2;4;4.95;1;0.77;1;2.02;1;0.57;1;3.47;1;6;3.54;0.58
18HU05656_279;FC-12;47;-48.1167;260725;30;05-dec-05;03:09:00;30.53;32.31;1;311.7;4;4.94;1;0.75;1;1.28;1;0.36;1;2.35;1;6;3.56;0.54
18HU05656_279;FC-12;47;-48.1167;260724;40;05-dec-05;03:09:00;40.43;32.38;1;314;4;4.33;1;0.47;1;1.01;1;0.41;1;2.53;1;6;2.46;0.40
18HU05656_279;FC-12;47;-48.1167;260723;50;05-dec-05;03:09:00;50.69;32.6;1;316.2;4;3.13;1;0.38;1;2.82;1;0.44;1;3.16;1;6;6.41;0.89
18HU05656_279;FC-12;47;-48.1167;260722;76;05-dec-05;03:09:00;76.13;32.94;1;337.2;4;-0.76;1;0.07;1;8.31;1;0.9;1;7.38;1;6;9.23;1.13
18HU05656_279;FC-12;47;-48.1167;260721;100;05-dec-05;03:09:00;101.31;33.22;1;311.3;4;-0.69;1;0.08;1;12.22;1;1.05;1;12.37;1;6;11.64;0.99
18HU05656_279;FC-12;47;-48.1167;260720;129;05-dec-05;03:09:00;130.18;33.3;1;305.5;4;-0.55;1;NaN;9;11.39;1;0.89;1;12.88;1;6;12.80;0.88
18HU05656_280;FC-11;47;-48.6167;260729;98;05-dec-05;05:58:00;98.51;33.2;1;312.2;4;-0.68;1;NaN;9;NaN;9;NaN;9;NaN;9;6;NaN;NaN
18HU05656_281;FC-10;47;-49.1167;260736;6;05-dec-05;09:01:00;6.15;32.23;1;309;4;5.49;1;1.25;1;0.08;1;0.25;1;1.04;1;6;0.32;0.08
18HU05656_281;FC-10;47;-49.1167;260735;11;05-dec-05;09:01:00;11.08;32.23;1;309;4;5.5;1;1.23;1;0.01;1;0.26;1;1.22;1;6;0.04;0.01
18HU05656_281;FC-10;47;-49.1167;260734;20;05-dec-05;09:01:00;20.59;32.23;1;308.6;4;5.49;1;1.2;1;0.27;1;0.41;1;1.87;1;6;0.66;0.14
18HU05656_281;FC-10;47;-49.1167;260733;31;05-dec-05;09:01:00;31.27;32.23;1;308.2;4;5.49;1;1.17;1;2.53;1;0.43;1;2.2;1;6;5.88;1.15
18HU05656_281;FC-10;47;-49.1167;260732;41;05-dec-05;09:01:00;41.26;32.45;1;293.4;4;4.1;1;1.24;1;1.48;1;0.51;1;2.06;1;6;2.90;0.72
18HU05656_281;FC-10;47;-49.1167;260731;51;05-dec-05;09:01:00;51.12;32.94;1;281.8;4;0.24;1;0.83;1;7.43;1;1.03;1;9.9;1;6;7.21;0.75
18HU05656_281;FC-10;47;-49.1167;260730;76;05-dec-05;09:01:00;76.39;33.03;1;289.4;4;-0.32;1;0.66;1;9.53;1;1.16;1;12.04;1;6;8.22;0.79
18HU05656_282;FC-09;47;-50;260743;6;05-dec-05;13:22:00;6.27;32.05;1;305;4;6.23;1;0.8;1;2.1;1;0.37;1;2.38;1;6;5.68;0.88
18HU05656_282;FC-09;47;-50;260742;11;05-dec-05;13:22:00;10.73;32.06;1;302.3;4;6.24;1;0.85;1;0.07;1;0.23;1;1.57;1;6;0.30;0.04
18HU05656_282;FC-09;47;-50;260741;21;05-dec-05;13:22:00;21.01;32.07;1;301;4;6.2;1;0.84;1;0.18;1;0.26;1;1.77;1;6;0.69;0.10
18HU05656_282;FC-09;47;-50;260740;31;05-dec-05;13:22:00;31.71;32.11;1;301.9;4;6.03;1;0.79;1;0.6;1;0.31;1;2.02;1;6;1.94;0.30
18HU05656_282;FC-09;47;-50;260739;41;05-dec-05;13:22:00;41.67;32.29;1;305;4;5.02;1;0.37;1;1.33;1;0.34;1;2.11;1;6;3.91;0.63
18HU05656_282;FC-09;47;-50;260738;50;05-dec-05;13:22:00;50.77;32.92;1;311.3;4;-0.13;1;0.09;1;7.88;1;0.89;1;8.56;1;6;8.85;0.92
18HU05656_282;FC-09;47;-50;260737;76;05-dec-05;13:22:00;76.98;33.02;1;293.4;4;-0.35;1;0.09;1;9.7;1;0.97;1;11.7;1;6;10.00;0.83
18HU05656_283;FC-08;47;-50.6667;260744;172;05-dec-05;18:04:00;173.28;33.32;1;287.2;4;-0.39;1;NaN;9;NaN;9;NaN;9;NaN;9;6;NaN;NaN
18HU05656_285;FC-06;47;-51.485;260745;96;06-dec-05;12:45:00;96.42;33.16;1;319.3;4;-0.76;1;NaN;9;NaN;9;NaN;9;NaN;9;6;NaN;NaN
18HU05656_295;FC-07;47;-51;260753;6;06-dec-05;14:54:00;5.69;32.11;1;312.6;4;4.65;1;0.58;1;0.54;1;0.3;1;2.17;1;6;1.80;0.25
18HU05656_295;FC-07;47;-51;260752;11;06-dec-05;14:54:00;11.09;32.11;1;311.7;4;4.65;1;0.61;1;0.28;1;0.35;1;2.4;1;6;0.80;0.12
18HU05656_295;FC-07;47;-51;260751;20;06-dec-05;14:54:00;19.71;32.11;1;309.9;4;4.65;1;0.57;1;0.46;1;0.3;1;2.4;1;6;1.53;0.19
18HU05656_295;FC-07;47;-51;260750;31;06-dec-05;14:54:00;30.91;32.11;1;309.5;4;4.65;1;0.58;1;1.56;1;0.43;1;2.75;1;6;3.63;0.57
18HU05656_295;FC-07;47;-51;260749;41;06-dec-05;14:54:00;41.33;32.12;1;309.5;4;4.6;1;0.54;1;0.81;1;0.36;1;2.39;1;6;2.25;0.34
18HU05656_295;FC-07;47;-51;260748;50;06-dec-05;14:54:00;50.78;32.75;1;324.7;4;0.53;1;0.09;1;5.61;1;0.6;1;5.64;1;6;9.35;0.99
18HU05656_295;FC-07;47;-51;260747;76;06-dec-05;14:54:00;76.89;33.05;1;308.2;4;-0.58;1;0.06;1;9.87;1;0.89;1;10.51;1;6;11.09;0.94
18HU05656_295;FC-07;47;-51;260746;101;06-dec-05;14:54:00;101.72;33.17;1;297.4;4;-0.53;1;0.07;1;11.35;1;1.07;1;14.23;1;6;10.61;0.80
18HU05656_296;FC-05;47;-50.0333;260762;6;06-dec-05;20:46:00;5.61;31.77;1;308.2;4;5.2;1;0.64;1;1.04;1;0.37;1;2.92;1;6;2.81;0.36
18HU05656_296;FC-05;47;-50.0333;260761;11;06-dec-05;20:46:00;11.14;31.77;1;307.7;4;5.2;1;0.59;1;1.35;1;0.37;1;2.8;1;6;3.65;0.48
18HU05656_296;FC-05;47;-50.0333;260760;21;06-dec-05;20:46:00;21.48;31.77;1;307.3;4;5.2;1;0.63;1;0.6;1;0.33;1;2.5;1;6;1.82;0.24
18HU05656_296;FC-05;47;-50.0333;260759;31;06-dec-05;20:46:00;31.36;31.77;1;306.8;4;5.2;1;0.6;1;0.6;1;0.43;1;2.76;1;6;1.40;0.22
18HU05656_296;FC-05;47;-50.0333;260758;42;06-dec-05;20:46:00;41.89;31.77;1;306.4;4;5.2;1;0.59;1;1.12;1;0.37;1;2.58;1;6;3.03;0.43
18HU05656_296;FC-05;47;-50.0333;260757;50;06-dec-05;20:46:00;50.27;31.77;1;306.4;4;5.19;1;0.57;1;0.52;1;0.36;1;2.6;1;6;1.44;0.20
18HU05656_296;FC-05;47;-50.0333;260756;76;06-dec-05;20:46:00;76.52;32.51;1;330.9;4;1.03;1;0.06;1;4.44;1;0.63;1;4.69;1;6;7.05;0.95
18HU05656_296;FC-05;47;-50.0333;260755;98;06-dec-05;20:46:00;99.14;32.95;1;334.1;4;-0.95;1;0.04;1;10.2;1;0.89;1;8.87;1;6;11.46;1.15
18HU05656_296;FC-05;47;-50.0333;260754;132;06-dec-05;20:46:00;133.11;33.35;1;301;4;-0.48;1;NaN;9;12.72;1;0.95;1;14.95;1;6;13.39;0.85
18HU05656_297;FC-04;47;-52.3217;260771;5;07-dec-05;01:29:00;5.05;31.88;1;309;4;4.9;1;0.63;1;0.68;1;0.28;1;1.75;1;6;2.43;0.39
18HU05656_297;FC-04;47;-52.3217;260770;10;07-dec-05;01:29:00;10.18;31.88;1;308.6;4;4.9;1;0.62;1;0.56;1;0.31;1;2.31;1;6;1.81;0.24
18HU05656_297;FC-04;47;-52.3217;260769;20;07-dec-05;01:29:00;20.3;31.88;1;308.2;4;4.91;1;0.6;1;0.57;1;0.3;1;2.11;1;6;1.90;0.27
18HU05656_297;FC-04;47;-52.3217;260768;30;07-dec-05;01:29:00;30.09;31.88;1;308.2;4;4.91;1;0.61;1;0.59;1;0.3;1;2.14;1;6;1.97;0.28
18HU05656_297;FC-04;47;-52.3217;260767;40;07-dec-05;01:29:00;40.07;31.88;1;308.2;4;4.91;1;0.59;1;0.54;1;0.36;1;2.68;1;6;1.50;0.20
18HU05656_297;FC-04;47;-52.3217;260766;49;07-dec-05;01:29:00;49.88;32.41;1;320.2;4;2.06;1;0.11;1;3.31;1;0.52;1;4;1;6;6.37;0.83
18HU05656_297;FC-04;47;-52.3217;260765;76;07-dec-05;01:29:00;76.15;32.77;1;338.1;4;-0.99;1;0.04;1;9.16;1;0.85;1;8.11;1;6;10.78;1.13
18HU05656_297;FC-04;47;-52.3217;260764;100;07-dec-05;01:29:00;100.52;33;1;326.5;4;-0.96;1;0.04;1;9.31;1;0.85;1;9.19;1;6;10.95;1.01
18HU05656_297;FC-04;47;-52.3217;260763;120;07-dec-05;01:29:00;121.03;33.14;1;312.6;4;-0.8;1;NaN;9;11;1;0.92;1;12.67;1;6;11.96;0.87
18HU05656_298;FC-03;47;-52.58;260780;5;07-dec-05;03:28:00;5.37;31.94;1;316.2;4;3.96;1;0.86;1;1.02;1;0.37;1;2.74;1;6;2.76;0.37
18HU05656_298;FC-03;47;-52.58;260779;10;07-dec-05;03:28:00;10.04;31.94;1;315.7;4;3.96;1;0.85;1;0.94;1;0.4;1;2.96;1;6;2.35;0.32
18HU05656_298;FC-03;47;-52.58;260778;19;07-dec-05;03:28:00;19.59;31.95;1;315.3;4;3.97;1;0.88;1;1.01;1;0.38;1;2.84;1;6;2.66;0.36
18HU05656_298;FC-03;47;-52.58;260777;30;07-dec-05;03:28:00;29.98;31.95;1;314.9;4;3.97;1;0.86;1;1;1;0.37;1;2.75;1;6;2.70;0.36
18HU05656_298;FC-03;47;-52.58;260776;40;07-dec-05;03:28:00;39.89;32.09;1;315.3;4;3.7;1;0.57;1;1.25;1;0.37;1;2.63;1;6;3.38;0.48
18HU05656_298;FC-03;47;-52.58;260775;50;07-dec-05;03:28:00;49.91;32.44;1;316.6;4;2.69;1;0.12;1;2.79;1;0.5;1;3.55;1;6;5.58;0.79
18HU05656_298;FC-03;47;-52.58;260774;76;07-dec-05;03:28:00;76.64;32.6;1;338.5;4;-0.21;1;0.06;1;6.35;1;0.79;1;5.93;1;6;8.04;1.07
18HU05656_298;FC-03;47;-52.58;260773;99;07-dec-05;03:28:00;99.99;32.78;1;337.6;4;-0.99;1;0.07;1;9.67;1;0.87;1;7.84;1;6;11.11;1.23
18HU05656_298;FC-03;47;-52.58;260772;152;07-dec-05;03:28:00;153.51;33.33;1;293.9;4;-0.5;1;NaN;9;12.64;1;1.08;1;16.53;1;6;11.70;0.76
18HU05656_299;FC-02;47;-52.705;260781;182;07-dec-05;04:37:00;183.03;33.36;1;293.4;4;-0.43;1;NaN;9;NaN;9;NaN;9;NaN;9;6;NaN;NaN
18HU05656_300;FC-01;47;-52.8317;260789;7;07-dec-05;05:28:00;6.7;32;1;314;4;3.64;1;0.19;1;1.79;1;0.42;1;3.46;1;6;4.26;0.52
18HU05656_300;FC-01;47;-52.8317;260788;11;07-dec-05;05:28:00;11.42;32;1;313.5;4;3.65;1;0.19;1;1.72;1;0.38;1;3.38;1;6;4.53;0.51
18HU05656_300;FC-01;47;-52.8317;260787;21;07-dec-05;05:28:00;21.22;32.03;1;313.5;4;3.64;1;0.19;1;2.52;1;0.48;1;3.83;1;6;5.25;0.66
18HU05656_300;FC-01;47;-52.8317;260786;31;07-dec-05;05:28:00;31.45;32.16;1;314.9;4;3.37;1;0.16;1;2.11;1;0.45;1;3.61;1;6;4.69;0.58
18HU05656_300;FC-01;47;-52.8317;260785;41;07-dec-05;05:28:00;41.77;32.26;1;316.2;4;3.14;1;0.14;1;2.41;1;0.48;1;3.77;1;6;5.02;0.64
18HU05656_300;FC-01;47;-52.8317;260784;51;07-dec-05;05:28:00;51.74;32.44;1;318.4;4;2.52;1;0.11;1;2.97;1;0.56;1;4.15;1;6;5.30;0.72
18HU05656_300;FC-01;47;-52.8317;260783;76;07-dec-05;05:28:00;76.49;32.59;1;322.4;4;1.44;1;0.08;1;5.27;1;0.71;1;5.61;1;6;7.42;0.94
18HU05656_300;FC-01;47;-52.8317;260782;97;07-dec-05;05:28:00;97.69;32.7;1;328.7;4;0.19;1;0.07;1;5.36;1;0.67;1;5.59;1;6;8.00;0.96
18HU05656_301;STN27;47.5467;-52.5867;260799;5;07-dec-05;09:55:00;4.74;31.64;1;305.9;4;4.94;1;0.74;1;1.14;1;0.45;1;3.36;1;6;2.53;0.34
18HU05656_301;STN27;47.5467;-52.5867;260798;9;07-dec-05;09:55:00;9.29;31.64;1;305.9;4;4.95;1;0.78;1;0.78;1;0.31;1;2.66;1;6;2.52;0.29
18HU05656_301;STN27;47.5467;-52.5867;260797;20;07-dec-05;09:55:00;19.84;31.64;1;305.9;4;4.95;1;0.74;1;1.02;1;0.35;1;2.96;1;6;2.91;0.34
18HU05656_301;STN27;47.5467;-52.5867;260796;30;07-dec-05;09:55:00;29.98;31.64;1;305.5;4;4.95;1;0.77;1;0.94;1;0.39;1;3.22;1;6;2.41;0.29
18HU05656_301;STN27;47.5467;-52.5867;260795;40;07-dec-05;09:55:00;40.61;31.69;1;307.7;4;4.78;1;0.6;1;1.15;1;0.48;1;3.48;1;6;2.40;0.33
18HU05656_301;STN27;47.5467;-52.5867;260794;50;07-dec-05;09:55:00;50.07;31.96;1;311.3;4;4.1;1;0.26;1;2.5;1;0.44;1;3.7;1;6;5.68;0.68
18HU05656_301;STN27;47.5467;-52.5867;260793;75;07-dec-05;09:55:00;75.47;32.43;1;316.2;4;2.8;1;0.11;1;2.9;1;0.48;1;4.04;1;6;6.04;0.72
18HU05656_301;STN27;47.5467;-52.5867;260792;99;07-dec-05;09:55:00;100.27;32.64;1;322.9;4;0.96;1;0.09;1;5.31;1;0.66;1;5.34;1;6;8.05;0.99
18HU05656_301;STN27;47.5467;-52.5867;260791;148;07-dec-05;09:55:00;149.7;33.11;1;309.5;4;-0.61;1;0.04;1;11.15;1;1.03;1;11.78;1;6;10.83;0.95
18HU05656_301;STN27;47.5467;-52.5867;260790;171;07-dec-05;09:55:00;172.28;33.36;1;287.6;4;-0.34;1;NaN;9;12.45;1;1.06;1;16.77;1;6;11.75;0.74
18HU05656_329;TB-07;48;-53.3918;260958;6;10-dec-05;19:41:00;5.61;31.62;1;307.3;4;4.26;1;0.41;1;1.74;1;0.4;1;2.81;1;6;4.35;0.62
18HU05656_329;TB-07;48;-53.3918;260957;10;10-dec-05;19:41:00;10.14;31.82;1;311.7;4;3.68;1;0.42;1;1.28;1;0.38;1;2.87;1;6;3.37;0.45
18HU05656_329;TB-07;48;-53.3918;260956;20;10-dec-05;19:41:00;20.13;31.96;1;317.5;4;3.15;1;0.57;1;2.05;1;0.5;1;3.34;1;6;4.10;0.61
18HU05656_329;TB-07;48;-53.3918;260955;30;10-dec-05;19:41:00;30.07;31.99;1;316.2;4;3.21;1;0.52;1;2.06;1;0.5;1;3.23;1;6;4.12;0.64
18HU05656_329;TB-07;48;-53.3918;260954;41;10-dec-05;19:41:00;41.12;32.16;1;316.2;4;3.09;1;0.22;1;3.37;1;0.53;1;3.71;1;6;6.36;0.91
18HU05656_329;TB-07;48;-53.3918;260953;50;10-dec-05;19:41:00;50.66;32.28;1;315.3;4;2.56;1;0.1;1;3.38;1;0.57;1;4.07;1;6;5.93;0.83
18HU05656_329;TB-07;48;-53.3918;260952;74;10-dec-05;19:41:00;74.4;32.48;1;322.9;4;1.27;1;0.05;1;5.44;1;0.67;1;5.06;1;6;8.12;1.08
18HU05656_329;TB-07;48;-53.3918;260951;101;10-dec-05;19:41:00;102.18;32.59;1;328.7;4;-0.01;1;0.06;1;7.1;1;0.74;1;6.11;1;6;9.59;1.16
18HU05656_329;TB-07;48;-53.3918;260950;149;10-dec-05;19:41:00;150.15;32.88;1;321.5;4;-0.77;1;NaN;9;10.32;1;1.03;1;9.17;1;6;10.02;1.13
18HU05656_329;TB-07;48;-53.3918;260949;559;10-dec-05;19:41:00;562.99;34.28;1;200.1;4;2.45;1;NaN;9;18.73;1;1.92;1;36.49;1;6;9.76;0.51
18HU05656_330;TB-08;47.9175;-53.4645;260959;532;10-dec-05;22:11:00;535.9;34.28;1;201;4;2.45;1;NaN;9;NaN;9;NaN;9;NaN;9;6;NaN;NaN
18HU05656_333;TB-09;47.8347;-53.5607;260960;461;10-dec-05;23:36:00;464.11;34.27;1;209;4;2.4;1;NaN;9;NaN;9;NaN;9;NaN;9;6;NaN;NaN
18HU05656_334;TB-10;47.7573;-53.612;260970;5;11-dec-05;00:28:00;5.02;31.59;1;305.9;4;4.47;1;0.39;1;1.76;1;0.31;1;2.46;1;6;5.68;0.72
18HU05656_334;TB-10;47.7573;-53.612;260969;10;11-dec-05;00:28:00;10.15;31.59;1;305.9;4;4.47;1;0.36;1;1.63;1;0.28;1;2.03;1;6;5.82;0.80
18HU05656_334;TB-10;47.7573;-53.612;260968;19;11-dec-05;00:28:00;19.5;31.61;1;305.5;4;4.45;1;0.34;1;1.96;1;0.31;1;2.34;1;6;6.32;0.84
18HU05656_334;TB-10;47.7573;-53.612;260967;30;11-dec-05;00:28:00;30.65;31.7;1;305.5;4;4.3;1;0.28;1;1.92;1;0.31;1;2.34;1;6;6.19;0.82
18HU05656_334;TB-10;47.7573;-53.612;260966;40;11-dec-05;00:28:00;40.01;31.92;1;311.7;4;3.32;1;0.21;1;2.42;1;0.33;1;2.59;1;6;7.33;0.93
18HU05656_334;TB-10;47.7573;-53.612;260965;50;11-dec-05;00:28:00;50.43;32.19;1;313.1;4;2.75;1;0.07;1;3.66;1;0.47;1;3.6;1;6;7.79;1.02
18HU05656_334;TB-10;47.7573;-53.612;260964;74;11-dec-05;00:28:00;74.99;32.43;1;331.4;4;0.28;1;0.04;1;5.66;1;0.62;1;4.27;1;6;9.13;1.33
18HU05656_334;TB-10;47.7573;-53.612;260963;98;11-dec-05;00:28:00;99.21;32.54;1;332.3;4;-0.43;1;0.04;1;8.17;1;0.78;1;5.81;1;6;10.47;1.41
18HU05656_334;TB-10;47.7573;-53.612;260962;149;11-dec-05;00:28:00;149.78;32.76;1;324.7;4;-0.9;1;NaN;9;8.77;1;0.92;1;7.91;1;6;9.53;1.11
18HU05656_334;TB-10;47.7573;-53.612;260961;265;11-dec-05;00:28:00;267.12;33.8;1;251.4;4;1.02;1;NaN;9;15.12;1;1.12;1;17.35;1;6;13.50;0.87
18HU05656_335;TB-11;47.6338;-53.6205;260971;165;11-dec-05;02:13:00;166.7;33.04;1;305.5;4;-0.45;1;NaN;9;NaN;9;NaN;9;NaN;9;6;NaN;NaN
18HU05656_354;CBAY-01;47.8333;-52.9167;261022;5;12-dec-05;04:57:00;5.05;31.72;1;313.1;4;4.03;1;0.61;1;2.19;1;0.38;1;3.3;1;6;5.76;0.66
18HU05656_354;CBAY-01;47.8333;-52.9167;261021;10;12-dec-05;04:57:00;10.18;31.72;1;312.6;4;4.03;1;0.65;1;1.65;1;0.31;1;2.98;1;6;5.32;0.55
18HU05656_354;CBAY-01;47.8333;-52.9167;261020;20;12-dec-05;04:57:00;20.17;31.74;1;312.6;4;3.97;1;0.62;1;2.08;1;0.36;1;3.33;1;6;5.78;0.62
18HU05656_354;CBAY-01;47.8333;-52.9167;261019;30;12-dec-05;04:57:00;29.85;31.77;1;312.2;4;3.93;1;0.59;1;1.23;1;0.32;1;2.98;1;6;3.84;0.41
18HU05656_354;CBAY-01;47.8333;-52.9167;261018;40;12-dec-05;04:57:00;40.57;31.77;1;312.2;4;3.94;1;0.59;1;1.7;1;0.31;1;2.5;1;6;5.48;0.68
18HU05656_354;CBAY-01;47.8333;-52.9167;261017;50;12-dec-05;04:57:00;50.3;31.85;1;312.6;4;3.83;1;0.42;1;1.92;1;0.33;1;2.65;1;6;5.82;0.72
18HU05656_354;CBAY-01;47.8333;-52.9167;261016;75;12-dec-05;04:57:00;75.63;32.4;1;314.9;4;2.4;1;0.11;1;3.68;1;0.45;1;4.33;1;6;8.18;0.85
18HU05656_354;CBAY-01;47.8333;-52.9167;261015;100;12-dec-05;04:57:00;100.93;32.58;1;323.8;4;0.22;1;0.06;1;7.19;1;0.63;1;6.79;1;6;11.41;1.06
18HU05656_354;CBAY-01;47.8333;-52.9167;261014;150;12-dec-05;04:57:00;150.97;33.03;1;307.7;4;-0.53;1;NaN;9;10.45;1;0.77;1;10.91;1;6;13.57;0.96
18HU05656_354;CBAY-01;47.8333;-52.9167;261013;195;12-dec-05;04:57:00;196.73;33.43;1;286.3;4;-0.17;1;NaN;9;12.59;1;0.94;1;14.87;1;6;13.39;0.85
18HU05656_369;STN27;47.5467;-52.5867;261031;10;12-dec-05;08:37:00;10;NaN;9;NaN;9;NaN;9;0.62;1;1.81;1;0.32;1;3.09;1;0;5.66;0.59
18HU05656_369;STN27;47.5467;-52.5867;261030;19;12-dec-05;08:37:00;18.87;31.92;1;316.2;4;3.46;1;0.61;1;2.17;1;0.34;1;3.48;1;6;6.38;0.62
18HU05656_369;STN27;47.5467;-52.5867;261029;29;12-dec-05;08:37:00;29.4;32.09;1;317.5;4;3.25;1;0.69;1;NaN;9;NaN;9;NaN;9;6;NaN;NaN
18HU05656_369;STN27;47.5467;-52.5867;261028;38;12-dec-05;08:37:00;38.79;32.14;1;318.9;4;3.02;1;0.66;1;1.89;1;0.35;1;3.4;1;6;5.40;0.56
18HU05656_369;STN27;47.5467;-52.5867;261027;49;12-dec-05;08:37:00;49.7;32.18;1;318.4;4;2.96;1;0.59;1;1.77;1;0.33;1;3.15;1;6;5.36;0.56
18HU05656_369;STN27;47.5467;-52.5867;261026;75;12-dec-05;08:37:00;75.23;32.66;1;314.4;4;0.9;1;0.12;1;6.17;1;0.58;1;6.64;1;6;10.64;0.93
18HU05656_369;STN27;47.5467;-52.5867;261025;99;12-dec-05;08:37:00;99.79;32.89;1;315.7;4;-0.3;1;0.06;1;8.75;1;0.76;1;8.21;1;6;11.51;1.07
18HU05656_369;STN27;47.5467;-52.5867;261024;152;12-dec-05;08:37:00;153.13;33.32;1;290.3;4;-0.29;1;0.07;1;12.08;1;0.91;1;13.96;1;6;13.27;0.87
18HU05656_369;STN27;47.5467;-52.5867;261023;166;12-dec-05;08:37:00;166.93;33.36;1;288.5;4;-0.27;1;NaN;9;13.39;1;0.97;1;15.05;1;6;13.80;0.89
