CTD;CTD;CTD;CTD;CTD;CTD;CTD;CTD;CTD;CTD;CTD;CTD;labo;labo;CTD;labo;labo;labo;labo;labo;labo;labo;labo;labo;calc;calc
Fichier;Station;Latitude;Longitude;Echantillon;zbouteille;Date;Heure;PSAL;TE90;DOXY;PHPH;OXYM_01;CHL_03;FLOR;NO2_01;Q_NO2;NOx_01;Q_NOX;PO4_01;Q_PO4;Si_01;Q_Si;QCFF;N_P;N_Si
(nom);(nom/no);(degres);(degres);(no_unique);(dbar);(jj-mmm-yyyy);(GMT);(psu);(celsius);(ml/l);((none));(mmol/m**3);(mg/m**3);(mg/m**3);(mmol/m**3);((none));(mmol/m**3);((none));(mmol/m**3);((none));(mmol/m**3);((none));((none));((none));((none))
18TL07031_897;401;47.43333;-59.559;291794;0.99;21-jun-07;04:40:00;31.99;7.32;310.78894;8.132;327.1345;0.18;0.753;0.01;1;0.03;1;0.31;1;0.135;1;6;0.10;0.22
18TL07031_897;401;47.43333;-59.559;291793;5.55;21-jun-07;04:40:00;31.99;7.31;305.34042;8.128;NaN;0.2;0.766;0.01;1;0.065;1;0.305;1;0.335;1;0;0.21;0.19
18TL07031_897;401;47.43333;-59.559;291792;15.67;21-jun-07;04:40:00;31.87;5.22;323.785;8.133;NaN;0.775;2.357;0.05;1;1.47;1;0.51;1;2.37;1;0;2.88;0.62
18TL07031_897;401;47.43333;-59.559;291791;25.29;21-jun-07;04:40:00;32.13;1.28;328.96556;8.039;NaN;0.745;1.767;0.135;1;4.435;1;0.805;1;5.32;1;0;5.51;0.83
18TL07031_897;401;47.43333;-59.559;291790;50.07;21-jun-07;04:40:00;32.35;0.45;335.26262;8.027;NaN;0.08;0.364;0.135;1;4.675;1;0.795;1;3.945;1;0;5.88;1.19
18TL07031_897;401;47.43333;-59.559;291789;100.23;21-jun-07;04:40:00;32.82;0.86;312.93262;8.024;NaN;0.035;0.261;0.09;1;5.225;1;0.84;1;4.155;1;0;6.22;1.26
18TL07031_897;401;47.43333;-59.559;291788;200.02;21-jun-07;04:40:00;34.19;5;180.91766;7.886;NaN;NaN;0.226;0.04;1;17.82;1;1.36;1;17.79;1;0;13.10;1.00
18TL07031_897;401;47.43333;-59.559;291787;300.15;21-jun-07;04:40:00;34.63;5.33;178.95262;7.9;NaN;NaN;0.207;0.01;1;20.23;1;1.395;1;18.215;1;0;14.50;1.11
18TL07031_897;401;47.43333;-59.559;291786;399.45;21-jun-07;04:40:00;34.8;4.98;176.94292;7.869;NaN;NaN;0.227;0.02;1;20.225;1;1.505;1;27.68;1;0;13.44;0.73
18TL07031_897;401;47.43333;-59.559;291785;455.95;21-jun-07;04:40:00;34.79;4.76;192.7079;7.878;199.8535;NaN;0.233;0.04;1;19.755;1;1.41;1;27.355;1;6;14.01;0.72
18TL07031_898;411;47.5835;-59.34317;291802;0.89;21-jun-07;08:36:00;31.78;7.53;310.96758;8.117;349.9111;0.34;1.131;0.085;1;0.95;1;0.39;1;0.575;1;6;2.44;1.65
18TL07031_898;411;47.5835;-59.34317;291801;5.26;21-jun-07;08:36:00;31.77;7.13;316.8627;8.119;NaN;0.53;1.188;0.05;1;0.17;1;0.305;1;0.33;1;0;0.56;0.52
18TL07031_898;411;47.5835;-59.34317;291800;15.37;21-jun-07;08:36:00;31.91;5.98;327.26848;8.137;NaN;0.295;0.893;0.025;1;0.07;1;0.3;1;0.02;1;0;0.23;3.50
18TL07031_898;411;47.5835;-59.34317;291799;24.89;21-jun-07;08:36:00;32.19;3.27;345.98102;8.135;NaN;0.4;1.42;0.035;1;0.335;1;0.385;1;0.135;1;0;0.87;2.48
18TL07031_898;411;47.5835;-59.34317;291798;50.47;21-jun-07;08:36:00;32.4;0.94;339.05872;8.061;NaN;0.09;0.479;0.12667;1;1.60333;1;0.52333;1;0.265;1;0;3.06;6.05
18TL07031_898;411;47.5835;-59.34317;291797;101.92;21-jun-07;08:36:00;32.58;0.4;325.88402;8.024;NaN;0.055;0.239;0.08333;1;3.08333;2;0.65333;2;2.17;2;2048;4.72;1.42
18TL07031_898;411;47.5835;-59.34317;291796;201.11;21-jun-07;08:36:00;33.77;3.76;225.22038;7.913;NaN;NaN;0.238;0.09667;1;11.76667;1;1.05333;1;9.67;1;0;11.17;1.22
18TL07031_898;411;47.5835;-59.34317;291795;251.33;21-jun-07;08:36:00;34.35;4.86;195.25352;7.89;204.3195;NaN;0.231;0.105;1;17.64;1;1.295;1;16.545;1;6;13.62;1.07
18TL07031_899;421;47.271;-59.78367;291812;1.09;21-jun-07;11:33:00;31.18;8.07;306.5909;8.132;324.6782;0.825;0.985;0.02;1;0.145;1;0.375;1;1.855;1;6;0.39;0.08
18TL07031_899;421;47.271;-59.78367;291811;4.66;21-jun-07;11:33:00;31.27;8.05;309.44914;8.138;NaN;0.8;1.144;0.035;1;0.24;1;0.41;1;2.39;1;0;0.59;0.10
18TL07031_899;421;47.271;-59.78367;291810;14.97;21-jun-07;11:33:00;31.46;1.91;334.01214;8.078;NaN;0.475;1.58;0.105;1;2.385;1;0.71;1;4.48;1;0;3.36;0.53
18TL07031_899;421;47.271;-59.78367;291809;25.19;21-jun-07;11:33:00;31.66;0.52;322.35588;8.008;NaN;0.335;1.182;0.14333;1;4.83667;1;0.99;1;7.005;1;0;4.89;0.69
18TL07031_899;421;47.271;-59.78367;291808;50.07;21-jun-07;11:33:00;32.26;0.67;311.41418;7.974;NaN;0.11;0.429;0.2;1;6.7;1;0.98667;1;7.955;1;0;6.79;0.84
18TL07031_899;421;47.271;-59.78367;291807;99.84;21-jun-07;11:33:00;33;1.4;261.08236;7.93;NaN;0.045;0.247;0.105;1;11.34;1;1.135;1;11.17;1;0;9.99;1.02
18TL07031_899;421;47.271;-59.78367;291806;199.53;21-jun-07;11:33:00;34.12;4.84;175.55846;7.875;NaN;NaN;0.232;0.04;1;17.555;1;1.385;1;17.69;1;0;12.68;0.99
18TL07031_899;421;47.271;-59.78367;291805;299.76;21-jun-07;11:33:00;34.67;5.43;169.88664;7.885;NaN;NaN;0.22;0.02;1;22.155;1;1.54;1;20.94;1;0;14.39;1.06
18TL07031_899;421;47.271;-59.78367;291804;401.93;21-jun-07;11:33:00;34.8;5.15;164.03618;7.861;NaN;NaN;0.221;0.02;1;21.5;1;1.575;1;29.13;1;0;13.65;0.74
18TL07031_899;421;47.271;-59.78367;291803;450.22;21-jun-07;11:33:00;34.8;5.05;171.31576;7.853;181.0963;NaN;0.237;0.03;1;17.42;1;1.405;1;21.345;1;6;12.40;0.82
18TL07031_900;431;47.09883;-59.99033;291821;1.49;21-jun-07;13:47:00;31.09;11.18;281.04538;8.128;301.6783;0.515;0.831;0.01;1;0.06;1;0.33;1;1.385;1;6;0.18;0.04
18TL07031_900;431;47.09883;-59.99033;291820;5.16;21-jun-07;13:47:00;31.07;11.2;280.0182;8.127;NaN;0.53;0.877;0.01;1;0.05;1;0.335;1;1.345;1;0;0.15;0.04
18TL07031_900;431;47.09883;-59.99033;291819;14.87;21-jun-07;13:47:00;31.41;9.11;306.27828;8.142;NaN;0.86;2.825;0.01;1;0.08;1;0.4;1;1.855;1;0;0.20;0.04
18TL07031_900;431;47.09883;-59.99033;291818;25.19;21-jun-07;13:47:00;31.63;5.17;338.70144;8.159;NaN;1.025;3.517;0.02;1;0.31;1;0.49;1;2.545;1;0;0.63;0.12
18TL07031_900;431;47.09883;-59.99033;291817;50.67;21-jun-07;13:47:00;32.08;1.36;325.21412;8.03;NaN;0.47;1.589;0.135;1;5.245;1;0.885;1;7.135;1;0;5.93;0.74
18TL07031_900;431;47.09883;-59.99033;291816;100.14;21-jun-07;13:47:00;32.84;1.16;278.81238;7.934;NaN;0.105;0.34;0.115;1;9.81;1;1.065;1;10.345;1;0;9.21;0.95
18TL07031_900;431;47.09883;-59.99033;291815;200.03;21-jun-07;13:47:00;34.09;4.68;156.84592;7.819;NaN;NaN;0.242;0.09;1;19.11;1;1.51;1;20.925;1;0;12.66;0.91
18TL07031_900;431;47.09883;-59.99033;291814;299.67;21-jun-07;13:47:00;34.74;5.45;141.66152;7.782;NaN;NaN;0.239;0.035;1;23.075;1;1.725;1;32.55;2;2048;13.38;0.71
18TL07031_900;431;47.09883;-59.99033;291813;322.44;21-jun-07;13:47:00;34.78;5.27;153.89836;7.802;160.776;NaN;0.237;0.085;1;22.245;1;1.655;1;32.445;1;6;13.44;0.69
18TL07031_901;441;47.02283;-60.11567;291828;1.19;21-jun-07;15:29:00;30.06;10.91;288.68224;8.11;305.6977;0.81;1.298;0.02;1;0.125;1;0.235;1;1.425;1;6;0.53;0.09
18TL07031_901;441;47.02283;-60.11567;291827;5.26;21-jun-07;15:29:00;30.05;11.04;288.45894;8.106;NaN;0.67;1.295;0.02;1;0.15;1;0.25;1;1.375;1;0;0.60;0.11
18TL07031_901;441;47.02283;-60.11567;291826;14.87;21-jun-07;15:29:00;30.5;7.62;313.82582;8.128;NaN;0.82;2.406;0.015;1;0.11;1;0.305;1;1.065;1;0;0.36;0.10
18TL07031_901;441;47.02283;-60.11567;291825;25.09;21-jun-07;15:29:00;31.13;3.19;332.58302;8.126;NaN;0.795;2.429;0.035;1;0.335;1;0.44;1;1.435;1;0;0.76;0.23
18TL07031_901;441;47.02283;-60.11567;291824;50.27;21-jun-07;15:29:00;31.49;0.48;333.87816;8.019;NaN;0.195;0.566;0.11;1;3.565;1;0.89;1;5.155;1;0;4.01;0.69
18TL07031_901;441;47.02283;-60.11567;291823;100.24;21-jun-07;15:29:00;32.73;1.02;280.2415;7.929;NaN;0.085;0.334;0.14;1;9.825;1;1.05;1;10.89;1;0;9.36;0.90
18TL07031_901;441;47.02283;-60.11567;291822;178.13;21-jun-07;15:29:00;34.23;4.87;145.145;7.767;152.2906;NaN;0.258;0.09;1;20.84;1;1.595;1;26.36;1;6;13.07;0.79
18TL07031_902;451;46.95867;-60.21583;291834;1.19;21-jun-07;16:43:00;29.96;11.81;NaN;8.096;299.8919;0.495;7.432;0.03;1;0.1;1;0.21;1;0.905;1;6;0.48;0.11
18TL07031_902;451;46.95867;-60.21583;291833;5.45;21-jun-07;16:43:00;29.97;11.62;NaN;8.092;NaN;0.54;0.792;0.02;1;0.075;1;0.215;1;1.245;1;0;0.35;0.06
18TL07031_902;451;46.95867;-60.21583;291832;15.47;21-jun-07;16:43:00;30.39;8.25;NaN;8.096;NaN;0.66;1.931;0.03;1;0.32;1;0.325;1;1.85;1;0;0.98;0.17
18TL07031_902;451;46.95867;-60.21583;291831;25.29;21-jun-07;16:43:00;31.01;4.04;NaN;8.094;NaN;0.375;1.127;0.07;1;1.02;1;0.51;1;2.075;1;0;2.00;0.49
18TL07031_902;451;46.95867;-60.21583;291830;50.47;21-jun-07;16:43:00;31.35;2.65;NaN;8.064;NaN;0.515;1.297;0.065;1;2.03;1;0.66;1;3.37;1;0;3.08;0.60
18TL07031_902;451;46.95867;-60.21583;291829;75.16;21-jun-07;16:43:00;32.06;1.22;NaN;7.945;317.086;0.18;0.623;0.175;1;7.14;1;1.05;1;9.275;1;6;6.80;0.77
18TL07031_903;461;46.74483;-61.00267;291839;1.29;21-jun-07;20:44:00;30.1;8.09;NaN;8.099;316.6394;1.385;5.404;0.03;1;0.105;1;0.295;1;1.56;1;6;0.36;0.07
18TL07031_903;461;46.74483;-61.00267;291838;5.16;21-jun-07;20:44:00;30.15;7.85;NaN;8.098;NaN;1.25;2.063;0.02;1;0.125;1;0.31;1;1.43;1;0;0.40;0.09
18TL07031_903;461;46.74483;-61.00267;291837;14.97;21-jun-07;20:44:00;30.75;5.42;NaN;8.127;NaN;0.865;1.861;0.025;1;0.28;1;0.41;1;1.23;1;0;0.68;0.23
18TL07031_903;461;46.74483;-61.00267;291836;24.99;21-jun-07;20:44:00;30.87;3.03;NaN;8.071;NaN;0.195;1.429;0.055;1;0.96;1;0.565;1;2.925;1;0;1.70;0.33
18TL07031_903;461;46.74483;-61.00267;291835;49.98;21-jun-07;20:44:00;31.25;1.54;NaN;8.063;348.7946;0.16;0.655;0.065;1;1.575;1;0.645;1;3.405;1;6;2.44;0.46
18TL07031_904;471;46.82983;-61.25;291845;1.59;21-jun-07;23:00:00;30.81;11.36;NaN;8.139;293.1929;0.32;1.284;0.005;1;0.115;1;0.265;1;0.89;1;6;0.43;0.13
18TL07031_904;471;46.82983;-61.25;291844;4.76;21-jun-07;23:00:00;30.9;10.78;NaN;8.139;NaN;0.265;1.311;0.01;1;0.07;1;0.31;1;0.99;1;0;0.23;0.07
18TL07031_904;471;46.82983;-61.25;291843;15.07;21-jun-07;23:00:00;31.44;4.55;NaN;8.188;NaN;0.545;1.933;0.015;1;0.175;1;0.455;1;0.655;1;0;0.38;0.27
18TL07031_904;471;46.82983;-61.25;291842;24.99;21-jun-07;23:00:00;31.53;1.59;NaN;8.093;NaN;0.79;2.556;0.085;1;2.7;1;0.755;1;2.955;1;0;3.58;0.91
18TL07031_904;471;46.82983;-61.25;291841;49.88;21-jun-07;23:00:00;31.85;0.05;NaN;7.879;NaN;0.15;0.536;0.19;1;8.685;1;1.315;1;14.205;1;0;6.60;0.61
18TL07031_904;471;46.82983;-61.25;291840;55.03;21-jun-07;23:00:00;31.98;0.22;NaN;7.867;316.1928;0.235;0.562;0.17333;1;7.49667;1;1.19333;1;14.095;1;6;6.28;0.53
18TL07031_905;481;46.90217;-61.50033;291850;1.09;22-jun-07;00:31:00;31.1;11.7;NaN;8.136;303.688;0.285;1.267;0.015;1;0.055;1;0.34;1;0.94;1;6;0.16;0.06
18TL07031_905;481;46.90217;-61.50033;291849;4.76;22-jun-07;00:31:00;31.14;10.79;NaN;8.135;NaN;0.345;1.295;0.015;1;0.065;1;0.335;1;0.7;1;0;0.19;0.09
18TL07031_905;481;46.90217;-61.50033;291848;15.17;22-jun-07;00:31:00;31.23;9.21;NaN;8.127;NaN;0.54;2.128;0.025;1;1.555;1;0.565;1;2.68;1;0;2.75;0.58
18TL07031_905;481;46.90217;-61.50033;291847;24.99;22-jun-07;00:31:00;31.67;0.19;NaN;7.915;NaN;0.285;1.219;0.105;1;7.315;1;1.2;1;10.845;1;0;6.10;0.67
18TL07031_905;481;46.90217;-61.50033;291846;48.79;22-jun-07;00:31:00;31.67;0.15;NaN;7.911;332.9403;0.235;0.914;0.105;1;7.455;1;1.215;1;11.38;1;6;6.14;0.66
18TL07031_906;491;47.00033;-61.74967;291855;1.19;22-jun-07;01:47:00;31.16;11.29;NaN;8.131;301.9016;0.29;1.335;0.005;1;0.125;1;0.345;1;0.795;1;6;0.36;0.16
18TL07031_906;491;47.00033;-61.74967;291854;5.16;22-jun-07;01:47:00;31.14;10.86;NaN;8.123;NaN;0.445;1.4;0.005;1;0.17;1;0.36;1;1.065;1;0;0.47;0.16
18TL07031_906;491;47.00033;-61.74967;291853;15.37;22-jun-07;01:47:00;31.37;4.46;NaN;8.138;NaN;2.575;2.463;0.045;1;1.715;1;0.625;1;3.84667;1;0;2.74;0.45
18TL07031_906;491;47.00033;-61.74967;291852;24.99;22-jun-07;01:47:00;31.57;1.66;NaN;7.97;NaN;2.545;3.837;0.08;1;4.53;1;0.945;1;8.01;1;0;4.79;0.57
18TL07031_906;491;47.00033;-61.74967;291851;37.78;22-jun-07;01:47:00;31.6;1.13;NaN;7.942;326.6879;1.75;2.864;0.095;1;5.16;1;0.99;1;8.775;1;6;5.21;0.59
18TL07031_907;501;47.16967;-62.24917;291860;0.6;22-jun-07;04:48:00;31.37;8.3;NaN;8.105;321.3287;1.695;3.612;0.02;1;0.955;1;0.455;1;2.375;1;6;2.10;0.40
18TL07031_907;501;47.16967;-62.24917;291859;4.66;22-jun-07;04:48:00;31.42;6.47;NaN;8.087;NaN;1.465;3.127;0.04;1;2.655;1;0.67;1;4.475;1;0;3.96;0.59
18TL07031_907;501;47.16967;-62.24917;291858;14.68;22-jun-07;04:48:00;31.53;3.17;NaN;7.999;NaN;1.8;2.961;0.07;1;4.49;1;0.895;1;7.03;1;0;5.02;0.64
18TL07031_907;501;47.16967;-62.24917;291857;25.19;22-jun-07;04:48:00;31.55;2.91;NaN;7.973;NaN;1.165;2.558;0.08;1;5.62;1;0.985;1;8.28;1;0;5.71;0.68
18TL07031_907;501;47.16967;-62.24917;291856;33.22;22-jun-07;04:48:00;31.64;1.52;NaN;7.922;318.6491;0.72;1.384;0.11;1;6.665;1;1.11;1;9.98;1;6;6.00;0.67
18TL07031_908;511;47.32983;-62.74983;291865;1.19;22-jun-07;06:45:00;29.57;10.22;NaN;8.231;308.154;0.625;2.179;0.01;1;0.095;1;0.135;1;0;1;6;0.70;NaN
18TL07031_908;511;47.32983;-62.74983;291864;4.76;22-jun-07;06:45:00;29.57;10.17;NaN;8.228;NaN;0.67;2.21;0.015;1;0.09;1;0.135;1;0.035;1;0;0.67;2.57
18TL07031_908;511;47.32983;-62.74983;291863;14.38;22-jun-07;06:45:00;29.61;9.4;NaN;8.226;NaN;0.71;2.866;0.01;1;0.345;1;0.235;1;0.08;1;0;1.47;4.31
18TL07031_908;511;47.32983;-62.74983;291862;25.48;22-jun-07;06:45:00;31.06;2.98;NaN;8.173;NaN;0.33;0.902;0.025;1;1.23;1;0.485;1;0.545;1;0;2.54;2.26
18TL07031_908;511;47.32983;-62.74983;291861;49.58;22-jun-07;06:45:00;31.5;0.21;NaN;7.96;341.8723;0.195;0.721;0.095;1;6.395;1;1.18;1;9.63;1;6;5.42;0.66
18TL07031_909;521;47.49917;-63.24883;291871;1.09;22-jun-07;08:56:00;29.4;10.53;NaN;8.246;305.6977;0.885;2.467;0.015;1;0.155;1;0.135;1;0;1;6;1.15;NaN
18TL07031_909;521;47.49917;-63.24883;291870;5.26;22-jun-07;08:56:00;30.07;10.16;NaN;8.221;NaN;0.865;2.462;0.015;1;0.14;1;0.215;1;0.255;1;0;0.65;0.55
18TL07031_909;521;47.49917;-63.24883;291869;15.47;22-jun-07;08:56:00;30.52;9.15;NaN;8.206;NaN;0.595;2.185;0.025;1;0.265;1;0.335;1;0.45667;1;0;0.79;0.58
18TL07031_909;521;47.49917;-63.24883;291868;25.09;22-jun-07;08:56:00;31.05;2.79;NaN;8.132;NaN;0.57;1.847;0.055;1;1.995;1;0.655;1;1.31;1;0;3.05;1.52
18TL07031_909;521;47.49917;-63.24883;291867;50.27;22-jun-07;08:56:00;31.5;-0.52;NaN;7.883;NaN;0.095;0.361;0.15;1;7.25;1;1.59;1;9.67;1;0;4.56;0.75
18TL07031_909;521;47.49917;-63.24883;291866;75.35;22-jun-07;08:56:00;31.7;-0.9;NaN;7.811;306.8142;0.34;0.427;0.18;1;10.925;1;1.405;1;21.33667;1;6;7.78;0.51
18TL07031_910;531;47.65967;-63.75017;291877;0.89;22-jun-07;11:29:00;29.24;10.05;NaN;8.252;310.1637;1.285;3.478;0.015;1;0.085;1;0.12;1;0;1;6;0.71;NaN
18TL07031_910;531;47.65967;-63.75017;291876;5.55;22-jun-07;11:29:00;29.27;10.05;NaN;8.257;NaN;1.25;3.574;0.02;1;0.11;1;0.135;1;0;1;0;0.81;NaN
18TL07031_910;531;47.65967;-63.75017;291875;15.17;22-jun-07;11:29:00;29.48;10.13;NaN;8.241;NaN;0.86;2.644;0.02;1;0.11;1;0.175;1;0.055;1;0;0.63;2.00
18TL07031_910;531;47.65967;-63.75017;291874;25.09;22-jun-07;11:29:00;30.5;6.91;NaN;8.208;NaN;0.39;1.312;0.025;1;0.51;1;0.395;1;0.44;1;0;1.29;1.16
18TL07031_910;531;47.65967;-63.75017;291873;50.27;22-jun-07;11:29:00;31.17;1.56;NaN;8.082;NaN;0.175;0.698;0.06;1;2.785;1;0.78;1;2.35;1;0;3.57;1.19
18TL07031_910;531;47.65967;-63.75017;291872;59.79;22-jun-07;11:29:00;31.54;-0.38;NaN;7.805;294.0861;0.385;0.661;0.145;1;8.39;1;1.435;1;15.345;1;6;5.85;0.55
18TL07031_911;541;47.73983;-64.0005;291883;0.99;22-jun-07;12:50:00;29.54;10.49;NaN;8.256;307.9307;1.195;2.395;0.015;1;0.065;1;0.12;1;0.345;1;6;0.54;0.19
18TL07031_911;541;47.73983;-64.0005;291882;5.06;22-jun-07;12:50:00;29.54;10.46;NaN;8.258;NaN;1.205;2.869;0.01;1;0.08;1;0.13;1;0.135;1;0;0.62;0.59
18TL07031_911;541;47.73983;-64.0005;291881;14.87;22-jun-07;12:50:00;29.48;9.89;NaN;8.26;NaN;1.015;3.001;0.02;1;0.1;1;0.145;1;0.025;1;0;0.69;4.00
18TL07031_911;541;47.73983;-64.0005;291880;24.39;22-jun-07;12:50:00;29.95;5.22;NaN;8.223;NaN;0.33;1.449;0.05;1;1.21;1;0.44;1;0.86;1;0;2.75;1.41
18TL07031_911;541;47.73983;-64.0005;291879;49.97;22-jun-07;12:50:00;31.32;0.9;NaN;7.997;NaN;0.135;0.499;0.135;1;5.59;1;1.05;1;6.005;1;0;5.32;0.93
18TL07031_911;541;47.73983;-64.0005;291878;77.13;22-jun-07;12:50:00;32.39;0.36;NaN;7.686;227.0961;0.36;0.491;0.32;1;14.32;1;1.68;1;29.86;1;6;8.52;0.48
18TL07031_912;551;47.82983;-64.25033;291888;0.79;22-jun-07;15:41:00;29.13;10.88;NaN;8.262;307.7074;1.34;3.008;0.015;1;0.16;1;0.095;1;0.025;1;6;1.68;6.40
18TL07031_912;551;47.82983;-64.25033;291887;5.06;22-jun-07;15:41:00;29.13;10.91;NaN;8.261;NaN;1.32;3.546;0.005;1;0.075;1;0.095;1;0.045;1;0;0.79;1.67
18TL07031_912;551;47.82983;-64.25033;291886;15.47;22-jun-07;15:41:00;29.22;9.7;NaN;8.252;NaN;0.765;2.6;0.035;1;0.225;1;0.17;1;0.01;1;0;1.32;22.50
18TL07031_912;551;47.82983;-64.25033;291885;24.39;22-jun-07;15:41:00;30.1;5.88;NaN;8.207;NaN;0.305;1.091;0.04;1;0.805;1;0.335;1;0.135;1;0;2.40;5.96
18TL07031_912;551;47.82983;-64.25033;291884;36.79;22-jun-07;15:41:00;30.99;2.31;NaN;8.051;321.9986;0.24;0.745;0.195;1;3.9;1;0.865;1;6.67;1;6;4.51;0.58
18TL07031_913;571;47.93167;-65.24767;291900;1.09;23-jun-07;01:11:00;27.11;12.62;298.68608;8.3;309.2705;1.685;9.053;0.015;1;0.145;1;0.065;1;0.835;1;6;2.23;0.17
18TL07031_913;571;47.93167;-65.24767;291899;5.16;23-jun-07;01:11:00;27.09;12.75;300.20452;8.293;NaN;1.56;9.567;0.005;1;0.2;1;0.07;1;1;1;0;2.86;0.20
18TL07031_913;571;47.93167;-65.24767;291898;15.47;23-jun-07;01:11:00;28.29;7.37;323.3384;8.221;NaN;0.98;2.912;0.015;1;0.23;1;0.2;1;1.005;1;0;1.15;0.23
18TL07031_913;571;47.93167;-65.24767;291897;25.68;23-jun-07;01:11:00;30.06;2.59;333.07428;8.062;NaN;0.325;1.01;0.065;1;1.375;1;0.655;1;4.035;1;0;2.10;0.34
18TL07031_913;571;47.93167;-65.24767;291896;50.67;23-jun-07;01:11:00;31.13;0.28;280.50946;7.8;NaN;0.11;0.424;0.14;1;6.845;1;1.285;1;15.22;1;0;5.33;0.45
18TL07031_913;571;47.93167;-65.24767;291895;65.14;23-jun-07;01:11:00;31.94;-0.06;237.85916;7.69;229.1058;0.25;0.506;0.255;1;13.205;1;1.675;1;28.32;1;6;7.88;0.47
18TL07031_914;621;47.49867;-64.67167;291909;0.89;23-jun-07;16:50:00;29.03;13.85;287.92302;8.232;287.6104;0.43;NaN;0.09;1;0.155;1;0.05;1;0.48;1;6;3.10;0.32
18TL07031_914;621;47.49867;-64.67167;291908;5.26;23-jun-07;16:50:00;29.11;13.08;289.57544;8.238;NaN;1.09;NaN;0.005;1;0.08;1;0.055;1;1.155;1;0;1.45;0.07
18TL07031_914;621;47.49867;-64.67167;291907;15.47;23-jun-07;16:50:00;29.41;9.9;303.15208;8.215;NaN;1.52;NaN;0.025;1;0.085;1;0.125;1;0.53;1;0;0.68;0.16
18TL07031_914;621;47.49867;-64.67167;291906;19.63;23-jun-07;16:50:00;29.49;6.96;301.455;8.129;298.3288;1.015;4.067;0.085;1;0.695;1;0.35;1;4.48;1;6;1.99;0.16
18TL07031_915;631;47.5035;-64.251;291915;0.89;23-jun-07;19:03:00;29.6;11.35;296.63172;8.243;302.7948;2.13;NaN;0.01;1;0.1;1;0.115;1;0.44;1;6;0.87;0.23
18TL07031_915;631;47.5035;-64.251;291914;4.86;23-jun-07;19:03:00;29.67;10.79;297.16764;8.243;NaN;1.93;NaN;0.025;1;0.1;1;0.13;1;0.45;1;0;0.77;0.22
18TL07031_915;631;47.5035;-64.251;291913;14.28;23-jun-07;19:03:00;29.76;9.95;304.67052;8.228;NaN;1.195;NaN;0.04667;1;0.16;1;0.18333;1;0.625;1;0;0.87;0.26
18TL07031_915;631;47.5035;-64.251;291912;25.09;23-jun-07;19:03:00;30.53;4.43;347.9014;8.188;NaN;0.405;1.887;0.025;1;1.29;1;0.56;1;1.14;1;0;2.30;1.13
18TL07031_915;631;47.5035;-64.251;291911;50.17;23-jun-07;19:03:00;31.53;0.16;283.05508;7.776;NaN;0.26;0.715;0.14;1;7.98333;1;1.53333;1;18.065;1;0;5.21;0.44
18TL07031_915;631;47.5035;-64.251;291910;54.43;23-jun-07;19:03:00;31.71;0.05;270.6396;7.714;251.4358;0.37;0.886;0.21;1;9.54;1;1.68;1;22.595;1;6;5.68;0.42
18TL07031_916;641;47.50417;-63.75533;291920;0.99;23-jun-07;21:32:00;29.14;11.26;311.41418;8.269;310.387;0.57;4.16;0.015;1;0.09;1;0.08;1;0.315;1;6;1.13;0.29
18TL07031_916;641;47.50417;-63.75533;291919;5.35;23-jun-07;21:32:00;29.2;10.94;312.75398;8.271;NaN;0.745;2.259;0.01;1;0.075;1;0.095;1;0.32;1;0;0.79;0.23
18TL07031_916;641;47.50417;-63.75533;291918;15.97;23-jun-07;21:32:00;30.26;9.76;314.36174;8.223;NaN;1.345;NaN;0.01;1;0.095;1;0.26;1;0.92;1;0;0.37;0.10
18TL07031_916;641;47.50417;-63.75533;291917;25.98;23-jun-07;21:32:00;30.44;5.4;343.34608;8.205;NaN;0.39;5.162;0.02;1;0.555;1;0.415;1;0.585;1;0;1.34;0.95
18TL07031_916;641;47.50417;-63.75533;291916;50.77;23-jun-07;21:32:00;31.35;0.5;362.95182;8.039;357.5033;0.105;0.816;0.06;1;3.995;1;0.985;1;3.94;1;6;4.06;1.01
18TL07031_917;681;46.56883;-62.24783;291925;1.69;24-jun-07;08:11:00;29.65;13.64;283.18906;3.59;280.0182;0.52;NaN;0.01;1;0.11;1;0.16;1;1.03;1;6;0.69;0.11
18TL07031_917;681;46.56883;-62.24783;291923;5.26;24-jun-07;08:11:00;30.06;11.35;292.7463;3.597;NaN;0.405;0.095;0.01;1;0.285;1;0.41;1;2.675;1;0;0.70;0.11
18TL07031_917;681;46.56883;-62.24783;291924;15.47;24-jun-07;08:11:00;30.79;3.65;308.06468;3.48;NaN;0.315;NaN;0.01;1;0.065;1;0.185;1;1.215;1;0;0.35;0.05
18TL07031_917;681;46.56883;-62.24783;291922;25.29;24-jun-07;08:11:00;31.02;2.13;333.65486;3.471;NaN;0.34;NaN;0.03;1;1.11;1;0.61;1;5.08;1;0;1.82;0.22
18TL07031_917;681;46.56883;-62.24783;291921;37.48;24-jun-07;08:11:00;31.18;0.72;339.14804;3.426;328.6976;0.19;6.928;0.04;1;1.83;1;0.765;1;6.495;1;6;2.39;0.28
18TL07031_918;711;47.16967;-62.75067;291930;0.89;24-jun-07;15:22:00;29.6;10.66;308.46662;8.281;311.0569;0.55;3.663;0.055;1;0.09;1;0.12;1;0.12;1;6;0.75;0.75
18TL07031_918;711;47.16967;-62.75067;291929;4.76;24-jun-07;15:22:00;29.59;10.89;308.73458;8.279;NaN;0.47;NaN;0.01;1;0.095;1;0.14;1;0.245;1;0;0.68;0.39
18TL07031_918;711;47.16967;-62.75067;291928;14.78;24-jun-07;15:22:00;30.05;8.98;316.68406;8.261;NaN;0.61;6.529;0.015;1;0.145;1;0.26;1;0.7;1;0;0.56;0.21
18TL07031_918;711;47.16967;-62.75067;291927;24.99;24-jun-07;15:22:00;31.23;3.51;356.92272;8.174;NaN;0.47;1.491;0.01;1;1.745;1;0.58;1;1.855;1;0;3.01;0.94
18TL07031_918;711;47.16967;-62.75067;291926;50.07;24-jun-07;15:22:00;31.91;0.28;353.2606;8.006;342.9888;0.26;0.729;0.065;1;7.29;1;1.095;1;9.815;1;6;6.66;0.74
18TL07031_919;721;47.16933;-63.25033;291935;0.99;24-jun-07;17:47:00;29.95;10.37;315.88018;8.271;315.9695;0.55;0.917;0.015;1;0.09;1;0.17;1;0.325;1;6;0.53;0.28
18TL07031_919;721;47.16933;-63.25033;291934;5.36;24-jun-07;17:47:00;29.92;9.77;318.11318;8.277;NaN;0.81;1.625;0.02;1;0.115;1;0.18;1;0.385;1;0;0.64;0.30
18TL07031_919;721;47.16933;-63.25033;291933;14.97;24-jun-07;17:47:00;30.52;8.89;321.23938;8.239;NaN;1.435;4.781;0.025;1;0.27;1;0.33;1;0.87;1;0;0.82;0.31
18TL07031_919;721;47.16933;-63.25033;291932;24.79;24-jun-07;17:47:00;30.95;3.57;352.72468;8.167;NaN;0.48;1.849;0.02;1;1.31333;1;0.55667;1;0.945;1;0;2.36;1.39
18TL07031_919;721;47.16933;-63.25033;291931;49.68;24-jun-07;17:47:00;31.41;-0.36;341.29172;7.958;332.0471;0.15;0.551;0.095;1;5.46;1;1.195;1;9.405;1;6;4.57;0.58
18TL07031_920;741;46.501;-63.2495;291939;1.09;24-jun-07;22:14:00;29.34;14.46;285.24342;8.247;289.6201;0.605;1.903;0.02;1;0.13667;1;0.14;1;0.805;1;6;0.98;0.17
18TL07031_920;741;46.501;-63.2495;291938;5.55;24-jun-07;22:14:00;29.34;13.4;287.47642;8.257;NaN;0.775;2.319;0.01;1;0.08333;1;0.14667;1;0.99333;1;0;0.57;0.08
18TL07031_920;741;46.501;-63.2495;291937;15.47;24-jun-07;22:14:00;29.92;11.62;297.79288;8.24;NaN;1.365;4.032;0.01333;1;0.12667;1;0.20333;1;1.225;1;0;0.62;0.10
18TL07031_920;741;46.501;-63.2495;291936;20.53;24-jun-07;22:14:00;30.03;7.45;295.55988;8.125;293.8628;1.195;2.156;0.015;1;0.38667;1;0.30667;1;2.33;1;6;1.26;0.17
18TL07031_921;751;46.83033;-63.7485;291943;0.99;25-jun-07;01:03:00;29.57;12.28;295.47056;8.28;301.9016;0.905;NaN;0.02667;1;0.46667;1;0.12;1;0.84;1;6;3.89;0.56
18TL07031_921;751;46.83033;-63.7485;291942;5.26;25-jun-07;01:03:00;29.81;11.2;304.62586;8.279;NaN;1.365;3.28;0.01667;1;0.16667;1;0.19667;1;1.245;1;0;0.85;0.13
18TL07031_921;751;46.83033;-63.7485;291941;15.27;25-jun-07;01:03:00;29.91;8.19;305.34042;8.202;NaN;1.695;4.054;0.02;1;0.61;1;0.37;1;2.79;1;0;1.65;0.22
18TL07031_921;751;46.83033;-63.7485;291940;26.48;25-jun-07;01:03:00;30.44;3.88;313.15592;8.162;307.9307;1.03;1.509;0.035;1;1.29;1;0.525;1;4.46;1;6;2.46;0.29
18TL07031_922;911;46.4995;-61.74933;291948;0.99;26-jun-07;10:03:00;30.34;12.93;287.65506;8.244;288.2803;0.325;NaN;0.03333;1;0.06667;1;0.24667;1;0.775;1;6;0.27;0.09
18TL07031_922;911;46.4995;-61.74933;291947;5.26;26-jun-07;10:03:00;30.36;12.86;289.08418;8.232;NaN;0.17;NaN;0.05333;1;0.10667;1;0.27667;1;1.085;1;0;0.39;0.10
18TL07031_922;911;46.4995;-61.74933;291946;15.37;26-jun-07;10:03:00;31.09;3.99;341.47036;8.23;NaN;0.34;0.89;0.01;1;0.38667;1;0.37333;1;2.255;1;0;1.04;0.17
18TL07031_922;911;46.4995;-61.74933;291945;25.19;26-jun-07;10:03:00;31.25;1.7;349.55382;8.147;NaN;0.305;1.025;0.05333;1;1.69333;1;0.76667;1;4.22;1;0;2.21;0.40
18TL07031_922;911;46.4995;-61.74933;291944;44.52;26-jun-07;10:03:00;31.33;1.35;345.31112;8.12;343.4354;0.24;0.753;0.12;1;2.59;1;0.84333;1;5.71;1;6;3.07;0.45
18TL07031_923;941;46.83067;-60.918;291953;0.99;26-jun-07;15:52:00;30.01;12.66;293.1929;8.215;295.6492;0.445;NaN;0.09667;1;0.16667;1;0.24;1;1.295;1;6;0.69;0.13
18TL07031_923;941;46.83067;-60.918;291952;5.06;26-jun-07;15:52:00;30;12.56;293.81814;8.21;NaN;0.56;5.972;0.03;1;0.075;1;0.23;1;1.44;1;0;0.33;0.05
18TL07031_923;941;46.83067;-60.918;291951;14.88;26-jun-07;15:52:00;30.14;9.1;311.10156;8.189;NaN;1.15;2.368;0.03;1;0.09;1;0.275;1;1.93;1;0;0.33;0.05
18TL07031_923;941;46.83067;-60.918;291950;24.59;26-jun-07;15:52:00;30.8;4.59;336.64708;8.183;NaN;0.705;1.449;0.03;1;0.28667;1;0.44;1;2.205;1;0;0.65;0.13
18TL07031_923;941;46.83067;-60.918;291949;49.18;26-jun-07;15:52:00;31.52;-0.04;364.47026;8.03;342.3189;0.37;0.707;0.11333;1;4.50667;1;1.03667;1;7.62;1;6;4.35;0.59
18TL07031_924;971;47.17;-61.75183;291957;0.99;26-jun-07;22:42:00;31.37;10.77;290.60262;8.243;305.0278;0.61;NaN;0.015;1;0.075;1;0.35;1;0.165;1;6;0.21;0.45
18TL07031_924;971;47.17;-61.75183;291956;5.26;26-jun-07;22:42:00;31.36;10.99;291.8531;8.238;NaN;0.62;NaN;0.02;1;0.09;1;0.355;1;0.305;1;0;0.25;0.30
18TL07031_924;971;47.17;-61.75183;291955;15.27;26-jun-07;22:42:00;31.37;9.04;320.16754;8.233;NaN;0.875;5.448;0.025;1;0.105;1;0.375;1;0.76;1;0;0.28;0.14
18TL07031_924;971;47.17;-61.75183;291954;25.19;26-jun-07;22:42:00;31.48;4.48;327.00052;8.148;322.8918;3.16;7.362;0.04;1;1.52;1;0.625;1;3.675;1;6;2.43;0.41
18TL07031_925;981;47.50083;-61.24967;291961;1.19;27-jun-07;01:35:00;31.39;11.1;309.62778;8.213;310.387;0.26;0.102;0.015;1;0.065;1;0.37;1;0.525;1;6;0.18;0.12
18TL07031_925;981;47.50083;-61.24967;291960;5.55;27-jun-07;01:35:00;31.46;7.75;323.3384;8.223;NaN;0.525;5.414;0.025;1;0.255;1;0.415;1;1.045;1;0;0.61;0.24
18TL07031_925;981;47.50083;-61.24967;291959;15.77;27-jun-07;01:35:00;31.64;4.51;345.08782;8.193;NaN;4;7.523;0.04;1;0.975;1;0.56;1;6.42;1;0;1.74;0.15
18TL07031_925;981;47.50083;-61.24967;291958;25.68;27-jun-07;01:35:00;31.72;3.28;346.7849;8.159;343.4354;3.52;6.483;0.08667;1;2.32667;1;0.7;1;8.265;1;6;3.32;0.28
18TL07031_926;991;47.50017;-60.74833;291966;1.19;27-jun-07;04:18:00;31.46;10.54;305.74236;8.219;308.154;0.385;6.039;0.005;1;0.085;1;0.42;1;2.26;1;6;0.20;0.04
18TL07031_926;991;47.50017;-60.74833;291965;5.55;27-jun-07;04:18:00;31.48;9.65;308.28798;8.214;NaN;0.565;4.671;0.015;1;0.07;1;0.43;1;2.3;1;0;0.16;0.03
18TL07031_926;991;47.50017;-60.74833;291964;15.27;27-jun-07;04:18:00;31.58;5.94;340.26454;8.217;NaN;0.955;3.209;0.06;1;3.93;1;0.81333;1;5.715;1;0;4.83;0.69
18TL07031_926;991;47.50017;-60.74833;291963;24.59;27-jun-07;04:18:00;31.91;1.53;361.03144;8.122;NaN;1.165;3.508;0.13;1;7.43;1;0.995;1;11.695;1;0;7.47;0.64
18TL07031_926;991;47.50017;-60.74833;291962;49.48;27-jun-07;04:18:00;32.34;0.23;326.19664;8.016;324.0083;0.19;0.489;0.01;1;0.265;1;0.445;1;2.875;1;6;0.60;0.09
18TL07031_893;1051;47.82983;-61.745;291981;0.59;27-jun-07;19:08:00;31.08;9.6;319.36366;8.271;317.086;0.47;NaN;0.01;1;0.115;1;0.315;1;0.55;1;6;0.37;0.21
18TL07031_893;1051;47.82983;-61.745;291980;5.26;27-jun-07;19:08:00;31.07;9.38;319.49764;8.261;NaN;0.52;NaN;0.05;1;2.62;1;0.65;1;1.955;1;0;4.03;1.34
18TL07031_893;1051;47.82983;-61.745;291979;15.47;27-jun-07;19:08:00;31.36;2.87;348.92858;8.2;NaN;0.885;NaN;0.04;1;2.64;1;0.645;1;1.99;1;0;4.09;1.33
18TL07031_893;1051;47.82983;-61.745;291978;24.99;27-jun-07;19:08:00;31.79;1.07;363.13046;8.118;NaN;0.72;4.761;0.06;1;4.76;1;0.875;1;5.99;1;0;5.44;0.79
18TL07031_893;1051;47.82983;-61.745;291977;50.47;27-jun-07;19:08:00;32.26;0.17;306.76954;7.978;302.3482;0.23;8.005;0.15333;1;9.65;1;1.24;1;17.37;1;6;7.78;0.56
18TL07031_894;1101;47.82633;-62.25083;291996;1.09;28-jun-07;07:56:00;30.39;10.41;312.66466;8.321;309.7171;0.485;NaN;0.00667;1;0.06;1;0.185;1;0.365;1;6;0.32;0.16
18TL07031_894;1101;47.82633;-62.25083;291995;4.86;28-jun-07;07:56:00;30.47;10.27;318.55978;8.31;NaN;0.635;NaN;0.01;1;0.07;1;0.21;1;0.375;1;0;0.33;0.19
18TL07031_894;1101;47.82633;-62.25083;291994;14.97;28-jun-07;07:56:00;31.18;7.66;335.44126;8.289;NaN;0.85;NaN;0.01;1;0.17333;1;0.37;1;0.75;1;0;0.47;0.23
18TL07031_894;1101;47.82633;-62.25083;291993;24.89;28-jun-07;07:56:00;31.61;3.21;360.76348;8.245;NaN;1.505;6.225;0.03333;1;2.11;1;0.65;1;2.55;1;0;3.25;0.83
18TL07031_894;1101;47.82633;-62.25083;291992;49.97;28-jun-07;07:56:00;32.25;0.09;311.7268;8.009;309.0472;0.255;14.127;0.17667;1;9.3;1;1.18;1;16.12333;1;6;7.88;0.58
18TL07031_895;1111;47.82833;-62.75317;292001;1.59;28-jun-07;10:07:00;29.09;12.13;295.73852;8.36;298.5521;0.805;NaN;0.015;1;0.065;1;0.07;1;0;1;6;0.93;NaN
18TL07031_895;1111;47.82833;-62.75317;292000;4.96;28-jun-07;10:07:00;29.09;12.12;295.82784;8.356;NaN;0.83;NaN;0.01;1;0.07;1;0.075;1;0;1;0;0.93;NaN
18TL07031_895;1111;47.82833;-62.75317;291999;15.77;28-jun-07;10:07:00;30.4;8.57;314.71902;8.298;NaN;0.835;2.626;0.03;1;0.51;1;0.3;1;0.475;1;0;1.70;1.07
18TL07031_895;1111;47.82833;-62.75317;291998;25.48;28-jun-07;10:07:00;30.84;2.69;346.87422;8.252;NaN;0.175;6.152;0.055;1;2.16;1;0.58;1;0.875;1;0;3.72;2.47
18TL07031_895;1111;47.82833;-62.75317;291997;50.67;28-jun-07;10:07:00;32.11;0.41;358.79844;8.126;351.2509;0.27;7.346;0.13;1;5.75;1;0.885;1;5.88667;1;6;6.50;0.98
18TL07031_896;1171;47.82967;-63.24833;292021;0.89;29-jun-07;02:48:00;29.31;12.58;301.27636;8.388;303.9113;0.72;2.179;0.01;1;0.075;1;0.1;1;0.42;1;6;0.75;0.18
18TL07031_896;1171;47.82967;-63.24833;292020;4.96;29-jun-07;02:48:00;29.48;12.1;304.22392;8.368;NaN;0.76;2.268;0.01;1;0.035;1;0.11;1;0.43;1;0;0.32;0.08
18TL07031_896;1171;47.82967;-63.24833;292019;15.27;29-jun-07;02:48:00;30.73;4.93;334.90534;8.322;NaN;0.65;1.036;0.025;1;0.91;1;0.45;1;0.78;1;0;2.02;1.17
18TL07031_896;1171;47.82967;-63.24833;292018;25.28;29-jun-07;02:48:00;31.32;2.18;357.32466;8.253;NaN;0.155;0.477;0.06;1;3.095;1;0.73;1;2.075;1;0;4.24;1.49
18TL07031_896;1171;47.82967;-63.24833;292017;50.37;29-jun-07;02:48:00;31.84;-0.33;322.13258;7.993;310.1637;0.115;0.352;0.185;1;10.32;1;1.33;1;17.03;1;6;7.76;0.61
