CTD;CTD;CTD;CTD;CTD;CTD;CTD;CTD;CTD;CTD;CTD;labo;labo;CTD;labo;labo;labo;labo;labo;labo;labo;labo;labo;calc;calc
Fichier;Station;Latitude;Longitude;Echantillon;zbouteille;Date;Heure;PSAL;TE90;DOXY;OXYM_01;CHL_03;FLOR;NO2_01;Q_NO2;NOx_01;Q_NOX;PO4_01;Q_PO4;Si_01;Q_Si;QCFF;N_P;N_Si
(nom);(nom/no);(degres);(degres);(no_unique);(dbar);(jj-mmm-yyyy);(GMT);(psu);(celsius);(ml/l);(mmol/m**3);(mg/m**3);(mg/m**3);(mmol/m**3);((none));(mmol/m**3);((none));(mmol/m**3);((none));(mmol/m**3);((none));((none));((none));((none))
18MF02023_604;261;47.58783;-59.33867;218298;2.78;01-jun-02;18:41:00;31.37;4.1;358.75378;360.4062;1.43;4.834;0.01;1;0.09;1;0.295;1;0.215;1;6;0.31;0.42
18MF02023_604;261;47.58783;-59.33867;218297;4.96;01-jun-02;18:41:00;31.36;4.12;357.90524;NaN;1.32;5.365;0.01;1;0.1;1;0.285;1;0.25;1;0;0.35;0.40
18MF02023_604;261;47.58783;-59.33867;218296;14.58;01-jun-02;18:41:00;31.5;3.86;358.79844;NaN;1.45;12.715;0.01;1;0.16;1;0.31;1;0.325;1;0;0.52;0.49
18MF02023_604;261;47.58783;-59.33867;218295;25.19;01-jun-02;18:41:00;31.69;3.21;357.99456;NaN;1.965;19.88;0.015;1;0.38;1;0.32;1;0.445;1;0;1.19;0.85
18MF02023_604;261;47.58783;-59.33867;218294;49.97;01-jun-02;18:41:00;32.1;0.91;336.91504;NaN;3.525;17.93;0.085;1;3.62;1;0.65;1;2.195;1;0;5.57;1.65
18MF02023_604;261;47.58783;-59.33867;218293;99.04;01-jun-02;18:41:00;32.52;0.83;312.03942;NaN;1.295;6.247;0.1;1;6.44;1;0.875;1;5.29;1;0;7.36;1.22
18MF02023_604;261;47.58783;-59.33867;218292;202.1;01-jun-02;18:41:00;34.15;5.18;201.55058;NaN;NaN;1.786;0.025;1;15.9;1;1.245;1;7.95;1;0;12.77;2.00
18MF02023_604;261;47.58783;-59.33867;218291;229.34;01-jun-02;18:41:00;34.57;6.22;175.42448;173.7274;NaN;1.914;0.035;1;16.755;1;1.365;1;11.945;1;6;12.27;1.40
18MF02023_605;271;47.43467;-59.5555;218308;2.38;01-jun-02;22:36:00;30.95;4.82;343.03346;345.8917;1.38;12.894;0.02;1;0.545;1;0.52;1;1.5;1;6;1.05;0.36
18MF02023_605;271;47.43467;-59.5555;218307;4.76;01-jun-02;22:36:00;30.93;4.85;342.49754;NaN;1.38;12.744;0.02;1;0.555;1;0.56333;1;1.515;1;0;0.99;0.37
18MF02023_605;271;47.43467;-59.5555;218306;15.07;01-jun-02;22:36:00;31.21;4.22;350.22372;NaN;1.91;15.105;0.01;1;0.36;1;0.44;1;1.045;1;0;0.82;0.34
18MF02023_605;271;47.43467;-59.5555;218305;25.38;01-jun-02;22:36:00;31.51;0.85;356.92272;NaN;0.32;3.069;0.05;1;2.025;1;0.68;1;3.03;1;0;2.98;0.67
18MF02023_605;271;47.43467;-59.5555;218304;50.77;01-jun-02;22:36:00;31.82;0.71;354.73438;NaN;0.435;3.449;0.08;1;2.675;1;0.67;1;3.43;1;0;3.99;0.78
18MF02023_605;271;47.43467;-59.5555;218303;99.93;01-jun-02;22:36:00;32.38;0.38;315.70154;NaN;0.315;1.815;0.125;1;7.045;1;0.925;1;7.73;1;0;7.62;0.91
18MF02023_605;271;47.43467;-59.5555;218302;200.12;01-jun-02;22:36:00;34.65;6.59;167.74296;NaN;NaN;1.431;0.02;1;17.03;1;1.36;1;15;1;0;12.52;1.14
18MF02023_605;271;47.43467;-59.5555;218301;300.75;01-jun-02;22:36:00;34.79;5.51;152.91584;NaN;NaN;1.472;0.01;1;19.42667;1;1.585;1;25.03;1;0;12.26;0.78
18MF02023_605;271;47.43467;-59.5555;218300;400.34;01-jun-02;22:36:00;34.86;5.16;168.32354;NaN;NaN;1.606;0.01;1;18.89333;1;1.58;1;25.875;1;0;11.96;0.73
18MF02023_605;271;47.43467;-59.5555;218299;462.39;01-jun-02;22:36:00;34.86;5.14;170.73518;168.8148;NaN;1.819;0.01;1;17.225;1;1.535;1;25.485;1;6;11.22;0.68
18MF02023_606;281;47.2725;-59.78317;218318;1.79;02-jun-02;01:52:00;30.99;4.99;341.649;342.9888;0.715;5.784;0.02;1;0.6;1;0.575;1;1.39;1;6;1.04;0.43
18MF02023_606;281;47.2725;-59.78317;218317;5.26;02-jun-02;01:52:00;31;4.75;341.29172;NaN;0.685;5.821;0.015;1;0.61;1;0.585;1;1.415;1;0;1.04;0.43
18MF02023_606;281;47.2725;-59.78317;218316;15.37;02-jun-02;01:52:00;31.04;4.24;344.90918;NaN;0.89;6.899;0.015;1;0.58;1;0.76;1;1.24;1;0;0.76;0.47
18MF02023_606;281;47.2725;-59.78317;218315;24.49;02-jun-02;01:52:00;31.42;2.65;366.212;NaN;1.48;11.424;0.01;1;0.2;1;0.455;1;0.745;1;0;0.44;0.27
18MF02023_606;281;47.2725;-59.78317;218314;49.78;02-jun-02;01:52:00;31.83;1.35;360.8528;NaN;1.5;6.093;0.015;1;0.29;1;0.545;1;0.525;1;0;0.53;0.55
18MF02023_606;281;47.2725;-59.78317;218313;100.93;02-jun-02;01:52:00;32.53;0.69;309.7171;NaN;0.05;1.571;0.05;1;6.65333;1;0.895;1;6.92;1;0;7.43;0.96
18MF02023_606;281;47.2725;-59.78317;218312;199.13;02-jun-02;01:52:00;34.14;4.89;156.31;NaN;NaN;1.685;0.075;1;13.76;1;1.505;1;19.075;1;0;9.14;0.72
18MF02023_606;281;47.2725;-59.78317;218311;301.84;02-jun-02;01:52:00;34.72;5.75;143.3586;NaN;NaN;1.599;0.01;1;17.375;1;1.545;1;23.785;1;0;11.25;0.73
18MF02023_606;281;47.2725;-59.78317;218310;400.34;02-jun-02;01:52:00;34.85;5.24;167.65364;NaN;NaN;1.615;0.01;1;12.555;1;1.395;1;25.515;1;0;9.00;0.49
18MF02023_606;281;47.2725;-59.78317;218309;454.87;02-jun-02;01:52:00;34.86;5.14;170.73518;169.0381;NaN;1.772;0.01;1;17.365;1;1.505;1;25.595;1;6;11.54;0.68
18MF02023_607;291;47.09983;-59.9905;218327;2.58;02-jun-02;06:47:00;30.96;5.37;347.05286;344.1053;1.55;11.288;0.015;1;0.31;1;0.455;1;0.885;1;6;0.68;0.35
18MF02023_607;291;47.09983;-59.9905;218326;5.16;02-jun-02;06:47:00;30.96;5.37;347.27616;NaN;1.585;11.452;0.015;1;0.285;1;0.43;1;0.76;1;0;0.66;0.37
18MF02023_607;291;47.09983;-59.9905;218325;15.27;02-jun-02;06:47:00;31.07;5.12;352.94798;NaN;1.92;15.823;0.01;1;0.095;1;0.4;1;0.45;1;0;0.24;0.21
18MF02023_607;291;47.09983;-59.9905;218324;24.99;02-jun-02;06:47:00;31.32;2.53;366.52462;NaN;5.28;44.265;0.01;1;0.085;1;0.45;1;0.53;1;0;0.19;0.16
18MF02023_607;291;47.09983;-59.9905;218323;50.57;02-jun-02;06:47:00;31.85;1.23;362.14794;NaN;0.335;2.695;0.03;1;0.975;1;0.58;1;1.055;1;0;1.68;0.92
18MF02023_607;291;47.09983;-59.9905;218322;99.24;02-jun-02;06:47:00;32.3;0.36;316.23746;NaN;0.05;1.391;0.075;1;5.96;1;0.91;1;5.7;1;0;6.55;1.05
18MF02023_607;291;47.09983;-59.9905;218321;201.81;02-jun-02;06:47:00;34.31;5.36;157.73912;NaN;NaN;1.428;0.1;1;17.655;1;1.57;1;19.245;1;0;11.25;0.92
18MF02023_607;291;47.09983;-59.9905;218320;301.35;02-jun-02;06:47:00;34.75;5.62;147.77994;NaN;NaN;1.354;0.03;1;16.54;1;1.59;1;25.055;1;0;10.40;0.66
18MF02023_607;291;47.09983;-59.9905;218319;321.65;02-jun-02;06:47:00;34.8;5.48;149.70032;145.8149;NaN;1.47;0.025;1;17.97;1;1.675;1;25.5;1;6;10.73;0.70
18MF02023_608;301;47.02167;-60.11583;218334;1.19;02-jun-02;09:16:00;30.41;6.46;334.36942;332.2704;1.385;10.483;0.01;1;0.05;1;0.395;1;0.26;1;6;0.13;0.19
18MF02023_608;301;47.02167;-60.11583;218333;4.86;02-jun-02;09:16:00;30.63;5.64;332.98496;NaN;1.185;10.675;0.015;1;0.145;1;0.43;1;0.53;1;0;0.34;0.27
18MF02023_608;301;47.02167;-60.11583;218332;15.17;02-jun-02;09:16:00;31.12;4.04;340.62182;NaN;0.56;5.441;0.03;1;0.84;1;0.615;1;1.535;1;0;1.37;0.55
18MF02023_608;301;47.02167;-60.11583;218331;26.18;02-jun-02;09:16:00;31.13;2.98;340.21988;NaN;0.285;4.142;0.02;1;0.79;1;0.575;1;1.84;1;0;1.37;0.43
18MF02023_608;301;47.02167;-60.11583;218330;51.17;02-jun-02;09:16:00;31.67;0.38;357.59262;NaN;0.245;2.207;0.04;1;1.63;1;0.67;1;2.2;1;0;2.43;0.74
18MF02023_608;301;47.02167;-60.11583;218329;100.24;02-jun-02;09:16:00;32.84;1.85;268.13864;NaN;0.085;1.534;0.14;1;8.87;1;1.11;1;10.7;1;0;7.99;0.83
18MF02023_608;301;47.02167;-60.11583;218328;171.39;02-jun-02;09:16:00;33.89;4.15;169.0381;167.475;NaN;1.589;0.1;1;17.065;1;1.55;1;19.095;1;6;11.01;0.89
18MF02023_609;311;46.95567;-60.21533;218340;1.49;02-jun-02;11:03:00;30.3;6.56;343.25676;334.5034;1.515;6.258;0.01;1;0.13;1;0.415;1;0.505;1;6;0.31;0.26
18MF02023_609;311;46.95567;-60.21533;218339;5.16;02-jun-02;11:03:00;30.29;6.6;341.91696;NaN;1.495;6.783;0.01;1;0.11;1;0.41;1;0.365;1;0;0.27;0.30
18MF02023_609;311;46.95567;-60.21533;218338;14.08;02-jun-02;11:03:00;30.33;6.08;349.4645;NaN;1.305;10.366;0.015;1;0.185;1;0.39;1;0.515;1;0;0.47;0.36
18MF02023_609;311;46.95567;-60.21533;218337;24.49;02-jun-02;11:03:00;30.99;3.93;358.1732;NaN;1.61;13.184;0.015;1;0.36;1;0.48;1;0.995;1;0;0.75;0.36
18MF02023_609;311;46.95567;-60.21533;218336;50.17;02-jun-02;11:03:00;31.46;1.36;357.23534;NaN;0.175;2.513;0.03;1;1.11;1;0.61;1;2.51;1;0;1.82;0.44
18MF02023_609;311;46.95567;-60.21533;218335;73.47;02-jun-02;11:03:00;32.24;0.76;319.89958;320.4355;0.09;2.276;0.09;1;5.24;1;0.875;1;6.775;1;6;5.99;0.77
18MF02023_610;321;46.74067;-60.996;218345;2.68;02-jun-02;16:16:00;30.43;6.32;347.18684;338.9694;0.83;3.716;0.005;1;0.03;1;0.43667;1;0.465;1;6;0.07;0.06
18MF02023_610;321;46.74067;-60.996;218344;6.15;02-jun-02;16:16:00;30.44;6.29;346.3383;NaN;0.79;4.505;0.005;1;0.035;1;0.385;1;0.395;1;0;0.09;0.09
18MF02023_610;321;46.74067;-60.996;218343;15.87;02-jun-02;16:16:00;30.49;6.11;348.7946;NaN;0.67;7.222;0.005;1;0.035;1;0.385;1;0.46;1;0;0.09;0.08
18MF02023_610;321;46.74067;-60.996;218342;25.58;02-jun-02;16:16:00;30.58;5.9;350.62566;NaN;0.645;7.121;0.005;1;0.035;1;0.395;1;0.36;1;0;0.09;0.10
18MF02023_610;321;46.74067;-60.996;218341;50.37;02-jun-02;16:16:00;31.2;1.36;342.85482;338.7461;0.17;2.162;0.04;1;1.195;1;0.73;1;3.3;1;6;1.64;0.36
18MF02023_611;331;46.82917;-61.25217;218351;1.29;02-jun-02;18:05:00;30.27;6.53;346.74024;347.2315;0.77;4.809;0.01;1;0.055;1;0.42;1;0.575;1;6;0.13;0.10
18MF02023_611;331;46.82917;-61.25217;218350;4.96;02-jun-02;18:05:00;30.32;6;344.46258;NaN;0.84;6.553;0.01;1;0.07;1;0.43;1;0.585;1;0;0.16;0.12
18MF02023_611;331;46.82917;-61.25217;218349;15.17;02-jun-02;18:05:00;30.59;5.78;349.4645;NaN;0.775;6.316;0.01;1;0.1;1;0.41;1;0.51;1;0;0.24;0.20
18MF02023_611;331;46.82917;-61.25217;218348;24.3;02-jun-02;18:05:00;30.75;5.12;361.21008;NaN;0.875;9.704;0.005;1;0.03;1;0.41;1;0.33;1;0;0.07;0.09
18MF02023_611;331;46.82917;-61.25217;218347;49.98;02-jun-02;18:05:00;31.43;0.62;334.45874;NaN;0.125;1.961;0.08;1;2.875;1;0.905;1;5.815;1;0;3.18;0.49
18MF02023_611;331;46.82917;-61.25217;218346;60.58;02-jun-02;18:05:00;31.79;0.2;309.85108;311.0569;0.14;1.964;0.115;1;5.49;1;1.09;1;9.785;1;6;5.04;0.56
18MF02023_612;341;46.9005;-61.49717;218356;2.48;02-jun-02;20:08:00;30.81;5.48;357.86058;349.6878;0.77;7.327;0.015;1;0.05;1;0.38;1;0.19;1;6;0.13;0.26
18MF02023_612;341;46.9005;-61.49717;218355;5.26;02-jun-02;20:08:00;30.81;5.48;359.02174;NaN;0.735;7.117;0.01;1;0.01;1;0.41333;1;0.2;1;0;0.02;0.05
18MF02023_612;341;46.9005;-61.49717;218354;14.88;02-jun-02;20:08:00;30.81;5.3;355.89554;NaN;0.645;7.012;0.005;1;0.015;1;0.405;1;0.17;1;0;0.04;0.09
18MF02023_612;341;46.9005;-61.49717;218353;25.29;02-jun-02;20:08:00;30.87;3.23;362.46056;NaN;0.82;7.809;0.025;1;0.205;1;0.515;1;0.54;1;0;0.40;0.38
18MF02023_612;341;46.9005;-61.49717;218352;50.17;02-jun-02;20:08:00;31.74;0.21;311.99476;312.1734;0.23;2.081;0.105;1;4.75;1;1.1;1;9.465;1;6;4.32;0.50
18MF02023_613;351;47.01083;-61.75;218361;2.78;02-jun-02;22:22:00;30.62;7.46;351.83148;344.9985;1.28;10.135;0.01;1;0.015;1;0.23;1;0.31;1;6;0.07;0.05
18MF02023_613;351;47.01083;-61.75;218360;5.36;02-jun-02;22:22:00;30.61;7.48;352.01012;NaN;1.16;10.062;0.01;1;0.015;1;0.24;1;0.35;1;0;0.06;0.04
18MF02023_613;351;47.01083;-61.75;218359;14.97;02-jun-02;22:22:00;30.75;4.07;324.6782;NaN;0.86;8.296;0.025;1;0.83;1;0.55;1;1.725;1;0;1.51;0.48
18MF02023_613;351;47.01083;-61.75;218358;24.69;02-jun-02;22:22:00;30.97;1.07;335.12864;NaN;0.6;4.732;0.075;1;1.81;1;0.865;1;3.655;1;0;2.09;0.50
18MF02023_613;351;47.01083;-61.75;218357;33.02;02-jun-02;22:22:00;30.97;1.06;332.67234;337.8529;0.9;4.711;0.02;1;0.595;1;0.46;1;1.14;1;6;1.29;0.52
18MF02023_614;361;47.164;-62.2515;218366;2.08;03-jun-02;01:21:00;30.41;7.57;354.73438;351.9208;1.29;11.66;0.005;1;0;1;0.195;1;0.27;1;6;0.00;0.00
18MF02023_614;361;47.164;-62.2515;218365;5.75;03-jun-02;01:21:00;30.43;6.63;354.91302;NaN;1.275;17.977;0.01;1;0.03;1;0.21;1;0.43;1;0;0.14;0.07
18MF02023_614;361;47.164;-62.2515;218364;15.77;03-jun-02;01:21:00;30.53;5.37;374.6974;NaN;2.255;15.819;0.025;1;0.055;1;0.28;1;0.3;1;0;0.20;0.18
18MF02023_614;361;47.164;-62.2515;218363;25.19;03-jun-02;01:21:00;30.93;2;343.30142;NaN;3.92;23.136;0.05;1;1.66;1;0.775;1;2.035;1;0;2.14;0.82
18MF02023_614;361;47.164;-62.2515;218362;35.2;03-jun-02;01:21:00;31.11;0.11;322.04326;319.7656;1.175;5.188;0.105;1;3.655;1;1.215;1;6.635;1;6;3.01;0.55
18MF02023_615;371;47.32983;-62.757;218371;2.28;03-jun-02;04:08:00;30.12;7.75;359.7363;352.814;1.125;11.035;0.015;1;0.065;1;0.155;1;0.375;1;6;0.42;0.17
18MF02023_615;371;47.32983;-62.757;218370;4.86;03-jun-02;04:08:00;30.12;7.75;359.42368;NaN;1.14;10.825;0.01;1;0.015;1;0.16;1;0.335;1;0;0.09;0.04
18MF02023_615;371;47.32983;-62.757;218369;15.27;03-jun-02;04:08:00;30.13;7.52;365.18482;NaN;1.115;11.14;0.01;1;0.015;1;0.165;1;0.36;1;0;0.09;0.04
18MF02023_615;371;47.32983;-62.757;218368;24.79;03-jun-02;04:08:00;30.77;4.9;393.32062;NaN;1.09;9.607;0.015;1;0.03;1;0.35;1;0.515;1;0;0.09;0.06
18MF02023_615;371;47.32983;-62.757;218367;44.52;03-jun-02;04:08:00;31.24;-0.16;315.70154;311.0569;1.77;6.653;0.11;1;6.44;1;1.28;1;10.16;1;6;5.03;0.63
18MF02023_616;381;47.50117;-63.25033;218377;3.17;03-jun-02;06:54:00;29.44;7.86;342.40822;340.9791;0.895;9.985;0.005;1;0.015;1;0.135;1;0.3;1;6;0.11;0.05
18MF02023_616;381;47.50117;-63.25033;218376;4.86;03-jun-02;06:54:00;29.81;6.77;347.27616;NaN;0.945;11.196;0.01;1;0.02;1;0.15;1;0.365;1;0;0.13;0.05
18MF02023_616;381;47.50117;-63.25033;218375;15.27;03-jun-02;06:54:00;30.48;2.85;361.34406;NaN;7.765;31.794;0.09;1;3.28;1;0.69;1;2.92;1;0;4.75;1.12
18MF02023_616;381;47.50117;-63.25033;218374;25.29;03-jun-02;06:54:00;30.65;1.92;355.76156;NaN;3.04;13.339;0.09;1;4.15;1;0.8;1;5.015;1;0;5.19;0.83
18MF02023_616;381;47.50117;-63.25033;218373;50.07;03-jun-02;06:54:00;31.33;0.51;336.87038;NaN;1.665;7.546;0.16;1;8.075;1;1.14;1;12.17;1;0;7.08;0.66
18MF02023_616;381;47.50117;-63.25033;218372;75.25;03-jun-02;06:54:00;31.98;-0.57;307.17148;306.8142;0.65;3.284;0.155;1;9.46;1;1.29;1;16.42;1;6;7.33;0.58
18MF02023_617;391;47.66167;-63.74983;218383;2.97;03-jun-02;09:45:00;28.87;7.59;358.44116;349.4645;1.46;17.056;0.02;1;0.05;1;0.115;1;0.23;1;6;0.43;0.22
18MF02023_617;391;47.66167;-63.74983;218382;5.35;03-jun-02;09:45:00;28.93;7.57;358.6198;NaN;NaN;17.021;0.03;1;0.53;1;0.285;1;0.495;1;0;1.86;1.07
18MF02023_617;391;47.66167;-63.74983;218381;15.27;03-jun-02;09:45:00;30.07;3.17;361.61202;NaN;NaN;74.814;0.03;1;0.565;1;0.305;1;0.6;1;0;1.85;0.94
18MF02023_617;391;47.66167;-63.74983;218380;24.39;03-jun-02;09:45:00;30.5;2.1;341.02376;NaN;NaN;4.754;0.125;1;6.04;1;1;1;7.985;1;0;6.04;0.76
18MF02023_617;391;47.66167;-63.74983;218379;49.87;03-jun-02;09:45:00;31.67;-0.03;324.41024;NaN;0.56;3.302;0.16;1;8.655;1;1.21;1;12.82;1;0;7.15;0.68
18MF02023_617;391;47.66167;-63.74983;218378;62.96;03-jun-02;09:45:00;31.81;-0.32;310.96758;313.5132;0.61;3.359;0.16;1;9.205;1;1.285;1;14.98;1;6;7.16;0.61
18MF02023_618;401;47.7355;-64.00217;218389;2.38;03-jun-02;12:15:00;28.83;7.67;353.2606;345.6684;1.88;8.739;0.01;1;0.06;1;0.095;1;0.49;1;6;0.63;0.12
18MF02023_618;401;47.7355;-64.00217;218388;4.46;03-jun-02;12:15:00;28.92;7.37;352.05478;NaN;2.335;13.047;0.01;1;0.075;1;0.115;1;0.53;1;0;0.65;0.14
18MF02023_618;401;47.7355;-64.00217;218387;14.68;03-jun-02;12:15:00;30.56;2.33;349.37518;NaN;8.44;25.174;0.11;1;3.97;1;0.815;1;2.855;1;0;4.87;1.39
18MF02023_618;401;47.7355;-64.00217;218386;25.19;03-jun-02;12:15:00;31.22;1.22;335.88786;NaN;0.825;4.362;0.115;1;5.31;1;1.015;1;11.295;1;0;5.23;0.47
18MF02023_618;401;47.7355;-64.00217;218385;50.17;03-jun-02;12:15:00;31.64;0.09;321.23938;NaN;0.34;3.111;0.15;1;8.325;1;1.275;1;12.58;1;0;6.53;0.66
18MF02023_618;401;47.7355;-64.00217;218384;76.14;03-jun-02;12:15:00;32.24;-0.05;281.71528;288.9502;0.475;3.461;0.125;1;9.325;1;1.4;1;17.755;1;6;6.66;0.53
18MF02023_619;411;47.82717;-64.25217;218394;2.08;03-jun-02;14:37:00;27.97;7.51;352.50138;343.882;2.32;8.249;0.02;1;0.43;1;0.11;1;0.305;1;6;3.91;1.41
18MF02023_619;411;47.82717;-64.25217;218393;4.86;03-jun-02;14:37:00;27.97;7.52;352.1441;NaN;2.655;9.54;0.025;1;0.4;1;0.12;1;0.435;1;0;3.33;0.92
18MF02023_619;411;47.82717;-64.25217;218392;14.58;03-jun-02;14:37:00;27.96;7.4;352.99264;NaN;2.27;15.428;0.03;1;0.805;1;0.205;1;2.23;1;0;3.93;0.36
18MF02023_619;411;47.82717;-64.25217;218391;25.68;03-jun-02;14:37:00;30.15;3.84;361.21008;NaN;0.78;5.766;0.11;1;4.11;1;0.955;1;6.615;1;0;4.30;0.62
18MF02023_619;411;47.82717;-64.25217;218390;38.27;03-jun-02;14:37:00;30.88;2.03;336.11116;334.5034;0.795;4.226;0.09;1;3.17;1;0.69;1;3.635;1;6;4.59;0.87
