CTD;CTD;CTD;CTD;CTD;CTD;CTD;CTD;CTD;labo;labo;labo;labo;terrain;labo;labo;labo;labo;labo;labo;labo;labo;labo;labo;calc;calc
Fichier;Station;Latitude;Longitude;Echantillon;zbouteille;Date;Heure;PRES;PSAL_BS;Q_PSAL;OXYM_01;Q_OXYM;TEMP_XX;Q_TEMP_RT;CHL_03;Q_CHL;NOx_01;Q_NOX;PO4_01;Q_PO4;Si_01;Q_Si;QCFF;N_P;N_Si
(nom);(nom/no);(degres);(degres);(no_unique);(dbar);(jj-mmm-yyyy);(GMT);(dbar);(PSU);((none));(mmol/m**3);((none));(celsius);((none));(mg/m**3);((none));(mmol/m**3);((none));(mmol/m**3);((none));(mmol/m**3);((none));((none));((none));((none))
18TL02005_002;STN 27;47.5467;-52.5867;254334;4;21-apr-02;03:39:00;4.49;32.46;1;392.1113;4;-0.31;1;6.66;1;0;1;0.44;1;0.73;1;6;0.00;0.00
18TL02005_002;STN 27;47.5467;-52.5867;254333;9;21-apr-02;03:39:00;9.34;32.46;1;392.5579;4;-0.31;1;6.87;1;0;1;0.66;1;0.85;1;6;0.00;0.00
18TL02005_002;STN 27;47.5467;-52.5867;254332;19;21-apr-02;03:39:00;18.73;32.48;1;391.2181;4;-0.38;1;6.43;1;0.29;1;0.62;1;0.89;1;6;0.47;0.33
18TL02005_002;STN 27;47.5467;-52.5867;254331;28;21-apr-02;03:39:00;28.51;32.48;1;388.0919;4;-0.42;1;6.86;1;0.22;1;0.59;1;0.48;1;6;0.37;0.46
18TL02005_002;STN 27;47.5467;-52.5867;254330;39;21-apr-02;03:39:00;38.94;32.5;1;384.5191;4;-0.47;1;6.38;1;0;1;0.65;1;0.73;1;6;0.00;0.00
18TL02005_002;STN 27;47.5467;-52.5867;254329;49;21-apr-02;03:39:00;48.94;32.5;1;384.0726;4;-0.47;1;6.6;1;0;1;0.7;1;1.06;1;6;0.00;0.00
18TL02005_002;STN 27;47.5467;-52.5867;254328;74;21-apr-02;03:39:00;74.67;32.53;1;376.4804;4;-0.64;1;4.96;1;0.49;1;0.8;1;1.63;1;6;0.61;0.30
18TL02005_002;STN 27;47.5467;-52.5867;254327;98;21-apr-02;03:39:00;98.43;32.68;1;352.3642;4;-1.57;1;0.34;1;6.81;1;1.5;1;7.99;1;6;4.54;0.85
18TL02005_002;STN 27;47.5467;-52.5867;254326;147;21-apr-02;03:39:00;148.17;32.94;1;326.4617;4;-0.96;1;NaN;9;7.65;1;1.52;1;11.35;1;6;5.03;0.67
18TL02005_002;STN 27;47.5467;-52.5867;254325;171;21-apr-02;03:39:00;171.95;32.99;1;323.3355;4;-0.73;1;NaN;9;7.8;1;1.62;1;12.11;1;6;4.81;0.64
18TL02005_113;SEGB-01;46.5833;-52.9333;-1;0;21-apr-02;09:15:00;0;NaN;9;NaN;9;NaN;9;NaN;9;NaN;9;NaN;9;NaN;9;0;NaN;NaN
18TL02005_113;SEGB-01;46.5833;-52.9333;254340;5;21-apr-02;09:15:00;4.7;32.48;1;382.2862;4;-0.45;1;6.59;1;0.74;1;0.67;1;1.29;1;6;1.10;0.57
18TL02005_113;SEGB-01;46.5833;-52.9333;254339;9;21-apr-02;09:15:00;9.53;32.48;1;381.393;4;-0.45;1;6.57;1;0.9;1;0.79;1;1.2;1;6;1.14;0.75
18TL02005_113;SEGB-01;46.5833;-52.9333;254338;19;21-apr-02;09:15:00;19.14;32.52;1;372.9077;4;-0.71;1;4.65;1;2.1;1;0.7;1;2.42;1;6;3.00;0.87
18TL02005_113;SEGB-01;46.5833;-52.9333;254337;29;21-apr-02;09:15:00;29.08;32.53;1;370.2281;4;-0.79;1;3.97;1;2.53;1;0.83;1;3.09;1;6;3.05;0.82
18TL02005_113;SEGB-01;46.5833;-52.9333;254336;38;21-apr-02;09:15:00;38.51;32.55;1;365.7621;4;-0.91;1;3.41;1;3.62;1;1.14;1;3.67;1;6;3.18;0.99
18TL02005_113;SEGB-01;46.5833;-52.9333;254335;47;21-apr-02;09:15:00;47.72;32.56;1;364.8689;4;-0.96;1;3.03;1;3.47;1;1.05;1;4.28;1;6;3.30;0.81
18TL02005_225;SEGB-02;46.5;-52.85;-2;0;21-apr-02;10:24:00;0;NaN;9;NaN;9;NaN;9;NaN;9;NaN;9;NaN;9;NaN;9;0;NaN;NaN
18TL02005_225;SEGB-02;46.5;-52.85;254341;169;21-apr-02;10:24:00;170.49;32.66;1;357.7234;4;-1.28;1;NaN;9;NaN;9;NaN;9;NaN;9;6;NaN;NaN
18TL02005_264;SEGB-03;46.35;-52.7333;-3;0;21-apr-02;11:33:00;0;NaN;9;NaN;9;NaN;9;NaN;9;NaN;9;NaN;9;NaN;9;0;NaN;NaN
18TL02005_264;SEGB-03;46.35;-52.7333;254351;5;21-apr-02;11:33:00;5.21;32.49;1;387.6453;4;-0.3;1;7.2;1;0.85;1;0.57;1;0.97;1;6;1.49;0.88
18TL02005_264;SEGB-03;46.35;-52.7333;254350;10;21-apr-02;11:33:00;9.6;32.5;1;387.6453;4;-0.3;1;6.89;1;0.1;1;0.51;1;0.41;1;6;0.20;0.24
18TL02005_264;SEGB-03;46.35;-52.7333;254349;20;21-apr-02;11:33:00;20.11;32.5;1;387.1987;4;-0.31;1;7.55;1;0;1;0.57;1;0.58;1;6;0.00;0.00
18TL02005_264;SEGB-03;46.35;-52.7333;254348;30;21-apr-02;11:33:00;30.55;32.54;1;382.7328;4;-0.38;1;7.52;1;0.51;1;0.9;1;0.73;1;6;0.57;0.70
18TL02005_264;SEGB-03;46.35;-52.7333;254347;41;21-apr-02;11:33:00;40.97;32.56;1;381.8396;4;-0.41;1;7.22;1;0.4;1;0.61;1;0.68;1;6;0.66;0.59
18TL02005_264;SEGB-03;46.35;-52.7333;254346;50;21-apr-02;11:33:00;50.61;32.56;1;381.8396;4;-0.41;1;7.62;1;0.06;1;0.63;1;0.7;1;6;0.10;0.09
18TL02005_264;SEGB-03;46.35;-52.7333;254345;76;21-apr-02;11:33:00;76.54;32.69;1;359.9564;4;-1.09;1;2.29;1;5.26;1;1.43;1;4.72;1;6;3.68;1.11
18TL02005_264;SEGB-03;46.35;-52.7333;254344;100;21-apr-02;11:33:00;100.48;32.85;1;341.6459;4;-1.03;1;0.48;1;7.02;1;1.44;1;8.62;1;6;4.88;0.81
18TL02005_264;SEGB-03;46.35;-52.7333;254343;146;21-apr-02;11:33:00;147.12;32.86;1;339.8596;4;-0.97;1;NaN;9;7.59;1;1.39;2;8.19;1;2054;5.46;0.93
18TL02005_264;SEGB-03;46.35;-52.7333;254342;164;21-apr-02;11:33:00;164.85;32.87;1;337.6266;4;-0.9;1;NaN;9;7.59;1;1.57;2;8.62;1;2054;4.83;0.88
18TL02005_284;SEGB-04;46.2083;-52.6083;-4;0;21-apr-02;13:34:00;0;NaN;9;NaN;9;NaN;9;NaN;9;NaN;9;NaN;9;NaN;9;0;NaN;NaN
18TL02005_284;SEGB-04;46.2083;-52.6083;254352;122;21-apr-02;13:34:00;123.23;32.98;1;321.9957;4;-0.61;1;NaN;9;NaN;9;NaN;9;NaN;9;6;NaN;NaN
18TL02005_304;SEGB-05;46.07;-52.5;-5;0;21-apr-02;14:41:00;0;NaN;9;NaN;9;NaN;9;NaN;9;NaN;9;NaN;9;NaN;9;0;NaN;NaN
18TL02005_304;SEGB-05;46.07;-52.5;254360;5;21-apr-02;14:41:00;5.16;32.72;1;363.0826;4;0.48;1;2.9;1;2.76;1;1.03;1;1.65;1;6;2.68;1.67
18TL02005_304;SEGB-05;46.07;-52.5;254359;10;21-apr-02;14:41:00;10.52;32.72;1;363.0826;4;0.48;1;3.08;1;2.68;1;0.76;1;1.5;1;6;3.53;1.79
18TL02005_304;SEGB-05;46.07;-52.5;254358;20;21-apr-02;14:41:00;20.31;32.72;1;362.636;4;0.43;1;2.93;1;3.04;1;0.7;1;1.15;1;6;4.34;2.64
18TL02005_304;SEGB-05;46.07;-52.5;254357;30;21-apr-02;14:41:00;29.97;32.72;1;361.2962;4;0.43;1;3.09;1;2.96;1;0.91;1;1.43;1;6;3.25;2.07
18TL02005_304;SEGB-05;46.07;-52.5;254356;40;21-apr-02;14:41:00;40.32;32.73;1;357.2768;4;0.45;1;2.4;1;4.36;1;0.92;1;3.12;1;6;4.74;1.40
18TL02005_304;SEGB-05;46.07;-52.5;254355;49;21-apr-02;14:41:00;49.44;32.74;1;353.704;4;0.48;1;1.93;1;5.1;1;1.11;1;4.25;1;6;4.59;1.20
18TL02005_304;SEGB-05;46.07;-52.5;254354;74;21-apr-02;14:41:00;74.28;32.8;1;344.7721;4;-0.29;1;0.58;1;5.92;1;1.23;1;5.57;1;6;4.81;1.06
18TL02005_304;SEGB-05;46.07;-52.5;254353;84;21-apr-02;14:41:00;85.1;32.8;1;343.8789;4;-0.28;1;0.46;1;5.65;1;1.03;1;5.36;1;6;5.49;1.05
18TL02005_315;SEGB-06;45.7883;-52.2667;254367;5;21-apr-02;17:14:00;5.35;32.79;1;354.5972;4;0.75;1;2.23;1;5.44;1;1.21;2;3.83;1;2054;4.50;1.42
18TL02005_315;SEGB-06;45.7883;-52.2667;254366;10;21-apr-02;17:14:00;9.85;32.79;1;355.0438;4;0.71;1;2.17;1;5.27;1;0.87;1;3.85;1;6;6.06;1.37
18TL02005_315;SEGB-06;45.7883;-52.2667;254365;20;21-apr-02;17:14:00;19.91;32.79;1;355.0438;4;0.68;1;2.37;1;5.23;1;0.99;1;4.02;1;6;5.28;1.30
18TL02005_315;SEGB-06;45.7883;-52.2667;254364;30;21-apr-02;17:14:00;30;32.79;1;355.0438;4;0.64;1;1.72;1;5.12;1;0.96;1;3.74;1;6;5.33;1.37
18TL02005_315;SEGB-06;45.7883;-52.2667;254363;40;21-apr-02;17:14:00;40.11;32.79;1;354.5972;4;0.61;1;2.34;1;5.52;1;1.08;1;3.71;1;6;5.11;1.49
18TL02005_315;SEGB-06;45.7883;-52.2667;254362;49;21-apr-02;17:14:00;49.53;32.79;1;353.704;4;0.59;1;2.37;1;5.52;1;1.07;1;3.65;1;6;5.16;1.51
18TL02005_315;SEGB-06;45.7883;-52.2667;254361;74;21-apr-02;17:14:00;75.05;32.82;1;345.6653;4;0.12;1;1.16;1;6.65;1;1.26;1;6.15;1;6;5.28;1.08
18TL02005_326;SEGB-07;45.4583;-52;254374;5;21-apr-02;19:43:00;4.61;32.74;1;376.4804;4;1.4;1;4.29;1;0.39;1;0.74;1;2.02;1;6;0.53;0.19
18TL02005_326;SEGB-07;45.4583;-52;254373;11;21-apr-02;19:43:00;10.61;32.74;1;376.4804;4;1.4;1;4.57;1;0.3;1;0.72;1;1.98;1;6;0.42;0.15
18TL02005_326;SEGB-07;45.4583;-52;254372;21;21-apr-02;19:43:00;21.19;32.74;1;371.5678;4;1.29;1;4.16;1;1.2;1;0.76;1;1.96;1;6;1.58;0.61
18TL02005_326;SEGB-07;45.4583;-52;254371;30;21-apr-02;19:43:00;30.16;32.74;1;369.3349;4;1.24;1;5.03;1;0.54;1;0.78;1;2.46;1;6;0.69;0.22
18TL02005_326;SEGB-07;45.4583;-52;254370;40;21-apr-02;19:43:00;39.87;32.73;1;367.1019;4;1.22;1;4.8;1;1.39;1;0.7;1;1.6;1;6;1.99;0.87
18TL02005_326;SEGB-07;45.4583;-52;254369;50;21-apr-02;19:43:00;50.62;32.74;1;364.8689;4;1.17;1;4.75;1;1.42;1;0.89;1;1.99;1;6;1.60;0.71
18TL02005_326;SEGB-07;45.4583;-52;254368;76;21-apr-02;19:43:00;76.17;32.83;1;338.5197;4;0.17;1;1.4;1;6.87;1;1.13;1;7.58;1;6;6.08;0.91
18TL02005_339;SEGB-08;45.095;-51.7;254381;5;21-apr-02;22:34:00;4.56;32.55;1;373.3542;4;1.81;1;3.91;1;0.27;1;0.98;1;3.26;1;6;0.28;0.08
18TL02005_339;SEGB-08;45.095;-51.7;254380;10;21-apr-02;22:34:00;9.59;32.55;1;373.3542;4;1.82;1;3.93;1;0.36;1;0.76;1;3.1;1;6;0.47;0.12
18TL02005_339;SEGB-08;45.095;-51.7;254379;20;21-apr-02;22:34:00;19.77;32.56;1;367.9951;4;1.68;1;4.37;1;0.58;1;0.91;1;2.92;1;6;0.64;0.20
18TL02005_339;SEGB-08;45.095;-51.7;254378;29;21-apr-02;22:34:00;29.66;32.57;1;363.5291;4;1.56;1;5.18;1;0.71;1;0.8;1;2.63;1;6;0.89;0.27
18TL02005_339;SEGB-08;45.095;-51.7;254377;39;21-apr-02;22:34:00;39.64;32.62;1;365.3155;4;1.41;1;4.98;1;0.73;1;0.7;1;2.76;1;6;1.04;0.26
18TL02005_339;SEGB-08;45.095;-51.7;254376;50;21-apr-02;22:34:00;50.12;32.72;1;363.9757;4;1.2;1;NaN;9;NaN;9;NaN;9;NaN;9;6;NaN;NaN
18TL02005_339;SEGB-08;45.095;-51.7;254375;69;21-apr-02;22:34:00;69.1;32.86;1;334.5004;4;0.43;1;1.51;1;5.62;1;1.2;1;5.91;1;6;4.68;0.95
18TL02005_003;SEGB-09;44.725;-51.395;254388;5;22-apr-02;01:18:00;5.33;32.78;1;370.2281;4;1.76;1;3.24;1;0;1;1.15;1;1.67;1;6;0.00;0.00
18TL02005_003;SEGB-09;44.725;-51.395;254387;10;22-apr-02;01:18:00;10.17;32.78;1;370.6747;4;1.76;1;3.57;1;0;1;0.76;1;1.64;1;6;0.00;0.00
18TL02005_003;SEGB-09;44.725;-51.395;254386;20;22-apr-02;01:18:00;20.28;32.78;1;363.9757;4;1.61;1;3.33;1;0.3;1;0.72;1;1.44;1;6;0.42;0.21
18TL02005_003;SEGB-09;44.725;-51.395;254385;29;22-apr-02;01:18:00;29.26;32.78;1;361.2962;4;1.6;1;4.34;1;0.27;1;0.72;1;1.4;1;6;0.38;0.19
18TL02005_003;SEGB-09;44.725;-51.395;254384;39;22-apr-02;01:18:00;39.4;32.8;1;359.9564;4;1.56;1;3.94;1;0.25;1;0.75;1;1.44;1;6;0.33;0.17
18TL02005_003;SEGB-09;44.725;-51.395;254383;51;22-apr-02;01:18:00;51.42;32.95;1;338.0732;4;0.55;1;2.36;1;5.1;1;1.04;1;2.96;1;6;4.90;1.72
18TL02005_003;SEGB-09;44.725;-51.395;254382;64;22-apr-02;01:18:00;64.69;32.99;1;330.9276;4;0.51;1;1.08;1;5.46;1;1.22;1;4.39;1;6;4.48;1.24
18TL02005_014;SEGB-10;44.3633;-51.1033;254395;5;22-apr-02;04:11:00;5.12;32.49;1;360.8495;4;2.21;1;4.51;1;0;1;0.6;1;0.59;1;6;0.00;0.00
18TL02005_014;SEGB-10;44.3633;-51.1033;254394;11;22-apr-02;04:11:00;11.17;32.49;1;361.2962;4;2.21;1;4.58;1;0.04;1;0.73;1;0.56;1;6;0.05;0.07
18TL02005_014;SEGB-10;44.3633;-51.1033;254393;21;22-apr-02;04:11:00;20.99;32.5;1;359.9564;4;2.18;1;5.13;1;0.09;1;0.75;1;0.93;1;6;0.12;0.10
18TL02005_014;SEGB-10;44.3633;-51.1033;254392;30;22-apr-02;04:11:00;30.47;32.49;1;355.0438;4;2.11;1;5.31;1;0;1;0.66;1;0.72;1;6;0.00;0.00
18TL02005_014;SEGB-10;44.3633;-51.1033;254391;40;22-apr-02;04:11:00;40.16;32.7;1;354.5972;4;1.44;1;3.13;1;1.93;1;0.9;1;1.25;1;6;2.14;1.54
18TL02005_014;SEGB-10;44.3633;-51.1033;254390;50;22-apr-02;04:11:00;50.68;32.83;1;345.2187;4;0.62;1;1.82;1;4.89;1;1.17;1;2.76;1;6;4.18;1.77
18TL02005_014;SEGB-10;44.3633;-51.1033;254389;69;22-apr-02;04:11:00;69.66;32.98;1;334.5004;4;0.64;1;1.69;1;4.99;1;1.1;1;3.27;1;6;4.54;1.53
18TL02005_025;SEGB-11;44;-50.8083;254402;5;22-apr-02;06:46:00;4.97;32.53;1;355.4904;4;2.48;1;2.89;1;0.11;1;0.74;1;0.91;1;6;0.15;0.12
18TL02005_025;SEGB-11;44;-50.8083;254401;10;22-apr-02;06:46:00;10.26;32.58;1;356.8302;4;2.41;1;0.89;1;0.45;1;0.77;1;0.88;1;6;0.58;0.51
18TL02005_025;SEGB-11;44;-50.8083;254400;21;22-apr-02;06:46:00;20.82;32.67;1;353.2574;4;2.07;1;2.18;1;0.97;1;0.84;1;0.96;1;6;1.15;1.01
18TL02005_025;SEGB-11;44;-50.8083;254399;30;22-apr-02;06:46:00;29.88;32.76;1;343.8789;4;1.47;1;3.26;1;2.38;1;1.01;1;1.8;1;6;2.36;1.32
18TL02005_025;SEGB-11;44;-50.8083;254398;40;22-apr-02;06:46:00;40.64;32.92;1;333.1606;4;0.97;1;0.45;1;4.83;1;1.23;1;2.96;1;6;3.93;1.63
18TL02005_025;SEGB-11;44;-50.8083;254397;50;22-apr-02;06:46:00;50.19;32.92;1;332.714;4;0.97;1;0.77;1;4.31;1;1.21;1;3.59;1;6;3.56;1.20
18TL02005_025;SEGB-11;44;-50.8083;254396;69;22-apr-02;06:46:00;69.48;32.97;1;330.9276;4;0.85;1;1.64;1;4.19;1;1.16;1;4.12;1;6;3.61;1.02
18TL02005_036;SEGB-12;44;-50.8083;-6;0;22-apr-02;07:46:00;0;NaN;9;NaN;9;NaN;9;NaN;9;NaN;9;NaN;9;NaN;9;0;NaN;NaN
18TL02005_047;SEGB-12;43.6333;-50.5167;-7;0;22-apr-02;09:22:00;0;NaN;9;NaN;9;NaN;9;NaN;9;NaN;9;NaN;9;NaN;9;0;NaN;NaN
18TL02005_047;SEGB-12;43.6333;-50.5167;254409;5;22-apr-02;09:22:00;5.47;32.74;1;349.6847;4;2.61;1;2.64;1;0;1;0.47;1;1.34;1;6;0.00;0.00
18TL02005_047;SEGB-12;43.6333;-50.5167;254408;11;22-apr-02;09:22:00;11.3;32.85;1;348.7915;4;2.39;1;2.44;1;0.14;1;0.56;1;1.68;1;6;0.25;0.08
18TL02005_047;SEGB-12;43.6333;-50.5167;254407;21;22-apr-02;09:22:00;21.13;32.94;1;347.8983;4;2.26;1;2.66;1;0.14;1;0.64;1;1.47;1;6;0.22;0.10
18TL02005_047;SEGB-12;43.6333;-50.5167;254406;30;22-apr-02;09:22:00;30.27;32.94;1;345.6653;4;2.09;1;2.18;1;0.38;1;0.66;1;1.87;1;6;0.58;0.20
18TL02005_047;SEGB-12;43.6333;-50.5167;254405;39;22-apr-02;09:22:00;39.66;33.01;1;330.481;4;1.62;1;2.87;1;3.18;1;0.99;1;2.99;1;6;3.21;1.06
18TL02005_047;SEGB-12;43.6333;-50.5167;254404;50;22-apr-02;09:22:00;50.7;33.06;1;324.2287;4;1.29;1;2.88;1;3.61;1;1.07;1;3.97;1;6;3.37;0.91
18TL02005_047;SEGB-12;43.6333;-50.5167;254403;63;22-apr-02;09:22:00;63.29;33.06;1;324.2287;4;1.28;1;2.26;1;3.71;1;1.06;1;3.79;1;6;3.50;0.98
18TL02005_058;SEGB-13;43.2;-50.1667;-8;0;22-apr-02;12:28:00;0;NaN;9;NaN;9;NaN;9;NaN;9;NaN;9;NaN;9;NaN;9;0;NaN;NaN
18TL02005_058;SEGB-13;43.2;-50.1667;254416;7;22-apr-02;12:28:00;6.96;32.91;1;351.9176;4;2.46;1;1.84;1;0;1;0.62;1;1.67;1;6;0.00;0.00
18TL02005_058;SEGB-13;43.2;-50.1667;254415;12;22-apr-02;12:28:00;11.68;32.91;1;352.3642;4;2.46;1;1.46;1;0;1;0.65;1;0.91;1;6;0.00;0.00
18TL02005_058;SEGB-13;43.2;-50.1667;254414;21;22-apr-02;12:28:00;21.3;32.93;1;351.9176;4;2.36;1;1.62;1;0.78;1;0.49;1;0.52;1;6;1.59;1.50
18TL02005_058;SEGB-13;43.2;-50.1667;254413;31;22-apr-02;12:28:00;31.21;32.94;1;350.5779;4;2.28;1;2.46;1;0;1;0.52;1;0.55;1;6;0.00;0.00
18TL02005_058;SEGB-13;43.2;-50.1667;254412;39;22-apr-02;12:28:00;39.48;32.98;1;349.2381;4;1.99;1;2.28;1;0.18;1;0.5;1;1.28;1;6;0.36;0.14
18TL02005_058;SEGB-13;43.2;-50.1667;254411;48;22-apr-02;12:28:00;48.31;33.09;1;331.8208;4;0.66;1;1.54;1;3.27;1;1.28;1;3.43;1;6;2.55;0.95
18TL02005_058;SEGB-13;43.2;-50.1667;254410;63;22-apr-02;12:28:00;63.6;33.09;1;331.3742;4;0.66;1;1.51;1;3.79;1;1.18;1;3.45;1;6;3.21;1.10
18TL02005_069;SEGB-14;42.92;-49.9417;-9;0;22-apr-02;14:48:00;0;NaN;9;NaN;9;NaN;9;NaN;9;NaN;9;NaN;9;NaN;9;0;NaN;NaN
18TL02005_069;SEGB-14;42.92;-49.9417;254417;172;22-apr-02;14:48:00;173.53;33.16;1;343.4323;4;-0.61;1;NaN;9;NaN;9;NaN;9;NaN;9;6;NaN;NaN
18TL02005_080;SEGB-15;42.85;-49.8867;254427;5;22-apr-02;15:38:00;4.99;33.08;1;359.9564;4;-0.51;1;1.64;1;5.83;1;1.02;1;6.71;1;6;5.72;0.87
18TL02005_080;SEGB-15;42.85;-49.8867;254426;11;22-apr-02;15:38:00;11.2;33.08;1;359.9564;4;-0.51;1;1.4;1;6.19;1;1.06;1;6.65;1;6;5.84;0.93
18TL02005_080;SEGB-15;42.85;-49.8867;254425;21;22-apr-02;15:38:00;20.83;33.08;1;359.5098;4;-0.54;1;2.1;1;5.72;1;1.03;1;6.33;1;6;5.55;0.90
18TL02005_080;SEGB-15;42.85;-49.8867;254424;31;22-apr-02;15:38:00;31.29;33.08;1;359.9564;4;-0.57;1;2.02;1;5.64;1;1.02;1;6.27;1;6;5.53;0.90
18TL02005_080;SEGB-15;42.85;-49.8867;254423;41;22-apr-02;15:38:00;40.86;33.08;1;360.403;4;-0.6;1;1.87;1;6.54;1;1.03;1;5.65;1;6;6.35;1.16
18TL02005_080;SEGB-15;42.85;-49.8867;254422;50;22-apr-02;15:38:00;50.69;33.09;1;360.403;4;-0.62;1;2.02;1;6.45;1;1.1;1;5.69;1;6;5.86;1.13
18TL02005_080;SEGB-15;42.85;-49.8867;254421;75;22-apr-02;15:38:00;75.92;33.2;1;345.6653;4;-0.51;1;1.38;1;6.43;1;1.06;1;6.25;1;6;6.07;1.03
18TL02005_080;SEGB-15;42.85;-49.8867;254420;101;22-apr-02;15:38:00;101.46;33.31;1;332.2674;4;-0.36;1;0.42;1;7.54;1;1.01;1;9.01;1;6;7.47;0.84
18TL02005_080;SEGB-15;42.85;-49.8867;254419;148;22-apr-02;15:38:00;149.1;33.48;1;324.2287;4;0.12;1;NaN;9;8.02;1;0.98;1;9.85;1;6;8.18;0.81
18TL02005_080;SEGB-15;42.85;-49.8867;254418;405;22-apr-02;15:38:00;407.8;34.46;1;293.8602;4;2.66;1;NaN;9;13.47;1;1.41;1;10.27;1;6;9.55;1.31
18TL02005_091;SEGB-16;42.775;-49.8283;254428;1442;22-apr-02;17:38:00;1449.08;34.87;1;277.3361;4;3.53;1;NaN;9;NaN;9;NaN;9;NaN;9;6;NaN;NaN
18TL02005_102;SEGB-17;42.5883;-49.6833;254438;5;22-apr-02;20:34:00;5.22;33.37;1;363.0826;4;1.98;1;3.63;1;1.97;1;0.81;1;1.4;1;6;2.43;1.41
18TL02005_102;SEGB-17;42.5883;-49.6833;254437;11;22-apr-02;20:34:00;10.95;33.36;1;363.5291;4;1.94;1;3.52;1;2.13;1;0.83;1;1.63;1;6;2.57;1.31
18TL02005_102;SEGB-17;42.5883;-49.6833;254436;21;22-apr-02;20:34:00;21.07;33.5;1;347.4517;4;2.9;1;2.94;1;1.52;1;0.72;1;1.46;1;6;2.11;1.04
18TL02005_102;SEGB-17;42.5883;-49.6833;254435;31;22-apr-02;20:34:00;31.19;33.67;1;329.1412;4;3.94;1;2.15;1;1.79;1;0.66;1;1.73;1;6;2.71;1.03
18TL02005_102;SEGB-17;42.5883;-49.6833;254434;41;22-apr-02;20:34:00;41.03;33.76;1;318.4229;4;4.34;1;2.12;1;3.14;1;0.86;1;1.98;1;6;3.65;1.59
18TL02005_102;SEGB-17;42.5883;-49.6833;254433;50;22-apr-02;20:34:00;50.72;33.98;1;300.1125;4;4.55;1;0.85;1;6.06;1;1.05;1;4.04;1;6;5.77;1.50
18TL02005_102;SEGB-17;42.5883;-49.6833;254432;75;22-apr-02;20:34:00;75.6;34.16;1;284.4816;4;3.55;1;0.26;1;10.87;1;1.57;1;8.31;1;6;6.92;1.31
18TL02005_102;SEGB-17;42.5883;-49.6833;254431;100;22-apr-02;20:34:00;100.77;34.18;1;280.4623;4;3.1;1;0.14;1;12.61;1;1.54;1;9.45;1;6;8.19;1.33
18TL02005_102;SEGB-17;42.5883;-49.6833;254430;150;22-apr-02;20:34:00;151.29;34.45;1;273.3167;4;3.51;1;NaN;9;14.76;1;1.72;1;10.22;1;6;8.58;1.44
18TL02005_102;SEGB-17;42.5883;-49.6833;254429;1552;22-apr-02;20:34:00;1558.48;34.87;1;276.8895;4;3.47;1;NaN;9;14.84;1;1.52;1;10.69;1;6;9.76;1.39
18TL02005_114;SEGB-18;42.395;-49.5183;254439;1497;23-apr-02;00:44:00;1504.26;34.89;1;274.6566;4;3.42;1;NaN;9;NaN;9;NaN;9;NaN;9;6;NaN;NaN
18TL02005_127;SEGB-19;42.0817;-49.2817;254449;5;23-apr-02;03:36:00;5.04;33.4;1;383.626;4;2.2;1;7.05;1;0;1;0.57;1;0.54;1;6;0.00;0.00
18TL02005_127;SEGB-19;42.0817;-49.2817;254448;10;23-apr-02;03:36:00;10.44;33.39;1;382.7328;4;2.08;1;8.11;1;0.68;1;0.63;1;0.11;1;6;1.08;6.18
18TL02005_127;SEGB-19;42.0817;-49.2817;254447;20;23-apr-02;03:36:00;20.28;33.38;1;376.927;4;1.82;1;7.89;1;1.05;1;0.79;1;0.96;1;6;1.33;1.09
18TL02005_127;SEGB-19;42.0817;-49.2817;254446;30;23-apr-02;03:36:00;30.22;33.4;1;366.2087;4;1.69;1;7.13;1;2.28;1;0.83;1;0.9;1;6;2.75;2.53
18TL02005_127;SEGB-19;42.0817;-49.2817;254445;41;23-apr-02;03:36:00;41.21;33.56;1;350.1313;4;2.09;1;5.33;1;3.44;1;0.87;1;1.83;1;6;3.95;1.88
18TL02005_127;SEGB-19;42.0817;-49.2817;254444;52;23-apr-02;03:36:00;51.99;33.91;1;321.5491;4;3.18;1;2.06;1;6.13;1;1.17;1;3.88;1;6;5.24;1.58
18TL02005_127;SEGB-19;42.0817;-49.2817;254443;77;23-apr-02;03:36:00;77.32;34.12;1;295.6465;4;3.48;1;0.88;1;10.06;1;1.43;1;6.78;1;6;7.03;1.48
18TL02005_127;SEGB-19;42.0817;-49.2817;254442;99;23-apr-02;03:36:00;99.81;34.27;1;279.5691;4;3.8;1;0.91;1;12.46;1;1.84;1;7.98;1;6;6.77;1.56
18TL02005_127;SEGB-19;42.0817;-49.2817;254441;149;23-apr-02;03:36:00;149.95;34.55;1;267.9576;4;3.83;1;NaN;9;15.49;1;1.82;1;9.5;1;6;8.51;1.63
18TL02005_127;SEGB-19;42.0817;-49.2817;254440;1506;23-apr-02;03:36:00;1513.27;34.91;1;270.1906;4;3.42;1;NaN;9;17.33;1;1.74;1;11.48;1;6;9.96;1.51
18TL02005_138;SEGB-20;41.7;-48.95;254450;1472;23-apr-02;08:03:00;1478.69;34.94;1;264.8314;4;3.62;1;NaN;9;NaN;9;NaN;9;NaN;9;6;NaN;NaN
18TL02005_149;STN27;47.5467;-52.5867;-10;0;24-apr-02;23:03:00;0;NaN;9;NaN;9;NaN;9;NaN;9;NaN;9;NaN;9;NaN;9;0;NaN;NaN
18TL02005_149;STN27;47.5467;-52.5867;254460;5;24-apr-02;23:03:00;5.47;32.44;1;383.1794;4;-0.35;1;5.97;1;0.3;1;0.67;1;0.6;1;6;0.45;0.50
18TL02005_149;STN27;47.5467;-52.5867;254459;10;24-apr-02;23:03:00;10.49;32.44;1;382.7328;4;-0.35;1;5.71;1;0.37;1;0.64;1;0.54;1;6;0.58;0.69
18TL02005_149;STN27;47.5467;-52.5867;254458;20;24-apr-02;23:03:00;20.49;32.45;1;382.7328;4;-0.36;1;5.87;1;0.18;1;0.44;1;0.54;1;6;0.41;0.33
18TL02005_149;STN27;47.5467;-52.5867;254457;30;24-apr-02;23:03:00;30.61;32.45;1;383.1794;4;-0.37;1;5.55;1;0.4;1;0.69;1;0.56;1;6;0.58;0.71
18TL02005_149;STN27;47.5467;-52.5867;254456;40;24-apr-02;23:03:00;40.44;32.46;1;383.626;4;-0.38;1;5.35;1;0;1;0.63;1;0.13;1;6;0.00;0.00
18TL02005_149;STN27;47.5467;-52.5867;254455;50;24-apr-02;23:03:00;50.35;32.46;1;383.1794;4;-0.38;1;5.33;1;0;1;0.67;1;0.5;1;6;0.00;0.00
18TL02005_149;STN27;47.5467;-52.5867;254454;76;24-apr-02;23:03:00;76.25;32.47;1;382.2862;4;-0.41;1;4.84;1;0.93;1;0.72;1;0.62;1;6;1.29;1.50
18TL02005_149;STN27;47.5467;-52.5867;254453;100;24-apr-02;23:03:00;100.73;32.61;1;357.2768;4;-1.06;1;2.5;1;4.3;1;1.07;1;5.38;1;6;4.02;0.80
18TL02005_149;STN27;47.5467;-52.5867;254452;149;24-apr-02;23:03:00;149.93;32.99;1;322.4423;4;-0.75;1;NaN;9;7.8;1;1.6;1;12.2;1;6;4.88;0.64
18TL02005_149;STN27;47.5467;-52.5867;254451;170;24-apr-02;23:03:00;171.4;33;1;321.1025;4;-0.7;1;NaN;9;8.05;1;1.56;1;12.48;1;6;5.16;0.65
18TL02005_160;FC-01;47;-52.8317;254468;5;25-apr-02;02:53:00;5.25;32.39;1;383.626;4;-0.27;1;5.82;1;0.33;1;0.6;1;0.54;1;6;0.55;0.61
18TL02005_160;FC-01;47;-52.8317;254467;10;25-apr-02;02:53:00;10.51;32.39;1;384.0726;4;-0.27;1;6.14;1;0.31;1;0.67;1;0.58;1;6;0.46;0.53
18TL02005_160;FC-01;47;-52.8317;254466;20;25-apr-02;02:53:00;20.62;32.41;1;383.626;4;-0.27;1;6.1;1;0.31;1;0.78;1;0.89;1;6;0.40;0.35
18TL02005_160;FC-01;47;-52.8317;254465;30;25-apr-02;02:53:00;30.37;32.43;1;383.1794;4;-0.29;1;6.26;1;0.38;1;0.63;1;0.58;1;6;0.60;0.66
18TL02005_160;FC-01;47;-52.8317;254464;40;25-apr-02;02:53:00;40.19;32.45;1;382.7328;4;-0.32;1;6.26;1;0.35;1;0.61;1;0.63;1;6;0.57;0.56
18TL02005_160;FC-01;47;-52.8317;254463;50;25-apr-02;02:53:00;49.97;32.45;1;381.8396;4;-0.33;1;6.07;1;0.57;1;0.65;1;0.54;1;6;0.88;1.06
18TL02005_160;FC-01;47;-52.8317;254462;74;25-apr-02;02:53:00;74.8;32.46;1;380.9464;4;-0.36;1;5.97;1;1.36;1;0.87;1;0.7;1;6;1.56;1.94
18TL02005_160;FC-01;47;-52.8317;254461;99;25-apr-02;02:53:00;100.14;32.47;1;380.4998;4;-0.38;1;5.93;1;1.12;1;0.77;1;1.11;1;6;1.45;1.01
18TL02005_171;FC-02;47;-52.705;-11;0;25-apr-02;04:15:00;0;NaN;9;NaN;9;NaN;9;NaN;9;NaN;9;NaN;9;NaN;9;0;NaN;NaN
18TL02005_171;FC-02;47;-52.705;254478;5;25-apr-02;04:15:00;4.86;32.53;1;381.8396;4;-0.56;1;7.41;1;0.7;1;0.62;1;1.22;1;6;1.13;0.57
18TL02005_171;FC-02;47;-52.705;254477;10;25-apr-02;04:15:00;9.86;32.53;1;381.8396;4;-0.56;1;7.13;1;0.65;1;0.71;1;1.35;1;6;0.92;0.48
18TL02005_171;FC-02;47;-52.705;254476;20;25-apr-02;04:15:00;20.11;32.53;1;381.8396;4;-0.55;1;7.35;1;0.73;1;0.66;1;1.32;1;6;1.11;0.55
18TL02005_171;FC-02;47;-52.705;254475;30;25-apr-02;04:15:00;30.24;32.54;1;381.393;4;-0.55;1;7.15;1;0.73;1;0.84;1;1.44;1;6;0.87;0.51
18TL02005_171;FC-02;47;-52.705;254474;40;25-apr-02;04:15:00;40.34;32.54;1;380.9464;4;-0.55;1;7.06;1;0.72;1;0.75;1;1.47;1;6;0.96;0.49
18TL02005_171;FC-02;47;-52.705;254473;50;25-apr-02;04:15:00;50.29;32.54;1;380.0532;4;-0.56;1;6.93;1;0.84;1;0.72;1;1.42;1;6;1.17;0.59
18TL02005_171;FC-02;47;-52.705;254472;75;25-apr-02;04:15:00;75.14;32.62;1;361.7428;4;-1.21;1;1.49;1;4.8;1;0.92;1;4.52;1;6;5.22;1.06
18TL02005_171;FC-02;47;-52.705;254471;99;25-apr-02;04:15:00;99.99;32.68;1;358.17;4;-1.41;1;0.91;1;6.97;1;1.27;1;5.74;1;6;5.49;1.21
18TL02005_171;FC-02;47;-52.705;254470;148;25-apr-02;04:15:00;149.62;32.93;1;336.7334;4;-0.81;1;NaN;9;8.54;1;1.32;1;7.16;1;6;6.47;1.19
18TL02005_171;FC-02;47;-52.705;254469;182;25-apr-02;04:15:00;183.11;32.96;1;330.9276;4;-0.73;1;NaN;9;8.35;1;1.54;1;9.41;1;6;5.42;0.89
18TL02005_182;FC-03;47;-52.58;-12;0;25-apr-02;05:43:00;0;NaN;9;NaN;9;NaN;9;NaN;9;NaN;9;NaN;9;NaN;9;0;NaN;NaN
18TL02005_182;FC-03;47;-52.58;254488;6;25-apr-02;05:43:00;5.56;32.57;1;373.8008;4;-0.73;1;4.12;1;1.91;1;0.75;1;2.31;1;6;2.55;0.83
18TL02005_182;FC-03;47;-52.58;254487;10;25-apr-02;05:43:00;10.31;32.57;1;374.2474;4;-0.72;1;4.71;1;1.44;1;0.76;1;2.33;1;6;1.89;0.62
18TL02005_182;FC-03;47;-52.58;254486;21;25-apr-02;05:43:00;20.78;32.58;1;374.2474;4;-0.71;1;4.69;1;1.32;1;0.79;1;2.53;1;6;1.67;0.52
18TL02005_182;FC-03;47;-52.58;254485;30;25-apr-02;05:43:00;30.1;32.58;1;375.1406;4;-0.68;1;4.89;1;1.29;1;0.67;1;2.43;1;6;1.93;0.53
18TL02005_182;FC-03;47;-52.58;254484;40;25-apr-02;05:43:00;39.97;32.58;1;374.6941;4;-0.68;1;5.33;1;1.23;1;0.8;1;2.64;1;6;1.54;0.47
18TL02005_182;FC-03;47;-52.58;254483;50;25-apr-02;05:43:00;50;32.58;1;374.2474;4;-0.69;1;4.59;1;1.42;1;0.71;1;2.15;1;6;2.00;0.66
18TL02005_182;FC-03;47;-52.58;254482;74;25-apr-02;05:43:00;74.72;32.7;1;366.2087;4;-0.59;1;2.65;1;3.19;1;0.94;1;3.32;1;6;3.39;0.96
18TL02005_182;FC-03;47;-52.58;254481;99;25-apr-02;05:43:00;100.22;32.76;1;353.704;4;-1.38;1;0.47;1;7.46;1;1.45;1;6.51;1;6;5.14;1.15
18TL02005_182;FC-03;47;-52.58;254480;123;25-apr-02;05:43:00;124.06;32.9;1;343.8789;4;-0.87;1;NaN;9;6.1;1;1.07;1;6.6;1;6;5.70;0.92
18TL02005_182;FC-03;47;-52.58;254479;153;25-apr-02;05:43:00;154.68;32.92;1;334.0538;4;-0.86;1;NaN;9;8.17;1;1.63;1;9.93;1;6;5.01;0.82
18TL02005_193;FC-04;47;-52.3217;-13;0;25-apr-02;07:32:00;0;NaN;9;NaN;9;NaN;9;NaN;9;NaN;9;NaN;9;NaN;9;0;NaN;NaN
18TL02005_193;FC-04;47;-52.3217;254497;5;25-apr-02;07:32:00;5.19;32.65;1;367.9951;4;-0.75;1;2;1;3.15;1;0.62;1;4.07;1;6;5.08;0.77
18TL02005_193;FC-04;47;-52.3217;254496;10;25-apr-02;07:32:00;10.01;32.65;1;367.9951;4;-0.75;1;1.61;1;3.38;1;0.91;1;3.52;1;6;3.71;0.96
18TL02005_193;FC-04;47;-52.3217;254495;20;25-apr-02;07:32:00;20.2;32.66;1;367.9951;4;-0.76;1;2.02;1;2.82;1;0.98;1;4.08;1;6;2.88;0.69
18TL02005_193;FC-04;47;-52.3217;254494;30;25-apr-02;07:32:00;30.23;32.66;1;368.4417;4;-0.75;1;2.18;1;3.16;1;0.97;1;3.99;1;6;3.26;0.79
18TL02005_193;FC-04;47;-52.3217;254493;39;25-apr-02;07:32:00;39.7;32.66;1;367.9951;4;-0.75;1;2.12;1;3.08;1;0.76;1;3.47;1;6;4.05;0.89
18TL02005_193;FC-04;47;-52.3217;254492;49;25-apr-02;07:32:00;49;32.66;1;367.9951;4;-0.75;1;2;1;4.33;1;0.81;1;3.22;1;6;5.35;1.34
18TL02005_193;FC-04;47;-52.3217;254491;74;25-apr-02;07:32:00;74.95;32.71;1;355.937;4;-1.5;1;0.54;1;6.55;1;1.26;1;7.13;1;6;5.20;0.92
18TL02005_193;FC-04;47;-52.3217;254490;100;25-apr-02;07:32:00;100.46;32.85;1;343.8789;4;-1.36;1;0.77;1;8.31;1;1.42;1;9.41;1;6;5.85;0.88
18TL02005_193;FC-04;47;-52.3217;254489;120;25-apr-02;07:32:00;120.72;32.93;1;331.8208;4;-0.86;1;NaN;9;8.14;1;1.45;1;10.3;1;6;5.61;0.79
18TL02005_204;FC-05;47;-52.0333;254506;5;25-apr-02;09:40:00;5.26;32.7;1;366.6553;4;-0.69;1;1.2;1;2.96;1;0.6;1;3.85;1;6;4.93;0.77
18TL02005_204;FC-05;47;-52.0333;254505;10;25-apr-02;09:40:00;10.15;32.7;1;366.6553;4;-0.69;1;1.38;1;2.9;1;0.56;1;3.55;1;6;5.18;0.82
18TL02005_204;FC-05;47;-52.0333;254504;20;25-apr-02;09:40:00;20.15;32.7;1;367.1019;4;-0.69;1;1.5;1;2.97;1;0.6;1;3.84;1;6;4.95;0.77
18TL02005_204;FC-05;47;-52.0333;254503;30;25-apr-02;09:40:00;30.32;32.7;1;367.1019;4;-0.69;1;1.55;1;3.02;1;0.61;1;3.81;1;6;4.95;0.79
18TL02005_204;FC-05;47;-52.0333;254502;39;25-apr-02;09:40:00;39.53;32.7;1;366.6553;4;-0.68;1;1.4;1;3;1;0.61;1;3.71;1;6;4.92;0.81
18TL02005_204;FC-05;47;-52.0333;254501;50;25-apr-02;09:40:00;50;32.7;1;366.6553;4;-0.68;1;1.52;1;2.89;1;0.5;1;3.46;1;6;5.78;0.84
18TL02005_204;FC-05;47;-52.0333;254500;75;25-apr-02;09:40:00;75.23;32.79;1;356.3836;4;-0.88;1;0.75;1;4.48;1;0.91;1;5.46;1;6;4.92;0.82
18TL02005_204;FC-05;47;-52.0333;254499;98;25-apr-02;09:40:00;99.21;32.97;1;334.5004;4;-0.76;1;0.2;1;6.15;1;1.23;1;8.93;1;6;5.00;0.69
18TL02005_204;FC-05;47;-52.0333;254498;132;25-apr-02;09:40:00;133.04;33.04;1;317.9763;4;-0.65;1;NaN;9;7.44;1;1.16;1;13.25;1;6;6.41;0.56
18TL02005_215;FC-06;47;-51.485;-14;0;25-apr-02;12:28:00;0;NaN;9;NaN;9;NaN;9;NaN;9;NaN;9;NaN;9;NaN;9;0;NaN;NaN
18TL02005_215;FC-06;47;-51.485;254514;5;25-apr-02;12:28:00;5.42;32.83;1;363.5291;4;-0.2;1;2.97;1;3.71;1;0.9;1;2.35;1;6;4.12;1.58
18TL02005_215;FC-06;47;-51.485;254513;10;25-apr-02;12:28:00;9.97;32.83;1;363.0826;4;-0.2;1;2.97;1;4.22;1;1.23;1;2.79;1;6;3.43;1.51
18TL02005_215;FC-06;47;-51.485;254512;20;25-apr-02;12:28:00;20.06;32.83;1;362.1893;4;-0.22;1;3.27;1;3.77;1;1.1;1;2.64;1;6;3.43;1.43
18TL02005_215;FC-06;47;-51.485;254511;30;25-apr-02;12:28:00;30.28;32.84;1;360.8495;4;-0.23;1;3.02;1;4.29;1;1.36;1;2.62;1;6;3.15;1.64
18TL02005_215;FC-06;47;-51.485;254510;40;25-apr-02;12:28:00;40.76;32.84;1;360.403;4;-0.23;1;3.38;1;4.66;1;1.24;1;2.57;1;6;3.76;1.81
18TL02005_215;FC-06;47;-51.485;254509;50;25-apr-02;12:28:00;50.2;32.84;1;359.9564;4;-0.23;1;1;1;4.45;1;1.19;1;2.81;1;6;3.74;1.58
18TL02005_215;FC-06;47;-51.485;254508;75;25-apr-02;12:28:00;75.31;32.88;1;352.3642;4;-0.46;1;1.9;1;6.01;1;1.4;1;4.56;1;6;4.29;1.32
18TL02005_215;FC-06;47;-51.485;254507;96;25-apr-02;12:28:00;96.87;32.94;1;342.9857;4;-0.69;1;0.39;1;7.49;1;1.44;1;7.06;1;6;5.20;1.06
18TL02005_226;FC-07;47;-51;254522;5;25-apr-02;14:54:00;4.96;32.9;1;359.0632;4;-0.12;1;2.17;1;4.79;1;0.95;1;3.5;1;6;5.04;1.37
18TL02005_226;FC-07;47;-51;254521;10;25-apr-02;14:54:00;9.94;32.9;1;359.0632;4;-0.12;1;2.14;1;5.04;1;1.05;1;3.49;1;6;4.80;1.44
18TL02005_226;FC-07;47;-51;254520;19;25-apr-02;14:54:00;19;32.91;1;359.0632;4;-0.09;1;2.6;1;4.54;1;0.95;1;3.08;1;6;4.78;1.47
18TL02005_226;FC-07;47;-51;254519;28;25-apr-02;14:54:00;28.68;32.91;1;358.17;4;-0.04;1;3.03;1;4.46;1;0.97;1;2.73;1;6;4.60;1.63
18TL02005_226;FC-07;47;-51;254518;39;25-apr-02;14:54:00;39.68;32.92;1;358.6166;4;-0.02;1;2.38;1;4.48;1;1.03;1;2.66;1;6;4.35;1.68
18TL02005_226;FC-07;47;-51;254517;50;25-apr-02;14:54:00;50.17;32.93;1;357.2768;4;-0.01;1;2.45;1;4.71;1;0.93;1;2.59;1;6;5.06;1.82
18TL02005_226;FC-07;47;-51;254516;74;25-apr-02;14:54:00;74.92;33.04;1;342.5391;4;-0.5;1;0.42;1;7.36;1;1.29;1;8.17;1;6;5.71;0.90
18TL02005_226;FC-07;47;-51;254515;101;25-apr-02;14:54:00;101.43;33.04;1;341.6459;4;-0.52;1;0.44;1;7.07;1;1.23;1;8.62;1;6;5.75;0.82
18TL02005_237;FC-09;47;-50;254530;5;25-apr-02;20:25:00;5.23;32.89;1;351.9176;4;0.23;1;0.63;1;5.67;1;0.98;1;4.22;1;6;5.79;1.34
18TL02005_237;FC-09;47;-50;254529;11;25-apr-02;20:25:00;10.61;32.9;1;351.9176;4;0.19;1;0.55;1;6.1;1;1.17;1;4.62;1;6;5.21;1.32
18TL02005_237;FC-09;47;-50;254528;21;25-apr-02;20:25:00;20.73;32.9;1;351.471;4;0.17;1;0.58;1;5.98;1;1.06;1;4.49;1;6;5.64;1.33
18TL02005_237;FC-09;47;-50;254527;31;25-apr-02;20:25:00;30.76;32.9;1;350.5779;4;0.16;1;0.77;1;4.58;1;0.88;1;3.41;1;6;5.20;1.34
18TL02005_237;FC-09;47;-50;254526;40;25-apr-02;20:25:00;40.32;32.91;1;350.5779;4;0.16;1;0.77;1;6.26;1;1.15;1;4.46;1;6;5.44;1.40
18TL02005_237;FC-09;47;-50;254525;51;25-apr-02;20:25:00;51.49;32.91;1;350.1313;4;0.17;1;0.71;1;6.07;1;1.17;1;4.65;1;6;5.19;1.31
18TL02005_237;FC-09;47;-50;254524;77;25-apr-02;20:25:00;77.71;32.91;1;350.1313;4;0.18;1;0.58;1;6.25;1;1.07;1;4.63;1;6;5.84;1.35
18TL02005_237;FC-09;47;-50;254523;170;25-apr-02;20:25:00;171.69;33.04;1;344.3255;4;-0.43;1;NaN;9;NaN;9;NaN;9;NaN;9;6;NaN;NaN
18TL02005_239;FC-10;47;-49.1167;254537;5;26-apr-02;00:48:00;5.33;32.88;7;360.8495;4;-0.37;1;1.54;1;5.61;1;1.12;1;4.7;1;38;5.01;1.19
18TL02005_239;FC-10;47;-49.1167;254536;10;26-apr-02;00:48:00;10.5;32.88;7;360.403;4;-0.41;1;1.68;1;5.88;1;1.24;1;4.62;1;38;4.74;1.27
18TL02005_239;FC-10;47;-49.1167;254535;20;26-apr-02;00:48:00;20.47;32.88;7;359.0632;4;-0.5;1;1.55;1;5.96;1;1.17;1;4.89;1;38;5.09;1.22
18TL02005_239;FC-10;47;-49.1167;254534;30;26-apr-02;00:48:00;30.56;32.88;7;359.0632;4;-0.49;1;1.54;1;5.65;1;1.15;1;4.62;1;38;4.91;1.22
18TL02005_239;FC-10;47;-49.1167;254533;40;26-apr-02;00:48:00;40.67;32.88;7;359.0632;4;-0.5;1;1.59;1;5.68;1;1.16;1;4.8;1;38;4.90;1.18
18TL02005_239;FC-10;47;-49.1167;254532;50;26-apr-02;00:48:00;50.54;32.88;7;359.0632;4;-0.5;1;1.57;1;5.81;1;1.22;1;5;1;38;4.76;1.16
18TL02005_239;FC-10;47;-49.1167;254531;76;26-apr-02;00:48:00;76.61;32.88;7;359.0632;4;-0.5;1;1.24;1;5.8;1;1.14;1;4.81;1;38;5.09;1.21
18TL02005_243;HIB-08;46.8033;-48.7867;254539;5;26-apr-02;03:52:00;5.22;32.87;1;364.4223;4;-0.23;1;NaN;9;NaN;9;NaN;9;NaN;9;6;NaN;NaN
18TL02005_243;HIB-08;46.8033;-48.7867;254538;76;26-apr-02;03:52:00;76.92;32.89;1;359.0632;4;-0.41;1;NaN;9;NaN;9;NaN;9;NaN;9;6;NaN;NaN
18TL02005_244;HIB-07;46.75;-48.86;254541;5;26-apr-02;05:02:00;5.44;32.86;1;368.4417;4;-0.12;1;NaN;9;NaN;9;NaN;9;NaN;9;6;NaN;NaN
18TL02005_244;HIB-07;46.75;-48.86;254540;73;26-apr-02;05:02:00;73.92;32.88;1;361.2962;4;-0.27;1;NaN;9;NaN;9;NaN;9;NaN;9;6;NaN;NaN
18TL02005_247;HIB-06;46.6983;-48.7833;254543;4;26-apr-02;06:07:00;4.09;32.86;1;371.1213;4;-0.09;1;NaN;9;NaN;9;NaN;9;NaN;9;6;NaN;NaN
18TL02005_247;HIB-06;46.6983;-48.7833;254542;73;26-apr-02;06:07:00;73.65;32.88;1;363.9757;4;-0.2;1;NaN;9;NaN;9;NaN;9;NaN;9;6;NaN;NaN
18TL02005_253;HIB-05;46.75;-48.7083;254545;5;26-apr-02;07:23:00;4.55;32.87;1;369.7815;4;-0.21;1;NaN;9;NaN;9;NaN;9;NaN;9;6;NaN;NaN
18TL02005_253;HIB-05;46.75;-48.7083;254544;77;26-apr-02;07:23:00;77.61;32.89;1;361.7428;4;-0.37;1;NaN;9;NaN;9;NaN;9;NaN;9;6;NaN;NaN
18TL02005_257;HIB-04;46.7467;-48.74;254547;4;26-apr-02;08:13:00;4.49;32.87;1;367.1019;4;-0.22;1;NaN;9;NaN;9;NaN;9;NaN;9;6;NaN;NaN
18TL02005_257;HIB-04;46.7467;-48.74;254546;77;26-apr-02;08:13:00;77.96;32.89;1;361.7428;4;-0.34;1;NaN;9;NaN;9;NaN;9;NaN;9;6;NaN;NaN
18TL02005_261;HIB-03;46.7383;-48.7833;254549;4;26-apr-02;09:06:00;4.4;32.88;7;366.2087;4;-0.24;1;NaN;9;NaN;9;NaN;9;NaN;9;38;NaN;NaN
18TL02005_261;HIB-03;46.7383;-48.7833;254548;74;26-apr-02;09:06:00;74.36;32.88;7;362.636;4;-0.3;1;NaN;9;NaN;9;NaN;9;NaN;9;38;NaN;NaN
18TL02005_263;HIB-02;46.75;-48.7167;-15;0;26-apr-02;09:51:00;0;NaN;9;NaN;9;NaN;9;NaN;9;NaN;9;NaN;9;NaN;9;0;NaN;NaN
18TL02005_263;HIB-02;46.75;-48.7167;254551;5;26-apr-02;09:51:00;4.69;32.88;7;365.7621;4;-0.26;1;NaN;9;NaN;9;NaN;9;NaN;9;38;NaN;NaN
18TL02005_263;HIB-02;46.75;-48.7167;254550;76;26-apr-02;09:51:00;76.83;32.88;7;361.7428;4;-0.31;1;NaN;9;NaN;9;NaN;9;NaN;9;38;NaN;NaN
18TL02005_265;HIB-01;46.8183;-48.7833;-16;0;26-apr-02;10:40:00;0;NaN;9;NaN;9;NaN;9;NaN;9;NaN;9;NaN;9;NaN;9;0;NaN;NaN
18TL02005_265;HIB-01;46.8183;-48.7833;254553;5;26-apr-02;10:40:00;4.6;32.88;1;364.8689;4;-0.29;1;NaN;9;NaN;9;NaN;9;NaN;9;6;NaN;NaN
18TL02005_265;HIB-01;46.8183;-48.7833;254552;78;26-apr-02;10:40:00;78.2;32.89;1;361.2962;4;-0.35;1;NaN;9;NaN;9;NaN;9;NaN;9;6;NaN;NaN
18TL02005_275;FC-11;47;-48.6167;-17;0;26-apr-02;12:34:00;0;NaN;9;NaN;9;NaN;9;NaN;9;NaN;9;NaN;9;NaN;9;0;NaN;NaN
18TL02005_275;FC-11;47;-48.6167;254554;98;26-apr-02;12:34:00;98.69;32.93;1;351.471;4;-0.83;1;NaN;9;NaN;9;NaN;9;NaN;9;6;NaN;NaN
18TL02005_276;FC-12;47;-48.1167;-18;0;26-apr-02;14:36:00;0;NaN;9;NaN;9;NaN;9;NaN;9;NaN;9;NaN;9;NaN;9;0;NaN;NaN
18TL02005_276;FC-12;47;-48.1167;254563;5;26-apr-02;14:36:00;4.58;32.84;1;372.4611;4;-0.65;1;0.86;1;4.64;1;1.06;1;4.46;1;6;4.38;1.04
18TL02005_276;FC-12;47;-48.1167;254562;10;26-apr-02;14:36:00;9.69;32.84;1;372.9077;4;-0.68;1;1.48;1;4.49;1;0.96;1;4.27;1;6;4.68;1.05
18TL02005_276;FC-12;47;-48.1167;254561;20;26-apr-02;14:36:00;19.88;32.84;1;372.0145;4;-0.75;1;1.67;1;4.67;1;1.14;1;4.57;1;6;4.10;1.02
18TL02005_276;FC-12;47;-48.1167;254560;31;26-apr-02;14:36:00;30.83;32.84;1;371.1213;4;-0.78;1;1.65;1;5.31;1;1.13;1;4.58;1;6;4.70;1.16
18TL02005_276;FC-12;47;-48.1167;254559;40;26-apr-02;14:36:00;40.53;32.85;1;368.8883;4;-0.86;1;1.78;1;5.9;1;1.13;1;4.51;1;6;5.22;1.31
18TL02005_276;FC-12;47;-48.1167;254558;50;26-apr-02;14:36:00;50.6;32.85;1;366.6553;4;-0.88;1;2.1;1;5.08;1;1.08;1;4.56;1;6;4.70;1.11
18TL02005_276;FC-12;47;-48.1167;254557;75;26-apr-02;14:36:00;75.18;32.85;1;365.7621;4;-0.89;1;2.03;1;5.88;1;1.21;1;4.64;1;6;4.86;1.27
18TL02005_276;FC-12;47;-48.1167;254556;99;26-apr-02;14:36:00;99.88;33.01;1;354.1506;4;-1.41;1;0.36;1;7;1;1.26;1;7.07;1;6;5.56;0.99
18TL02005_276;FC-12;47;-48.1167;254555;125;26-apr-02;14:36:00;126.51;33.07;1;338.9664;4;-1.21;1;NaN;9;8.78;1;1.36;1;9.77;1;6;6.46;0.90
18TL02005_005;AC-02;47.6317;-52.6317;254939;129;04-may-02;21:55:00;130.09;32.84;1;340.3062;4;-1.49;1;NaN;9;NaN;9;NaN;9;NaN;9;6;NaN;NaN
18TL02005_006;STN27;47.5467;-52.5867;-28;0;04-may-02;22:57:00;0;NaN;9;NaN;9;NaN;9;NaN;9;NaN;9;NaN;9;NaN;9;0;NaN;NaN
18TL02005_006;STN27;47.5467;-52.5867;254949;5;04-may-02;22:57:00;4.93;32.44;1;374.2474;4;-0.07;1;5.09;1;0.58;1;0.71;1;0.48;1;6;0.82;1.21
18TL02005_006;STN27;47.5467;-52.5867;254948;10;04-may-02;22:57:00;9.93;32.44;1;374.2474;4;-0.07;1;4.75;1;0.38;1;0.91;1;0.89;1;6;0.42;0.43
18TL02005_006;STN27;47.5467;-52.5867;254947;20;04-may-02;22:57:00;20.43;32.44;1;374.6941;4;-0.1;1;4.76;1;0;1;0.74;1;0.97;1;6;0.00;0.00
18TL02005_006;STN27;47.5467;-52.5867;254946;30;04-may-02;22:57:00;29.77;32.44;1;374.6941;4;-0.09;1;4.8;1;0;1;0.51;1;0.81;1;6;0.00;0.00
18TL02005_006;STN27;47.5467;-52.5867;254945;39;04-may-02;22:57:00;39.82;32.47;1;372.0145;4;-0.25;1;3.77;1;1.35;1;0.77;1;0.9;1;6;1.75;1.50
18TL02005_006;STN27;47.5467;-52.5867;254944;49;04-may-02;22:57:00;49.84;32.51;1;367.9951;4;-0.5;1;3.12;1;2.08;1;0.84;1;1.93;1;6;2.48;1.08
18TL02005_006;STN27;47.5467;-52.5867;254943;75;04-may-02;22:57:00;75.45;32.66;1;357.2768;4;-1.12;1;1.26;1;6.15;1;1.16;1;6.34;1;6;5.30;0.97
18TL02005_006;STN27;47.5467;-52.5867;254942;100;04-may-02;22:57:00;100.4;32.77;1;343.4323;4;-1.44;1;0.43;1;6.06;1;1;1;7.24;1;6;6.06;0.84
18TL02005_006;STN27;47.5467;-52.5867;254941;149;04-may-02;22:57:00;150.53;32.95;1;325.1219;4;-1.23;1;NaN;9;7.28;1;1.35;1;10.01;1;6;5.39;0.73
18TL02005_006;STN27;47.5467;-52.5867;254940;165;04-may-02;22:57:00;166.43;33.01;1;318.4229;4;-1.09;1;NaN;9;9.93;1;1.83;1;13.95;1;6;5.43;0.71
18TL02005_007;AC-03;47.455;-52.6267;254950;149;05-may-02;00:49:00;150.58;32.9;1;331.8208;4;-1.33;1;NaN;9;NaN;9;NaN;9;NaN;9;6;NaN;NaN
18TL02005_008;AC-04;47.3733;-52.6417;254959;5;05-may-02;02:01:00;4.88;32.51;1;367.5485;4;-0.49;1;3.54;1;1.47;1;0.9;1;1.06;1;6;1.63;1.39
18TL02005_008;AC-04;47.3733;-52.6417;254958;10;05-may-02;02:01:00;10.01;32.51;1;367.5485;4;-0.48;1;3.75;1;1.16;1;0.8;1;1.26;1;6;1.45;0.92
18TL02005_008;AC-04;47.3733;-52.6417;254957;19;05-may-02;02:01:00;19.02;32.51;1;367.9951;4;-0.48;1;3.83;1;1.56;1;0.8;1;1.33;1;6;1.95;1.17
18TL02005_008;AC-04;47.3733;-52.6417;254956;29;05-may-02;02:01:00;29.68;32.52;1;366.6553;4;-0.52;1;3.48;1;1.31;1;0.97;1;1.6;1;6;1.35;0.82
18TL02005_008;AC-04;47.3733;-52.6417;254955;39;05-may-02;02:01:00;39.76;32.53;1;366.2087;4;-0.54;1;3.16;1;1.73;1;0.86;1;1.59;1;6;2.01;1.09
18TL02005_008;AC-04;47.3733;-52.6417;254954;49;05-may-02;02:01:00;49.61;32.53;1;365.3155;4;-0.56;1;3.64;1;1.65;1;0.94;1;1.62;1;6;1.76;1.02
18TL02005_008;AC-04;47.3733;-52.6417;254953;74;05-may-02;02:01:00;75;32.64;1;354.1506;4;-1.15;1;1.9;1;4.58;1;1.28;1;4.32;1;6;3.58;1.06
18TL02005_008;AC-04;47.3733;-52.6417;254952;99;05-may-02;02:01:00;100.24;32.8;1;340.3062;4;-1.27;1;0.9;1;6.31;1;1.32;1;8.05;1;6;4.78;0.78
18TL02005_008;AC-04;47.3733;-52.6417;254951;133;05-may-02;02:01:00;134.07;32.89;1;325.5685;4;-1.14;1;NaN;9;7.56;1;1.51;1;11.53;1;6;5.01;0.66
18TL02005_009;AC-05;47.3033;-52.715;254960;130;05-may-02;03:32:00;130.71;32.74;1;347.0051;4;-1.26;1;NaN;9;NaN;9;NaN;9;NaN;9;6;NaN;NaN
18TL02005_010;AC-06;47.2167;-52.7467;254969;4;05-may-02;04:28:00;4.45;32.45;1;375.1406;4;-0.06;1;5.27;1;0;1;0.73;1;0.45;1;6;0.00;0.00
18TL02005_010;AC-06;47.2167;-52.7467;254968;10;05-may-02;04:28:00;9.78;32.45;1;375.5872;4;-0.05;1;5.22;1;0.03;1;0.91;1;0.45;1;6;0.03;0.07
18TL02005_010;AC-06;47.2167;-52.7467;254967;20;05-may-02;04:28:00;19.86;32.45;1;375.5872;4;-0.05;1;5.51;1;0.03;1;0.69;1;0.29;1;6;0.04;0.10
18TL02005_010;AC-06;47.2167;-52.7467;254966;30;05-may-02;04:28:00;29.92;32.45;1;372.9077;4;-0.13;1;5.6;1;0.33;1;0.7;1;0.43;1;6;0.47;0.77
18TL02005_010;AC-06;47.2167;-52.7467;254965;39;05-may-02;04:28:00;39.78;32.46;1;372.4611;4;-0.2;1;5.46;1;0.3;1;0.76;1;0.48;1;6;0.39;0.63
18TL02005_010;AC-06;47.2167;-52.7467;254964;49;05-may-02;04:28:00;49.86;32.47;1;372.4611;4;-0.22;1;5.12;1;0.14;1;0.72;1;0.52;1;6;0.19;0.27
18TL02005_010;AC-06;47.2167;-52.7467;254963;75;05-may-02;04:28:00;75.91;32.64;1;359.9564;4;-1.08;1;1.35;1;5.01;1;1.03;1;3.78;1;6;4.86;1.33
18TL02005_010;AC-06;47.2167;-52.7467;254962;99;05-may-02;04:28:00;100.22;32.68;1;356.3836;4;-1.18;1;0.88;1;4.53;1;1.08;1;4.63;1;6;4.19;0.98
18TL02005_010;AC-06;47.2167;-52.7467;254961;117;05-may-02;04:28:00;117.5;32.79;1;346.1119;4;-1.23;1;NaN;9;5.7;1;1.27;1;7.95;1;6;4.49;0.72
18TL02005_011;STN27;47.5467;-52.5867;-29;0;05-may-02;08:19:00;0;NaN;9;NaN;9;NaN;9;NaN;9;NaN;9;NaN;9;NaN;9;0;NaN;NaN
18TL02005_011;STN27;47.5467;-52.5867;254970;10;05-may-02;08:19:00;10.03;32.39;1;378.2668;4;0.37;1;NaN;9;NaN;9;NaN;9;NaN;9;6;NaN;NaN
