CTD;CTD;CTD;CTD;CTD;CTD;CTD;CTD;CTD;CTD;CTD;labo;labo;labo;CTD;labo;labo;labo;labo;labo;labo;labo;labo;labo;labo;labo;labo;labo;labo;labo;labo;labo;calc;calc
Fichier;Station;Latitude;Longitude;Echantillon;zbouteille;Date;Heure;PSAL;TE90;DOXY;OXYM_01;CHL_01;CHL_03;FLOR;CHL_XX;Q_CHL;NO2_01;Q_NO2;NOx_01;Q_NOX;NOx_01;Q_NOX;PO4_01;Q_PO4;PO4_01;Q_PO4;Si_01;Q_Si;Si_01;Q_Si;QCFF;N_P;N_Si
(nom);(nom/no);(degres);(degres);(no_unique);(dbar);(jj-mmm-yyyy);(GMT);(psu);(celsius);(ml/l);(mmol/m**3);(mg/m**3);(mg/m**3);(mg/m**3);(mg/m**3);((none));(mmol/m**3);((none));(mmol/m**3);((none));(mmol/m**3);((none));(mmol/m**3);((none));(mmol/m**3);((none));(mmol/m**3);((none));(mmol/m**3);((none));((none));((none));((none))
18HU01064_588;11;46.95317;-60.21533;247006;2.58;29-nov-01;12:44:00;30.36;5.13;325.16946;318.91706;1.155;0.78;2.024;NaN;1;0.14;1;2.70333;1;NaN;9;0.56;1;NaN;9;4.59333;1;NaN;9;6;4.83;0.59
18HU01064_588;11;46.95317;-60.21533;247005;5.65;29-nov-01;12:44:00;30.36;5.12;325.21412;319.27434;1.53;1;1.974;NaN;7;0.145;1;2.71333;1;NaN;9;0.57;1;NaN;9;4.565;1;NaN;9;134;4.76;0.59
18HU01064_588;11;46.95317;-60.21533;247004;14.58;29-nov-01;12:44:00;30.38;5.12;324.81218;318.82774;1.035;0.69;2.157;NaN;1;0.14;1;2.68667;1;NaN;9;0.565;1;NaN;9;4.61333;1;NaN;9;6;4.76;0.58
18HU01064_588;11;46.95317;-60.21533;247003;28.06;29-nov-01;12:44:00;30.56;4.85;324.4549;318.6491;1.005;0.805;1.833;NaN;1;0.145;1;2.55333;1;NaN;9;0.595;1;NaN;9;4.61;1;NaN;9;6;4.29;0.55
18HU01064_588;11;46.95317;-60.21533;247002;49.38;29-nov-01;12:44:00;31.24;4.03;327.93838;323.51704;0.765;0.63;1.362;NaN;1;0.15;1;3.29667;1;NaN;9;0.635;1;NaN;9;4.36667;1;NaN;9;6;5.19;0.75
18HU01064_588;11;46.95317;-60.21533;247001;77.64;29-nov-01;12:44:00;31.88;2.84;314.853;312.78375;NaN;NaN;0.797;NaN;9;0.12;1;5.39;1;NaN;9;0.79;1;NaN;9;6.34667;1;NaN;9;6;6.82;0.85
18HU01064_589;21;47.02533;-60.11317;247013;4.36;29-nov-01;14:15:00;31.25;3.92;333.43156;328.87624;1.38;1.055;2.159;NaN;1;0.12667;1;3.03667;1;NaN;9;0.895;1;NaN;9;4.275;1;NaN;9;6;3.39;0.71
18HU01064_589;21;47.02533;-60.11317;247012;4.86;29-nov-01;14:15:00;31.26;3.93;333.3869;329.45682;1.455;1.075;2.137;NaN;1;0.145;1;2.975;1;NaN;9;0.65;1;NaN;9;4.18667;1;NaN;9;6;4.58;0.71
18HU01064_589;21;47.02533;-60.11317;247011;15.37;29-nov-01;14:15:00;31.33;4.04;331.3772;329.50148;1.545;1.16;2.463;NaN;1;0.135;1;2.73667;1;NaN;9;0.615;1;NaN;9;3.92667;1;NaN;9;6;4.45;0.70
18HU01064_589;21;47.02533;-60.11317;247010;25.19;29-nov-01;14:15:00;31.56;4.41;332.62768;326.73256;1.11;0.855;2.004;NaN;1;0.095;1;1.63;1;NaN;9;0.555;1;NaN;9;1.87;1;NaN;9;6;2.94;0.87
18HU01064_589;21;47.02533;-60.11317;247009;50.57;29-nov-01;14:15:00;31.9;4.28;321.95394;317.7559;0.32;0.22;0.708;NaN;1;0.175;1;3.02333;1;NaN;9;0.6;1;NaN;9;2.74;1;NaN;9;6;5.04;1.10
18HU01064_589;21;47.02533;-60.11317;247008;99.54;29-nov-01;14:15:00;32.75;1.31;312.12874;309.62778;0.09;0.055;0.285;NaN;1;0.025;1;7.61667;1;NaN;9;0.92;1;NaN;9;6.69667;1;NaN;9;6;8.28;1.14
18HU01064_589;21;47.02533;-60.11317;247007;181.9;29-nov-01;14:15:00;33.31;2.63;259.60858;258.46231;NaN;NaN;0.585;NaN;9;0.04;1;11.74;1;NaN;9;1.105;1;NaN;9;11.91667;1;NaN;9;6;10.62;0.99
18HU01064_590;31;47.09717;-59.9925;247021;5.65;29-nov-01;15:46:00;31.57;4.25;333.96748;329.1442;0.835;0.74;2.159;NaN;1;0.11;1;1.87667;1;NaN;9;0.525;1;NaN;9;2.215;1;NaN;9;6;3.57;0.85
18HU01064_590;31;47.09717;-59.9925;247020;14.68;29-nov-01;15:46:00;31.57;4.25;334.36942;330.08206;0.82;0.73;2.351;NaN;1;0.11;1;1.91;1;NaN;9;0.515;1;NaN;9;2.35;1;NaN;9;6;3.71;0.81
18HU01064_590;31;47.09717;-59.9925;247019;24.39;29-nov-01;15:46:00;31.57;4.25;333.87816;328.16168;0.855;0.715;2.247;NaN;1;0.11;1;1.91;1;NaN;9;0.53;1;NaN;9;2.415;1;NaN;9;6;3.60;0.79
18HU01064_590;31;47.09717;-59.9925;247018;48.88;29-nov-01;15:46:00;31.86;3.88;322.84714;317.26464;0.265;0.17;0.915;NaN;1;0.14;1;4.02333;1;NaN;9;0.7;1;NaN;9;3.705;1;NaN;9;6;5.75;1.09
18HU01064_590;31;47.09717;-59.9925;247017;99.24;29-nov-01;15:46:00;32.84;1.47;307.9307;320.25686;0.03;0.03;0.345;NaN;1;0.015;1;6.76;1;NaN;9;0.915;1;NaN;9;5.09;1;NaN;9;6;7.39;1.33
18HU01064_590;31;47.09717;-59.9925;247016;198.04;29-nov-01;15:46:00;34.23;5.48;191.99334;184.53512;NaN;NaN;0.412;NaN;9;0.005;1;16.8475;1;NaN;9;1.425;1;NaN;9;16.97;1;NaN;9;6;11.82;0.99
18HU01064_590;31;47.09717;-59.9925;247015;298.48;29-nov-01;15:46:00;34.73;5.6;166.04588;161.53522;NaN;NaN;0.212;NaN;9;0.02;1;20.21;1;NaN;9;1.665;1;NaN;9;24.84;1;NaN;9;6;12.14;0.81
18HU01064_590;31;47.09717;-59.9925;247014;324.72;29-nov-01;15:46:00;34.77;5.4;166.17986;163.57469;NaN;NaN;0.435;NaN;9;0.04;1;20.31;1;NaN;9;1.75;1;NaN;9;28.11667;1;NaN;9;6;11.61;0.72
18HU01064_591;41;47.2705;-59.77933;247031;3.47;29-nov-01;19:41:00;31.82;4.68;330.75196;325.5714;0.915;0.8;2.163;NaN;1;0.155;1;1.98;1;NaN;9;0.505;1;NaN;9;2.41;1;NaN;9;6;3.92;0.82
18HU01064_591;41;47.2705;-59.77933;247030;5.16;29-nov-01;19:41:00;31.82;4.68;330.39468;324.85684;0.84;0.72;2.143;NaN;1;0.165;1;1.98333;1;NaN;9;0.51;1;NaN;9;2.34;1;NaN;9;6;3.89;0.85
18HU01064_591;41;47.2705;-59.77933;247029;15.07;29-nov-01;19:41:00;31.82;4.69;330.30536;325.39276;0.975;0.81;2.041;NaN;1;0.15;1;1.99333;1;NaN;9;0.49;1;NaN;9;2.40333;1;NaN;9;6;4.07;0.83
18HU01064_591;41;47.2705;-59.77933;247028;24.69;29-nov-01;19:41:00;31.82;4.69;330.21604;324.99082;0.87;0.755;1.977;NaN;1;0.15;1;2.04333;1;NaN;9;0.51;1;NaN;9;2.52333;1;NaN;9;6;4.01;0.81
18HU01064_591;41;47.2705;-59.77933;247027;48.78;29-nov-01;19:41:00;32.46;1.78;325.70538;326.86654;0.06;0.06;0.129;NaN;1;0.03;1;5.18667;1;NaN;9;0.81;1;NaN;9;4.24;1;NaN;9;6;6.40;1.22
18HU01064_591;41;47.2705;-59.77933;247026;98.35;29-nov-01;19:41:00;32.84;0.81;318.2025;314.58504;0.03;0.04;0.245;NaN;1;0.015;1;7.43333;1;NaN;9;0.97;1;NaN;9;7.005;1;NaN;9;6;7.66;1.06
18HU01064_591;41;47.2705;-59.77933;247025;197.94;29-nov-01;19:41:00;34.32;5.88;191.54674;179.9798;NaN;NaN;0.201;NaN;9;0.02;1;16.93333;1;NaN;9;1.445;1;NaN;9;17.24;1;NaN;9;6;11.72;0.98
18HU01064_591;41;47.2705;-59.77933;247024;297.78;29-nov-01;19:41:00;34.71;5.63;165.55462;162.20512;NaN;NaN;0.112;NaN;9;0;1;20.3925;1;NaN;9;1.685;1;NaN;9;23.89;1;NaN;9;6;12.10;0.85
18HU01064_591;41;47.2705;-59.77933;247023;395.3;29-nov-01;19:41:00;34.83;5.15;178.55068;176.407;NaN;NaN;0.142;NaN;9;0.015;1;19.9;1;NaN;9;1.68;1;NaN;9;28.95;1;NaN;9;6;11.85;0.69
18HU01064_591;41;47.2705;-59.77933;247022;458.73;29-nov-01;19:41:00;34.84;5.1;183.37396;179.96491;NaN;NaN;0.152;NaN;9;0.015;1;19.55333;1;NaN;9;1.65;1;NaN;9;29.885;1;NaN;9;6;11.85;0.65
18HU01064_592;51;47.43267;-59.558;247041;3.37;29-nov-01;22:08:00;31.77;5.45;324.2316;319.22968;0.87;0.945;2.17;NaN;1;0.145;1;1.94;1;NaN;9;0.49;1;NaN;9;1.8;1;NaN;9;6;3.96;1.08
18HU01064_592;51;47.43267;-59.558;247040;5.26;29-nov-01;22:08:00;31.78;5.45;324.6782;318.96172;0.76;0.63;1.748;NaN;1;0.135;1;1.55333;1;NaN;9;0.46;1;NaN;9;1.87333;1;NaN;9;6;3.38;0.83
18HU01064_592;51;47.43267;-59.558;247039;15.17;29-nov-01;22:08:00;31.78;5.45;324.85684;318.47046;0.7;0.735;1.869;NaN;1;0.14;1;1.52667;1;NaN;9;0.45;1;NaN;9;1.82667;1;NaN;9;6;3.39;0.84
18HU01064_592;51;47.43267;-59.558;247038;25.29;29-nov-01;22:08:00;31.8;5.44;325.43742;319.94424;0.9;1.015;2.124;NaN;1;0.11;1;1.4825;1;NaN;9;0.515;1;NaN;9;1.76667;1;NaN;9;6;2.88;0.84
18HU01064_592;51;47.43267;-59.558;247037;50.27;29-nov-01;22:08:00;32.19;3.97;321.9986;319.319;0.25;0.185;0.573;NaN;1;0.105;1;3.32333;1;NaN;9;0.62;1;NaN;9;2.58;1;NaN;9;6;5.36;1.29
18HU01064_592;51;47.43267;-59.558;247036;99.74;29-nov-01;22:08:00;32.89;0.88;309.35982;311.59282;0.04;0.04;0.086;NaN;1;0.015;1;7.59333;1;NaN;9;0.985;1;NaN;9;6.84667;1;NaN;9;6;7.71;1.11
18HU01064_592;51;47.43267;-59.558;247035;199.23;29-nov-01;22:08:00;34.47;6.43;185.69628;179.04194;NaN;NaN;0.133;NaN;9;0.015;1;17.02;1;NaN;9;1.37;1;NaN;9;15.785;1;NaN;9;6;12.42;1.08
18HU01064_592;51;47.43267;-59.558;247034;296.79;29-nov-01;22:08:00;34.73;5.74;165.50996;161.57988;NaN;NaN;0.198;NaN;9;0.015;1;19.71;1;NaN;9;1.575;1;NaN;9;23.225;1;NaN;9;6;12.51;0.85
18HU01064_592;51;47.43267;-59.558;247033;399.65;29-nov-01;22:08:00;34.84;5.11;182.16814;178.59534;NaN;NaN;0.208;NaN;9;0.015;1;19.30333;1;NaN;9;1.59;1;NaN;9;28.87;1;NaN;9;6;12.14;0.67
18HU01064_592;51;47.43267;-59.558;247032;467.73;29-nov-01;22:08:00;34.85;5.02;196.32536;192.88654;NaN;NaN;0.202;NaN;9;0.005;1;19.89667;1;NaN;9;1.54;1;NaN;9;26.22333;1;NaN;9;6;12.92;0.76
18HU01064_593;61;47.5855;-59.34433;247049;3.47;30-nov-01;00:45:00;31.61;5.41;321.7753;315.79086;0.705;0.665;1.618;NaN;1;0.165;1;1.73333;1;NaN;9;0.47;1;NaN;9;2.53667;1;NaN;9;6;3.69;0.68
18HU01064_593;61;47.5855;-59.34433;247048;5.35;30-nov-01;00:45:00;31.63;5.48;322.53452;315.43358;0.64;0.58;1.544;NaN;1;0.17;1;1.7725;1;NaN;9;0.51;1;NaN;9;2.38333;1;NaN;9;6;3.48;0.74
18HU01064_593;61;47.5855;-59.34433;247047;15.07;30-nov-01;00:45:00;31.68;5.37;321.23938;314.6297;0.495;0.475;1.247;NaN;1;0.17;1;2.03;1;NaN;9;0.535;1;NaN;9;2.71667;1;NaN;9;6;3.79;0.75
18HU01064_593;61;47.5855;-59.34433;247046;24.79;30-nov-01;00:45:00;31.73;5.49;320.48016;313.2899;0.565;0.53;0.707;NaN;1;0.17;1;2.0425;1;NaN;9;0.55;1;NaN;9;2.71667;1;NaN;9;6;3.71;0.75
18HU01064_593;61;47.5855;-59.34433;247045;50.17;30-nov-01;00:45:00;31.94;5.22;317.57726;311.23554;0.37;0.37;0.86;NaN;1;0.2;1;2.5;1;NaN;9;0.56;1;NaN;9;3.05333;1;NaN;9;6;4.46;0.82
18HU01064_593;61;47.5855;-59.34433;247044;100.13;30-nov-01;00:45:00;32.41;2.44;323.51704;322.8918;0.075;0.08;0.338;NaN;1;0.2;1;4.68;1;NaN;9;0.795;1;NaN;9;4.49667;1;NaN;9;6;5.89;1.04
18HU01064_593;61;47.5855;-59.34433;247043;198.63;30-nov-01;00:45:00;33.65;3.38;258.44742;243.8436;NaN;NaN;0.273;NaN;9;0.025;1;12.42667;1;NaN;9;1.19;1;NaN;9;12.32;1;NaN;9;6;10.44;1.01
18HU01064_593;61;47.5855;-59.34433;247042;254.1;30-nov-01;00:45:00;34.67;6;176.13904;169.75266;NaN;NaN;1.932;NaN;9;0.02;1;19.23667;1;NaN;9;1.49;1;NaN;9;20.32667;1;NaN;9;6;12.91;0.95
18HU01064_594;681;47.8295;-64.2535;247316;3.07;06-dec-01;10:32:00;30.05;3.05;336.87038;337.45096;1.395;1.105;1.704;NaN;1;0.185;1;3.85;1;NaN;9;0.675;1;NaN;9;3.9425;1;NaN;9;6;5.70;0.98
18HU01064_594;681;47.8295;-64.2535;247315;5.95;06-dec-01;10:32:00;30.05;3.06;336.46844;337.36164;1.47;1.1;1.908;NaN;1;0.185;1;3.9025;1;NaN;9;0.685;1;NaN;9;3.98;1;NaN;9;6;5.70;0.98
18HU01064_594;681;47.8295;-64.2535;247314;15.27;06-dec-01;10:32:00;30.03;3.05;336.78106;NaN;1.41;1.075;2.004;NaN;1;0.18;1;3.8825;1;NaN;9;0.69;1;NaN;9;3.8225;1;NaN;9;0;5.63;1.02
18HU01064_594;681;47.8295;-64.2535;247313;25.58;06-dec-01;10:32:00;30.14;3.27;331.64516;332.31506;0.81;0.65;1.346;NaN;1;0.185;1;3.78667;1;NaN;9;0.69;1;NaN;9;4.55;1;NaN;9;6;5.49;0.83
18HU01064_594;681;47.8295;-64.2535;247312;36.09;06-dec-01;10:32:00;30.49;3.63;315.21028;314.97209;0.31;0.205;0.716;NaN;1;0.21;1;4.46333;1;NaN;9;0.805;1;NaN;9;6.515;1;NaN;9;6;5.54;0.69
18HU01064_595;691;47.7395;-63.99817;247322;2.97;06-dec-01;12:05:00;29.9;3.46;335.21796;335.6199;0.885;0.685;1.334;NaN;1;0.16;1;2.44;1;NaN;9;0.55;1;NaN;9;2.6475;1;NaN;9;6;4.44;0.92
18HU01064_595;691;47.7395;-63.99817;247321;5.55;06-dec-01;12:05:00;29.91;3.46;335.21796;334.7267;0.96;0.7;1.308;NaN;1;0.16;1;2.534;1;NaN;9;0.56;1;NaN;9;2.7825;1;NaN;9;6;4.52;0.91
18HU01064_595;691;47.7395;-63.99817;247320;14.97;06-dec-01;12:05:00;29.96;3.5;335.03932;333.78884;0.96;0.72;1.208;NaN;1;0.165;1;2.36;1;NaN;9;0.575;1;NaN;9;2.9;1;NaN;9;6;4.10;0.81
18HU01064_595;691;47.7395;-63.99817;247319;25.38;06-dec-01;12:05:00;30.27;3.23;334.14612;334.90534;0.945;0.73;1.407;NaN;1;0.2;1;4.0225;1;NaN;9;0.705;1;NaN;9;4.3075;1;NaN;9;6;5.71;0.93
18HU01064_595;691;47.7395;-63.99817;247318;50.17;06-dec-01;12:05:00;30.87;3.11;325.5714;321.28404;0.375;0.255;0.686;NaN;1;0.175;1;4.7325;1;NaN;9;0.725;1;NaN;9;4.655;1;NaN;9;6;6.53;1.02
18HU01064_595;691;47.7395;-63.99817;247317;72.28;06-dec-01;12:05:00;31.91;1.66;248.7562;243.78405;0.265;0.21;0.508;NaN;1;0.15;1;12.16;1;NaN;9;1.45;1;NaN;9;19.55;1;NaN;9;6;8.39;0.62
18HU01064_596;701;47.66;-63.74883;247328;2.18;06-dec-01;13:30:00;30.4;2.96;338.43348;338.9694;1.125;0.81;1.648;NaN;1;0.185;1;4.22333;1;NaN;9;0.675;1;NaN;9;4.55333;1;NaN;9;6;6.26;0.93
18HU01064_596;701;47.66;-63.74883;247327;5.26;06-dec-01;13:30:00;30.4;2.95;338.56746;339.72862;1.185;0.84;2.199;NaN;1;0.19;1;3.72;1;NaN;9;0.67;1;NaN;9;4.22667;1;NaN;9;6;5.55;0.88
18HU01064_596;701;47.66;-63.74883;247326;14.87;06-dec-01;13:30:00;30.53;3;338.79076;338.61212;1.11;0.79;1.849;NaN;1;0.185;1;4.0625;1;NaN;9;0.615;1;NaN;9;4.02;1;NaN;9;6;6.61;1.01
18HU01064_596;701;47.66;-63.74883;247325;25.09;06-dec-01;13:30:00;30.78;3.22;334.90534;335.30728;0.705;0.49;1.285;NaN;1;0.18;1;3.595;1;NaN;9;0.66;1;NaN;9;3.3325;1;NaN;9;6;5.45;1.08
18HU01064_596;701;47.66;-63.74883;247324;49.48;06-dec-01;13:30:00;31.44;2.68;304.08994;295.38124;0.19;0.11;0.701;NaN;1;0.07;1;7.74667;1;NaN;9;0.91;1;NaN;9;8.4925;1;NaN;9;6;8.51;0.91
18HU01064_596;701;47.66;-63.74883;247323;57.31;06-dec-01;13:30:00;31.7;1.92;278.32112;274.71855;0.17;0.1;0.398;NaN;1;0.03;1;9.665;1;NaN;9;1.115;1;NaN;9;13.115;1;NaN;9;6;8.67;0.74
18HU01064_597;711;47.50267;-63.25;247334;2.78;06-dec-01;15:48:00;30.32;3.3;338.0762;337.49562;1;0.645;1.973;NaN;1;0.185;1;4.17;1;NaN;9;0.7;1;NaN;9;4.1;1;NaN;9;6;5.96;1.02
18HU01064_597;711;47.50267;-63.25;247333;5.55;06-dec-01;15:48:00;30.32;3.3;337.98688;336.02184;0.96;0.77;1.921;NaN;1;0.2;1;3.34;1;NaN;9;0.715;1;NaN;9;4.3;1;NaN;9;6;4.67;0.78
18HU01064_597;711;47.50267;-63.25;247332;14.48;06-dec-01;15:48:00;30.42;3.57;337.4063;335.21796;0.865;0.7;1.576;NaN;1;0.195;1;4.26333;1;NaN;9;0.725;1;NaN;9;4.61;1;NaN;9;6;5.88;0.92
18HU01064_597;711;47.50267;-63.25;247331;24.19;06-dec-01;15:48:00;30.55;3.95;332.98496;329.63546;0.515;0.4;1.127;NaN;1;0.17;1;3.82667;1;NaN;9;0.68;1;NaN;9;4.89;1;NaN;9;6;5.63;0.78
18HU01064_597;711;47.50267;-63.25;247330;49.87;06-dec-01;15:48:00;31.38;1.13;257.0183;229.86502;0.115;0.09;0.448;NaN;1;0.03;1;12.64;1;NaN;9;1.5;1;NaN;9;23.27;1;NaN;9;6;8.43;0.54
18HU01064_597;711;47.50267;-63.25;247329;76.14;06-dec-01;15:48:00;31.83;0.62;223.79126;222.67476;0.185;0.17;0.707;NaN;1;0.05;1;13.51667;1;NaN;9;1.565;1;NaN;9;25.66;1;NaN;9;6;8.64;0.53
18HU01064_598;721;47.3295;-62.74983;247339;2.68;06-dec-01;18:03:00;30.39;3.29;336.91504;336.91504;0.615;0.505;1.638;NaN;1;0.195;1;4.052;1;NaN;9;0.665;1;NaN;9;4.09333;1;NaN;9;6;6.09;0.99
18HU01064_598;721;47.3295;-62.74983;247338;5.55;06-dec-01;18:03:00;30.39;3.29;336.91504;337.45096;0.855;0.67;1.986;NaN;1;0.185;1;3.966;1;NaN;9;0.69;1;NaN;9;3.99333;1;NaN;9;6;5.75;0.99
18HU01064_598;721;47.3295;-62.74983;247337;14.18;06-dec-01;18:03:00;30.39;3.29;337.49562;336.82572;0.675;0.515;1.888;NaN;1;0.185;1;4.128;1;NaN;9;0.68;1;NaN;9;4.06667;1;NaN;9;6;6.07;1.02
18HU01064_598;721;47.3295;-62.74983;247336;24.39;06-dec-01;18:03:00;30.42;3.32;337.36164;334.41408;0.765;0.58;1.64;NaN;1;0.185;1;4.165;1;NaN;9;0.695;1;NaN;9;4;1;NaN;9;6;5.99;1.04
18HU01064_598;721;47.3295;-62.74983;247335;49.28;06-dec-01;18:03:00;31.29;2.28;278.49976;278.0085;0.18;0.13;0.643;NaN;1;0.195;1;9.11;1;NaN;9;1.1;1;NaN;9;12.64333;1;NaN;9;6;8.28;0.72
18HU01064_599;731;47.17117;-62.25117;247344;2.78;06-dec-01;20:14:00;30.83;3.64;325.39276;325.43742;0.605;0.475;1.464;NaN;1;0.195;1;4.905;1;NaN;9;0.775;1;NaN;9;7.035;1;NaN;9;6;6.33;0.70
18HU01064_599;731;47.17117;-62.25117;247343;5.06;06-dec-01;20:14:00;30.83;3.63;325.25878;325.61606;0.57;0.47;1.088;NaN;1;0.19;1;4.9525;1;NaN;9;0.775;1;NaN;9;6.88;1;NaN;9;6;6.39;0.72
18HU01064_599;731;47.17117;-62.25117;247342;14.87;06-dec-01;20:14:00;30.83;3.63;325.66072;325.30344;0.75;0.55;1.263;NaN;1;0.19;1;4.8525;1;NaN;9;0.765;1;NaN;9;7.115;1;NaN;9;6;6.34;0.68
18HU01064_599;731;47.17117;-62.25117;247341;24.99;06-dec-01;20:14:00;30.84;3.61;325.03548;324.14228;0.635;0.5;1.279;NaN;1;0.19;1;4.875;1;NaN;9;0.99;1;NaN;9;7.01;1;NaN;9;6;4.92;0.70
18HU01064_599;731;47.17117;-62.25117;247340;35.4;06-dec-01;20:14:00;30.86;3.59;322.71316;322.69827;0.355;0.3;1.239;NaN;1;0.2;1;4.935;1;NaN;9;0.805;1;NaN;9;7.13667;1;NaN;9;6;6.13;0.69
18HU01064_600;741;47.00167;-61.75117;247349;3.27;06-dec-01;22:32:00;29.87;5.64;321.7753;319.0957;7.77;4.105;8.161;NaN;7;0.1;1;2.0225;1;NaN;9;0.235;1;NaN;9;2.105;1;NaN;9;134;8.61;0.96
18HU01064_600;741;47.00167;-61.75117;247348;5.06;06-dec-01;22:32:00;29.87;5.64;321.95394;320.16754;7.585;3.88;8.313;NaN;7;0.09;1;1.9125;1;NaN;9;0.225;1;NaN;9;1.84;1;NaN;9;134;8.50;1.04
18HU01064_600;741;47.00167;-61.75117;247347;16.16;06-dec-01;22:32:00;30.18;5;319.49764;319.319;3.925;2.41;4.591;NaN;7;0.12;1;3.08;1;NaN;9;0.43;1;NaN;9;3.95;1;NaN;9;134;7.16;0.78
18HU01064_600;741;47.00167;-61.75117;247346;25.68;06-dec-01;22:32:00;30.42;4.47;319.89958;319.18502;2.59;1.655;2.956;NaN;7;0.14;1;3.9775;1;NaN;9;0.58;1;NaN;9;5.47;1;NaN;9;134;6.86;0.73
18HU01064_600;741;47.00167;-61.75117;247345;32.13;06-dec-01;22:32:00;30.57;4.14;318.2025;317.47305;1.14;0.83;1.617;NaN;1;0.135;1;4.06;1;NaN;9;0.665;1;NaN;9;5.545;1;NaN;9;6;6.11;0.73
18HU01064_601;751;46.9025;-61.49883;247354;2.48;06-dec-01;23:53:00;30.44;4.32;328.4743;328.42964;2.065;1.27;2.509;NaN;7;0.155;1;3.875;1;NaN;9;0.54;1;NaN;9;4.795;1;NaN;9;134;7.18;0.81
18HU01064_601;751;46.9025;-61.49883;247353;6.25;06-dec-01;23:53:00;30.45;4.28;329.05488;328.60828;2.005;1.275;2.787;NaN;7;0.155;1;3.9025;1;NaN;9;0.55;1;NaN;9;4.6;1;NaN;9;134;7.10;0.85
18HU01064_601;751;46.9025;-61.49883;247352;15.97;06-dec-01;23:53:00;30.47;4.23;329.32284;329.05488;1.705;1.075;2.723;NaN;7;0.155;1;3.945;1;NaN;9;0.535;1;NaN;9;4.675;1;NaN;9;134;7.37;0.84
18HU01064_601;751;46.9025;-61.49883;247351;25.58;06-dec-01;23:53:00;30.5;4.2;328.0277;328.4743;1.545;0.97;2.399;NaN;7;0.155;1;4.0425;1;NaN;9;0.555;1;NaN;9;4.81;1;NaN;9;134;7.28;0.84
18HU01064_601;751;46.9025;-61.49883;247350;47.5;06-dec-01;23:53:00;31.13;3.37;289.21816;288.84599;0.395;0.355;0.686;NaN;1;0.205;1;7.5125;1;NaN;9;1;1;NaN;9;11.82;1;NaN;9;6;7.51;0.64
18HU01064_602;761;46.82933;-61.24883;247359;2.48;07-dec-01;01:04:00;29.65;6.17;319.0957;316.8627;3.66;2.965;4.726;NaN;7;0.1;1;1.5175;1;NaN;9;0.235;1;NaN;9;2.205;1;NaN;9;134;6.46;0.69
18HU01064_602;761;46.82933;-61.24883;247358;6.05;07-dec-01;01:04:00;29.65;6.17;319.45298;316.81804;4.13;2.805;4.734;NaN;7;0.085;1;1.5575;1;NaN;9;0.245;1;NaN;9;1.7;1;NaN;9;134;6.36;0.92
18HU01064_602;761;46.82933;-61.24883;247357;15.37;07-dec-01;01:04:00;29.65;6.16;319.00638;316.81804;4.16;2.83;4.735;NaN;7;0.1;1;1.6375;1;NaN;9;0.275;1;NaN;9;1.905;1;NaN;9;134;5.95;0.86
18HU01064_602;761;46.82933;-61.24883;247356;24.99;07-dec-01;01:04:00;29.66;6.13;318.91706;316.6394;4.07;2.69;4.438;NaN;7;0.1;1;1.635;1;NaN;9;0.27;1;NaN;9;2.23;1;NaN;9;134;6.06;0.73
18HU01064_602;761;46.82933;-61.24883;247355;57.51;07-dec-01;01:04:00;31.32;3.24;290.29;293.17801;0.385;0.35;0.711;NaN;1;0.175;1;7.5;1;NaN;9;0.97;1;NaN;9;11.385;1;NaN;9;6;7.73;0.66
18HU01064_603;771;46.74367;-60.99983;247364;3.07;07-dec-01;02:27:00;29.64;6.17;318.24716;316.6394;3.89;2.545;4.726;NaN;7;0.105;1;1.6075;1;NaN;9;0.235;1;NaN;9;1.915;1;NaN;9;134;6.84;0.84
18HU01064_603;771;46.74367;-60.99983;247363;5.06;07-dec-01;02:27:00;29.64;6.17;318.02386;316.01416;3.98;2.575;4.765;NaN;7;0.1;1;1.58;1;NaN;9;0.23;1;NaN;9;1.625;1;NaN;9;134;6.87;0.97
18HU01064_603;771;46.74367;-60.99983;247362;15.27;07-dec-01;02:27:00;29.64;6.17;318.91706;533.95496;3.655;2.48;4.622;NaN;7;0.1;1;1.55;1;NaN;9;0.23;1;NaN;9;1.61;1;NaN;9;134;6.74;0.96
18HU01064_603;771;46.74367;-60.99983;247361;24.89;07-dec-01;02:27:00;29.66;6.12;318.82774;316.90736;3.39;2.335;4.024;NaN;7;0.1;1;1.62;1;NaN;9;0.275;1;NaN;9;1.66;1;NaN;9;134;5.89;0.98
18HU01064_603;771;46.74367;-60.99983;247360;56.12;07-dec-01;02:27:00;31.41;3.31;284.12692;285.67513;0.21;0.165;0.527;NaN;1;0.18;1;7.505;1;NaN;9;1.02;1;NaN;9;10.745;1;NaN;9;6;7.36;0.70
18HU01064_117;HL2;44.26667;-63.31667;188533;4;08-dec-01;11:22:00;NaN;NaN;NaN;NaN;NaN;NaN;NaN;0.62375;9;NaN;9;NaN;9;1.607;1;NaN;9;0.9615;1;NaN;9;2.6395;1;0;1.67;0.61
18HU01064_117;HL2;44.26667;-63.31667;188532;6;08-dec-01;11:22:00;NaN;NaN;NaN;NaN;NaN;NaN;NaN;0.60593;9;NaN;9;NaN;9;1.6155;1;NaN;9;1.196;1;NaN;9;2.7215;1;0;1.35;0.59
18HU01064_117;HL2;44.26667;-63.31667;188531;10;08-dec-01;11:22:00;NaN;NaN;NaN;NaN;NaN;NaN;NaN;0.6594;9;NaN;9;NaN;9;1.6145;1;NaN;9;0.858;1;NaN;9;2.572;1;0;1.88;0.63
18HU01064_117;HL2;44.26667;-63.31667;188530;20;08-dec-01;11:22:00;NaN;NaN;NaN;NaN;NaN;NaN;NaN;0.64158;9;NaN;9;NaN;9;1.6225;1;NaN;9;0.8735;1;NaN;9;2.5905;1;0;1.86;0.63
18HU01064_117;HL2;44.26667;-63.31667;188529;30;08-dec-01;11:22:00;NaN;NaN;NaN;NaN;NaN;NaN;NaN;0.64158;9;NaN;9;NaN;9;1.639;1;NaN;9;0.8845;1;NaN;9;2.609;1;0;1.85;0.63
18HU01064_117;HL2;44.26667;-63.31667;188528;40;08-dec-01;11:22:00;NaN;NaN;NaN;NaN;NaN;NaN;NaN;0.64158;9;NaN;9;NaN;9;3.669;1;NaN;9;1.0895;1;NaN;9;4.9135;1;0;3.37;0.75
18HU01064_117;HL2;44.26667;-63.31667;188527;50;08-dec-01;11:22:00;NaN;NaN;NaN;NaN;NaN;NaN;NaN;0.16476;9;NaN;9;NaN;9;4.779;1;NaN;9;1.15;1;NaN;9;4.7115;1;0;4.16;1.01
18HU01064_117;HL2;44.26667;-63.31667;188526;75;08-dec-01;11:22:00;NaN;NaN;NaN;NaN;NaN;NaN;NaN;0.09567;9;NaN;9;NaN;9;1.638;1;NaN;9;0.968;1;NaN;9;2.6175;1;0;1.69;0.63
18HU01064_117;HL2;44.26667;-63.31667;188525;100;08-dec-01;11:22:00;NaN;NaN;NaN;NaN;NaN;NaN;NaN;0.0248;9;NaN;9;NaN;9;10.639;1;NaN;9;1.5215;2;NaN;9;11.8025;1;2048;6.99;0.90
18HU01064_117;HL2;44.26667;-63.31667;188524;143;08-dec-01;11:22:00;NaN;NaN;NaN;NaN;NaN;NaN;NaN;0.01594;9;NaN;9;NaN;9;15.2215;1;NaN;9;1.685;1;NaN;9;16.9165;1;0;9.03;0.90
