CTD;CTD;CTD;CTD;CTD;CTD;CTD;CTD;CTD;CTD;labo;labo;labo;labo;labo;calc;calc
Fichier;Station;Latitude;Longitude;Echantillon;zbouteille;Date;Heure;PRES;TEMP_XX;PSAL_BS;Q_PSAL;OXYM_01;Q_OXYM;QCFF;N_P;N_Si
(nom);(nom/no);(degres);(degres);(no_unique);(dbar);(jj-mmm-yyyy);(GMT);(dbar);(celsius);(PSU);((none));(mmol/m**3);((none));((none));((none));((none))
85004_002;1;41.075;-60.9417;21;11;03-apr-85;17:58:00;11;17.076;NaN;9;NaN;9;0;NaN;NaN
85004_002;1;41.075;-60.9417;20;102;03-apr-85;17:55:00;103;17.1535;36.371;1;233.5718;4;6;NaN;NaN
85004_002;1;41.075;-60.9417;19;201;03-apr-85;17:52:00;203;16.225;36.388;1;236.2514;4;6;NaN;NaN
85004_002;1;41.075;-60.9417;18;301;03-apr-85;17:48:00;304;14.6265;36.182;1;225.0864;4;6;NaN;NaN
85004_002;1;41.075;-60.9417;17;400;03-apr-85;17:40:00;404;13.0425;35.882;1;228.2126;4;6;NaN;NaN
85004_002;1;41.075;-60.9417;16;500;03-apr-85;17:37:00;505;10.4465;35.682;1;189.3584;4;6;NaN;NaN
85004_002;1;41.075;-60.9417;15;603;03-apr-85;17:33:00;609;7.9715;35.345;1;155.4168;4;6;NaN;NaN
85004_002;1;41.075;-60.9417;14;705;03-apr-85;17:29:00;712;6.15;35.127;1;180.873;4;6;NaN;NaN
85004_002;1;41.075;-60.9417;13;804;03-apr-85;17:21:00;812;5.287;35.035;1;216.601;4;6;NaN;NaN
85004_002;1;41.075;-60.9417;12;895;03-apr-85;17:19:00;904;4.8605;35.0115;1;247.4164;4;6;NaN;NaN
85004_002;1;41.075;-60.9417;11;996;03-apr-85;17:16:00;1006;4.525;34.978;1;260.3678;4;6;NaN;NaN
85004_002;1;41.075;-60.9417;10;1487;03-apr-85;17:08:00;1504;4.0475;34.979;1;273.3192;4;6;NaN;NaN
85004_002;1;41.075;-60.9417;9;1971;03-apr-85;16:59:00;1996;3.7315;34.976;1;280.4648;4;6;NaN;NaN
85004_002;1;41.075;-60.9417;8;2455;03-apr-85;16:51:00;2489;3.2825;35.005;1;282.6978;4;6;NaN;NaN
85004_002;1;41.075;-60.9417;7;2925;03-apr-85;16:42:00;2969;2.848;34.954;1;288.057;4;6;NaN;NaN
85004_002;1;41.075;-60.9417;6;3392;03-apr-85;16:33:00;3446;2.496;34.922;1;299.222;4;6;NaN;NaN
85004_002;1;41.075;-60.9417;5;3877;03-apr-85;16:22:00;3944;2.287;34.901;1;293.8628;4;6;NaN;NaN
85004_002;1;41.075;-60.9417;4;4060;03-apr-85;16:12:00;4132;2.257;34.898;1;294.3094;4;6;NaN;NaN
85004_002;1;41.075;-60.9417;3;4361;03-apr-85;16:03:00;4441;2.2395;34.892;1;293.8628;4;6;NaN;NaN
85004_002;1;41.075;-60.9417;1;4656;03-apr-85;15:46:00;4745;2.233;NaN;9;NaN;9;0;NaN;NaN
85004_002;1;41.075;-60.9417;2;4656;03-apr-85;15:46:00;4745;2.233;34.887;1;291.4065;4;6;NaN;NaN
85004_113;2;39.9983;-58.99;42;15;06-apr-85;03:30:00;15;11.988;35.209;1;262.1542;4;6;NaN;NaN
85004_113;2;39.9983;-58.99;41;105;06-apr-85;03:26:00;106;11.9925;35.217;1;261.261;4;6;NaN;NaN
85004_113;2;39.9983;-58.99;40;200;06-apr-85;03:23:00;202;12.94;35.557;1;207.2224;4;6;NaN;NaN
85004_113;2;39.9983;-58.99;39;305;06-apr-85;03:19:00;308;11.044;35.392;1;151.844;4;6;NaN;NaN
85004_113;2;39.9983;-58.99;38;404;06-apr-85;03:11:00;408;9.3645;35.212;1;154.5236;4;6;NaN;NaN
85004_113;2;39.9983;-58.99;37;495;06-apr-85;03:08:00;499;7.8055;35.041;1;204.0962;4;6;NaN;NaN
85004_113;2;39.9983;-58.99;36;588;06-apr-85;03:04:00;593;6.3765;35.104;1;177.7468;4;6;NaN;NaN
85004_113;2;39.9983;-58.99;35;678;06-apr-85;03:01:00;684;5.6265;35.02;1;231.3388;4;6;NaN;NaN
85004_113;2;39.9983;-58.99;34;779;06-apr-85;02:52:00;787;5.0865;35.024;1;255.4552;4;6;NaN;NaN
85004_113;2;39.9983;-58.99;33;839;06-apr-85;02:48:00;847;4.8585;35.0135;1;261.7076;4;6;NaN;NaN
85004_113;2;39.9983;-58.99;32;936;06-apr-85;02:44:00;945;4.629;35.005;1;273.3192;4;6;NaN;NaN
85004_113;2;39.9983;-58.99;31;1386;06-apr-85;02:36:00;1401;4.095;34.98;1;286.2706;4;6;NaN;NaN
85004_113;2;39.9983;-58.99;30;1803;06-apr-85;02:26:00;1825;3.8215;34.977;1;283.591;4;6;NaN;NaN
85004_113;2;39.9983;-58.99;29;2316;06-apr-85;02:12:00;2347;3.4195;34.969;1;295.6492;4;6;NaN;NaN
85004_113;2;39.9983;-58.99;28;2832;06-apr-85;02:02:00;2873;2.9575;34.943;1;296.989;4;6;NaN;NaN
85004_113;2;39.9983;-58.99;27;3294;06-apr-85;01:52:00;3346;2.613;34.925;1;308.154;4;6;NaN;NaN
85004_113;2;39.9983;-58.99;26;3828;06-apr-85;01:41:00;3893;2.3455;34.905;1;309.0472;4;6;NaN;NaN
85004_113;2;39.9983;-58.99;25;4074;06-apr-85;01:30:00;4145;2.3055;34.899;1;300.1152;4;6;NaN;NaN
85004_113;2;39.9983;-58.99;24;4396;06-apr-85;01:22:00;4477;2.282;34.896;1;298.1055;4;6;NaN;NaN
85004_113;2;39.9983;-58.99;23;4714;06-apr-85;01:14:00;4804;8.667;34.893;1;299.222;4;6;NaN;NaN
85004_113;2;39.9983;-58.99;22;5059;06-apr-85;01:04:00;5160;2.255;34.888;1;296.5424;4;6;NaN;NaN
85004_225;3;39.4917;-58.9733;63;7;06-apr-85;10:24:00;7;19.9875;36.554;1;224.6398;4;6;NaN;NaN
85004_225;3;39.4917;-58.9733;62;97;06-apr-85;10:21:00;98;18.911;36.5335;1;210.7952;4;6;NaN;NaN
85004_225;3;39.4917;-58.9733;61;173;06-apr-85;10:17:00;174;17.724;36.448;1;231.3388;4;6;NaN;NaN
85004_225;3;39.4917;-58.9733;60;291;06-apr-85;10:14:00;293;17.6079;36.427;1;230.4456;4;6;NaN;NaN
85004_225;3;39.4917;-58.9733;59;404;06-apr-85;10:06:00;407;15.5295;36.092;1;188.4652;4;6;NaN;NaN
85004_225;3;39.4917;-58.9733;58;506;06-apr-85;10:02:00;511;13.3895;35.749;1;168.3682;4;6;NaN;NaN
85004_225;3;39.4917;-58.9733;57;605;06-apr-85;09:59:00;611;11.6905;35.492;1;154.077;4;6;NaN;NaN
85004_225;3;39.4917;-58.9733;56;728;06-apr-85;09:56:00;735;10.2729;35.326;1;160.3294;4;6;NaN;NaN
85004_225;3;39.4917;-58.9733;55;840;06-apr-85;09:47:00;848;7.2129;35.091;1;189.3584;4;6;NaN;NaN
85004_225;3;39.4917;-58.9733;54;941;06-apr-85;09:43:00;950;5.647;35.006;1;226.8728;4;6;NaN;NaN
85004_225;3;39.4917;-58.9733;53;1129;06-apr-85;09:38:00;1141;4.826;35.007;1;257.6882;4;6;NaN;NaN
85004_225;3;39.4917;-58.9733;52;1492;06-apr-85;09:28:00;1509;4.174;34.989;1;274.659;4;6;NaN;NaN
85004_225;3;39.4917;-58.9733;51;1922;06-apr-85;09:13:00;1946;3.7895;34.979;1;276.4454;4;6;NaN;NaN
85004_225;3;39.4917;-58.9733;50;2490;06-apr-85;09:04:00;2524;3.412;34.97;1;282.6978;4;6;NaN;NaN
85004_225;3;39.4917;-58.9733;49;2944;06-apr-85;08:54:00;2988;3.048;34.949;1;284.9308;4;6;NaN;NaN
85004_225;3;39.4917;-58.9733;48;3297;06-apr-85;08:47:00;3349;2.7539;34.933;1;286.2706;4;6;NaN;NaN
85004_225;3;39.4917;-58.9733;47;3713;06-apr-85;08:33:00;3775;2.4679;34.916;1;288.9502;4;6;NaN;NaN
85004_225;3;39.4917;-58.9733;46;4075;06-apr-85;08:25:00;4146;2.3325;34.905;1;287.6104;4;6;NaN;NaN
85004_225;3;39.4917;-58.9733;45;4291;06-apr-85;08:19:00;4368;2.296;34.9;1;285.3774;4;6;NaN;NaN
85004_225;3;39.4917;-58.9733;44;4586;06-apr-85;08:10:00;4672;2.276;34.895;1;285.3774;4;6;NaN;NaN
85004_225;3;39.4917;-58.9733;43;4972;06-apr-85;07:57:00;5070;2.271;NaN;9;285.824;4;6;NaN;NaN
85004_264;4;39.5017;-58.3217;84;12;07-apr-85;01:14:00;12;19.7895;36.486;1;231.7854;4;6;NaN;NaN
85004_264;4;39.5017;-58.3217;83;103;07-apr-85;01:10:00;104;18.0935;36.4695;1;198.2904;4;6;NaN;NaN
85004_264;4;39.5017;-58.3217;82;201;07-apr-85;01:07:00;203;17.708;36.451;1;233.1252;4;6;NaN;NaN
85004_264;4;39.5017;-58.3217;81;303;07-apr-85;01:03:00;306;16.862;36.32;1;200.5234;4;6;NaN;NaN
85004_264;4;39.5017;-58.3217;80;399;07-apr-85;00:55:00;402;15.5055;36.088;1;190.2516;4;6;NaN;NaN
85004_264;4;39.5017;-58.3217;79;500;07-apr-85;00:51:00;504;13.968;35.838;1;181.3196;4;6;NaN;NaN
85004_264;4;39.5017;-58.3217;78;588;07-apr-85;00:48:00;593;12.1835;35.573;1;170.6012;4;6;NaN;NaN
85004_264;4;39.5017;-58.3217;77;689;07-apr-85;00:44:00;695;9.232;35.212;1;162.1158;4;6;NaN;NaN
85004_264;4;39.5017;-58.3217;76;806;07-apr-85;00:35:00;814;7.70715;35.067;1;188.9118;4;6;NaN;NaN
85004_264;4;39.5017;-58.3217;75;916;07-apr-85;00:31:00;925;5.574;34.9995;1;231.3388;4;6;NaN;NaN
85004_264;4;39.5017;-58.3217;74;1042;07-apr-85;00:27:00;1053;5.159;35.024;1;247.863;4;6;NaN;NaN
85004_264;4;39.5017;-58.3217;73;1534;07-apr-85;00:18:00;1552;4.219;34.985;1;275.5522;4;6;NaN;NaN
85004_264;4;39.5017;-58.3217;72;1995;07-apr-85;00:03:00;2020;3.759;34.962;1;284.9308;4;6;NaN;NaN
85004_264;4;39.5017;-58.3217;71;2580;06-apr-85;23:51:00;2616;3.207;34.96;1;287.6104;4;6;NaN;NaN
85004_264;4;39.5017;-58.3217;70;3046;06-apr-85;23:43:00;3092;2.964;34.942;1;286.7172;4;6;NaN;NaN
85004_264;4;39.5017;-58.3217;69;3458;06-apr-85;23:35:00;3514;2.0115;34.921;1;301.9016;4;6;NaN;NaN
85004_264;4;39.5017;-58.3217;68;3973;06-apr-85;23:20:00;4042;2.3425;34.9;1;287.1638;4;6;NaN;NaN
85004_264;4;39.5017;-58.3217;67;4144;06-apr-85;23:15:00;4217;2.3049;34.893;1;288.9502;4;6;NaN;NaN
85004_264;4;39.5017;-58.3217;66;4412;06-apr-85;23:08:00;4493;2.286;34.892;1;288.9502;4;6;NaN;NaN
85004_264;4;39.5017;-58.3217;65;4645;06-apr-85;23:02:00;4733;2.281;34.888;1;287.8337;4;6;NaN;NaN
85004_264;4;39.5017;-58.3217;64;4836;06-apr-85;22:50:00;4929;2.2835;34.886;1;289.8434;4;6;NaN;NaN
85004_284;5;39.2517;-58.6617;105;4;07-apr-85;08:04:00;4;19.8945;36.551;1;228.6592;4;6;NaN;NaN
85004_284;5;39.2517;-58.6617;104;107;07-apr-85;08:00:00;108;18.669;36.543;1;232.6786;4;6;NaN;NaN
85004_284;5;39.2517;-58.6617;103;205;07-apr-85;07:56:00;207;17.923;36.475;1;226.4262;4;6;NaN;NaN
85004_284;5;39.2517;-58.6617;102;300;07-apr-85;07:52:00;303;17.73;36.459;1;230.8922;4;6;NaN;NaN
85004_284;5;39.2517;-58.6617;101;406;07-apr-85;07:43:00;410;16.952;36.337;1;200.0768;4;6;NaN;NaN
85004_284;5;39.2517;-58.6617;100;507;07-apr-85;07:40:00;512;15.5165;36.1;1;188.4652;4;6;NaN;NaN
85004_284;5;39.2517;-58.6617;99;603;07-apr-85;07:37:00;609;13.946;35.836;1;176.8536;4;6;NaN;NaN
85004_284;5;39.2517;-58.6617;98;706;07-apr-85;07:33:00;713;11.8985;35.511;1;153.6304;4;6;NaN;NaN
85004_284;5;39.2517;-58.6617;97;807;07-apr-85;07:24:00;815;10.4;35.345;1;158.543;4;6;NaN;NaN
85004_284;5;39.2517;-58.6617;96;906;07-apr-85;07:20:00;915;7.4725;35.101;1;184.8924;4;6;NaN;NaN
85004_284;5;39.2517;-58.6617;95;1001;07-apr-85;07:17:00;1011;6.2835;35.069;1;213.0282;4;6;NaN;NaN
85004_284;5;39.2517;-58.6617;94;1503;07-apr-85;07:09:00;1520;4.303;NaN;9;NaN;9;0;NaN;NaN
85004_284;5;39.2517;-58.6617;93;1998;07-apr-85;06:57:00;2023;3.849;34.979;1;275.9988;4;6;NaN;NaN
85004_284;5;39.2517;-58.6617;92;2482;07-apr-85;06:51:00;2516;3.459;34.973;1;278.2318;4;6;NaN;NaN
85004_284;5;39.2517;-58.6617;91;2985;07-apr-85;06:45:00;3029;3.09;34.949;1;280.0182;4;6;NaN;NaN
85004_284;5;39.2517;-58.6617;90;3486;07-apr-85;06:37:00;3542;2.614;34.921;1;280.0182;4;6;NaN;NaN
85004_284;5;39.2517;-58.6617;89;3985;07-apr-85;06:24:00;4054;2.384;34.9045;1;282.2512;4;6;NaN;NaN
85004_284;5;39.2517;-58.6617;88;4191;07-apr-85;06:20:00;4265;2.3385;34.901;1;283.1444;4;6;NaN;NaN
85004_284;5;39.2517;-58.6617;87;4490;07-apr-85;06:14:00;4573;2.31;NaN;9;NaN;9;0;NaN;NaN
85004_284;5;39.2517;-58.6617;86;4794;07-apr-85;06:08:00;4886;2.305;34.894;1;280.0182;4;6;NaN;NaN
85004_284;5;39.2517;-58.6617;85;5132;07-apr-85;05:54:00;5234;2.3165;34.89;1;280.9114;4;6;NaN;NaN
85004_304;6;38.9917;-58.9867;126;19;07-apr-85;15:08:00;19;19.045;36.542;1;232.232;4;6;NaN;NaN
85004_304;6;38.9917;-58.9867;125;103;07-apr-85;15:05:00;104;18.528;36.534;1;229.1058;4;6;NaN;NaN
85004_304;6;38.9917;-58.9867;124;202;07-apr-85;15:02:00;204;18.3055;36.511;1;228.2126;4;6;NaN;NaN
85004_304;6;38.9917;-58.9867;123;297;07-apr-85;14:59:00;299;18.1985;36.51;1;224.1932;4;6;NaN;NaN
85004_304;6;38.9917;-58.9867;122;435;07-apr-85;14:50:00;439;17.716;36.444;1;202.7564;4;6;NaN;NaN
85004_304;6;38.9917;-58.9867;121;504;07-apr-85;14:46:00;508;17.3285;36.3945;1;200.0768;4;6;NaN;NaN
85004_304;6;38.9917;-58.9867;120;608;07-apr-85;14:42:00;614;15.989;36.164;1;188.4652;4;6;NaN;NaN
85004_304;6;38.9917;-58.9867;119;698;07-apr-85;14:38:00;705;13.9545;35.832;1;176.8536;4;6;NaN;NaN
85004_304;6;38.9917;-58.9867;118;826;07-apr-85;14:28:00;834;11.0145;35.411;1;153.1838;4;6;NaN;NaN
85004_304;6;38.9917;-58.9867;117;917;07-apr-85;14:23:00;926;8.7095;35.152;1;154.9702;4;6;NaN;NaN
85004_304;6;38.9917;-58.9867;116;1004;07-apr-85;14:17:00;1014;7.209;35.095;1;185.339;4;6;NaN;NaN
85004_304;6;38.9917;-58.9867;115;1526;07-apr-85;14:02:00;1543;4.411;35.005;1;263.9406;4;6;NaN;NaN
85004_304;6;38.9917;-58.9867;114;1942;07-apr-85;13:46:00;1966;3.9385;34.98;1;271.9794;4;6;NaN;NaN
85004_304;6;38.9917;-58.9867;113;2450;07-apr-85;13:37:00;2483;3.5365;34.988;1;273.7658;4;6;NaN;NaN
85004_304;6;38.9917;-58.9867;112;2892;07-apr-85;13:29:00;2934;3.168;34.954;1;276.4454;4;6;NaN;NaN
85004_304;6;38.9917;-58.9867;111;3400;07-apr-85;13:20:00;3454;2.7295;34.93;1;277.7852;4;6;NaN;NaN
85004_304;6;38.9917;-58.9867;110;3891;07-apr-85;13:07:00;3957;2.426;34.909;1;280.4648;4;6;NaN;NaN
85004_304;6;38.9917;-58.9867;109;4118;07-apr-85;13:01:00;4190;2.349;34.9035;1;279.125;4;6;NaN;NaN
85004_304;6;38.9917;-58.9867;108;4414;07-apr-85;12:54:00;4495;2.313;34.906;1;300.5618;4;6;NaN;NaN
85004_304;6;38.9917;-58.9867;107;4662;07-apr-85;12:47:00;4750;2.308;34.896;1;279.5716;4;6;NaN;NaN
85004_304;6;38.9917;-58.9867;106;5010;07-apr-85;12:32:00;5108;2.3135;34.891;1;279.125;4;6;NaN;NaN
85004_315;7;38.7383;-58.67;147;12;07-apr-85;20:43:00;12;19.1365;36.551;1;233.1252;4;6;NaN;NaN
85004_315;7;38.7383;-58.67;146;114;07-apr-85;20:40:00;115;18.4475;36.543;1;231.7854;4;6;NaN;NaN
85004_315;7;38.7383;-58.67;145;213;07-apr-85;20:37:00;215;18.2195;36.519;1;227.766;4;6;NaN;NaN
85004_315;7;38.7383;-58.67;144;313;07-apr-85;20:32:00;316;18.0445;36.482;1;230.4456;4;6;NaN;NaN
85004_315;7;38.7383;-58.67;143;412;07-apr-85;20:24:00;416;17.7855;36.457;1;223.3;4;6;NaN;NaN
85004_315;7;38.7383;-58.67;142;512;07-apr-85;20:21:00;517;16.993;36.335;1;201.4166;4;6;NaN;NaN
85004_315;7;38.7383;-58.67;141;611;07-apr-85;20:18:00;617;15.549;36.087;1;186.2322;4;6;NaN;NaN
85004_315;7;38.7383;-58.67;140;705;07-apr-85;20:15:00;712;13.5509;35.772;1;175.0672;4;6;NaN;NaN
85004_315;7;38.7383;-58.67;139;800;07-apr-85;20:06:00;808;11.343;35.449;1;149.611;4;6;NaN;NaN
85004_315;7;38.7383;-58.67;138;914;07-apr-85;20:02:00;923;9.017;35.187;1;153.1838;4;6;NaN;NaN
85004_315;7;38.7383;-58.67;137;1009;07-apr-85;19:59:00;1019;7.328;35.117;1;186.2322;4;6;NaN;NaN
85004_315;7;38.7383;-58.67;136;1514;07-apr-85;19:50:00;1531;4.5415;35.0185;1;258.1348;4;6;NaN;NaN
85004_315;7;38.7383;-58.67;135;2019;07-apr-85;19:37:00;2044;3.946;34.99;1;268.8532;4;6;NaN;NaN
85004_315;7;38.7383;-58.67;134;2516;07-apr-85;19:29:00;2551;3.48;35.028;1;267.0668;4;6;NaN;NaN
85004_315;7;38.7383;-58.67;133;3014;07-apr-85;19:22:00;3059;2.989;34.947;1;274.659;4;6;NaN;NaN
85004_315;7;38.7383;-58.67;132;3503;07-apr-85;19:13:00;3559;2.586;34.922;1;276.892;4;6;NaN;NaN
85004_315;7;38.7383;-58.67;131;3985;07-apr-85;18:59:00;4054;2.334;34.903;1;275.5522;4;6;NaN;NaN
85004_315;7;38.7383;-58.67;130;4188;07-apr-85;18:54:00;4262;2.31;34.901;1;277.7852;4;6;NaN;NaN
85004_315;7;38.7383;-58.67;129;4509;07-apr-85;18:47:00;4592;2.287;34.895;1;282.6978;4;6;NaN;NaN
85004_315;7;38.7383;-58.67;128;4820;07-apr-85;18:41:00;4913;2.3205;34.897;1;275.1056;4;6;NaN;NaN
85004_315;7;38.7383;-58.67;127;5140;07-apr-85;18:27:00;5243;2.341;34.896;1;275.1056;4;6;NaN;NaN
85004_326;8;38.2417;-58.675;168;25;08-apr-85;04:23:00;25;18.3355;NaN;9;231.7854;4;6;NaN;NaN
85004_326;8;38.2417;-58.675;166;214;08-apr-85;04:17:00;216;17.954;NaN;9;226.8728;4;6;NaN;NaN
85004_326;8;38.2417;-58.675;165;314;08-apr-85;04:14:00;317;17.9215;NaN;9;204.0962;4;6;NaN;NaN
85004_326;8;38.2417;-58.675;164;417;08-apr-85;04:07:00;421;17.32;NaN;9;192.9312;4;6;NaN;NaN
85004_326;8;38.2417;-58.675;163;515;08-apr-85;04:04:00;520;15.984;NaN;9;190.2516;4;6;NaN;NaN
85004_326;8;38.2417;-58.675;162;585;08-apr-85;04:01:00;590;14.8385;NaN;9;196.504;4;6;NaN;NaN
85004_326;8;38.2417;-58.675;161;667;08-apr-85;03:57:00;673;13.124;NaN;9;153.1838;4;6;NaN;NaN
85004_326;8;38.2417;-58.675;160;770;08-apr-85;03:49:00;777;10.6905;NaN;9;164.7954;4;6;NaN;NaN
85004_326;8;38.2417;-58.675;159;879;08-apr-85;03:46:00;888;8.365;NaN;9;207.669;4;6;NaN;NaN
85004_326;8;38.2417;-58.675;158;989;08-apr-85;03:42:00;999;6.3495;NaN;9;208.5622;4;6;NaN;NaN
85004_326;8;38.2417;-58.675;157;1474;08-apr-85;03:32:00;1490;4.3725;NaN;9;259.9212;4;6;NaN;NaN
85004_326;8;38.2417;-58.675;156;1966;08-apr-85;03:17:00;1990;3.9395;NaN;9;270.193;4;6;NaN;NaN
85004_326;8;38.2417;-58.675;155;2475;08-apr-85;03:08:00;2509;3.471;34.995;1;271.9794;4;6;NaN;NaN
85004_326;8;38.2417;-58.675;154;2922;08-apr-85;02:59:00;2965;3.1385;34.958;1;272.8726;4;6;NaN;NaN
85004_326;8;38.2417;-58.675;153;3403;08-apr-85;02:49:00;3457;2.7165;34.933;1;278.2318;4;6;NaN;NaN
85004_326;8;38.2417;-58.675;152;3892;08-apr-85;02:32:00;3958;2.374;34.914;1;283.591;4;6;NaN;NaN
85004_326;8;38.2417;-58.675;151;4084;08-apr-85;02:26:00;4155;2.322;34.906;1;282.6978;4;6;NaN;NaN
85004_326;8;38.2417;-58.675;150;4380;08-apr-85;02:18:00;4459;2.2675;34.9;1;287.6104;4;6;NaN;NaN
85004_326;8;38.2417;-58.675;149;4700;08-apr-85;02:11:00;4789;2.233;34.89;1;280.0182;4;6;NaN;NaN
85004_326;8;38.2417;-58.675;148;5103;08-apr-85;01:58:00;5204;2.2255;34.879;1;272.426;4;6;NaN;NaN
85004_339;9;38.2433;-59.34;189;13;08-apr-85;10:49:00;13;20.184;36.537;1;232.6786;4;6;NaN;NaN
85004_339;9;38.2433;-59.34;188;114;08-apr-85;10:46:00;115;17.8995;36.487;1;230.8922;4;6;NaN;NaN
85004_339;9;38.2433;-59.34;187;213;08-apr-85;10:42:00;215;17.895;36.485;1;229.1058;4;6;NaN;NaN
85004_339;9;38.2433;-59.34;186;314;08-apr-85;10:39:00;317;17.9125;36.487;1;229.5524;4;6;NaN;NaN
85004_339;9;38.2433;-59.34;185;415;08-apr-85;10:31:00;419;17.636;36.4405;1;212.135;4;6;NaN;NaN
85004_339;9;38.2433;-59.34;184;510;08-apr-85;10:28:00;515;16.5495;36.262;1;197.3972;4;6;NaN;NaN
85004_339;9;38.2433;-59.34;183;611;08-apr-85;10:25:00;617;15.1945;36.011;1;188.9118;4;6;NaN;NaN
85004_339;9;38.2433;-59.34;182;711;08-apr-85;10:22:00;718;13.1235;35.692;1;177.7468;4;6;NaN;NaN
85004_339;9;38.2433;-59.34;181;809;08-apr-85;10:13:00;817;11.2435;35.436;1;154.9702;4;6;NaN;NaN
85004_339;9;38.2433;-59.34;180;905;08-apr-85;10:10:00;914;9.359;35.246;1;164.3488;4;6;NaN;NaN
85004_339;9;38.2433;-59.34;179;998;08-apr-85;10:04:00;1008;7.769;35.128;1;178.1934;4;6;NaN;NaN
85004_339;9;38.2433;-59.34;178;1494;08-apr-85;09:56:00;1511;4.538;35.004;1;262.1542;4;6;NaN;NaN
85004_339;9;38.2433;-59.34;177;1958;08-apr-85;09:43:00;1982;3.9755;34.98;1;271.7561;4;6;NaN;NaN
85004_339;9;38.2433;-59.34;176;2449;08-apr-85;09:34:00;2482;3.654;34.98;1;272.8726;4;6;NaN;NaN
85004_339;9;38.2433;-59.34;175;2947;08-apr-85;09:26:00;2990;3.1765;34.956;1;274.659;4;6;NaN;NaN
85004_339;9;38.2433;-59.34;174;3444;08-apr-85;09:18:00;3499;2.7475;34.932;1;279.125;4;6;NaN;NaN
85004_339;9;38.2433;-59.34;173;3951;08-apr-85;09:05:00;4019;2.423;34.912;1;279.5716;4;6;NaN;NaN
85004_339;9;38.2433;-59.34;172;4149;08-apr-85;08:59:00;4222;2.3485;34.905;1;279.125;4;6;NaN;NaN
85004_339;9;38.2433;-59.34;171;4450;08-apr-85;08:53:00;4531;2.296;34.899;1;278.6784;4;6;NaN;NaN
85004_339;9;38.2433;-59.34;170;4770;08-apr-85;08:48:00;4861;2.302;34.897;1;281.8046;4;6;NaN;NaN
85004_339;9;38.2433;-59.34;169;5085;08-apr-85;08:34:00;5186;2.3055;34.893;1;276.892;4;6;NaN;NaN
85004_003;10;38.7567;-59.3183;210;26;08-apr-85;19:13:00;26;19.4585;36.549;1;225.0864;4;6;NaN;NaN
85004_003;10;38.7567;-59.3183;209;109;08-apr-85;19:10:00;110;18.482;36.529;1;228.6592;4;6;NaN;NaN
85004_003;10;38.7567;-59.3183;208;212;08-apr-85;19:07:00;214;18.299;36.5285;1;230.4456;4;6;NaN;NaN
85004_003;10;38.7567;-59.3183;207;310;08-apr-85;19:04:00;313;18.2655;36.531;1;230.4456;4;6;NaN;NaN
85004_003;10;38.7567;-59.3183;206;407;08-apr-85;18:55:00;410;18.1955;36.524;1;229.5524;4;6;NaN;NaN
85004_003;10;38.7567;-59.3183;205;499;08-apr-85;18:52:00;503;18.0695;36.508;1;226.8728;4;6;NaN;NaN
85004_003;10;38.7567;-59.3183;204;593;08-apr-85;18:49:00;598;16.9875;36.341;1;199.1836;4;6;NaN;NaN
85004_003;10;38.7567;-59.3183;203;684;08-apr-85;18:46:00;690;15.7945;36.132;1;189.3584;4;6;NaN;NaN
85004_003;10;38.7567;-59.3183;202;781;08-apr-85;18:38:00;788;12.813;35.655;1;167.9216;4;6;NaN;NaN
85004_003;10;38.7567;-59.3183;201;886;08-apr-85;18:35:00;895;9.969;35.268;1;148.2712;4;6;NaN;NaN
85004_003;10;38.7567;-59.3183;200;996;08-apr-85;18:32:00;1006;7.8905;35.13;1;176.8536;4;6;NaN;NaN
85004_003;10;38.7567;-59.3183;199;1449;08-apr-85;18:24:00;1465;4.5415;35.002;1;259.9212;4;6;NaN;NaN
85004_003;10;38.7567;-59.3183;198;1960;08-apr-85;18:10:00;1984;3.969;34.98;1;273.7658;4;6;NaN;NaN
85004_003;10;38.7567;-59.3183;197;2467;08-apr-85;18:02:00;2501;3.574;34.984;1;273.3192;4;6;NaN;NaN
85004_003;10;38.7567;-59.3183;196;2966;08-apr-85;17:54:00;3010;3.1015;34.951;1;277.7852;4;6;NaN;NaN
85004_003;10;38.7567;-59.3183;195;3441;08-apr-85;17:46:00;3496;2.7075;34.928;1;278.6784;4;6;NaN;NaN
85004_003;10;38.7567;-59.3183;194;3928;08-apr-85;17:33:00;3995;2.413;34.909;1;280.9114;4;6;NaN;NaN
85004_003;10;38.7567;-59.3183;193;4152;08-apr-85;17:29:00;4225;2.357;34.903;1;280.0182;4;6;NaN;NaN
85004_003;10;38.7567;-59.3183;192;4436;08-apr-85;17:23:00;4517;2.238;34.898;1;281.358;4;6;NaN;NaN
85004_003;10;38.7567;-59.3183;191;4751;08-apr-85;17:17:00;4841;2.3165;34.895;1;279.125;4;6;NaN;NaN
85004_003;10;38.7567;-59.3183;190;5080;08-apr-85;17:05:00;5181;2.315;34.89;1;278.6784;4;6;NaN;NaN
85004_014;11;39.2517;-59.3267;231;30;09-apr-85;01:57:00;30;18.592;36.532;1;231.7854;4;6;NaN;NaN
85004_014;11;39.2517;-59.3267;230;117;09-apr-85;01:54:00;118;18.356;36.532;1;229.1058;4;6;NaN;NaN
85004_014;11;39.2517;-59.3267;229;217;09-apr-85;01:50:00;219;18.139;36.493;1;227.3194;4;6;NaN;NaN
85004_014;11;39.2517;-59.3267;228;313;09-apr-85;01:46:00;316;17.918;36.468;1;215.7078;4;6;NaN;NaN
85004_014;11;39.2517;-59.3267;227;413;09-apr-85;01:36:00;417;17.4475;36.411;1;205.8826;4;6;NaN;NaN
85004_014;11;39.2517;-59.3267;226;516;09-apr-85;01:33:00;521;16.2705;36.215;1;192.4846;4;6;NaN;NaN
85004_014;11;39.2517;-59.3267;225;613;09-apr-85;01:29:00;619;14.4295;35.909;1;176.8536;4;6;NaN;NaN
85004_014;11;39.2517;-59.3267;224;713;09-apr-85;01:26:00;720;12.427;35.599;1;165.6886;4;6;NaN;NaN
85004_014;11;39.2517;-59.3267;223;812;09-apr-85;01:17:00;820;10.015;35.317;1;164.7954;4;6;NaN;NaN
85004_014;11;39.2517;-59.3267;222;907;09-apr-85;01:13:00;916;8.218;35.154;1;170.3779;4;6;NaN;NaN
85004_014;11;39.2517;-59.3267;221;1005;09-apr-85;01:09:00;1015;6.4175;35.063;1;204.0962;4;6;NaN;NaN
85004_014;11;39.2517;-59.3267;220;1518;09-apr-85;01:00:00;1535;4.319;34.979;1;265.727;4;6;NaN;NaN
85004_014;11;39.2517;-59.3267;219;2011;09-apr-85;00:46:00;2036;3.9775;34.982;1;274.2124;4;6;NaN;NaN
85004_014;11;39.2517;-59.3267;218;2463;09-apr-85;00:38:00;2497;3.56;34.977;1;273.3192;4;6;NaN;NaN
85004_014;11;39.2517;-59.3267;217;2947;09-apr-85;00:29:00;2991;3.152;34.951;1;275.5522;4;6;NaN;NaN
85004_014;11;39.2517;-59.3267;216;3434;09-apr-85;00:21:00;3489;2.7255;34.928;1;277.7852;4;6;NaN;NaN
85004_014;11;39.2517;-59.3267;215;3887;09-apr-85;00:08:00;3953;2.436;34.91;1;278.4551;4;6;NaN;NaN
85004_014;11;39.2517;-59.3267;214;4112;09-apr-85;00:03:00;4184;2.3535;34.902;1;278.6784;4;6;NaN;NaN
85004_014;11;39.2517;-59.3267;213;4374;08-apr-85;23:57:00;4454;2.3115;34.897;1;277.7852;4;6;NaN;NaN
85004_014;11;39.2517;-59.3267;212;4686;08-apr-85;23:51:00;4775;2.2965;34.893;1;275.1056;4;6;NaN;NaN
85004_014;11;39.2517;-59.3267;211;5055;08-apr-85;23:39:00;5155;2.2895;34.89;1;278.2318;4;6;NaN;NaN
85004_025;12;39.495;-59.665;252;4;09-apr-85;08:00:00;4;20.8285;36.554;1;219.2806;4;6;NaN;NaN
85004_025;12;39.495;-59.665;251;105;09-apr-85;07:57:00;106;20.3719;36.531;1;209.2321;4;6;NaN;NaN
85004_025;12;39.495;-59.665;250;206;09-apr-85;07:52:00;208;18.6145;36.533;1;215.2612;4;6;NaN;NaN
85004_025;12;39.495;-59.665;249;303;09-apr-85;07:48:00;306;18.155;36.498;1;197.8438;4;6;NaN;NaN
85004_025;12;39.495;-59.665;248;406;09-apr-85;07:38:00;410;17.4595;36.423;1;198.2904;4;6;NaN;NaN
85004_025;12;39.495;-59.665;247;506;09-apr-85;07:35:00;511;16.474;36.264;1;194.7176;4;6;NaN;NaN
85004_025;12;39.495;-59.665;246;606;09-apr-85;07:31:00;612;14.3795;35.912;1;176.407;4;6;NaN;NaN
85004_025;12;39.495;-59.665;245;707;09-apr-85;07:27:00;714;11.9745;35.548;1;158.543;4;6;NaN;NaN
85004_025;12;39.495;-59.665;244;807;09-apr-85;07:17:00;815;9.532;35.243;1;152.2906;4;6;NaN;NaN
85004_025;12;39.495;-59.665;243;907;09-apr-85;07:12:00;916;7.644;35.134;1;182.6594;4;6;NaN;NaN
85004_025;12;39.495;-59.665;242;1003;09-apr-85;07:08:00;1013;6.468;35.078;1;203.6496;4;6;NaN;NaN
85004_025;12;39.495;-59.665;241;1502;09-apr-85;07:00:00;1519;4.3355;34.989;1;267.0668;4;6;NaN;NaN
85004_025;12;39.495;-59.665;240;1998;09-apr-85;06:40:00;2023;3.864;34.981;1;272.426;4;6;NaN;NaN
85004_025;12;39.495;-59.665;239;2497;09-apr-85;06:38:00;2531;3.445;34.971;1;274.2124;4;6;NaN;NaN
85004_025;12;39.495;-59.665;238;2998;09-apr-85;06:30:00;3043;3.0365;34.947;1;275.9988;4;6;NaN;NaN
85004_025;12;39.495;-59.665;237;3489;09-apr-85;06:23:00;3545;2.61;34.923;1;278.2318;4;6;NaN;NaN
85004_025;12;39.495;-59.665;236;3969;09-apr-85;06:11:00;4038;2.398;34.907;1;279.125;4;6;NaN;NaN
85004_025;12;39.495;-59.665;235;4144;09-apr-85;06:06:00;4217;2.343;34.902;1;277.3386;4;6;NaN;NaN
85004_025;12;39.495;-59.665;234;4433;09-apr-85;06:01:00;4514;2.309;34.898;1;279.5716;4;6;NaN;NaN
85004_025;12;39.495;-59.665;233;4734;09-apr-85;05:55:00;4824;2.297;34.894;1;276.4454;4;6;NaN;NaN
85004_025;12;39.495;-59.665;232;5066;09-apr-85;05:45:00;5167;2.274;34.887;1;275.1056;4;6;NaN;NaN
85004_036;13;39.7367;-59.3233;273;16;09-apr-85;14:04:00;16;20.094;36.493;1;NaN;9;0;NaN;NaN
85004_036;13;39.7367;-59.3233;272;111;09-apr-85;14:01:00;112;19.1235;36.577;1;NaN;9;0;NaN;NaN
85004_036;13;39.7367;-59.3233;271;206;09-apr-85;13:57:00;208;18.3095;36.521;1;NaN;9;0;NaN;NaN
85004_036;13;39.7367;-59.3233;270;308;09-apr-85;13:54:00;311;17.4465;36.426;1;NaN;9;0;NaN;NaN
85004_036;13;39.7367;-59.3233;269;411;09-apr-85;13:45:00;415;15.32;35.965;1;NaN;9;0;NaN;NaN
85004_036;13;39.7367;-59.3233;268;514;09-apr-85;13:41:00;519;13.3045;35.709;1;NaN;9;0;NaN;NaN
85004_036;13;39.7367;-59.3233;267;609;09-apr-85;13:37:00;615;11.0615;35.418;1;NaN;9;0;NaN;NaN
85004_036;13;39.7367;-59.3233;266;695;09-apr-85;13:34:00;702;8.83;35.167;1;NaN;9;0;NaN;NaN
85004_036;13;39.7367;-59.3233;265;800;09-apr-85;13:18:00;808;6.78;35.077;1;NaN;9;0;NaN;NaN
85004_036;13;39.7367;-59.3233;264;899;09-apr-85;13:14:00;908;5.688;35.039;1;NaN;9;0;NaN;NaN
85004_036;13;39.7367;-59.3233;263;1002;09-apr-85;13:11:00;1012;5.2085;35.034;1;NaN;9;0;NaN;NaN
85004_036;13;39.7367;-59.3233;262;1463;09-apr-85;12:53:00;1480;4.25;34.987;1;NaN;9;0;NaN;NaN
85004_036;13;39.7367;-59.3233;261;2012;09-apr-85;12:39:00;2037;3.749;34.976;1;NaN;9;0;NaN;NaN
85004_036;13;39.7367;-59.3233;260;2485;09-apr-85;12:31:00;2519;3.375;34.969;1;NaN;9;0;NaN;NaN
85004_036;13;39.7367;-59.3233;259;2968;09-apr-85;12:23:00;3012;2.9655;34.943;1;NaN;9;0;NaN;NaN
85004_036;13;39.7367;-59.3233;258;3470;09-apr-85;12:14:00;3526;2.587;34.922;1;NaN;9;0;NaN;NaN
85004_036;13;39.7367;-59.3233;257;3994;09-apr-85;12:00:00;4063;2.3415;34.9035;1;NaN;9;0;NaN;NaN
85004_036;13;39.7367;-59.3233;256;4157;09-apr-85;11:55:00;4231;2.3085;34.899;1;NaN;9;0;NaN;NaN
85004_036;13;39.7367;-59.3233;255;4368;09-apr-85;11:50:00;4448;2.2885;34.896;1;NaN;9;0;NaN;NaN
85004_036;13;39.7367;-59.3233;254;4642;09-apr-85;11:45:00;4730;2.283;34.892;1;NaN;9;0;NaN;NaN
85004_036;13;39.7367;-59.3233;253;5000;09-apr-85;11:33:00;5098;2.2705;34.886;1;NaN;9;4;NaN;NaN
85004_047;14;40.25;-59.3283;294;20;09-apr-85;21:09:00;20;12.8295;35.331;1;NaN;9;0;NaN;NaN
85004_047;14;40.25;-59.3283;293;111;09-apr-85;21:07:00;112;12.037;35.294;1;NaN;9;0;NaN;NaN
85004_047;14;40.25;-59.3283;292;211;09-apr-85;21:04:00;213;13.2449;35.457;1;NaN;9;0;NaN;NaN
85004_047;14;40.25;-59.3283;291;309;09-apr-85;21:01:00;312;12.5839;35.52;1;NaN;9;0;NaN;NaN
85004_047;14;40.25;-59.3283;290;411;09-apr-85;20:53:00;415;10.154;35.31;1;NaN;9;0;NaN;NaN
85004_047;14;40.25;-59.3283;289;511;09-apr-85;20:49:00;516;8.396;35.144;1;NaN;9;0;NaN;NaN
85004_047;14;40.25;-59.3283;288;611;09-apr-85;20:46:00;617;6.83;35.077;1;NaN;9;0;NaN;NaN
85004_047;14;40.25;-59.3283;287;707;09-apr-85;20:42:00;714;5.7925;35.04;1;NaN;9;0;NaN;NaN
85004_047;14;40.25;-59.3283;286;800;09-apr-85;20:34:00;808;5.2845;35.025;1;NaN;9;0;NaN;NaN
85004_047;14;40.25;-59.3283;285;886;09-apr-85;20:30:00;895;5.013;35.021;1;NaN;9;0;NaN;NaN
85004_047;14;40.25;-59.3283;284;975;09-apr-85;20:27:00;985;4.702;35.006;1;NaN;9;0;NaN;NaN
85004_047;14;40.25;-59.3283;283;1442;09-apr-85;20:18:00;1458;4.1165;34.982;1;NaN;9;0;NaN;NaN
85004_047;14;40.25;-59.3283;282;1946;09-apr-85;20:06:00;1970;3.7335;34.9765;1;NaN;9;0;NaN;NaN
85004_047;14;40.25;-59.3283;281;2413;09-apr-85;19:58:00;2446;3.3619;34.964;1;NaN;9;0;NaN;NaN
85004_047;14;40.25;-59.3283;280;2890;09-apr-85;19:50:00;2933;2.9775;34.944;1;NaN;9;0;NaN;NaN
85004_047;14;40.25;-59.3283;279;3380;09-apr-85;19:43:00;3434;2.5875;34.921;1;NaN;9;0;NaN;NaN
85004_047;14;40.25;-59.3283;278;3891;09-apr-85;19:29:00;3958;2.341;34.905;1;NaN;9;0;NaN;NaN
85004_047;14;40.25;-59.3283;277;4096;09-apr-85;19:25:00;4168;2.303;34.899;1;NaN;9;0;NaN;NaN
85004_047;14;40.25;-59.3283;276;4389;09-apr-85;19:18:00;4469;2.2835;34.894;1;NaN;9;0;NaN;NaN
85004_047;14;40.25;-59.3283;275;4689;09-apr-85;19:12:00;4778;2.2785;34.89;1;NaN;9;0;NaN;NaN
85004_047;14;40.25;-59.3283;274;5014;09-apr-85;18:56:00;5113;2.249;34.882;1;NaN;9;4;NaN;NaN
85004_058;15;40.25;-58.6667;315;21;10-apr-85;03:19:00;21;14.1785;35.662;1;NaN;9;0;NaN;NaN
85004_058;15;40.25;-58.6667;314;112;10-apr-85;03:13:00;113;14.2925;35.795;1;NaN;9;0;NaN;NaN
85004_058;15;40.25;-58.6667;313;210;10-apr-85;03:09:00;212;13.395;35.6;1;NaN;9;0;NaN;NaN
85004_058;15;40.25;-58.6667;312;308;10-apr-85;03:06:00;311;11.3385;35.445;1;NaN;9;0;NaN;NaN
85004_058;15;40.25;-58.6667;311;410;10-apr-85;02:55:00;414;8.767;35.173;1;NaN;9;0;NaN;NaN
85004_058;15;40.25;-58.6667;310;509;10-apr-85;02:51:00;514;7.113;35.088;1;NaN;9;0;NaN;NaN
85004_058;15;40.25;-58.6667;309;608;10-apr-85;02:47:00;614;5.8355;35.042;1;NaN;9;0;NaN;NaN
85004_058;15;40.25;-58.6667;308;708;10-apr-85;02:44:00;715;5.264;35.031;1;NaN;9;0;NaN;NaN
85004_058;15;40.25;-58.6667;307;808;10-apr-85;02:35:00;816;4.9035;35.018;1;NaN;9;0;NaN;NaN
85004_058;15;40.25;-58.6667;306;881;10-apr-85;02:32:00;890;4.7415;35.014;1;NaN;9;0;NaN;NaN
85004_058;15;40.25;-58.6667;305;968;10-apr-85;02:28:00;978;4.5735;35.004;1;NaN;9;0;NaN;NaN
85004_058;15;40.25;-58.6667;304;1461;10-apr-85;02:20:00;1478;3.9915;34.98;1;NaN;9;0;NaN;NaN
85004_058;15;40.25;-58.6667;303;1978;10-apr-85;02:06:00;2003;3.6625;34.976;1;NaN;9;0;NaN;NaN
85004_058;15;40.25;-58.6667;302;2501;10-apr-85;01:55:00;2536;3.2265;34.961;1;NaN;9;0;NaN;NaN
85004_058;15;40.25;-58.6667;301;3004;10-apr-85;01:47:00;3049;2.865;34.938;1;NaN;9;0;NaN;NaN
85004_058;15;40.25;-58.6667;300;3380;10-apr-85;01:40:00;3434;2.5625;34.999;1;NaN;9;0;NaN;NaN
85004_058;15;40.25;-58.6667;299;3920;10-apr-85;01:27:00;3987;2.347;34.902;1;NaN;9;0;NaN;NaN
85004_058;15;40.25;-58.6667;298;4084;10-apr-85;01:23:00;4156;2.3165;34.899;1;NaN;9;0;NaN;NaN
85004_058;15;40.25;-58.6667;297;4392;10-apr-85;01:17:00;4473;2.293;34.893;1;NaN;9;0;NaN;NaN
85004_058;15;40.25;-58.6667;296;4643;10-apr-85;01:12:00;4731;2.2865;34.892;1;NaN;9;0;NaN;NaN
85004_058;15;40.25;-58.6667;295;5051;10-apr-85;00:59:00;5151;2.282;34.885;1;NaN;9;4;NaN;NaN
85004_069;16;39.7483;-58.6567;336;4;10-apr-85;09:14:00;4;11.907;34.875;1;NaN;9;0;NaN;NaN
85004_069;16;39.7483;-58.6567;335;103;10-apr-85;09:11:00;104;14.108;35.693;1;NaN;9;0;NaN;NaN
85004_069;16;39.7483;-58.6567;334;183;10-apr-85;09:08:00;184;13.924;35.776;1;NaN;9;0;NaN;NaN
85004_069;16;39.7483;-58.6567;333;300;10-apr-85;09:04:00;303;12.64;35.546;1;NaN;9;0;NaN;NaN
85004_069;16;39.7483;-58.6567;332;421;10-apr-85;08:54:00;425;10.6375;35.344;1;NaN;9;0;NaN;NaN
85004_069;16;39.7483;-58.6567;331;487;10-apr-85;08:51:00;491;9.5505;35.237;1;NaN;9;0;NaN;NaN
85004_069;16;39.7483;-58.6567;330;599;10-apr-85;08:46:00;604;7.5925;35.1145;1;NaN;9;0;NaN;NaN
85004_069;16;39.7483;-58.6567;329;687;10-apr-85;08:43:00;693;6.38;35.067;1;NaN;9;0;NaN;NaN
85004_069;16;39.7483;-58.6567;328;817;10-apr-85;08:30:00;825;5.281;35.027;1;NaN;9;0;NaN;NaN
85004_069;16;39.7483;-58.6567;327;882;10-apr-85;08:27:00;891;4.9635;35.007;1;NaN;9;0;NaN;NaN
85004_069;16;39.7483;-58.6567;326;932;10-apr-85;08:24:00;941;4.8665;35.009;1;NaN;9;0;NaN;NaN
85004_069;16;39.7483;-58.6567;325;1428;10-apr-85;08:17:00;1444;4.145;34.984;1;NaN;9;0;NaN;NaN
85004_069;16;39.7483;-58.6567;324;1939;10-apr-85;08:04:00;1963;3.763;34.979;1;NaN;9;0;NaN;NaN
85004_069;16;39.7483;-58.6567;323;2455;10-apr-85;07:56:00;2489;3.372;34.966;1;NaN;9;0;NaN;NaN
85004_069;16;39.7483;-58.6567;322;2956;10-apr-85;07:49:00;3000;2.9585;34.944;1;NaN;9;0;NaN;NaN
85004_069;16;39.7483;-58.6567;321;3453;10-apr-85;07:41:00;3508;2.559;34.922;1;NaN;9;0;NaN;NaN
85004_069;16;39.7483;-58.6567;320;3957;10-apr-85;07:29:00;4025;2.3435;34.904;1;NaN;9;0;NaN;NaN
85004_069;16;39.7483;-58.6567;319;4166;10-apr-85;07:23:00;4240;2.308;34.899;1;NaN;9;0;NaN;NaN
85004_069;16;39.7483;-58.6567;318;4478;10-apr-85;07:16:00;4561;2.2875;34.896;1;NaN;9;0;NaN;NaN
85004_069;16;39.7483;-58.6567;317;4782;10-apr-85;07:09:00;4874;2.2835;34.891;1;NaN;9;0;NaN;NaN
85004_069;16;39.7483;-58.6567;316;5108;10-apr-85;06:57:00;5210;2.2665;34.885;1;NaN;9;4;NaN;NaN
85004_091;18;39.7567;-57.985;357;4;11-apr-85;08:25:00;4;17.2475;36.265;1;NaN;9;0;NaN;NaN
85004_091;18;39.7567;-57.985;356;104;11-apr-85;08:22:00;105;14.81;35.792;1;NaN;9;0;NaN;NaN
85004_091;18;39.7567;-57.985;355;202;11-apr-85;08:18:00;204;14.465;35.764;1;NaN;9;0;NaN;NaN
85004_091;18;39.7567;-57.985;354;301;11-apr-85;08:15:00;304;14.0175;35.798;1;NaN;9;0;NaN;NaN
85004_091;18;39.7567;-57.985;353;391;11-apr-85;08:06:00;394;12.556;35.565;1;NaN;9;0;NaN;NaN
85004_091;18;39.7567;-57.985;352;498;11-apr-85;08:03:00;502;10.3385;35.312;1;NaN;9;0;NaN;NaN
85004_091;18;39.7567;-57.985;351;582;11-apr-85;07:59:00;587;8.568;35.156;1;NaN;9;0;NaN;NaN
85004_091;18;39.7567;-57.985;350;670;11-apr-85;07:56:00;676;6.9775;35.082;1;NaN;9;0;NaN;NaN
85004_091;18;39.7567;-57.985;349;763;11-apr-85;07:48:00;770;5.8605;35.033;1;NaN;9;0;NaN;NaN
85004_091;18;39.7567;-57.985;348;828;11-apr-85;07:45:00;836;5.4775;35.03;1;NaN;9;0;NaN;NaN
85004_091;18;39.7567;-57.985;347;902;11-apr-85;07:41:00;911;5.1235;35.023;1;NaN;9;0;NaN;NaN
85004_091;18;39.7567;-57.985;346;1348;11-apr-85;07:34:00;1363;4.21;34.976;1;NaN;9;0;NaN;NaN
85004_091;18;39.7567;-57.985;345;1817;11-apr-85;07:22:00;1839;3.854;34.983;1;NaN;9;0;NaN;NaN
85004_091;18;39.7567;-57.985;344;2281;11-apr-85;07:15:00;2311;3.525;34.975;1;NaN;9;0;NaN;NaN
85004_091;18;39.7567;-57.985;343;2746;11-apr-85;07:08:00;2785;3.153;34.9585;1;NaN;9;0;NaN;NaN
85004_091;18;39.7567;-57.985;342;3209;11-apr-85;07:01:00;3259;2.771;34.936;1;NaN;9;0;NaN;NaN
85004_091;18;39.7567;-57.985;341;3703;11-apr-85;06:48:00;3765;2.4355;34.914;1;NaN;9;0;NaN;NaN
85004_091;18;39.7567;-57.985;340;3913;11-apr-85;06:43:00;3980;2.344;34.908;1;NaN;9;0;NaN;NaN
85004_091;18;39.7567;-57.985;339;4228;11-apr-85;06:37:00;4304;2.2965;34.906;1;NaN;9;0;NaN;NaN
85004_091;18;39.7567;-57.985;338;4527;11-apr-85;06:31:00;4611;2.28;34.888;1;NaN;9;0;NaN;NaN
85004_091;18;39.7567;-57.985;337;5161;11-apr-85;06:13:00;5265;2.2825;34.883;1;NaN;9;4;NaN;NaN
85004_102;19;39.25;-57.9983;378;17;11-apr-85;15:36:00;17;19.731;36.544;1;NaN;9;0;NaN;NaN
85004_102;19;39.25;-57.9983;377;105;11-apr-85;15:33:00;106;18.527;36.538;1;NaN;9;0;NaN;NaN
85004_102;19;39.25;-57.9983;376;201;11-apr-85;15:29:00;203;18.2215;36.514;1;NaN;9;0;NaN;NaN
85004_102;19;39.25;-57.9983;375;297;11-apr-85;15:25:00;299;18.0765;36.5;1;NaN;9;0;NaN;NaN
85004_102;19;39.25;-57.9983;374;396;11-apr-85;15:17:00;399;17.6285;36.433;1;NaN;9;0;NaN;NaN
85004_102;19;39.25;-57.9983;373;499;11-apr-85;15:14:00;503;16.46;36.249;1;NaN;9;0;NaN;NaN
85004_102;19;39.25;-57.9983;372;602;11-apr-85;15:10:00;608;14.754;35.96;1;NaN;9;0;NaN;NaN
85004_102;19;39.25;-57.9983;371;702;11-apr-85;15:07:00;709;12.3835;35.593;1;NaN;9;0;NaN;NaN
85004_102;19;39.25;-57.9983;370;799;11-apr-85;14:58:00;807;9.586;35.239;1;NaN;9;0;NaN;NaN
85004_102;19;39.25;-57.9983;369;893;11-apr-85;14:54:00;902;7.5355;35.102;1;NaN;9;0;NaN;NaN
85004_102;19;39.25;-57.9983;368;991;11-apr-85;14:51:00;1001;6.119;NaN;9;NaN;9;0;NaN;NaN
85004_102;19;39.25;-57.9983;367;1464;11-apr-85;14:42:00;1480;4.374;35.001;1;NaN;9;0;NaN;NaN
85004_102;19;39.25;-57.9983;366;1987;11-apr-85;14:27:00;2012;3.852;34.985;1;NaN;9;0;NaN;NaN
85004_102;19;39.25;-57.9983;365;2500;11-apr-85;14:18:00;2534;3.4045;34.974;1;NaN;9;0;NaN;NaN
85004_102;19;39.25;-57.9983;364;2963;11-apr-85;14:10:00;3007;3.03;34.946;1;NaN;9;0;NaN;NaN
85004_102;19;39.25;-57.9983;363;3454;11-apr-85;14:01:00;3509;2.6545;34.9245;1;NaN;9;0;NaN;NaN
85004_102;19;39.25;-57.9983;362;3972;11-apr-85;13:45:00;4041;2.373;34.905;1;NaN;9;0;NaN;NaN
85004_102;19;39.25;-57.9983;361;4098;11-apr-85;13:40:00;4170;2.3435;34.901;1;NaN;9;0;NaN;NaN
85004_102;19;39.25;-57.9983;360;4339;11-apr-85;13:36:00;4418;2.313;34.897;1;NaN;9;0;NaN;NaN
85004_102;19;39.25;-57.9983;359;4603;11-apr-85;13:31:00;4689;2.3045;34.898;1;NaN;9;0;NaN;NaN
85004_102;19;39.25;-57.9983;358;5133;11-apr-85;13:18:00;5236;2.319;34.889;1;NaN;9;4;NaN;NaN
85004_114;20;38.7467;-58.0033;399;5;11-apr-85;21:46:00;5;18.746;36.522;1;NaN;9;0;NaN;NaN
85004_114;20;38.7467;-58.0033;398;103;11-apr-85;21:43:00;104;17.8835;36.477;1;NaN;9;0;NaN;NaN
85004_114;20;38.7467;-58.0033;397;204;11-apr-85;21:39:00;206;17.894;36.503;1;NaN;9;0;NaN;NaN
85004_114;20;38.7467;-58.0033;396;304;11-apr-85;21:36:00;307;17.8485;36.495;1;NaN;9;0;NaN;NaN
85004_114;20;38.7467;-58.0033;395;404;11-apr-85;21:28:00;407;17.793;36.494;1;NaN;9;0;NaN;NaN
85004_114;20;38.7467;-58.0033;394;501;11-apr-85;21:25:00;505;17.3199;36.396;1;NaN;9;0;NaN;NaN
85004_114;20;38.7467;-58.0033;393;605;11-apr-85;21:22:00;610;15.818;36.137;1;NaN;9;0;NaN;NaN
85004_114;20;38.7467;-58.0033;392;705;11-apr-85;21:19:00;712;13.545;35.781;1;NaN;9;0;NaN;NaN
85004_114;20;38.7467;-58.0033;391;807;11-apr-85;21:11:00;815;11.3955;35.463;1;NaN;9;0;NaN;NaN
85004_114;20;38.7467;-58.0033;390;904;11-apr-85;21:09:00;913;9.115;35.199;1;NaN;9;0;NaN;NaN
85004_114;20;38.7467;-58.0033;389;998;11-apr-85;21:05:00;1008;7.34;35.099;1;NaN;9;0;NaN;NaN
85004_114;20;38.7467;-58.0033;388;1500;11-apr-85;20:58:00;1517;4.346;34.992;1;NaN;9;0;NaN;NaN
85004_114;20;38.7467;-58.0033;387;2003;11-apr-85;20:47:00;2028;3.891;34.98;1;NaN;9;0;NaN;NaN
85004_114;20;38.7467;-58.0033;386;2499;11-apr-85;20:39:00;2533;3.482;34.971;1;NaN;9;0;NaN;NaN
85004_114;20;38.7467;-58.0033;385;2994;11-apr-85;20:29:00;3039;3.037;34.9485;1;NaN;9;0;NaN;NaN
85004_114;20;38.7467;-58.0033;384;3488;11-apr-85;20:20:00;3544;2.656;34.925;1;NaN;9;0;NaN;NaN
85004_114;20;38.7467;-58.0033;383;3979;11-apr-85;20:07:00;4048;2.3635;34.907;1;NaN;9;0;NaN;NaN
85004_114;20;38.7467;-58.0033;382;4192;11-apr-85;20:02:00;4266;2.3235;34.901;1;NaN;9;0;NaN;NaN
85004_114;20;38.7467;-58.0033;381;4485;11-apr-85;19:56:00;4568;2.2925;34.896;1;NaN;9;0;NaN;NaN
85004_114;20;38.7467;-58.0033;380;4786;11-apr-85;19:50:00;4877;2.288;34.892;1;NaN;9;0;NaN;NaN
85004_114;20;38.7467;-58.0033;379;5204;11-apr-85;19:34:00;5309;2.2235;34.877;1;NaN;9;4;NaN;NaN
85004_127;21;38.755;-57.3333;420;14;12-apr-85;04:09:00;14;17.7105;36.486;1;NaN;9;0;NaN;NaN
85004_127;21;38.755;-57.3333;419;104;12-apr-85;04:06:00;105;17.7255;36.486;1;NaN;9;0;NaN;NaN
85004_127;21;38.755;-57.3333;418;200;12-apr-85;04:03:00;202;17.7305;36.485;1;NaN;9;0;NaN;NaN
85004_127;21;38.755;-57.3333;417;299;12-apr-85;04:00:00;301;17.628;36.47;1;NaN;9;0;NaN;NaN
85004_127;21;38.755;-57.3333;416;399;12-apr-85;03:52:00;402;17.4715;36.436;1;NaN;9;0;NaN;NaN
85004_127;21;38.755;-57.3333;415;505;12-apr-85;03:49:00;509;17.014;36.373;1;NaN;9;0;NaN;NaN
85004_127;21;38.755;-57.3333;414;605;12-apr-85;03:45:00;610;15.226;36.02;1;NaN;9;0;NaN;NaN
85004_127;21;38.755;-57.3333;413;706;12-apr-85;03:41:00;713;12.723;35.651;1;NaN;9;0;NaN;NaN
85004_127;21;38.755;-57.3333;412;806;12-apr-85;03:33:00;814;10.7905;35.389;1;NaN;9;0;NaN;NaN
85004_127;21;38.755;-57.3333;411;898;12-apr-85;03:29:00;907;8.374;35.136;1;NaN;9;0;NaN;NaN
85004_127;21;38.755;-57.3333;410;998;12-apr-85;03:25:00;1008;6.592;35.066;1;NaN;9;0;NaN;NaN
85004_127;21;38.755;-57.3333;409;1479;12-apr-85;03:17:00;1496;4.379;34.993;1;NaN;9;0;NaN;NaN
85004_127;21;38.755;-57.3333;408;1977;12-apr-85;03:08:00;2002;3.943;34.986;1;NaN;9;0;NaN;NaN
85004_127;21;38.755;-57.3333;407;2469;12-apr-85;03:00:00;2503;3.4925;34.983;1;NaN;9;0;NaN;NaN
85004_127;21;38.755;-57.3333;406;2966;12-apr-85;02:52:00;3010;3.041;34.942;1;NaN;9;0;NaN;NaN
85004_127;21;38.755;-57.3333;405;3465;12-apr-85;02:44:00;3520;2.5845;34.916;1;NaN;9;0;NaN;NaN
85004_127;21;38.755;-57.3333;404;3918;12-apr-85;02:29:00;3985;2.352;34.901;1;NaN;9;0;NaN;NaN
85004_127;21;38.755;-57.3333;403;4118;12-apr-85;02:23:00;4190;2.3045;34.897;1;NaN;9;0;NaN;NaN
85004_127;21;38.755;-57.3333;402;4438;12-apr-85;02:16:00;4519;2.2705;34.892;1;NaN;9;0;NaN;NaN
85004_127;21;38.755;-57.3333;401;4696;12-apr-85;02:09:00;4785;2.2655;34.89;1;NaN;9;0;NaN;NaN
85004_127;21;38.755;-57.3333;400;5165;12-apr-85;01:52:00;5268;2.233;34.877;1;NaN;9;4;NaN;NaN
85004_138;22;39.2533;-57.3233;441;9;12-apr-85;10:36:00;9;18.863;36.537;1;NaN;9;0;NaN;NaN
85004_138;22;39.2533;-57.3233;440;95;12-apr-85;10:31:00;96;18.513;36.5335;1;NaN;9;0;NaN;NaN
85004_138;22;39.2533;-57.3233;439;197;12-apr-85;10:27:00;199;18.1545;36.501;1;NaN;9;0;NaN;NaN
85004_138;22;39.2533;-57.3233;438;295;12-apr-85;10:23:00;297;17.9995;36.474;1;NaN;9;0;NaN;NaN
85004_138;22;39.2533;-57.3233;437;377;12-apr-85;10:14:00;380;17.768;NaN;9;NaN;9;0;NaN;NaN
85004_138;22;39.2533;-57.3233;436;500;12-apr-85;10:10:00;504;16.787;36.308;1;NaN;9;0;NaN;NaN
85004_138;22;39.2533;-57.3233;435;597;12-apr-85;10:06:00;602;15.2325;36.043;1;NaN;9;0;NaN;NaN
85004_138;22;39.2533;-57.3233;434;700;12-apr-85;10:02:00;707;12.8015;35.66;1;NaN;9;0;NaN;NaN
85004_138;22;39.2533;-57.3233;433;820;12-apr-85;09:52:00;828;9.8225;35.271;1;NaN;9;0;NaN;NaN
85004_138;22;39.2533;-57.3233;432;962;12-apr-85;09:47:00;972;7.246;35.099;1;NaN;9;0;NaN;NaN
85004_138;22;39.2533;-57.3233;431;1034;12-apr-85;09:43:00;1045;6.4725;NaN;9;NaN;9;0;NaN;NaN
85004_138;22;39.2533;-57.3233;430;1554;12-apr-85;09:33:00;1572;4.287;NaN;9;NaN;9;0;NaN;NaN
85004_138;22;39.2533;-57.3233;429;2026;12-apr-85;09:19:00;2052;3.856;NaN;9;NaN;9;0;NaN;NaN
85004_138;22;39.2533;-57.3233;428;2443;12-apr-85;09:10:00;2476;3.5465;NaN;9;NaN;9;0;NaN;NaN
85004_138;22;39.2533;-57.3233;427;2902;12-apr-85;09:00:00;2945;3.135;34.953;1;NaN;9;0;NaN;NaN
85004_138;22;39.2533;-57.3233;426;3411;12-apr-85;08:49:00;3465;2.676;34.931;1;NaN;9;0;NaN;NaN
85004_138;22;39.2533;-57.3233;425;3831;12-apr-85;08:35:00;3896;2.41;34.91;1;NaN;9;0;NaN;NaN
85004_138;22;39.2533;-57.3233;424;4022;12-apr-85;08:30:00;4092;2.348;34.904;1;NaN;9;0;NaN;NaN
85004_138;22;39.2533;-57.3233;423;4370;12-apr-85;08:22:00;4449;2.293;34.897;1;NaN;9;0;NaN;NaN
85004_138;22;39.2533;-57.3233;422;4740;12-apr-85;08:14:00;4830;2.278;34.893;1;NaN;9;0;NaN;NaN
85004_138;22;39.2533;-57.3233;421;5177;12-apr-85;07:59:00;5281;2.218;34.877;1;NaN;9;4;NaN;NaN
85004_149;23;39.7583;-57.33;462;10;12-apr-85;20:01:00;10;19.767;36.48;1;NaN;9;0;NaN;NaN
85004_149;23;39.7583;-57.33;461;102;12-apr-85;19:58:00;103;19.7915;36.545;1;NaN;9;0;NaN;NaN
85004_149;23;39.7583;-57.33;460;199;12-apr-85;19:54:00;201;18.1225;36.494;1;NaN;9;0;NaN;NaN
85004_149;23;39.7583;-57.33;459;300;12-apr-85;19:50:00;303;17.6225;36.435;1;NaN;9;0;NaN;NaN
85004_149;23;39.7583;-57.33;458;401;12-apr-85;19:41:00;404;16.7205;36.309;1;NaN;9;0;NaN;NaN
85004_149;23;39.7583;-57.33;457;497;12-apr-85;19:37:00;501;14.149;35.868;1;NaN;9;0;NaN;NaN
85004_149;23;39.7583;-57.33;456;602;12-apr-85;19:33:00;608;11.696;35.115;1;NaN;9;0;NaN;NaN
85004_149;23;39.7583;-57.33;455;702;12-apr-85;19:29:00;709;9.6265;35.292;1;NaN;9;0;NaN;NaN
85004_149;23;39.7583;-57.33;454;803;12-apr-85;19:20:00;811;7.525;35.117;1;NaN;9;0;NaN;NaN
85004_149;23;39.7583;-57.33;453;880;12-apr-85;19:16:00;889;6.057;35.059;1;NaN;9;0;NaN;NaN
85004_149;23;39.7583;-57.33;452;967;12-apr-85;19:12:00;977;5.408;35.038;1;NaN;9;0;NaN;NaN
85004_149;23;39.7583;-57.33;451;1414;12-apr-85;19:04:00;1430;4.272;35.0065;1;NaN;9;0;NaN;NaN
85004_149;23;39.7583;-57.33;450;1955;12-apr-85;18:51:00;1979;3.863;34.984;1;NaN;9;0;NaN;NaN
85004_149;23;39.7583;-57.33;449;2454;12-apr-85;18:44:00;2488;3.452;34.97;1;NaN;9;0;NaN;NaN
85004_149;23;39.7583;-57.33;448;2945;12-apr-85;18:36:00;2989;3.044;34.948;1;NaN;9;0;NaN;NaN
85004_149;23;39.7583;-57.33;447;3430;12-apr-85;18:28:00;3485;2.635;34.924;1;NaN;9;0;NaN;NaN
85004_149;23;39.7583;-57.33;446;3919;12-apr-85;18:15:00;3986;2.376;34.906;1;NaN;9;0;NaN;NaN
85004_149;23;39.7583;-57.33;445;4108;12-apr-85;18:10:00;4180;2.333;34.902;1;NaN;9;0;NaN;NaN
85004_149;23;39.7583;-57.33;444;4400;12-apr-85;18:04:00;4481;2.2995;NaN;9;NaN;9;0;NaN;NaN
85004_149;23;39.7583;-57.33;443;4691;12-apr-85;17:57:00;4780;2.2965;34.895;1;NaN;9;0;NaN;NaN
85004_149;23;39.7583;-57.33;442;5152;12-apr-85;17:42:00;5255;2.3095;34.891;1;NaN;9;4;NaN;NaN
85004_160;24;40.265;-57.3217;483;10;13-apr-85;01:50:00;10;13.871;35.444;1;NaN;9;0;NaN;NaN
85004_160;24;40.265;-57.3217;482;111;13-apr-85;01:44:00;112;14.261;35.739;1;NaN;9;0;NaN;NaN
85004_160;24;40.265;-57.3217;481;210;13-apr-85;01:41:00;212;12.669;35.44;1;NaN;9;0;NaN;NaN
85004_160;24;40.265;-57.3217;480;310;13-apr-85;01:37:00;313;12.7835;35.52;1;NaN;9;0;NaN;NaN
85004_160;24;40.265;-57.3217;479;409;13-apr-85;01:28:00;413;12.1465;35.552;1;NaN;9;0;NaN;NaN
85004_160;24;40.265;-57.3217;478;497;13-apr-85;01:25:00;501;9.5425;35.232;1;NaN;9;0;NaN;NaN
85004_160;24;40.265;-57.3217;477;588;13-apr-85;01:21:00;593;7.851;35.101;1;NaN;9;0;NaN;NaN
85004_160;24;40.265;-57.3217;476;688;13-apr-85;01:17:00;694;6.2225;35.058;1;NaN;9;0;NaN;NaN
85004_160;24;40.265;-57.3217;475;785;13-apr-85;01:09:00;793;5.5965;35.042;1;NaN;9;0;NaN;NaN
85004_160;24;40.265;-57.3217;474;892;13-apr-85;01:05:00;901;5.1695;35.03;1;NaN;9;0;NaN;NaN
85004_160;24;40.265;-57.3217;473;996;13-apr-85;01:02:00;1006;4.7885;35.014;1;NaN;9;0;NaN;NaN
85004_160;24;40.265;-57.3217;472;1487;13-apr-85;00:53:00;1504;4.061;34.973;1;NaN;9;0;NaN;NaN
85004_160;24;40.265;-57.3217;471;1983;13-apr-85;00:39:00;2008;3.7455;34.973;1;NaN;9;0;NaN;NaN
85004_160;24;40.265;-57.3217;470;2459;13-apr-85;00:31:00;2493;3.333;34.968;1;NaN;9;0;NaN;NaN
85004_160;24;40.265;-57.3217;469;2929;13-apr-85;00:23:00;2973;2.9365;34.939;1;NaN;9;0;NaN;NaN
85004_160;24;40.265;-57.3217;468;3451;13-apr-85;00:14:00;3507;2.551;34.916;1;NaN;9;0;NaN;NaN
85004_160;24;40.265;-57.3217;467;3947;12-apr-85;23:59:00;4015;2.3335;34.9;1;NaN;9;0;NaN;NaN
85004_160;24;40.265;-57.3217;466;4070;12-apr-85;23:54:00;4142;2.318;34.898;1;NaN;9;0;NaN;NaN
85004_160;24;40.265;-57.3217;465;4494;12-apr-85;23:47:00;4577;2.2835;34.891;1;NaN;9;0;NaN;NaN
85004_160;24;40.265;-57.3217;464;4643;12-apr-85;23:42:00;4731;2.2815;34.889;1;NaN;9;0;NaN;NaN
85004_160;24;40.265;-57.3217;463;5071;12-apr-85;23:28:00;5172;2.2525;34.881;1;NaN;9;4;NaN;NaN
85004_171;25;40.2383;-57.9883;504;11;13-apr-85;15:12:00;11;13.2855;35.501;1;NaN;9;0;NaN;NaN
85004_171;25;40.2383;-57.9883;503;102;13-apr-85;15:08:00;103;13.245;35.52;1;NaN;9;0;NaN;NaN
85004_171;25;40.2383;-57.9883;502;200;13-apr-85;15:04:00;202;13.1525;35.528;1;NaN;9;0;NaN;NaN
85004_171;25;40.2383;-57.9883;501;298;13-apr-85;15:00:00;301;12.8105;35.607;1;NaN;9;0;NaN;NaN
85004_171;25;40.2383;-57.9883;500;400;13-apr-85;14:51:00;403;10.5415;35.345;1;NaN;9;0;NaN;NaN
85004_171;25;40.2383;-57.9883;499;501;13-apr-85;14:47:00;505;8.476;35.159;1;NaN;9;0;NaN;NaN
85004_171;25;40.2383;-57.9883;498;603;13-apr-85;14:44:00;609;6.697;35.076;1;NaN;9;0;NaN;NaN
85004_171;25;40.2383;-57.9883;497;698;13-apr-85;14:39:00;705;5.7585;35.049;1;NaN;9;0;NaN;NaN
85004_171;25;40.2383;-57.9883;496;797;13-apr-85;14:35:00;805;5.2485;35.033;1;NaN;9;0;NaN;NaN
85004_171;25;40.2383;-57.9883;495;903;13-apr-85;14:31:00;912;4.8445;35.015;1;NaN;9;0;NaN;NaN
85004_171;25;40.2383;-57.9883;494;1002;13-apr-85;14:27:00;1012;4.6595;35.009;1;NaN;9;0;NaN;NaN
85004_171;25;40.2383;-57.9883;493;1504;13-apr-85;14:18:00;1521;4.0825;34.979;1;NaN;9;0;NaN;NaN
85004_171;25;40.2383;-57.9883;492;2006;13-apr-85;14:04:00;2031;3.82;34.977;1;NaN;9;0;NaN;NaN
85004_171;25;40.2383;-57.9883;491;2452;13-apr-85;13:56:00;2486;3.395;34.967;1;NaN;9;0;NaN;NaN
85004_171;25;40.2383;-57.9883;490;3055;13-apr-85;13:47:00;3101;2.67;34.927;1;NaN;9;0;NaN;NaN
85004_171;25;40.2383;-57.9883;489;3452;13-apr-85;13:40:00;3508;2.4705;34.915;1;NaN;9;0;NaN;NaN
85004_171;25;40.2383;-57.9883;488;3942;13-apr-85;13:24:00;4010;2.322;34.902;1;NaN;9;0;NaN;NaN
85004_171;25;40.2383;-57.9883;487;4126;13-apr-85;13:19:00;4199;2.298;34.9;1;NaN;9;0;NaN;NaN
85004_171;25;40.2383;-57.9883;486;4426;13-apr-85;13:13:00;4507;2.2795;34.895;1;NaN;9;0;NaN;NaN
85004_171;25;40.2383;-57.9883;485;4732;13-apr-85;13:06:00;4822;2.2885;34.892;1;NaN;9;0;NaN;NaN
85004_171;25;40.2383;-57.9883;484;5085;13-apr-85;12:53:00;5186;2.2715;NaN;9;NaN;9;4;NaN;NaN
85004_182;26;40.7483;-58.0017;525;13;13-apr-85;23:46:00;13;8.9325;34.106;1;NaN;9;0;NaN;NaN
85004_182;26;40.7483;-58.0017;524;105;13-apr-85;23:41:00;106;8.161;34.4545;1;NaN;9;0;NaN;NaN
85004_182;26;40.7483;-58.0017;523;192;13-apr-85;23:38:00;194;8.2275;34.952;1;NaN;9;0;NaN;NaN
85004_182;26;40.7483;-58.0017;522;273;13-apr-85;23:34:00;275;8.2765;35.123;1;NaN;9;0;NaN;NaN
85004_182;26;40.7483;-58.0017;521;384;13-apr-85;23:23:00;387;7.1925;35.076;1;NaN;9;0;NaN;NaN
85004_182;26;40.7483;-58.0017;520;488;13-apr-85;23:20:00;492;6.29;35.064;1;NaN;9;0;NaN;NaN
85004_182;26;40.7483;-58.0017;519;607;13-apr-85;23:16:00;613;5.504;35.038;1;NaN;9;0;NaN;NaN
85004_182;26;40.7483;-58.0017;518;698;13-apr-85;23:13:00;705;5.075;35.029;1;NaN;9;0;NaN;NaN
85004_182;26;40.7483;-58.0017;517;816;13-apr-85;23:04:00;824;4.733;35.009;1;NaN;9;0;NaN;NaN
85004_182;26;40.7483;-58.0017;516;875;13-apr-85;23:01:00;884;5.3049;35.004;1;NaN;9;0;NaN;NaN
85004_182;26;40.7483;-58.0017;515;974;13-apr-85;22:57:00;984;4.4395;34.994;1;NaN;9;0;NaN;NaN
85004_182;26;40.7483;-58.0017;514;1413;13-apr-85;22:50:00;1429;4.0035;34.979;1;NaN;9;0;NaN;NaN
85004_182;26;40.7483;-58.0017;513;1914;13-apr-85;22:36:00;1938;3.6405;34.974;1;NaN;9;0;NaN;NaN
85004_182;26;40.7483;-58.0017;512;2463;13-apr-85;22:27:00;2497;3.252;34.958;1;NaN;9;0;NaN;NaN
85004_182;26;40.7483;-58.0017;511;2954;13-apr-85;22:18:00;2998;2.8475;34.936;1;NaN;9;0;NaN;NaN
85004_182;26;40.7483;-58.0017;510;3466;13-apr-85;22:08:00;3522;2.454;34.913;1;NaN;9;0;NaN;NaN
85004_182;26;40.7483;-58.0017;509;3932;13-apr-85;21:53:00;4000;2.324;34.901;1;NaN;9;0;NaN;NaN
85004_182;26;40.7483;-58.0017;508;4116;13-apr-85;21:48:00;4189;2.297;34.898;1;NaN;9;0;NaN;NaN
85004_182;26;40.7483;-58.0017;507;4414;13-apr-85;21:40:00;4495;2.281;34.893;1;NaN;9;0;NaN;NaN
85004_182;26;40.7483;-58.0017;506;4643;13-apr-85;21:32:00;4731;2.2284;34.8895;1;NaN;9;0;NaN;NaN
85004_182;26;40.7483;-58.0017;505;5030;13-apr-85;21:14:00;5130;2.266;34.883;1;NaN;9;4;NaN;NaN
85004_193;27;40.7533;-58.67;546;8;14-apr-85;08:30:00;8;11.485;NaN;9;NaN;9;0;NaN;NaN
85004_193;27;40.7533;-58.67;545;96;14-apr-85;08:26:00;97;11.5345;35.182;1;NaN;9;0;NaN;NaN
85004_193;27;40.7533;-58.67;544;195;14-apr-85;08:22:00;197;12.0105;35.373;1;NaN;9;0;NaN;NaN
85004_193;27;40.7533;-58.67;543;285;14-apr-85;08:19:00;287;11.7885;35.4565;1;NaN;9;0;NaN;NaN
85004_193;27;40.7533;-58.67;542;386;14-apr-85;08:10:00;389;9.3395;35.196;1;NaN;9;0;NaN;NaN
85004_193;27;40.7533;-58.67;541;486;14-apr-85;08:06:00;490;7.582;35.112;1;NaN;9;0;NaN;NaN
85004_193;27;40.7533;-58.67;540;588;14-apr-85;08:02:00;593;6.321;35.065;1;NaN;9;0;NaN;NaN
85004_193;27;40.7533;-58.67;539;676;14-apr-85;07:59:00;682;5.5325;35.039;1;NaN;9;0;NaN;NaN
85004_193;27;40.7533;-58.67;538;786;14-apr-85;07:52:00;794;4.966;35.023;1;NaN;9;0;NaN;NaN
85004_193;27;40.7533;-58.67;537;889;14-apr-85;07:48:00;898;4.609;35;1;NaN;9;0;NaN;NaN
85004_193;27;40.7533;-58.67;536;988;14-apr-85;07:44:00;998;4.4075;34.984;1;NaN;9;0;NaN;NaN
85004_193;27;40.7533;-58.67;535;1496;14-apr-85;07:36:00;1513;3.9095;34.963;1;NaN;9;0;NaN;NaN
85004_193;27;40.7533;-58.67;534;2003;14-apr-85;07:25:00;2028;3.689;NaN;9;NaN;9;0;NaN;NaN
85004_193;27;40.7533;-58.67;533;2498;14-apr-85;07:16:00;2533;3.276;34.962;1;NaN;9;0;NaN;NaN
85004_193;27;40.7533;-58.67;532;2994;14-apr-85;07:08:00;3039;2.8265;34.937;1;NaN;9;0;NaN;NaN
85004_193;27;40.7533;-58.67;531;3493;14-apr-85;06:59:00;3550;2.5;34.916;1;NaN;9;0;NaN;NaN
85004_193;27;40.7533;-58.67;530;3997;14-apr-85;06:46:00;4067;2.311;34.901;1;NaN;9;0;NaN;NaN
85004_193;27;40.7533;-58.67;529;4199;14-apr-85;06:40:00;4274;2.2865;34.899;1;NaN;9;0;NaN;NaN
85004_193;27;40.7533;-58.67;528;4499;14-apr-85;06:32:00;4583;2.272;34.893;1;NaN;9;0;NaN;NaN
85004_193;27;40.7533;-58.67;527;4798;14-apr-85;06:24:00;4891;2.2645;34.89;1;NaN;9;0;NaN;NaN
85004_193;27;40.7533;-58.67;526;4999;14-apr-85;06:14:00;5098;2.246;34.883;1;NaN;9;4;NaN;NaN
85004_204;28;40.745;-59.32;567;10;14-apr-85;15:41:00;10;16.8245;36.168;1;NaN;9;0;NaN;NaN
85004_204;28;40.745;-59.32;566;100;14-apr-85;15:37:00;101;16.8985;36.3005;1;NaN;9;0;NaN;NaN
85004_204;28;40.745;-59.32;565;199;14-apr-85;15:34:00;201;14.8415;35.921;1;NaN;9;0;NaN;NaN
85004_204;28;40.745;-59.32;564;301;14-apr-85;15:30:00;304;13.4885;35.672;1;NaN;9;0;NaN;NaN
85004_204;28;40.745;-59.32;563;401;14-apr-85;15:22:00;405;11.3325;35.43;1;NaN;9;0;NaN;NaN
85004_204;28;40.745;-59.32;562;501;14-apr-85;15:18:00;506;9.354;35.2;1;NaN;9;0;NaN;NaN
85004_204;28;40.745;-59.32;561;594;14-apr-85;15:15:00;599;7.7565;35.102;1;NaN;9;0;NaN;NaN
85004_204;28;40.745;-59.32;560;682;14-apr-85;15:11:00;688;6.3465;35.063;1;NaN;9;0;NaN;NaN
85004_204;28;40.745;-59.32;559;777;14-apr-85;15:00:00;785;5.3585;35.018;1;NaN;9;0;NaN;NaN
85004_204;28;40.745;-59.32;558;898;14-apr-85;14:57:00;907;4.824;35.009;1;NaN;9;0;NaN;NaN
85004_204;28;40.745;-59.32;557;990;14-apr-85;14:53:00;1000;4.5405;34.987;1;NaN;9;0;NaN;NaN
85004_204;28;40.745;-59.32;556;1488;14-apr-85;14:44:00;1505;4.042;34.977;1;NaN;9;0;NaN;NaN
85004_204;28;40.745;-59.32;555;1984;14-apr-85;14:31:00;2009;3.692;NaN;9;NaN;9;0;NaN;NaN
85004_204;28;40.745;-59.32;554;2475;14-apr-85;14:23:00;2509;3.283;34.963;1;NaN;9;0;NaN;NaN
85004_204;28;40.745;-59.32;553;2961;14-apr-85;14:15:00;3005;2.8555;34.933;1;NaN;9;0;NaN;NaN
85004_204;28;40.745;-59.32;552;3440;14-apr-85;14:06:00;3495;2.495;34.913;1;NaN;9;0;NaN;NaN
85004_204;28;40.745;-59.32;551;3924;14-apr-85;13:53:00;3992;2.321;34.9;1;NaN;9;0;NaN;NaN
85004_204;28;40.745;-59.32;550;4101;14-apr-85;13:48:00;4174;2.295;34.901;1;NaN;9;0;NaN;NaN
85004_204;28;40.745;-59.32;549;4358;14-apr-85;13:42:00;4438;2.2785;34.895;1;NaN;9;0;NaN;NaN
85004_204;28;40.745;-59.32;548;4701;14-apr-85;13:35:00;4791;2.2755;34.891;1;NaN;9;0;NaN;NaN
85004_204;28;40.745;-59.32;547;4970;14-apr-85;13:23:00;5068;2.257;34.887;1;NaN;9;4;NaN;NaN
85004_215;29;40.7533;-59.9967;588;7;14-apr-85;22:20:00;7;16.1065;36.092;1;NaN;9;0;NaN;NaN
85004_215;29;40.7533;-59.9967;587;97;14-apr-85;22:16:00;98;15.4125;35.964;1;NaN;9;0;NaN;NaN
85004_215;29;40.7533;-59.9967;586;193;14-apr-85;22:13:00;195;13.7905;35.693;1;NaN;9;0;NaN;NaN
85004_215;29;40.7533;-59.9967;585;291;14-apr-85;22:09:00;293;12.919;35.621;1;NaN;9;0;NaN;NaN
85004_215;29;40.7533;-59.9967;584;390;14-apr-85;22:00:00;393;10.268;35.302;1;NaN;9;0;NaN;NaN
85004_215;29;40.7533;-59.9967;583;488;14-apr-85;21:56:00;492;8.3435;35.1405;1;NaN;9;0;NaN;NaN
85004_215;29;40.7533;-59.9967;582;588;14-apr-85;21:52:00;593;6.842;35.103;1;NaN;9;0;NaN;NaN
85004_215;29;40.7533;-59.9967;581;686;14-apr-85;21:48:00;693;6.042;35.081;1;NaN;9;0;NaN;NaN
85004_215;29;40.7533;-59.9967;580;801;14-apr-85;21:39:00;809;5.433;35.07;1;NaN;9;0;NaN;NaN
85004_215;29;40.7533;-59.9967;579;898;14-apr-85;21:36:00;907;4.927;35.03;1;NaN;9;0;NaN;NaN
85004_215;29;40.7533;-59.9967;578;1019;14-apr-85;21:31:00;1029;4.5669;35.005;1;NaN;9;0;NaN;NaN
85004_215;29;40.7533;-59.9967;577;1488;14-apr-85;21:24:00;1505;4.0589;34.984;1;NaN;9;0;NaN;NaN
85004_215;29;40.7533;-59.9967;576;2042;14-apr-85;21:09:00;2068;3.616;34.974;1;NaN;9;0;NaN;NaN
85004_215;29;40.7533;-59.9967;575;2504;14-apr-85;21:00:00;2539;3.2105;34.962;1;NaN;9;0;NaN;NaN
85004_215;29;40.7533;-59.9967;574;2963;14-apr-85;20:52:00;3007;2.823;34.934;1;NaN;9;0;NaN;NaN
85004_215;29;40.7533;-59.9967;573;3433;14-apr-85;20:42:00;3488;2.485;34.916;1;NaN;9;0;NaN;NaN
85004_215;29;40.7533;-59.9967;572;3965;14-apr-85;20:28:00;4034;2.2855;34.901;1;NaN;9;0;NaN;NaN
85004_215;29;40.7533;-59.9967;571;4052;14-apr-85;20:23:00;4123;2.275;34.898;1;NaN;9;0;NaN;NaN
85004_215;29;40.7533;-59.9967;570;4391;14-apr-85;20:17:00;4472;2.26;34.896;1;NaN;9;0;NaN;NaN
85004_215;29;40.7533;-59.9967;569;4665;14-apr-85;20:11:00;4754;2.2565;34.896;1;NaN;9;0;NaN;NaN
85004_215;29;40.7533;-59.9967;568;4854;14-apr-85;20:00:00;4948;2.2325;34.887;1;NaN;9;0;NaN;NaN
85004_226;30;40.26;-59.97;609;12;15-apr-85;05:10:00;12;20.0585;36.551;1;NaN;9;0;NaN;NaN
85004_226;30;40.26;-59.97;608;98;15-apr-85;05:07:00;99;17.402;36.475;1;NaN;9;0;NaN;NaN
85004_226;30;40.26;-59.97;607;196;15-apr-85;05:04:00;198;17.2475;36.465;1;NaN;9;0;NaN;NaN
85004_226;30;40.26;-59.97;606;295;15-apr-85;05:01:00;298;15.72;36.124;1;NaN;9;0;NaN;NaN
85004_226;30;40.26;-59.97;605;413;15-apr-85;04:51:00;417;13.1015;35.619;1;NaN;9;0;NaN;NaN
85004_226;30;40.26;-59.97;604;495;15-apr-85;04:48:00;499;11.594;35.473;1;NaN;9;0;NaN;NaN
85004_226;30;40.26;-59.97;603;594;15-apr-85;04:44:00;599;8.974;35.188;1;NaN;9;0;NaN;NaN
85004_226;30;40.26;-59.97;602;699;15-apr-85;04:40:00;706;7.132;35.0915;1;NaN;9;0;NaN;NaN
85004_226;30;40.26;-59.97;601;851;15-apr-85;04:29:00;859;5.597;35.051;1;NaN;9;0;NaN;NaN
85004_226;30;40.26;-59.97;600;897;15-apr-85;04:25:00;906;5.282;35.049;1;NaN;9;0;NaN;NaN
85004_226;30;40.26;-59.97;599;993;15-apr-85;04:22:00;1003;4.8005;35.0165;1;NaN;9;0;NaN;NaN
85004_226;30;40.26;-59.97;598;1485;15-apr-85;04:14:00;1502;4.08;34.983;1;NaN;9;0;NaN;NaN
85004_226;30;40.26;-59.97;597;1621;15-apr-85;03:55:00;1640;3.70795;34.984;1;NaN;9;0;NaN;NaN
85004_226;30;40.26;-59.97;596;2511;15-apr-85;03:47:00;2546;3.217;34.97;1;NaN;9;0;NaN;NaN
85004_226;30;40.26;-59.97;595;2973;15-apr-85;03:38:00;3017;2.882;34.939;1;NaN;9;0;NaN;NaN
85004_226;30;40.26;-59.97;594;3493;15-apr-85;03:28:00;3550;2.501;34.916;1;NaN;9;0;NaN;NaN
85004_226;30;40.26;-59.97;593;3939;15-apr-85;03:15:00;4007;2.3275;34.902;1;NaN;9;0;NaN;NaN
85004_226;30;40.26;-59.97;592;4131;15-apr-85;03:10:00;4204;2.2935;34.897;1;NaN;9;0;NaN;NaN
85004_226;30;40.26;-59.97;591;4420;15-apr-85;03:02:00;4501;2.275;34.892;1;NaN;9;0;NaN;NaN
85004_226;30;40.26;-59.97;590;4698;15-apr-85;02:56:00;4788;2.269;34.892;1;NaN;9;0;NaN;NaN
85004_226;30;40.26;-59.97;589;4851;15-apr-85;02:43:00;4945;2.259;34.885;1;NaN;9;0;NaN;NaN
85004_237;31;39.7533;-59.9983;630;11;15-apr-85;11:55:00;11;19.5815;36.56;1;NaN;9;0;NaN;NaN
85004_237;31;39.7533;-59.9983;629;115;15-apr-85;11:51:00;116;18.3715;36.522;1;NaN;9;0;NaN;NaN
85004_237;31;39.7533;-59.9983;628;213;15-apr-85;11:47:00;215;18.115;36.4995;1;NaN;9;0;NaN;NaN
85004_237;31;39.7533;-59.9983;627;313;15-apr-85;11:44:00;316;17.945;36.473;1;NaN;9;0;NaN;NaN
85004_237;31;39.7533;-59.9983;626;413;15-apr-85;11:35:00;417;17.3515;36.396;1;NaN;9;0;NaN;NaN
85004_237;31;39.7533;-59.9983;625;506;15-apr-85;11:31:00;511;15.81;36.135;1;NaN;9;0;NaN;NaN
85004_237;31;39.7533;-59.9983;624;600;15-apr-85;11:27:00;606;13.4525;35.771;1;NaN;9;0;NaN;NaN
85004_237;31;39.7533;-59.9983;623;705;15-apr-85;11:23:00;712;10.673;35.38;1;NaN;9;0;NaN;NaN
85004_237;31;39.7533;-59.9983;622;806;15-apr-85;11:13:00;814;8.31;35.147;1;NaN;9;0;NaN;NaN
85004_237;31;39.7533;-59.9983;621;886;15-apr-85;11:08:00;895;6.9095;35.119;1;NaN;9;0;NaN;NaN
85004_237;31;39.7533;-59.9983;620;1028;15-apr-85;11:02:00;1039;5.571;35.061;1;NaN;9;0;NaN;NaN
85004_237;31;39.7533;-59.9983;619;1437;15-apr-85;10:55:00;1453;4.3565;34.993;1;NaN;9;0;NaN;NaN
85004_237;31;39.7533;-59.9983;618;1910;15-apr-85;10:38:00;1934;3.911;34.984;1;NaN;9;0;NaN;NaN
85004_237;31;39.7533;-59.9983;617;2427;15-apr-85;10:31:00;2460;3.5195;34.982;1;NaN;9;0;NaN;NaN
85004_237;31;39.7533;-59.9983;616;2927;15-apr-85;10:22:00;2970;3.135;34.953;1;NaN;9;0;NaN;NaN
85004_237;31;39.7533;-59.9983;615;3420;15-apr-85;10:14:00;3475;2.7165;34.929;1;NaN;9;0;NaN;NaN
85004_237;31;39.7533;-59.9983;614;3919;15-apr-85;10:01:00;3986;2.432;34.91;1;NaN;9;0;NaN;NaN
85004_237;31;39.7533;-59.9983;613;4094;15-apr-85;09:56:00;4166;2.374;34.905;1;NaN;9;0;NaN;NaN
85004_237;31;39.7533;-59.9983;612;4390;15-apr-85;09:50:00;4470;2.3325;34.9;1;NaN;9;0;NaN;NaN
85004_237;31;39.7533;-59.9983;611;4687;15-apr-85;09:43:00;4776;2.3095;34.896;1;NaN;9;0;NaN;NaN
85004_237;31;39.7533;-59.9983;610;5040;15-apr-85;09:32:00;5140;2.303;34.89;1;NaN;9;4;NaN;NaN
85004_239;32;39.2517;-59.995;651;18;15-apr-85;20:02:00;18;19.782;36.556;1;NaN;9;0;NaN;NaN
85004_239;32;39.2517;-59.995;650;108;15-apr-85;20:00:00;109;19.056;36.541;1;NaN;9;0;NaN;NaN
85004_239;32;39.2517;-59.995;649;204;15-apr-85;19:57:00;206;18.1485;36.503;1;NaN;9;0;NaN;NaN
85004_239;32;39.2517;-59.995;648;306;15-apr-85;19:54:00;309;17.984;36.488;1;NaN;9;0;NaN;NaN
85004_239;32;39.2517;-59.995;647;405;15-apr-85;19:45:00;408;17.462;36.409;1;NaN;9;0;NaN;NaN
85004_239;32;39.2517;-59.995;646;496;15-apr-85;19:41:00;500;16.376;36.251;1;NaN;9;0;NaN;NaN
85004_239;32;39.2517;-59.995;645;597;15-apr-85;19:38:00;602;13.933;35.847;1;NaN;9;0;NaN;NaN
85004_239;32;39.2517;-59.995;644;697;15-apr-85;19:35:00;704;11.874;35.531;1;NaN;9;0;NaN;NaN
85004_239;32;39.2517;-59.995;643;783;15-apr-85;19:27:00;791;10.0835;35.307;1;NaN;9;0;NaN;NaN
85004_239;32;39.2517;-59.995;642;893;15-apr-85;19:22:00;902;7.518;35.122;1;NaN;9;0;NaN;NaN
85004_239;32;39.2517;-59.995;641;992;15-apr-85;19:19:00;1002;6.365;35.096;1;NaN;9;0;NaN;NaN
85004_239;32;39.2517;-59.995;640;1488;15-apr-85;19:11:00;1505;4.3945;34.995;1;NaN;9;0;NaN;NaN
85004_239;32;39.2517;-59.995;639;1975;15-apr-85;18:58:00;2000;3.921;34.983;1;NaN;9;0;NaN;NaN
85004_239;32;39.2517;-59.995;638;2459;15-apr-85;18:50:00;2493;3.529;34.986;1;NaN;9;0;NaN;NaN
85004_239;32;39.2517;-59.995;637;2956;15-apr-85;18:43:00;3000;3.0925;34.951;1;NaN;9;0;NaN;NaN
85004_239;32;39.2517;-59.995;636;3353;15-apr-85;18:36:00;3406;2.734;34.932;1;NaN;9;0;NaN;NaN
85004_239;32;39.2517;-59.995;635;3893;15-apr-85;16:52:00;3959;2.4085;34.91;1;NaN;9;0;NaN;NaN
85004_239;32;39.2517;-59.995;634;4099;15-apr-85;16:46:00;4171;2.3465;34.904;1;NaN;9;0;NaN;NaN
85004_239;32;39.2517;-59.995;633;4398;15-apr-85;16:37:00;4478;2.3025;34.898;1;NaN;9;0;NaN;NaN
85004_239;32;39.2517;-59.995;632;4709;15-apr-85;16:30:00;4798;2.2915;34.894;1;NaN;9;0;NaN;NaN
85004_239;32;39.2517;-59.995;631;5047;15-apr-85;16:18:00;5147;2.2875;34.89;1;NaN;9;4;NaN;NaN
85004_243;33;38.7533;-59.9983;672;11;16-apr-85;02:36:00;11;19.7055;36.56;1;NaN;9;0;NaN;NaN
85004_243;33;38.7533;-59.9983;671;106;16-apr-85;02:32:00;107;19.054;36.545;1;NaN;9;0;NaN;NaN
85004_243;33;38.7533;-59.9983;670;207;16-apr-85;02:29:00;209;18.1775;36.515;1;NaN;9;0;NaN;NaN
85004_243;33;38.7533;-59.9983;669;307;16-apr-85;02:25:00;310;17.7505;36.456;1;NaN;9;0;NaN;NaN
85004_243;33;38.7533;-59.9983;668;407;16-apr-85;02:16:00;411;17.6635;36.44;1;NaN;9;0;NaN;NaN
85004_243;33;38.7533;-59.9983;667;509;16-apr-85;02:12:00;514;16.6225;36.28;1;NaN;9;0;NaN;NaN
85004_243;33;38.7533;-59.9983;666;609;16-apr-85;02:08:00;615;15.0415;36.0165;1;NaN;9;0;NaN;NaN
85004_243;33;38.7533;-59.9983;665;708;16-apr-85;02:04:00;715;12.5305;35.626;1;NaN;9;0;NaN;NaN
85004_243;33;38.7533;-59.9983;664;807;16-apr-85;01:55:00;815;10.1405;35.297;1;NaN;9;0;NaN;NaN
85004_243;33;38.7533;-59.9983;663;910;16-apr-85;01:51:00;919;7.9755;35.146;1;NaN;9;0;NaN;NaN
85004_243;33;38.7533;-59.9983;662;1009;16-apr-85;01:47:00;1019;6.3475;35.075;1;NaN;9;0;NaN;NaN
85004_243;33;38.7533;-59.9983;661;1506;16-apr-85;01:39:00;1523;4.328;34.993;1;NaN;9;0;NaN;NaN
85004_243;33;38.7533;-59.9983;660;2008;16-apr-85;01:26:00;2033;3.8325;34.987;1;NaN;9;0;NaN;NaN
85004_243;33;38.7533;-59.9983;659;2456;16-apr-85;01:19:00;2489;3.486;34.978;1;NaN;9;0;NaN;NaN
85004_243;33;38.7533;-59.9983;658;2958;16-apr-85;01:10:00;3002;3.0885;34.953;1;NaN;9;0;NaN;NaN
85004_243;33;38.7533;-59.9983;657;3438;16-apr-85;01:02:00;3493;2.7435;34.934;1;NaN;9;0;NaN;NaN
85004_243;33;38.7533;-59.9983;656;3913;16-apr-85;00:49:00;3980;2.4315;34.913;1;NaN;9;0;NaN;NaN
85004_243;33;38.7533;-59.9983;655;4115;16-apr-85;00:45:00;4187;2.3615;34.907;1;NaN;9;0;NaN;NaN
85004_243;33;38.7533;-59.9983;654;4418;16-apr-85;00:38:00;4499;2.324;34.901;1;NaN;9;0;NaN;NaN
85004_243;33;38.7533;-59.9983;653;4718;16-apr-85;00:31:00;4807;2.318;34.899;1;NaN;9;0;NaN;NaN
85004_243;33;38.7533;-59.9983;652;5085;16-apr-85;00:19:00;5186;2.321;34.894;1;NaN;9;4;NaN;NaN
85004_244;34;39.2567;-60.665;693;11;16-apr-85;09:47:00;11;15.416;35.873;1;NaN;9;0;NaN;NaN
85004_244;34;39.2567;-60.665;692;112;16-apr-85;09:42:00;113;16.714;36.353;1;NaN;9;0;NaN;NaN
85004_244;34;39.2567;-60.665;691;209;16-apr-85;09:39:00;211;14.2215;35.864;1;NaN;9;0;NaN;NaN
85004_244;34;39.2567;-60.665;690;310;16-apr-85;09:36:00;313;12.4365;35.572;1;NaN;9;0;NaN;NaN
85004_244;34;39.2567;-60.665;689;412;16-apr-85;09:27:00;416;10.2195;35.32;1;NaN;9;0;NaN;NaN
85004_244;34;39.2567;-60.665;688;507;16-apr-85;09:23:00;512;8.1685;35.147;1;NaN;9;0;NaN;NaN
85004_244;34;39.2567;-60.665;687;613;16-apr-85;09:19:00;619;6.615;35.069;1;NaN;9;0;NaN;NaN
85004_244;34;39.2567;-60.665;686;708;16-apr-85;09:14:00;715;5.5885;35.032;1;NaN;9;0;NaN;NaN
85004_244;34;39.2567;-60.665;685;806;16-apr-85;09:05:00;814;5.188;35.03;1;NaN;9;0;NaN;NaN
85004_244;34;39.2567;-60.665;684;890;16-apr-85;09:00:00;899;4.9875;35.025;1;NaN;9;0;NaN;NaN
85004_244;34;39.2567;-60.665;683;1070;16-apr-85;08:55:00;1081;4.382;34.995;1;NaN;9;0;NaN;NaN
85004_244;34;39.2567;-60.665;682;1575;16-apr-85;08:46:00;1593;3.915;34.982;1;NaN;9;0;NaN;NaN
85004_244;34;39.2567;-60.665;681;2082;16-apr-85;08:31:00;2109;3.5575;34.978;1;NaN;9;0;NaN;NaN
85004_244;34;39.2567;-60.665;680;2461;16-apr-85;08:21:00;2495;3.187;34.962;1;NaN;9;0;NaN;NaN
85004_244;34;39.2567;-60.665;679;2632;16-apr-85;08:13:00;2669;2.845;34.941;1;NaN;9;0;NaN;NaN
85004_244;34;39.2567;-60.665;678;3381;16-apr-85;08:05:00;3435;2.519;34.92;1;NaN;9;0;NaN;NaN
85004_244;34;39.2567;-60.665;677;3655;16-apr-85;07:55:00;3715;2.3999;34.913;1;NaN;9;0;NaN;NaN
85004_244;34;39.2567;-60.665;676;3886;16-apr-85;07:49:00;3952;2.34;34.906;1;NaN;9;0;NaN;NaN
85004_244;34;39.2567;-60.665;675;4195;16-apr-85;07:44:00;4270;2.2925;34.9;1;NaN;9;0;NaN;NaN
85004_244;34;39.2567;-60.665;674;4679;16-apr-85;07:36:00;4767;2.2845;34.893;1;NaN;9;0;NaN;NaN
85004_244;34;39.2567;-60.665;673;5064;16-apr-85;07:25:00;5164;2.296;34.891;1;NaN;9;4;NaN;NaN
85004_247;35;39.7567;-60.6633;714;12;16-apr-85;15:43:00;12;12.189;34.614;1;NaN;9;0;NaN;NaN
85004_247;35;39.7567;-60.6633;713;106;16-apr-85;15:39:00;107;13.754;35.659;1;NaN;9;0;NaN;NaN
85004_247;35;39.7567;-60.6633;712;209;16-apr-85;15:36:00;211;13.145;35.647;1;NaN;9;0;NaN;NaN
85004_247;35;39.7567;-60.6633;711;309;16-apr-85;15:32:00;312;11.1375;35.434;1;NaN;9;0;NaN;NaN
85004_247;35;39.7567;-60.6633;710;408;16-apr-85;15:23:00;412;8.322;35.154;1;NaN;9;0;NaN;NaN
85004_247;35;39.7567;-60.6633;709;505;16-apr-85;15:19:00;510;7.0655;35.091;1;NaN;9;0;NaN;NaN
85004_247;35;39.7567;-60.6633;708;604;16-apr-85;15:15:00;610;5.837;35.047;1;NaN;9;0;NaN;NaN
85004_247;35;39.7567;-60.6633;707;701;16-apr-85;15:11:00;708;5.2125;35.031;1;NaN;9;0;NaN;NaN
85004_247;35;39.7567;-60.6633;706;803;16-apr-85;15:01:00;811;4.731;35.005;1;NaN;9;0;NaN;NaN
85004_247;35;39.7567;-60.6633;705;908;16-apr-85;14:57:00;917;4.6215;35.005;1;NaN;9;0;NaN;NaN
85004_247;35;39.7567;-60.6633;704;1011;16-apr-85;14:53:00;1021;4.427;34.999;1;NaN;9;0;NaN;NaN
85004_247;35;39.7567;-60.6633;703;1508;16-apr-85;14:44:00;1525;3.9005;34.979;1;NaN;9;0;NaN;NaN
85004_247;35;39.7567;-60.6633;702;2008;16-apr-85;14:30:00;2033;3.536;NaN;9;NaN;9;0;NaN;NaN
85004_247;35;39.7567;-60.6633;701;2495;16-apr-85;14:22:00;2529;3.138;34.963;1;NaN;9;0;NaN;NaN
85004_247;35;39.7567;-60.6633;700;2983;16-apr-85;14:13:00;3028;2.7245;34.934;1;NaN;9;0;NaN;NaN
85004_247;35;39.7567;-60.6633;699;3471;16-apr-85;14:05:00;3527;2.4225;34.917;1;NaN;9;0;NaN;NaN
85004_247;35;39.7567;-60.6633;698;3919;16-apr-85;13:52:00;3986;2.303;34.906;1;NaN;9;0;NaN;NaN
85004_247;35;39.7567;-60.6633;697;4122;16-apr-85;13:47:00;4195;2.289;34.9025;1;NaN;9;0;NaN;NaN
85004_247;35;39.7567;-60.6633;696;4404;16-apr-85;13:41:00;4485;2.29;34.898;1;NaN;9;0;NaN;NaN
85004_247;35;39.7567;-60.6633;695;4704;16-apr-85;13:35:00;4793;2.306;34.898;1;NaN;9;0;NaN;NaN
85004_247;35;39.7567;-60.6633;694;5015;16-apr-85;13:23:00;5114;2.3215;34.894;1;NaN;9;4;NaN;NaN
85004_253;36;40.2583;-60.6617;735;11;16-apr-85;21:32:00;11;12.949;34.933;1;NaN;9;0;NaN;NaN
85004_253;36;40.2583;-60.6617;734;104;16-apr-85;21:28:00;105;13.7359;35.644;1;NaN;9;0;NaN;NaN
85004_253;36;40.2583;-60.6617;733;203;16-apr-85;21:25:00;205;13.3045;35.687;1;NaN;9;0;NaN;NaN
85004_253;36;40.2583;-60.6617;732;299;16-apr-85;21:22:00;302;11.2339;35.44;1;NaN;9;0;NaN;NaN
85004_253;36;40.2583;-60.6617;731;401;16-apr-85;21:14:00;404;8.9379;35.211;1;NaN;9;0;NaN;NaN
85004_253;36;40.2583;-60.6617;730;495;16-apr-85;21:10:00;499;7.459;35.115;1;NaN;9;0;NaN;NaN
85004_253;36;40.2583;-60.6617;729;587;16-apr-85;21:07:00;592;6.2579;35.05;1;NaN;9;0;NaN;NaN
85004_253;36;40.2583;-60.6617;728;689;16-apr-85;21:03:00;695;5.393;35.038;1;NaN;9;0;NaN;NaN
85004_253;36;40.2583;-60.6617;727;787;16-apr-85;20:54:00;795;4.966;35.022;1;NaN;9;0;NaN;NaN
85004_253;36;40.2583;-60.6617;726;880;16-apr-85;20:50:00;889;4.717;35.01;1;NaN;9;0;NaN;NaN
85004_253;36;40.2583;-60.6617;725;968;16-apr-85;20:46:00;978;4.4665;34.999;1;NaN;9;0;NaN;NaN
85004_253;36;40.2583;-60.6617;724;1474;16-apr-85;20:37:00;1491;3.9265;34.981;1;NaN;9;0;NaN;NaN
85004_253;36;40.2583;-60.6617;723;1996;16-apr-85;20:23:00;2021;3.575;34.975;1;NaN;9;0;NaN;NaN
85004_253;36;40.2583;-60.6617;722;2485;16-apr-85;20:15:00;2519;3.233;34.961;1;NaN;9;0;NaN;NaN
85004_253;36;40.2583;-60.6617;721;2978;16-apr-85;20:07:00;3023;2.822;34.939;1;NaN;9;0;NaN;NaN
85004_253;36;40.2583;-60.6617;720;3347;16-apr-85;20:00:00;3400;2.53;34.921;1;NaN;9;0;NaN;NaN
85004_253;36;40.2583;-60.6617;719;3849;16-apr-85;19:47:00;3915;2.327;34.906;1;NaN;9;0;NaN;NaN
85004_253;36;40.2583;-60.6617;718;4059;16-apr-85;19:43:00;4130;2.288;34.902;1;NaN;9;0;NaN;NaN
85004_253;36;40.2583;-60.6617;717;4358;16-apr-85;19:38:00;4438;2.267;34.897;1;NaN;9;0;NaN;NaN
85004_253;36;40.2583;-60.6617;716;4667;16-apr-85;19:32:00;4756;2.2685;34.894;1;NaN;9;0;NaN;NaN
85004_253;36;40.2583;-60.6617;715;4924;16-apr-85;19:22:00;5020;2.27;34.892;1;NaN;9;4;NaN;NaN
85004_257;37;40.75;-60.6683;756;8;17-apr-85;03:15:00;8;14.5285;35.748;1;NaN;9;0;NaN;NaN
85004_257;37;40.75;-60.6683;755;104;17-apr-85;03:12:00;105;14.4935;35.843;1;NaN;9;0;NaN;NaN
85004_257;37;40.75;-60.6683;754;201;17-apr-85;03:08:00;203;13.483;35.716;1;NaN;9;0;NaN;NaN
85004_257;37;40.75;-60.6683;753;299;17-apr-85;03:04:00;302;10.202;35.309;1;NaN;9;0;NaN;NaN
85004_257;37;40.75;-60.6683;752;406;17-apr-85;02:56:00;410;8.455;35.173;1;NaN;9;0;NaN;NaN
85004_257;37;40.75;-60.6683;751;503;17-apr-85;02:52:00;508;6.555;35.072;1;NaN;9;0;NaN;NaN
85004_257;37;40.75;-60.6683;750;607;17-apr-85;02:48:00;613;5.561;35.038;1;NaN;9;0;NaN;NaN
85004_257;37;40.75;-60.6683;749;702;17-apr-85;02:45:00;709;5.0915;35.03;1;NaN;9;0;NaN;NaN
85004_257;37;40.75;-60.6683;748;801;17-apr-85;02:36:00;809;4.7395;35.0115;1;NaN;9;0;NaN;NaN
85004_257;37;40.75;-60.6683;747;900;17-apr-85;02:33:00;909;4.485;35.002;1;NaN;9;0;NaN;NaN
85004_257;37;40.75;-60.6683;746;1000;17-apr-85;02:30:00;1010;4.3615;34.995;1;NaN;9;0;NaN;NaN
85004_257;37;40.75;-60.6683;745;1496;17-apr-85;02:23:00;1513;3.918;34.987;1;NaN;9;0;NaN;NaN
85004_257;37;40.75;-60.6683;744;1996;17-apr-85;02:11:00;2021;3.5405;34.977;1;NaN;9;0;NaN;NaN
85004_257;37;40.75;-60.6683;743;2488;17-apr-85;02:04:00;2522;3.1365;34.959;1;NaN;9;0;NaN;NaN
85004_257;37;40.75;-60.6683;742;2936;17-apr-85;01:56:00;2980;2.783;34.937;1;NaN;9;0;NaN;NaN
85004_257;37;40.75;-60.6683;741;3441;17-apr-85;01:48:00;3496;2.4245;34.915;1;NaN;9;0;NaN;NaN
85004_257;37;40.75;-60.6683;740;3898;17-apr-85;01:34:00;3965;2.2765;34.9015;1;NaN;9;0;NaN;NaN
85004_257;37;40.75;-60.6683;739;4104;17-apr-85;01:29:00;4177;2.2555;34.897;1;NaN;9;0;NaN;NaN
85004_257;37;40.75;-60.6683;738;4408;17-apr-85;01:23:00;4489;2.2495;34.894;1;NaN;9;0;NaN;NaN
85004_257;37;40.75;-60.6683;737;4712;17-apr-85;01:18:00;4802;2.226;34.889;1;NaN;9;0;NaN;NaN
85004_257;37;40.75;-60.6683;736;4790;17-apr-85;01:07:00;4883;2.214;34.885;1;NaN;9;0;NaN;NaN
85004_261;38;41.255;-60.67;777;16;17-apr-85;09:12:00;16;8.3905;33.7;1;NaN;9;0;NaN;NaN
85004_261;38;41.255;-60.67;776;107;17-apr-85;09:08:00;108;15.134;35.972;1;NaN;9;0;NaN;NaN
85004_261;38;41.255;-60.67;775;205;17-apr-85;09:04:00;207;13.3015;35.666;1;NaN;9;0;NaN;NaN
85004_261;38;41.255;-60.67;774;306;17-apr-85;09:01:00;309;10.4665;35.346;1;NaN;9;0;NaN;NaN
85004_261;38;41.255;-60.67;773;407;17-apr-85;08:52:00;411;8.668;35.172;1;NaN;9;0;NaN;NaN
85004_261;38;41.255;-60.67;772;507;17-apr-85;08:48:00;512;6.7055;35.083;1;NaN;9;0;NaN;NaN
85004_261;38;41.255;-60.67;771;608;17-apr-85;08:45:00;614;5.548;35.017;1;NaN;9;0;NaN;NaN
85004_261;38;41.255;-60.67;770;708;17-apr-85;08:41:00;715;4.995;34.997;1;NaN;9;0;NaN;NaN
85004_261;38;41.255;-60.67;769;808;17-apr-85;08:32:00;816;4.675;34.986;1;NaN;9;0;NaN;NaN
85004_261;38;41.255;-60.67;768;904;17-apr-85;08:27:00;913;4.4185;34.975;1;NaN;9;0;NaN;NaN
85004_261;38;41.255;-60.67;767;966;17-apr-85;08:22:00;976;4.2905;34.968;1;NaN;9;0;NaN;NaN
85004_261;38;41.255;-60.67;766;1474;17-apr-85;08:13:00;1491;3.8955;34.97;1;NaN;9;0;NaN;NaN
85004_261;38;41.255;-60.67;765;1980;17-apr-85;08:00:00;2005;3.5595;34.975;1;NaN;9;0;NaN;NaN
85004_261;38;41.255;-60.67;764;2490;17-apr-85;07:52:00;2525;3.1095;34.953;1;NaN;9;0;NaN;NaN
85004_261;38;41.255;-60.67;763;2968;17-apr-85;07:44:00;3013;2.718;34.933;1;NaN;9;0;NaN;NaN
85004_261;38;41.255;-60.67;762;3418;17-apr-85;07:36:00;3473;2.423;34.916;1;NaN;9;0;NaN;NaN
85004_261;38;41.255;-60.67;761;3887;17-apr-85;07:24:00;3954;2.265;34.902;1;NaN;9;0;NaN;NaN
85004_261;38;41.255;-60.67;760;4110;17-apr-85;07:20:00;4183;2.2505;34.9;1;NaN;9;0;NaN;NaN
85004_261;38;41.255;-60.67;759;4418;17-apr-85;07:15:00;4500;2.226;34.894;1;NaN;9;0;NaN;NaN
85004_261;38;41.255;-60.67;757;4634;17-apr-85;07:06:00;4722;2.207;34.888;7;NaN;9;512;NaN;NaN
85004_261;38;41.255;-60.67;758;4634;17-apr-85;07:06:00;4722;2.207;34.889;7;NaN;9;512;NaN;NaN
85004_263;39;41.245;-59.9983;798;14;17-apr-85;14:55:00;14;8.419;34.867;1;NaN;9;0;NaN;NaN
85004_263;39;41.245;-59.9983;797;108;17-apr-85;14:51:00;109;14.0085;35.677;1;NaN;9;0;NaN;NaN
85004_263;39;41.245;-59.9983;796;209;17-apr-85;14:48:00;211;13.677;35.7485;1;NaN;9;0;NaN;NaN
85004_263;39;41.245;-59.9983;795;310;17-apr-85;14:44:00;313;12.0065;35.545;1;NaN;9;0;NaN;NaN
85004_263;39;41.245;-59.9983;794;410;17-apr-85;14:36:00;414;8.895;35.181;1;NaN;9;0;NaN;NaN
85004_263;39;41.245;-59.9983;793;509;17-apr-85;14:33:00;514;7.0915;35.073;1;NaN;9;0;NaN;NaN
85004_263;39;41.245;-59.9983;792;609;17-apr-85;14:29:00;615;5.935;35.054;1;NaN;9;0;NaN;NaN
85004_263;39;41.245;-59.9983;791;706;17-apr-85;14:26:00;713;5.1225;35.015;1;NaN;9;0;NaN;NaN
85004_263;39;41.245;-59.9983;790;805;17-apr-85;14:18:00;813;4.8945;35.017;1;NaN;9;0;NaN;NaN
85004_263;39;41.245;-59.9983;789;902;17-apr-85;14:15:00;911;4.6635;35.009;1;NaN;9;0;NaN;NaN
85004_263;39;41.245;-59.9983;788;1001;17-apr-85;14:11:00;1011;4.4765;35.001;1;NaN;9;0;NaN;NaN
85004_263;39;41.245;-59.9983;787;1505;17-apr-85;14:03:00;1522;3.968;34.981;1;NaN;9;0;NaN;NaN
85004_263;39;41.245;-59.9983;786;2006;17-apr-85;13:50:00;2032;3.594;34.977;1;NaN;9;0;NaN;NaN
85004_263;39;41.245;-59.9983;785;2449;17-apr-85;13:42:00;2483;3.2255;34.9615;1;NaN;9;0;NaN;NaN
85004_263;39;41.245;-59.9983;784;2950;17-apr-85;13:35:00;2994;2.804;34.936;1;NaN;9;0;NaN;NaN
85004_263;39;41.245;-59.9983;783;3439;17-apr-85;13:29:00;3495;2.4255;34.922;1;NaN;9;0;NaN;NaN
85004_263;39;41.245;-59.9983;782;3914;17-apr-85;13:17:00;3982;2.2755;34.902;1;NaN;9;0;NaN;NaN
85004_263;39;41.245;-59.9983;781;4120;17-apr-85;13:13:00;4193;2.257;34.899;1;NaN;9;0;NaN;NaN
85004_263;39;41.245;-59.9983;780;4417;17-apr-85;13:08:00;4499;2.251;34.896;1;NaN;9;0;NaN;NaN
85004_263;39;41.245;-59.9983;779;4699;17-apr-85;13:03:00;4789;2.238;34.891;1;NaN;9;0;NaN;NaN
85004_263;39;41.245;-59.9983;778;4780;17-apr-85;12:54:00;4872;2.2205;34.887;1;NaN;9;0;NaN;NaN
