CTD;CTD;CTD;CTD;CTD;CTD;CTD;CTD;CTD;CTD;labo;labo;labo;labo;labo;labo;labo;labo;labo;labo;labo;calc;calc
Fichier;Station;Latitude;Longitude;Echantillon;zbouteille;Date;Heure;PRES;TEMP_XX;PSAL_BS;Q_PSAL;OXYM_01;Q_OXYM;NOx_01;Q_NOX;PO4_01;Q_PO4;Si_01;Q_Si;QCFF;N_P;N_Si
(nom);(nom/no);(degres);(degres);(no_unique);(dbar);(jj-mmm-yyyy);(GMT);(dbar);(celsius);(PSU);((none));(mmol/m**3);((none));(mmol/m**3);((none));(mmol/m**3);((none));(mmol/m**3);((none));((none));((none));((none))
89037_315;7;43.99;-49.2;66334;12;13-jan-90;06:26:00;12;-0.014;33.166;1;356.25282;4;7.45;2;0.73;1;6.5;2;2054;10.21;1.15
89037_315;7;43.99;-49.2;66335;13;13-jan-90;06:26:00;13;-0.013;33.166;1;357.45864;4;7.36;2;0.71;1;6.27;2;2054;10.37;1.17
89037_315;7;43.99;-49.2;66332;46;13-jan-90;06:26:00;46;-0.121;33.229;7;354.55574;4;NaN;9;NaN;9;NaN;9;518;NaN;NaN
89037_315;7;43.99;-49.2;66333;46;13-jan-90;06:26:00;46;-0.121;33.228;7;353.79652;4;7.81;1;0.76;1;6.49;1;518;10.28;1.20
89037_315;7;43.99;-49.2;66331;49;13-jan-90;06:26:00;49;-0.122;33.248;1;362.28192;4;7.83;1;0.75;1;6.71;1;6;10.44;1.17
89037_326;8;43.9;-49.16;66340;18;13-jan-90;08:35:00;18;-0.114;33.334;1;350.71498;4;8.57;1;0.69;1;7.18;1;6;12.42;1.19
89037_326;8;43.9;-49.16;66339;57;13-jan-90;08:35:00;57;0.049;NaN;9;338.79076;4;9.74;1;0.7;1;7.59;1;6;13.91;1.28
89037_326;8;43.9;-49.16;66338;106;13-jan-90;08:35:00;107;0.231;33.644;1;332.89564;4;9.98;1;0.76;1;7.9;1;6;13.13;1.26
89037_326;8;43.9;-49.16;66336;138;13-jan-90;08:35:00;139;0.306;33.672;7;332.80632;4;10.09;7;0.77;1;8.12;1;518;13.10;1.24
89037_326;8;43.9;-49.16;66337;138;13-jan-90;08:35:00;139;0.306;33.678;7;333.11894;4;10.21;7;0.77;1;7.69;1;518;13.26;1.33
89037_339;9;43.86;-48.98;66347;18;13-jan-90;10:32:00;18;-0.001;33.465;1;348.92858;4;8.48;1;0.64;1;6.92;1;6;13.25;1.23
89037_339;9;43.86;-48.98;66346;58;13-jan-90;10:32:00;58;0.264;33.66;1;347.6781;4;9.37;1;0.65;1;6.46;1;6;14.42;1.45
89037_339;9;43.86;-48.98;66345;108;13-jan-90;10:32:00;109;0.73;33.858;1;329.90342;4;10.7;1;0.7;1;7.54;1;6;15.29;1.42
89037_339;9;43.86;-48.98;66344;203;13-jan-90;10:32:00;205;1.569;34.189;1;294.44338;4;12.34;1;0.82;1;10.66;1;6;15.05;1.16
89037_339;9;43.86;-48.98;66343;305;13-jan-90;10:32:00;308;2.467;34.436;1;286.4939;4;15.49;1;0.96;1;11.7;1;6;16.14;1.32
89037_339;9;43.86;-48.98;66342;382;13-jan-90;10:32:00;385;3.229;34.651;1;288.7269;4;16.05;1;0.95;1;10.88;1;6;16.89;1.48
89037_339;9;43.86;-48.98;66341;414;13-jan-90;10:32:00;418;3.253;34.679;1;289.48612;4;16.1;1;0.95;1;10.64;1;6;16.95;1.51
89037_003;10;43.84;-48.86;66359;17;13-jan-90;14:22:00;17;0.68;33.774;1;348.92858;4;9.55;1;0.68;1;6.16;1;6;14.04;1.55
89037_003;10;43.84;-48.86;66358;56;13-jan-90;14:22:00;56;0.678;NaN;9;348.03538;4;NaN;9;NaN;9;NaN;9;6;NaN;NaN
89037_003;10;43.84;-48.86;66357;105;13-jan-90;14:22:00;106;0.839;33.897;1;322.13258;4;11.21;1;0.78;1;8.38;1;6;14.37;1.34
89037_003;10;43.84;-48.86;66356;206;13-jan-90;14:22:00;208;2.53;34.404;1;304.67052;4;14.02;1;0.84;1;8.26;1;6;16.69;1.70
89037_003;10;43.84;-48.86;66355;400;13-jan-90;14:22:00;404;3.526;34.802;1;296.05114;4;16.63;1;0.98;1;9.34;1;6;16.97;1.78
89037_003;10;43.84;-48.86;66354;601;13-jan-90;14:22:00;607;3.285;34.823;1;299.71326;4;16.12;1;0.96;1;9.52;1;6;16.79;1.69
89037_003;10;43.84;-48.86;66353;804;13-jan-90;14:22:00;812;3.197;34.828;1;NaN;9;17.04;1;0.97;1;9.73;1;0;17.57;1.75
89037_003;10;43.84;-48.86;66352;999;13-jan-90;14:22:00;1010;3.185;34.827;1;301.2317;4;16.57;1;0.97;1;9.82;1;6;17.08;1.69
89037_003;10;43.84;-48.86;66351;1194;13-jan-90;14:22:00;1207;3.185;34.833;1;301.14238;4;16.84;1;0.99;1;9.71;1;6;17.01;1.73
89037_003;10;43.84;-48.86;66350;1389;13-jan-90;14:22:00;1405;3.195;34.837;1;301.32102;4;16.59;1;0.97;1;9.95;1;6;17.10;1.67
89037_003;10;43.84;-48.86;66349;1570;13-jan-90;14:22:00;1589;3.203;34.843;1;300.87442;4;16.55;1;1.03;1;10.72;1;6;16.07;1.54
89037_003;10;43.84;-48.86;66348;1784;13-jan-90;14:22:00;1806;3.208;34.856;1;297.92686;4;16.72;1;0.96;1;10.54;1;6;17.42;1.59
89037_014;11;43.8;-48.67;66375;17;13-jan-90;19:01:00;17;1.88;33.75;1;339.81794;4;9.13;1;0.75;1;5.58;1;6;12.17;1.64
89037_014;11;43.8;-48.67;66374;58;13-jan-90;19:01:00;58;2.28;33.915;1;335.8432;4;9.33;1;0.71;1;5.14;1;6;13.14;1.82
89037_014;11;43.8;-48.67;66373;106;13-jan-90;19:01:00;107;2.657;34.145;1;317.26464;4;11.4;1;0.82;1;6.34;1;6;13.90;1.80
89037_014;11;43.8;-48.67;66372;201;13-jan-90;19:01:00;203;3.947;34.779;1;267.02214;4;17.96;1;1.14;1;10.76;1;6;15.75;1.67
89037_014;11;43.8;-48.67;66371;396;13-jan-90;19:01:00;400;3.969;34.891;1;275.64152;4;18.08;1;1.15;1;10.52;1;6;15.72;1.72
89037_014;11;43.8;-48.67;66370;583;13-jan-90;19:01:00;589;3.508;34.858;1;290.55796;4;16.38;1;1.03;1;10.03;1;6;15.90;1.63
89037_014;11;43.8;-48.67;66369;794;13-jan-90;19:01:00;802;3.233;34.842;1;299.40064;4;16.71;1;1.06;1;10.1;1;6;15.76;1.65
89037_014;11;43.8;-48.67;66368;998;13-jan-90;19:01:00;1009;3.159;34.836;1;301.6783;4;16.46;1;1.07;1;9.67;1;6;15.38;1.70
89037_014;11;43.8;-48.67;66367;1192;13-jan-90;19:01:00;1205;3.146;34.85;1;302.03558;4;16.62;1;1.04;1;10.24;1;6;15.98;1.62
89037_014;11;43.8;-48.67;66366;1387;13-jan-90;19:01:00;1403;3.169;34.859;1;300.24918;4;16.38;1;1.01;1;10.46;1;6;16.22;1.57
89037_014;11;43.8;-48.67;66365;1592;13-jan-90;19:01:00;1611;3.243;34.879;1;295.38124;4;17.19;1;1.06;1;10.94;1;6;16.22;1.57
89037_014;11;43.8;-48.67;66364;1788;13-jan-90;19:01:00;1810;3.292;34.894;1;291.80844;4;NaN;9;NaN;9;NaN;9;6;NaN;NaN
89037_014;11;43.8;-48.67;66363;1985;13-jan-90;19:01:00;2011;3.325;34.92;1;286.00264;4;17.13;1;1.03;1;11.99;1;6;16.63;1.43
89037_014;11;43.8;-48.67;66362;2185;13-jan-90;19:01:00;2214;3.194;34.929;1;284.84148;4;17.07;1;1.02;1;12.73;1;6;16.74;1.34
89037_014;11;43.8;-48.67;66361;2356;13-jan-90;19:01:00;2389;3.109;34.931;1;284.30556;4;17.4;1;1.03;1;13.31;1;6;16.89;1.31
89037_014;11;43.8;-48.67;66360;2754;13-jan-90;19:01:00;2795;2.697;34.926;1;285.42206;4;16.85;1;1;1;14.5;1;6;16.85;1.16
89037_025;12;43.68;-48.32;66395;17;13-jan-90;23:30:00;17;3.35;33.868;1;328.83158;4;7.96;1;0.58;1;4.29;1;6;13.72;1.86
89037_025;12;43.68;-48.32;66394;58;13-jan-90;23:30:00;58;2.81;33.872;1;332.67234;4;8.19;1;0.59;1;4.47;1;6;13.88;1.83
89037_025;12;43.68;-48.32;66393;108;13-jan-90;23:30:00;109;4.269;34.375;1;274.16774;4;14.26;1;0.93;1;8.18;1;6;15.33;1.74
89037_025;12;43.68;-48.32;66392;206;13-jan-90;23:30:00;208;4.224;34.727;1;255.76782;4;14.37;1;0.97;1;8.49;1;6;14.81;1.69
89037_025;12;43.68;-48.32;66391;307;13-jan-90;23:30:00;310;4.079;34.847;1;268.94252;4;16.46;1;0.97;1;9.33;1;6;16.97;1.76
89037_025;12;43.68;-48.32;66390;405;13-jan-90;23:30:00;409;3.961;34.892;1;276.71336;4;16.93;1;1;1;9.72;1;6;16.93;1.74
89037_025;12;43.68;-48.32;66389;498;13-jan-90;23:30:00;503;3.943;34.914;1;277.7852;4;19.49;1;1.12;1;12.22;1;6;17.40;1.59
89037_025;12;43.68;-48.32;66388;572;13-jan-90;23:30:00;577;3.821;34.91;1;281.49198;4;NaN;9;NaN;9;NaN;9;6;NaN;NaN
89037_025;12;43.68;-48.32;66387;678;13-jan-90;23:30:00;685;3.667;34.899;1;285.69002;4;18.91;1;0.98;1;11.3;1;6;19.30;1.67
89037_025;12;43.68;-48.32;66386;786;13-jan-90;23:30:00;794;3.589;34.896;1;288.54826;4;16.14;1;0.96;1;9.49;1;6;16.81;1.70
89037_025;12;43.68;-48.32;66385;887;13-jan-90;23:30:00;896;3.479;NaN;9;289.79874;4;NaN;9;NaN;9;NaN;9;6;NaN;NaN
89037_025;12;43.68;-48.32;66384;1088;13-jan-90;23:30:00;1100;3.378;NaN;9;295.4259;4;NaN;9;NaN;9;NaN;9;6;NaN;NaN
89037_025;12;43.68;-48.32;66383;1394;13-jan-90;23:30:00;1410;3.322;34.89;1;292.79096;4;15.46;1;0.96;1;9.83;1;6;16.10;1.57
89037_025;12;43.68;-48.32;66382;1702;13-jan-90;23:30:00;1723;3.334;34.919;1;285.77934;4;16.47;1;1.05;1;11.28;1;6;15.69;1.46
89037_025;12;43.68;-48.32;66381;2002;13-jan-90;23:30:00;2028;3.206;34.93;1;283.05508;4;NaN;9;NaN;9;NaN;9;6;NaN;NaN
89037_025;12;43.68;-48.32;66380;2204;13-jan-90;23:30:00;2234;3.056;34.931;1;283.01042;4;15.72;1;1.08;1;13.57;1;6;14.56;1.16
89037_025;12;43.68;-48.32;66379;2506;13-jan-90;23:30:00;2541;2.825;34.927;1;285.95798;4;14.36;1;1.03;1;13.13;1;6;13.94;1.09
89037_025;12;43.68;-48.32;66378;2804;13-jan-90;23:30:00;2846;2.606;34.921;1;286.85118;4;15.08;1;1.07;1;13.48;1;6;14.09;1.12
89037_025;12;43.68;-48.32;66377;2991;13-jan-90;23:30:00;3037;2.479;34.914;1;288.01234;4;16.08;1;1.04;1;14.31;1;6;15.46;1.12
89037_025;12;43.68;-48.32;66376;3283;13-jan-90;23:30:00;3336;2.236;34.906;1;290.42398;4;14.85;1;1.04;1;14.11;1;6;14.28;1.05
89037_182;26;42.68;-48.56;66540;14;22-jan-90;01:03:00;14;7.191;33.926;1;298.37346;4;5.41;1;0.52;1;3.07;1;6;10.40;1.76
89037_182;26;42.68;-48.56;66539;50;22-jan-90;01:03:00;50;7.189;33.924;1;297.56958;4;5.52;1;0.54;1;3.13;1;6;10.22;1.76
89037_182;26;42.68;-48.56;66538;97;22-jan-90;01:03:00;98;10.022;35.021;1;203.15834;4;14.7;1;1.03;1;7.11;1;6;14.27;2.07
89037_182;26;42.68;-48.56;66537;246;22-jan-90;01:03:00;248;7.164;35.004;1;183.5526;4;23.24;1;1.51;1;13.73;1;6;15.39;1.69
89037_182;26;42.68;-48.56;66536;494;22-jan-90;01:03:00;499;5.093;34.997;1;250.27464;4;18.21;1;1.24;1;11.18;1;6;14.69;1.63
89037_193;27;43;-50.26;66545;17;22-jan-90;08:49:00;17;3.883;32.566;1;332.2704;4;2.07;1;0.46;1;3.61;1;6;4.50;0.57
89037_193;27;43;-50.26;66543;55;22-jan-90;08:49:00;55;0.724;33.123;1;346.87422;4;6.56;7;0.73;7;5.85;1;518;8.99;1.12
89037_193;27;43;-50.26;66544;55;22-jan-90;08:49:00;55;0.724;33.123;1;346.38296;4;6.66;7;0.76;7;6.03;1;518;8.76;1.10
89037_193;27;43;-50.26;66541;69;22-jan-90;08:49:00;70;0.32;33.24;1;349.19654;4;7.67;7;0.81;7;6.47;1;518;9.47;1.19
89037_193;27;43;-50.26;66542;69;22-jan-90;08:49:00;70;0.32;33.24;1;347.76742;4;7.65;7;0.78;7;6.61;1;518;9.81;1.16
89037_204;28;42.83;-50.26;66550;17;22-jan-90;10:28:00;17;2.01;32.734;1;345.48976;4;4.08;2;0.61;1;4.38;1;2054;6.69;0.93
89037_204;28;42.83;-50.26;66549;56;22-jan-90;10:28:00;56;0.698;NaN;9;348.92858;4;5.46;1;0.69;1;5.29;1;6;7.91;1.03
89037_204;28;42.83;-50.26;66548;100;22-jan-90;10:28:00;101;-0.221;33.316;1;349.59848;4;7.92;2;0.83;1;6.68;1;2054;9.54;1.19
89037_204;28;42.83;-50.26;66547;148;22-jan-90;10:28:00;149;0.115;33.538;1;336.5131;4;9.53;1;0.89;1;8;1;6;10.71;1.19
89037_204;28;42.83;-50.26;66546;542;22-jan-90;10:28:00;547;3.219;34.72;1;293.55018;4;15.99;1;1.1;1;9.91;1;6;14.54;1.61
89037_215;29;42.65;-50.28;66560;17;22-jan-90;13:03:00;17;-0.343;33.145;1;362.14794;4;7.13;2;0.76;1;6.11;1;2054;9.38;1.17
89037_215;29;42.65;-50.28;66559;106;22-jan-90;13:03:00;107;0.106;33.611;1;NaN;9;7.82;2;0.79;1;6.72;1;2048;9.90;1.16
89037_215;29;42.65;-50.28;66558;257;22-jan-90;13:03:00;259;2.06;34.29;1;292.523;4;14.55;1;1.06;1;11.2;1;6;13.73;1.30
89037_215;29;42.65;-50.28;66557;501;22-jan-90;13:03:00;506;3.525;34.754;1;290.91524;4;16.4;1;1.1;1;9.73;1;6;14.91;1.69
89037_215;29;42.65;-50.28;66556;738;22-jan-90;13:03:00;745;3.511;34.799;1;294.88998;4;16.43;1;1.12;1;9.46;1;6;14.67;1.74
89037_215;29;42.65;-50.28;66555;963;22-jan-90;13:03:00;973;3.4;34.815;1;297.16764;4;16.29;1;1.11;1;9.28;1;6;14.68;1.76
89037_215;29;42.65;-50.28;66554;1171;22-jan-90;13:03:00;1184;3.341;34.825;1;298.46278;4;16.64;1;1.11;1;9.35;1;6;14.99;1.78
89037_215;29;42.65;-50.28;66553;1382;22-jan-90;13:03:00;1398;3.336;34.833;1;298.7754;4;16.59;1;1.15;1;9.55;1;6;14.43;1.74
89037_215;29;42.65;-50.28;66552;1652;22-jan-90;13:03:00;1672;3.259;34.837;1;300.1152;4;16.49;1;1.12;1;9.86;1;6;14.72;1.67
89037_215;29;42.65;-50.28;66551;1791;22-jan-90;13:03:00;1813;3.255;34.853;1;298.41812;4;16.42;1;1.09;1;9.96;1;6;15.06;1.65
89037_226;30;42.5;-50.27;66570;16;22-jan-90;15:43:00;16;-0.214;33.147;1;362.05862;4;7.4;2;0.78;1;6.01;1;2054;9.49;1.23
89037_226;30;42.5;-50.27;66569;100;22-jan-90;15:43:00;101;1.171;33.899;1;339.72862;4;9.95;1;0.78;1;5.78;1;6;12.76;1.72
89037_226;30;42.5;-50.27;66568;254;22-jan-90;15:43:00;256;3.321;34.655;1;NaN;9;15.71;1;1.06;1;9.64;1;0;14.82;1.63
89037_226;30;42.5;-50.27;66567;498;22-jan-90;15:43:00;503;3.378;34.816;1;NaN;9;16.59;1;1.08;1;9.3;1;0;15.36;1.78
89037_226;30;42.5;-50.27;66566;748;22-jan-90;15:43:00;755;3.275;34.828;1;297.92686;4;16.68;1;1.06;1;9.6;1;6;15.74;1.74
89037_226;30;42.5;-50.27;66565;970;22-jan-90;15:43:00;980;3.221;34.825;1;300.7851;4;16.41;1;1.07;1;9.33;1;6;15.34;1.76
89037_226;30;42.5;-50.27;66564;1191;22-jan-90;15:43:00;1204;3.205;34.827;1;301.09772;4;16.22;1;1.07;1;9.36;1;6;15.16;1.73
89037_226;30;42.5;-50.27;66563;1426;22-jan-90;15:43:00;1442;3.223;34.837;1;300.1152;4;16.29;1;1.06;1;9.56;1;6;15.37;1.70
89037_226;30;42.5;-50.27;66562;1620;22-jan-90;15:43:00;1639;3.364;34.862;1;296.49774;4;16.11;1;1.09;1;9.94;1;6;14.78;1.62
89037_226;30;42.5;-50.27;66561;2204;22-jan-90;15:43:00;2233;3.144;34.925;1;285.3774;4;16.75;1;1.12;1;13.21;1;6;14.96;1.27
89037_237;31;42.33;-50.2;66580;16;22-jan-90;20:13:00;16;2.359;NaN;9;342.22958;4;5.97;1;0.67;1;4.91;1;6;8.91;1.22
89037_237;31;42.33;-50.2;66579;106;22-jan-90;20:13:00;107;1.375;33.993;1;335.1733;4;10.63;1;0.78;1;5.75;1;6;13.63;1.85
89037_237;31;42.33;-50.2;66578;269;22-jan-90;20:13:00;271;4.9;34.907;1;240.80672;4;19.41;1;1.28;1;11.71;1;6;15.16;1.66
89037_237;31;42.33;-50.2;66577;505;22-jan-90;20:13:00;510;4.349;34.978;1;261.39498;4;18.56;1;1.22;1;11.48;1;6;15.21;1.62
89037_237;31;42.33;-50.2;66576;738;22-jan-90;20:13:00;745;3.214;34.829;1;301.9016;4;16.59;1;1.09;1;9.31;1;6;15.22;1.78
89037_237;31;42.33;-50.2;66575;947;22-jan-90;20:13:00;957;3.157;34.828;1;303.2414;4;16.32;1;1.08;1;9.35;1;6;15.11;1.75
89037_237;31;42.33;-50.2;66574;1457;22-jan-90;20:13:00;1474;3.581;34.91;1;286.67254;4;17.48;1;1.14;1;11.13;1;6;15.33;1.57
89037_237;31;42.33;-50.2;66573;1897;22-jan-90;20:13:00;1921;3.538;34.926;1;284.88614;4;17.21;1;1.15;1;12.04;1;6;14.97;1.43
89037_237;31;42.33;-50.2;66572;2460;22-jan-90;20:13:00;2494;2.96;34.926;1;286.09196;4;16.75;1;1.11;1;13.38;1;6;15.09;1.25
89037_237;31;42.33;-50.2;66571;2921;22-jan-90;20:13:00;2965;2.587;34.915;1;288.14632;4;16.54;1;1.09;1;14.85;1;6;15.17;1.11
89037_239;32;42.16;-50.23;66590;20;22-jan-90;23:40:00;20;4.93;33.01;1;322.40054;4;3.85;2;0.55;1;3.61;2;2054;7.00;1.07
89037_239;32;42.16;-50.23;66589;107;22-jan-90;23:40:00;108;8.841;34.852;1;203.78358;4;15.77;1;1.04;1;8.56;1;6;15.16;1.84
89037_239;32;42.16;-50.23;66588;260;22-jan-90;23:40:00;262;7.262;34.984;1;180.38174;4;22.66;1;1.47;1;13.64;1;6;15.41;1.66
89037_239;32;42.16;-50.23;66587;504;22-jan-90;23:40:00;509;3.956;34.83;1;278.05316;4;17.54;1;1.13;1;12.25;1;6;15.52;1.43
89037_239;32;42.16;-50.23;66586;754;22-jan-90;23:40:00;761;3.696;34.876;1;287.25312;4;17.12;1;1.19;1;9.76;1;6;14.39;1.75
89037_239;32;42.16;-50.23;66585;999;22-jan-90;23:40:00;1009;3.283;34.851;1;298.86472;4;16.55;1;1.07;1;9.32;1;6;15.47;1.78
89037_239;32;42.16;-50.23;66584;1500;22-jan-90;23:40:00;1517;3.202;34.856;1;300.51714;4;16.55;1;1.08;1;10.01;1;6;15.32;1.65
89037_239;32;42.16;-50.23;66583;2000;22-jan-90;23:40:00;2026;3.427;34.923;1;285.02012;4;17.31;1;1.13;1;11.84;1;6;15.32;1.46
89037_239;32;42.16;-50.23;66582;2500;22-jan-90;23:40:00;2535;3.123;34.933;1;282.96576;4;16.84;1;1.12;1;13.7;1;6;15.04;1.23
89037_239;32;42.16;-50.23;66581;3217;22-jan-90;23:40:00;3268;2.174;34.899;1;286.9405;4;NaN;9;NaN;9;NaN;9;6;NaN;NaN
89037_243;33;42;-50.22;66600;16;23-jan-90;03:27:00;16;6.073;33.328;1;315.0763;4;3.73;2;0.55;1;3.77;2;2054;6.78;0.99
89037_243;33;42;-50.22;66599;103;23-jan-90;03:27:00;104;13.374;35.448;1;212.53694;4;9.09;1;0.63;1;3.92;2;2054;14.43;2.32
89037_243;33;42;-50.22;66598;245;23-jan-90;03:27:00;247;9.376;35.22;1;145.72558;4;24.67;1;1.58;1;14.02;1;6;15.61;1.76
89037_243;33;42;-50.22;66597;501;23-jan-90;03:27:00;506;5.516;35.025;1;225.39902;4;20.84;1;1.34;1;13.03;1;6;15.55;1.60
89037_243;33;42;-50.22;66596;756;23-jan-90;03:27:00;763;3.438;34.823;1;293.32688;4;16.84;1;1.11;1;10.27;1;6;15.17;1.64
89037_243;33;42;-50.22;66595;1002;23-jan-90;03:27:00;1012;3.299;34.837;1;297.8822;4;16.62;1;1.09;1;9.31;1;6;15.25;1.79
89037_243;33;42;-50.22;66594;1673;23-jan-90;03:27:00;1693;3.659;34.946;1;271.66678;4;17.45;1;1.2;1;12.2;1;6;14.54;1.43
89037_243;33;42;-50.22;66593;2462;23-jan-90;03:27:00;2496;3.133;34.934;1;283.01042;4;17.21;1;1.12;1;13.61;1;6;15.37;1.26
89037_243;33;42;-50.22;66592;2993;23-jan-90;03:27:00;3038;2.561;34.919;1;286.35992;4;16.92;1;1.1;1;15.64;1;6;15.38;1.08
89037_243;33;42;-50.22;66591;3547;23-jan-90;03:27:00;3605;2.229;34.903;1;289.03952;4;16.38;1;1.21;1;18.8;2;2054;13.54;0.87
89037_244;34;41.68;-50.25;66610;14;23-jan-90;08:31:00;14;13.15;35.249;1;256.43772;4;5.46;1;0.45;1;2.57;1;6;12.13;2.12
89037_244;34;41.68;-50.25;66609;93;23-jan-90;08:31:00;94;13.138;35.265;1;255.6785;4;5.41;1;0.41;1;3.54;1;6;13.20;1.53
89037_244;34;41.68;-50.25;66608;243;23-jan-90;08:31:00;245;10.966;35.347;1;152.5139;4;21.41;1;1.36;1;10.84;1;6;15.74;1.98
89037_244;34;41.68;-50.25;66607;474;23-jan-90;08:31:00;478;6.546;NaN;9;NaN;9;22.76;1;1.49;1;13.82;1;0;15.28;1.65
89037_244;34;41.68;-50.25;66606;741;23-jan-90;08:31:00;748;4.887;35.006;1;249.02416;4;19.5;1;1.31;1;12.34;1;6;14.89;1.58
89037_244;34;41.68;-50.25;66605;966;23-jan-90;08:31:00;976;4.392;34.99;1;263.0474;4;18.05;1;1.18;1;11.34;1;6;15.30;1.59
89037_244;34;41.68;-50.25;66604;1966;23-jan-90;08:31:00;1991;3.535;34.955;1;276.13278;4;17.58;1;1.22;1;13.67;1;6;14.41;1.29
89037_244;34;41.68;-50.25;66603;2934;23-jan-90;08:31:00;2978;2.588;34.922;1;283.8143;4;16.95;1;1.15;1;16.64;1;6;14.74;1.02
89037_244;34;41.68;-50.25;66602;3435;23-jan-90;08:31:00;3491;2.251;34.903;1;283.3677;4;17.46;1;1.23;1;21.82;1;6;14.20;0.80
89037_244;34;41.68;-50.25;66601;3866;23-jan-90;08:31:00;3933;2.218;34.898;1;283.54634;4;17.58;1;1.22;1;23.07;1;6;14.41;0.76
89037_247;35;41.34;-50.23;66620;16;23-jan-90;13:18:00;16;5.48;33.054;1;321.90928;4;3.65;1;0.55;1;3.12;1;6;6.64;1.17
89037_247;35;41.34;-50.23;66619;105;23-jan-90;13:18:00;106;12.567;NaN;9;259.16198;4;5.73;1;0.41;1;2.62;1;6;13.98;2.19
89037_247;35;41.34;-50.23;66618;255;23-jan-90;13:18:00;257;10.988;35.36;1;155.01486;4;20.19;1;1.34;1;10.26;1;6;15.07;1.97
89037_247;35;41.34;-50.23;66617;498;23-jan-90;13:18:00;503;6.504;35.027;1;197.97778;4;22.69;1;1.48;1;13.81;1;6;15.33;1.64
89037_247;35;41.34;-50.23;66616;750;23-jan-90;13:18:00;757;5.004;35.014;1;244.91544;4;NaN;9;NaN;9;NaN;9;6;NaN;NaN
89037_247;35;41.34;-50.23;66615;981;23-jan-90;13:18:00;991;4.47;35.005;1;261.88624;4;21.28;1;1.26;1;13.26;1;6;16.89;1.60
89037_247;35;41.34;-50.23;66614;1993;23-jan-90;13:18:00;2018;3.587;34.965;1;275.68618;4;17.49;1;1.19;1;13.71;1;6;14.70;1.28
89037_247;35;41.34;-50.23;66613;2983;23-jan-90;13:18:00;3028;2.672;34.922;1;285.33274;4;16.33;1;1.11;1;14.81;1;6;14.71;1.10
89037_247;35;41.34;-50.23;66612;3489;23-jan-90;13:18:00;3546;2.251;34.903;1;285.6007;4;18.76;1;1.16;1;21.1;1;6;16.17;0.89
89037_247;35;41.34;-50.23;66611;3640;23-jan-90;13:18:00;3701;2.184;34.9;1;288.057;4;17.29;1;1.18;1;20.82;1;6;14.65;0.83
89037_253;36;41;-50.21;66630;14;23-jan-90;18:02:00;14;18.143;36.362;1;225.57766;4;3.56;1;0.23;1;1.53;1;6;15.48;2.33
89037_253;36;41;-50.21;66629;94;23-jan-90;18:02:00;95;15.957;35.883;1;234.73296;4;4.69;1;0.34;1;2.07;1;6;13.79;2.27
89037_253;36;41;-50.21;66628;234;23-jan-90;18:02:00;236;16.16;NaN;9;195.52148;4;8.63;1;0.54;1;3.15;1;6;15.98;2.74
89037_253;36;41;-50.21;66627;480;23-jan-90;18:02:00;484;10.718;35.406;1;163.14298;4;20.46;1;1.28;1;10.21;1;6;15.98;2.00
89037_253;36;41;-50.21;66626;735;23-jan-90;18:02:00;742;5.854;35.012;1;216.19906;4;21.29;1;1.33;1;12.93;1;6;16.01;1.65
89037_253;36;41;-50.21;66625;983;23-jan-90;18:02:00;993;4.808;35.017;1;251.2125;4;19.48;1;1.28;1;11.86;1;6;15.22;1.64
89037_253;36;41;-50.21;66624;1913;23-jan-90;18:02:00;1937;3.712;34.968;1;274.92696;4;17.78;1;1.21;1;13.65;1;6;14.69;1.30
89037_253;36;41;-50.21;66623;2817;23-jan-90;18:02:00;2858;2.94;34.947;1;279.5716;4;16.89;1;1.13;1;15.8;1;6;14.95;1.07
89037_253;36;41;-50.21;66622;3271;23-jan-90;18:02:00;3322;2.474;34.912;1;286.00264;4;17.18;1;1.15;1;18.05;1;6;14.94;0.95
89037_253;36;41;-50.21;66621;3789;23-jan-90;18:02:00;3853;2.218;34.901;1;288.77156;4;17.12;1;1.18;1;18.51;1;6;14.51;0.92
89037_257;37;40.65;-50.15;66640;10;24-jan-90;04:00:00;10;19.788;36.564;1;225.66698;4;1.59;1;0.1;1;1.04;1;6;15.90;1.53
89037_257;37;40.65;-50.15;66639;87;24-jan-90;04:00:00;88;18.981;36.487;1;220.88836;4;2.97;1;0.18;1;1.74;1;6;16.50;1.71
89037_257;37;40.65;-50.15;66638;167;24-jan-90;04:00:00;168;18.772;36.555;1;197.66516;4;4.26;1;0.24;1;1.48;1;6;17.75;2.88
89037_257;37;40.65;-50.15;66637;292;24-jan-90;04:00:00;294;17.706;36.44;1;199.80884;4;5.53;1;0.32;1;1.77;1;6;17.28;3.12
89037_257;37;40.65;-50.15;66636;409;24-jan-90;04:00:00;413;16.167;36.18;1;183.106;4;9.89;1;0.56;1;3.42;1;6;17.66;2.89
89037_257;37;40.65;-50.15;66635;514;24-jan-90;04:00:00;519;13.756;35.802;1;172.47692;4;15.91;1;0.93;1;7.04;1;6;17.11;2.26
89037_257;37;40.65;-50.15;66634;611;24-jan-90;04:00:00;617;11.033;35.404;1;150.2809;4;21.26;1;1.31;1;10.64;1;6;16.23;2.00
89037_257;37;40.65;-50.15;66633;3190;24-jan-90;04:00:00;3239;2.529;34.934;1;286.35992;4;16.73;1;1.11;1;15.21;1;6;15.07;1.10
89037_257;37;40.65;-50.15;66632;3201;24-jan-90;04:00:00;3251;2.53;34.916;1;287.34244;4;16.67;1;1.14;1;15.51;1;6;14.62;1.07
89037_257;37;40.65;-50.15;66631;3211;24-jan-90;04:00:00;3261;2.53;34.916;1;287.25312;4;16.8;1;1.12;1;15.57;1;6;15.00;1.08
89037_261;38;40.32;-50.22;66650;15;24-jan-90;15:27:00;15;19.703;36.545;1;226.69416;4;1.8;1;0.14;1;1.17;1;6;12.86;1.54
89037_261;38;40.32;-50.22;66649;104;24-jan-90;15:27:00;105;19.496;36.589;1;225.39902;4;1.23;1;0.09;1;1.3;1;6;13.67;0.95
89037_261;38;40.32;-50.22;66648;255;24-jan-90;15:27:00;257;19.003;36.584;1;214.368;4;2.17;1;0.13;1;0.96;1;6;16.69;2.26
89037_261;38;40.32;-50.22;66647;503;24-jan-90;15:27:00;508;16.907;36.322;1;194.22634;4;7.29;1;0.43;1;2.58;1;6;16.95;2.83
89037_261;38;40.32;-50.22;66646;737;24-jan-90;15:27:00;744;11.975;35.538;1;164.17016;4;18.7;1;1.16;1;8.77;1;6;16.12;2.13
89037_261;38;40.32;-50.22;66645;975;24-jan-90;15:27:00;985;6.906;35.071;1;186.72346;4;22.82;1;1.46;1;13.82;1;6;15.63;1.65
89037_261;38;40.32;-50.22;66644;1846;24-jan-90;15:27:00;1869;3.968;34.964;1;275.23958;4;18.17;1;1.18;1;12.03;1;6;15.40;1.51
89037_261;38;40.32;-50.22;66643;3195;24-jan-90;15:27:00;3245;2.852;34.939;1;278.99102;4;17.53;1;1.16;1;17.11;1;6;15.11;1.02
89037_261;38;40.32;-50.22;66642;3690;24-jan-90;15:27:00;3752;2.422;34.911;1;278.94636;4;17.09;1;1.13;1;18.33;1;6;15.12;0.93
89037_261;38;40.32;-50.22;66641;4310;24-jan-90;15:27:00;4388;2.227;34.896;1;282.78712;4;17.62;1;1.17;1;23.69;1;6;15.06;0.74
89037_263;39;40;-50.22;66660;20;24-jan-90;20:37:00;20;18.626;36.577;1;231.69608;4;1.75;1;0.15;1;1.04;1;6;11.67;1.68
89037_263;39;40;-50.22;66659;240;24-jan-90;20:37:00;242;18.519;36.56;1;223.56796;4;2.23;1;0.16;1;1.11;1;6;13.94;2.01
89037_263;39;40;-50.22;66658;477;24-jan-90;20:37:00;481;17.193;36.363;1;195.74478;4;6.71;1;0.39;1;2.17;1;6;17.21;3.09
89037_263;39;40;-50.22;66657;729;24-jan-90;20:37:00;736;13.199;35.694;1;171.7177;4;15.97;1;0.99;1;6.88;1;6;16.13;2.32
89037_263;39;40;-50.22;66656;999;24-jan-90;20:37:00;1009;7.888;35.113;1;168.18956;4;23.86;1;1.55;1;14.27;1;6;15.39;1.67
89037_263;39;40;-50.22;66655;1957;24-jan-90;20:37:00;1981;3.956;34.963;1;275.15026;4;18.1;1;1.17;1;12.04;1;6;15.47;1.50
89037_263;39;40;-50.22;66654;3911;24-jan-90;20:37:00;3978;2.492;34.914;1;279.43762;4;18.02;1;1.19;1;22.65;1;6;15.14;0.80
89037_263;39;40;-50.22;66653;4383;24-jan-90;20:37:00;4463;2.333;34.909;1;277.65122;4;18.45;1;1.23;1;25.95;1;6;15.00;0.71
89037_263;39;40;-50.22;66652;4826;24-jan-90;20:37:00;4919;2.312;34.894;1;276.31142;4;18.11;1;1.22;1;27.18;1;6;14.84;0.67
89037_263;39;40;-50.22;66651;5346;24-jan-90;20:37:00;5456;2.307;34.888;1;272.38134;4;17.47;1;1.23;1;30.36;1;6;14.20;0.58
89037_265;40;39.67;-50.24;66670;19;25-jan-90;01:27:00;19;18.696;36.544;1;229.86502;4;1.49;1;0.12;1;0.96;1;6;12.42;1.55
89037_265;40;39.67;-50.24;66669;260;25-jan-90;01:27:00;262;18.459;36.543;1;208.07094;4;3.16;1;0.18;1;1.18;1;6;17.56;2.68
89037_265;40;39.67;-50.24;66668;504;25-jan-90;01:27:00;508;16.637;36.274;1;198.78166;4;7.33;1;0.43;1;2.54;1;6;17.05;2.89
89037_265;40;39.67;-50.24;66667;757;25-jan-90;01:27:00;764;12.877;NaN;9;NaN;9;17.45;1;1.19;1;13.72;1;0;14.66;1.27
89037_265;40;39.67;-50.24;66666;1052;25-jan-90;01:27:00;1063;7.092;NaN;9;NaN;9;NaN;9;NaN;9;NaN;9;0;NaN;NaN
89037_265;40;39.67;-50.24;66665;1982;25-jan-90;01:27:00;2007;3.952;34.962;1;274.25706;4;18.45;1;1.19;1;12.46;1;6;15.50;1.48
89037_265;40;39.67;-50.24;66664;2977;25-jan-90;01:27:00;3021;3.262;34.954;1;274.34638;4;18.57;1;1.22;1;17.11;1;6;15.22;1.09
89037_265;40;39.67;-50.24;66663;3976;25-jan-90;01:27:00;4045;2.447;34.912;1;279.97354;4;18.16;1;1.25;1;23;1;6;14.53;0.79
89037_265;40;39.67;-50.24;66662;4482;25-jan-90;01:27:00;4565;2.322;34.895;1;277.96384;4;18.42;1;1.27;1;26.66;1;6;14.50;0.69
89037_265;40;39.67;-50.24;66661;5382;25-jan-90;01:27:00;5493;2.277;34.876;1;272.2027;4;17.56;1;1.16;1;35.7;1;6;15.14;0.49
89037_275;41;39.43;-50.24;66680;16;25-jan-90;06:48:00;16;18.73;36.539;1;230.17764;4;1.38;1;0.09;1;0.93;1;6;15.33;1.48
89037_275;41;39.43;-50.24;66679;102;25-jan-90;06:48:00;103;18.741;36.54;1;230.04366;4;1.53;1;0.1;1;1;1;6;15.30;1.53
89037_275;41;39.43;-50.24;66678;220;25-jan-90;06:48:00;222;18.534;36.543;1;216.19906;4;2.62;1;0.13;1;1.15;1;6;20.15;2.28
89037_275;41;39.43;-50.24;66677;533;25-jan-90;06:48:00;538;15.721;36.122;1;199.76418;4;7.64;1;0.43;1;2.78;1;6;17.77;2.75
89037_275;41;39.43;-50.24;66676;697;25-jan-90;06:48:00;704;13.187;35.693;1;179.9798;4;11.19;1;0.68;1;4.61;1;6;16.46;2.43
89037_275;41;39.43;-50.24;66675;988;25-jan-90;06:48:00;998;8.336;35.164;1;179.7565;4;21.78;1;1.31;1;12.21;1;6;16.63;1.78
89037_275;41;39.43;-50.24;66674;1772;25-jan-90;06:48:00;1793;4.132;34.983;1;268.58524;4;18.64;1;1.21;1;11.7;1;6;15.40;1.59
89037_275;41;39.43;-50.24;66673;4263;25-jan-90;06:48:00;4340;2.34;34.908;1;277.47258;4;18.18;1;1.21;1;25.4;1;6;15.02;0.72
89037_275;41;39.43;-50.24;66672;4796;25-jan-90;06:48:00;4888;2.301;34.897;1;273.0959;4;19.24;1;1.3;1;31.22;1;6;14.80;0.62
89037_275;41;39.43;-50.24;66671;5358;25-jan-90;06:48:00;5468;2.289;34.885;1;268.31728;4;20.39;1;1.36;1;36.83;1;6;14.99;0.55
89037_276;42;39.02;-50.26;66690;16;25-jan-90;12:00:00;16;18.825;36.538;1;231.07084;4;1.27;1;0.1;1;0.92;1;6;12.70;1.38
89037_276;42;39.02;-50.26;66689;99;25-jan-90;12:00:00;100;18.837;NaN;9;231.38346;4;1.33;1;0.08;1;0.95;1;6;16.63;1.40
89037_276;42;39.02;-50.26;66688;248;25-jan-90;12:00:00;250;18.583;36.531;1;210.21462;4;3;1;0.15;1;1.27;1;6;20.00;2.36
89037_276;42;39.02;-50.26;66687;479;25-jan-90;12:00:00;483;16.503;36.248;1;196.32536;4;8.02;1;0.39;1;2.81;1;6;20.56;2.85
89037_276;42;39.02;-50.26;66686;736;25-jan-90;12:00:00;743;13.01;35.682;1;180.24776;4;15.65;1;0.91;1;6.64;1;6;17.20;2.36
89037_276;42;39.02;-50.26;66685;982;25-jan-90;12:00:00;992;8.376;35.186;1;180.33708;4;22.51;1;1.39;1;12.59;1;6;16.19;1.79
89037_276;42;39.02;-50.26;66684;1958;25-jan-90;12:00:00;1982;4.131;35.002;1;270.59494;4;18.84;1;1.18;1;12.8;1;6;15.97;1.47
89037_276;42;39.02;-50.26;66683;4415;25-jan-90;12:00:00;4496;2.311;34.9;1;276.75802;4;19.43;1;1.27;1;29.27;1;6;15.30;0.66
89037_276;42;39.02;-50.26;66682;4966;25-jan-90;12:00:00;5063;2.287;34.889;1;272.91726;4;19.97;1;1.42;1;35.17;1;6;14.06;0.57
89037_276;42;39.02;-50.26;66681;5347;25-jan-90;12:00:00;5456;2.288;34.888;1;270.37164;4;18.65;1;1.32;1;35.22;1;6;14.13;0.53
89037_277;43;38.53;-50.25;66700;17;25-jan-90;18:09:00;17;19.198;36.526;1;235.49218;4;0.79;1;0.06;1;0.93;1;6;13.17;0.85
89037_277;43;38.53;-50.25;66699;102;25-jan-90;18:09:00;103;19.167;36.525;1;232.6786;4;0.93;1;0.07;1;0.8;1;6;13.29;1.16
89037_277;43;38.53;-50.25;66698;246;25-jan-90;18:09:00;248;18.643;36.546;1;211.50976;4;2.75;1;0.16;1;1.35;1;6;17.19;2.04
89037_277;43;38.53;-50.25;66697;484;25-jan-90;18:09:00;488;16.735;36.287;1;192.75256;4;7.47;1;0.36;1;2.54;1;6;20.75;2.94
89037_277;43;38.53;-50.25;66696;730;25-jan-90;18:09:00;737;13.278;35.687;1;184.04386;4;13.61;1;0.8;1;5.55;1;6;17.01;2.45
89037_277;43;38.53;-50.25;66695;960;25-jan-90;18:09:00;970;8.195;35.158;1;179.5332;4;22.52;1;1.44;1;12.78;1;6;15.64;1.76
89037_277;43;38.53;-50.25;66694;1892;25-jan-90;18:09:00;1915;4.081;34.978;1;274.34638;4;18.05;1;1.13;1;11.96;1;6;15.97;1.51
89037_277;43;38.53;-50.25;66693;4378;25-jan-90;18:09:00;4457;2.303;34.905;1;275.64152;4;19.33;1;1.21;1;29.55;1;6;15.98;0.65
89037_277;43;38.53;-50.25;66692;4823;25-jan-90;18:09:00;4916;2.278;34.888;1;272.6493;4;20.07;1;1.3;1;32.47;1;6;15.44;0.62
89037_277;43;38.53;-50.25;66691;5350;25-jan-90;18:09:00;5459;2.278;34.891;1;267.78136;4;18.9;1;1.49;1;37.36;1;6;12.68;0.51
89037_278;44;38.02;-50.25;66710;17;25-jan-90;23:56:00;17;19.273;36.554;1;235.62616;4;NaN;9;NaN;9;NaN;9;6;NaN;NaN
89037_278;44;38.02;-50.25;66709;102;25-jan-90;23:56:00;103;19.229;36.557;1;227.0961;4;NaN;9;NaN;9;NaN;9;6;NaN;NaN
89037_278;44;38.02;-50.25;66708;243;25-jan-90;23:56:00;245;18.302;36.526;1;205.30202;4;3.93;1;0.2;1;1.4;1;6;19.65;2.81
89037_278;44;38.02;-50.25;66707;476;25-jan-90;23:56:00;480;15.924;36.161;1;202.57776;4;8.3;1;0.47;1;2.85;1;6;17.66;2.91
89037_278;44;38.02;-50.25;66706;718;25-jan-90;23:56:00;725;12.35;35.6;1;181.72154;4;16.49;1;0.99;1;7.26;1;6;16.66;2.27
89037_278;44;38.02;-50.25;66705;972;25-jan-90;23:56:00;982;7.613;35.123;1;186.50016;4;21.61;1;1.4;1;12.86;1;6;15.44;1.68
89037_278;44;38.02;-50.25;66704;1963;25-jan-90;23:56:00;1987;3.95;34.969;1;NaN;9;18.03;1;1.18;1;12.19;1;0;15.28;1.48
89037_278;44;38.02;-50.25;66703;4480;25-jan-90;23:56:00;4562;2.327;34.901;1;276.57938;4;19.27;1;1.31;1;29.2;1;6;14.71;0.66
89037_278;44;38.02;-50.25;66702;4984;25-jan-90;23:56:00;5081;2.304;34.904;1;272.82794;4;19.7;1;1.33;1;30.73;1;6;14.81;0.64
89037_278;44;38.02;-50.25;66701;5405;25-jan-90;23:56:00;5516;2.278;34.88;1;268.09398;4;21.18;1;1.35;1;39.15;1;6;15.69;0.54
