CTD;CTD;CTD;CTD;CTD;CTD;CTD;CTD;CTD;CTD;CTD;labo;labo;labo;labo;labo;labo;labo;labo;labo;calc;calc
Fichier;Station;Latitude;Longitude;Echantillon;Date;Heure;PRES;PSAL;TE90;DOXY;CHL_01;Q_CHL;NOx_01;Q_NOX;PO4_01;Q_PO4;Si_01;Q_Si;QCFF;N_P;N_Si
(nom);(nom/no);(degres);(degres);(no_unique);(jj-mmm-yyyy);(GMT);(dbar);(psu);(celsius);(ml/l);(mg/m**3);((none));(mmol/m**3);((none));(mmol/m**3);((none));(mmol/m**3);((none));((none));((none));((none))
HUD2000050_002;HL_02;44.295667;-63.2305;232252;30-sep-00;19:36:00;3.49;30.682;14.594;5.4;NaN;9;NaN;9;NaN;9;NaN;9;0;NaN;NaN
HUD2000050_002;HL_02;44.295667;-63.2305;232248;30-sep-00;19:36:00;3.66;30.683;14.591;5.5;0.54426;1;0.38;1;0.345;1;0.54;1;0;1.10;0.70
HUD2000050_002;HL_02;44.295667;-63.2305;232257;30-sep-00;19:36:00;3.66;30.683;14.588;5.4;NaN;9;NaN;9;NaN;9;NaN;9;0;NaN;NaN
HUD2000050_002;HL_02;44.295667;-63.2305;232253;30-sep-00;19:36:00;3.67;30.682;14.594;5.4;NaN;9;NaN;9;NaN;9;NaN;9;0;NaN;NaN
HUD2000050_002;HL_02;44.295667;-63.2305;232251;30-sep-00;19:36:00;3.76;30.682;14.594;5.4;NaN;9;NaN;9;NaN;9;NaN;9;0;NaN;NaN
HUD2000050_002;HL_02;44.295667;-63.2305;232255;30-sep-00;19:36:00;3.8;30.683;14.59;5.4;NaN;9;NaN;9;NaN;9;NaN;9;0;NaN;NaN
HUD2000050_002;HL_02;44.295667;-63.2305;232250;30-sep-00;19:36:00;3.9;30.682;14.594;5.4;NaN;9;NaN;9;NaN;9;NaN;9;0;NaN;NaN
HUD2000050_002;HL_02;44.295667;-63.2305;232258;30-sep-00;19:36:00;3.9;30.683;14.59;5.4;NaN;9;NaN;9;NaN;9;NaN;9;0;NaN;NaN
HUD2000050_002;HL_02;44.295667;-63.2305;232259;30-sep-00;19:36:00;3.91;30.683;14.589;5.4;NaN;9;NaN;9;NaN;9;NaN;9;0;NaN;NaN
HUD2000050_002;HL_02;44.295667;-63.2305;232249;30-sep-00;19:36:00;3.92;30.682;14.594;5.5;NaN;9;NaN;9;NaN;9;NaN;9;0;NaN;NaN
HUD2000050_002;HL_02;44.295667;-63.2305;232254;30-sep-00;19:36:00;3.92;30.683;14.589;5.4;NaN;9;NaN;9;NaN;9;NaN;9;0;NaN;NaN
HUD2000050_002;HL_02;44.295667;-63.2305;232256;30-sep-00;19:36:00;3.96;30.683;14.589;5.4;NaN;9;NaN;9;NaN;9;NaN;9;0;NaN;NaN
HUD2000050_002;HL_02;44.295667;-63.2305;232260;30-sep-00;19:36:00;3.97;30.683;14.591;5.4;NaN;9;NaN;9;NaN;9;NaN;9;0;NaN;NaN
HUD2000050_002;HL_02;44.295667;-63.2305;232246;30-sep-00;19:35:00;13.43;30.677;14.559;5.6;0.539173;1;0.39;1;0.353;1;0.61;1;0;1.10;0.64
HUD2000050_002;HL_02;44.295667;-63.2305;232247;30-sep-00;19:35:00;13.62;30.678;14.575;5.6;NaN;9;0.29;1;0.361;1;1.48;1;0;0.80;0.20
HUD2000050_002;HL_02;44.295667;-63.2305;232245;30-sep-00;19:34:00;23.89;30.892;12.185;6;1.876269;1;0.94;1;0.637;1;1.78;1;0;1.48;0.53
HUD2000050_002;HL_02;44.295667;-63.2305;232244;30-sep-00;19:33:00;32.67;31.703;9.078;6.1;NaN;9;0.94;1;0.656;1;2.45;1;0;1.43;0.38
HUD2000050_002;HL_02;44.295667;-63.2305;232243;30-sep-00;19:33:00;33.21;31.729;8.942;6.2;0.964938;1;1.02;1;0.637;1;1.6;1;0;1.60;0.64
HUD2000050_002;HL_02;44.295667;-63.2305;232242;30-sep-00;19:32:00;42.85;31.929;6.465;6.1;0.600212;1;2.7;1;0.713;1;2.63;1;0;3.79;1.03
HUD2000050_002;HL_02;44.295667;-63.2305;232241;30-sep-00;19:32:00;53.32;32.221;5.404;6;0.391663;1;3.14;1;0.738;1;3.24;1;0;4.25;0.97
HUD2000050_002;HL_02;44.295667;-63.2305;232240;30-sep-00;19:31:00;64.47;32.391;4.931;5.6;0.233981;1;5.51;1;0.826;1;4.38;1;0;6.67;1.26
HUD2000050_002;HL_02;44.295667;-63.2305;232239;30-sep-00;19:30:00;83.08;32.906;5.184;5;0.126146;1;8.21;1;0.924;1;6.65;1;0;8.89;1.23
HUD2000050_002;HL_02;44.295667;-63.2305;232238;30-sep-00;19:28:00;103.4;33.403;6.069;4.2;0.028794;1;12;1;1.133;1;11.6;1;0;10.59;1.03
HUD2000050_002;HL_02;44.295667;-63.2305;232237;30-sep-00;19:26:00;142.05;34.475;9.04;3.2;NaN;9;15.59;1;1.274;1;14.29;1;0;12.24;1.09
HUD2000050_009;RL_02;43.248;-64.619667;232269;01-oct-00;07:33:00;2.78;31.574;13.584;5.5;0.422183;1;0.38;1;0.276;1;0.46;1;0;1.38;0.83
HUD2000050_009;RL_02;43.248;-64.619667;232268;01-oct-00;07:32:00;12.63;31.573;13.596;5.5;0.417096;1;0.37;1;0.29;1;0.55;1;0;1.28;0.67
HUD2000050_009;RL_02;43.248;-64.619667;232267;01-oct-00;07:30:00;22.08;31.642;12.98;5.6;0.576283;1;0.36;1;0.324;1;0.5;1;0;1.11;0.72
HUD2000050_009;RL_02;43.248;-64.619667;232266;01-oct-00;07:29:00;31.94;31.804;11.413;5.8;1.085556;1;0.53;1;0.386;1;0.75;1;0;1.37;0.71
HUD2000050_009;RL_02;43.248;-64.619667;232265;01-oct-00;07:27:00;41.97;32.062;7.28;5.8;0.762981;1;3.14;1;0.765;1;2.7;1;0;4.10;1.16
HUD2000050_009;RL_02;43.248;-64.619667;232264;01-oct-00;07:26:00;52.3;32.144;6.383;5.7;0.590038;1;3.96;1;0.734;1;3.17;1;0;5.40;1.25
HUD2000050_009;RL_02;43.248;-64.619667;232263;01-oct-00;07:24:00;63;32.275;5.028;5.5;0.356058;1;5.54;1;0.801;1;4.28;1;0;6.92;1.29
HUD2000050_009;RL_02;43.248;-64.619667;232262;01-oct-00;07:22:00;82.37;32.77;4.861;4.8;0.045248;1;10.55;1;1.107;1;9.51;1;0;9.53;1.11
HUD2000050_009;RL_02;43.248;-64.619667;232261;01-oct-00;07:20:00;103.85;33.095;5.526;4.5;0.032908;1;12.16;1;1.199;1;11.22;1;0;10.14;1.08
HUD2000050_010;RL_01;43.251;-65.048667;232281;01-oct-00;09:46:00;3.35;31.504;14.014;3.9;0.576283;1;0.41;1;0.286;1;0.83;1;0;1.43;0.49
HUD2000050_010;RL_01;43.251;-65.048667;232279;01-oct-00;09:45:00;13.77;30.998;13.712;3.7;0.76391;1;0.38;7;0.313;7;0.94;1;512;1.21;0.40
HUD2000050_010;RL_01;43.251;-65.048667;232280;01-oct-00;09:45:00;13.83;31.103;13.692;4;NaN;9;0.27;7;0.386;7;1.58;1;512;0.70;0.17
HUD2000050_010;RL_01;43.251;-65.048667;232278;01-oct-00;09:44:00;23.33;30.339;11.86;3.9;1.072154;1;0.93;1;0.474;1;1.45;1;0;1.96;0.64
HUD2000050_010;RL_01;43.251;-65.048667;232277;01-oct-00;09:43:00;33.13;31.706;7.916;3.9;NaN;9;1.99;1;0.705;1;3;1;0;2.82;0.66
HUD2000050_010;RL_01;43.251;-65.048667;232276;01-oct-00;09:43:00;33.65;31.59;7.935;3.9;0.569692;1;2.12;1;0.54;1;2.09;1;0;3.93;1.01
HUD2000050_010;RL_01;43.251;-65.048667;232275;01-oct-00;09:43:00;43.9;32.59;5.488;4.1;0.176879;1;7.33;1;0.904;1;6.11;1;0;8.11;1.20
HUD2000050_010;RL_01;43.251;-65.048667;232274;01-oct-00;09:42:00;53.67;32.92;5.96;4.1;0.102837;1;8.65;1;0.893;1;6.91;1;0;9.69;1.25
HUD2000050_010;RL_01;43.251;-65.048667;232273;01-oct-00;09:41:00;63.44;33.038;6.759;4;0.061702;1;10.01;1;0.946;1;7.83;1;0;10.58;1.28
HUD2000050_010;RL_01;43.251;-65.048667;232272;01-oct-00;09:40:00;81.93;33.126;6.667;3.8;0.054846;1;11.34;1;1.024;1;9.45;1;0;11.07;1.20
HUD2000050_010;RL_01;43.251;-65.048667;232271;01-oct-00;09:39:00;100.76;33.413;6.424;3.3;0.032908;1;12.54;1;1.097;1;10.93;1;0;11.43;1.15
HUD2000050_010;RL_01;43.251;-65.048667;232270;01-oct-00;09:37:00;160.21;33.826;7.534;3.2;NaN;9;15.41;1;1.244;1;13.7;1;0;12.39;1.12
HUD2000050_021;BBL_01;43.257167;-65.512667;232293;01-oct-00;15:34:00;3.72;30.593;14.402;4.1;0.321646;1;NaN;9;NaN;9;NaN;9;0;NaN;NaN
HUD2000050_021;BBL_01;43.257167;-65.512667;232290;01-oct-00;15:33:00;13.24;30.361;9.415;4;NaN;9;NaN;9;NaN;9;NaN;9;0;NaN;NaN
HUD2000050_021;BBL_01;43.257167;-65.512667;232288;01-oct-00;15:33:00;13.29;32.121;7.35;4.1;0.871125;1;1.86;7;0.555;1;2.32;1;512;3.35;0.80
HUD2000050_021;BBL_01;43.257167;-65.512667;232291;01-oct-00;15:33:00;13.46;30.547;9.716;3.9;NaN;9;NaN;9;NaN;9;NaN;9;0;NaN;NaN
HUD2000050_021;BBL_01;43.257167;-65.512667;232289;01-oct-00;15:33:00;13.47;30.239;9.575;4;NaN;9;1.49;7;0.625;1;2.69;1;512;2.38;0.55
HUD2000050_021;BBL_01;43.257167;-65.512667;232292;01-oct-00;15:33:00;13.57;30.483;9.658;4;NaN;9;NaN;9;NaN;9;NaN;9;0;NaN;NaN
HUD2000050_021;BBL_01;43.257167;-65.512667;232286;01-oct-00;15:32:00;23.15;32.189;7.15;4.3;NaN;9;4.24;7;0.872;7;4.54;1;512;4.86;0.93
HUD2000050_021;BBL_01;43.257167;-65.512667;232285;01-oct-00;15:32:00;23.16;32.198;7.142;4.4;0.391663;1;4.38;7;0.762;7;4.41;1;512;5.75;0.99
HUD2000050_021;BBL_01;43.257167;-65.512667;232287;01-oct-00;15:32:00;23.43;32.165;7.173;4.3;NaN;9;NaN;9;NaN;9;NaN;9;0;NaN;NaN
HUD2000050_021;BBL_01;43.257167;-65.512667;232284;01-oct-00;15:31:00;33.44;32.297;7.138;4.3;0.325538;1;5.39;1;0.788;1;4.73;1;0;6.84;1.14
HUD2000050_021;BBL_01;43.257167;-65.512667;232283;01-oct-00;15:30:00;43.88;32.335;7.277;4.4;0.330625;1;5.06;1;0.75;1;4.39;1;0;6.75;1.15
HUD2000050_021;BBL_01;43.257167;-65.512667;232282;01-oct-00;15:29:00;51.6;32.362;7.308;4.3;0.305192;1;5.34;1;0.786;1;4.64;1;0;6.79;1.15
HUD2000050_023;BBL_02;42.999667;-65.479667;232303;01-oct-00;17:38:00;3.56;31.596;11.713;3.8;2.117504;1;0.43;1;0.382;1;1.57;1;0;1.13;0.27
HUD2000050_023;BBL_02;42.999667;-65.479667;232302;01-oct-00;17:37:00;13.64;31.173;11.456;3.5;1.956681;1;0.66;1;0.404;1;1.75;1;0;1.63;0.38
HUD2000050_023;BBL_02;42.999667;-65.479667;232301;01-oct-00;17:36:00;23.83;31.439;10.307;3.6;0.76391;1;2.53;1;0.544;1;2.84;1;0;4.65;0.89
HUD2000050_023;BBL_02;42.999667;-65.479667;232300;01-oct-00;17:35:00;33.51;32.028;8.526;3.7;0.452702;1;4.61;1;0.67;1;4.01;1;0;6.88;1.15
HUD2000050_023;BBL_02;42.999667;-65.479667;232299;01-oct-00;17:35:00;43.85;32.559;7.5;3.8;0.16591;1;8.03;1;0.836;1;5.96;1;0;9.61;1.35
HUD2000050_023;BBL_02;42.999667;-65.479667;232298;01-oct-00;17:34:00;53.83;32.824;7.2;3.6;0.111063;1;8.22;1;0.854;1;5.91;1;0;9.63;1.39
HUD2000050_023;BBL_02;42.999667;-65.479667;232297;01-oct-00;17:33:00;63.92;33.042;7.098;3.6;0.105579;1;9.33;1;0.898;1;6.83;1;0;10.39;1.37
HUD2000050_023;BBL_02;42.999667;-65.479667;232296;01-oct-00;17:32:00;83.68;33.388;7.069;3.5;0.038392;1;12.02;1;1.064;1;9.68;1;0;11.30;1.24
HUD2000050_023;BBL_02;42.999667;-65.479667;232295;01-oct-00;17:31:00;111.78;33.416;7.112;3.1;NaN;9;12.45;1;1.09;1;10.05;1;0;11.42;1.24
HUD2000050_028;BBL_03;42.758333;-65.462167;232312;01-oct-00;20:19:00;4.37;32.008;13.47;4.8;1.098958;1;0.44;1;0.386;1;0.9;1;0;1.14;0.49
HUD2000050_028;BBL_03;42.758333;-65.462167;232311;01-oct-00;20:18:00;14.3;31.511;12.53;4.2;2.485858;1;0.55;1;0.451;1;1.28;1;0;1.22;0.43
HUD2000050_028;BBL_03;42.758333;-65.462167;232310;01-oct-00;20:17:00;24.14;31.42;9.952;3.5;2.875796;1;2.66;1;0.638;1;2.65;1;0;4.17;1.00
HUD2000050_028;BBL_03;42.758333;-65.462167;232309;01-oct-00;20:16:00;34.11;32.162;7.963;3.8;1.608231;1;4.82;1;0.764;1;4.27;1;0;6.31;1.13
HUD2000050_028;BBL_03;42.758333;-65.462167;232308;01-oct-00;20:16:00;44;33.872;7.159;3.4;0.218721;1;8.45;1;0.901;1;7.11;1;0;9.38;1.19
HUD2000050_028;BBL_03;42.758333;-65.462167;232307;01-oct-00;20:15:00;53.91;33.218;7.89;3.5;0.244154;1;10.69;1;0.953;1;8.4;1;0;11.22;1.27
HUD2000050_028;BBL_03;42.758333;-65.462167;232306;01-oct-00;20:14:00;64.62;33.096;7.94;3.5;0.295019;1;9.99;1;0.931;1;8.13;1;0;10.73;1.23
HUD2000050_028;BBL_03;42.758333;-65.462167;232305;01-oct-00;20:13:00;83.91;33.231;7.572;3.8;0.208548;1;11.2;1;1.015;1;9.23;1;0;11.03;1.21
HUD2000050_028;BBL_03;42.758333;-65.462167;232304;01-oct-00;20:12:00;101.47;33.264;7.531;3.7;0.233981;1;11.23;1;1.011;1;9.25;1;0;11.11;1.21
HUD2000050_031;BBL_04;42.439;-65.461667;232320;01-oct-00;23:12:00;2.94;31.883;14.6;3.7;1.11236;1;0.5;1;0.34;1;1.77;1;0;1.47;0.28
HUD2000050_031;BBL_04;42.439;-65.461667;232321;01-oct-00;23:12:00;3.21;32.079;14.6;4.2;1.125762;1;0.45;1;0.372;1;1.78;1;0;1.21;0.25
HUD2000050_031;BBL_04;42.439;-65.461667;232319;01-oct-00;23:10:00;23.52;31.521;14.05;3.7;1.487613;1;0.45;1;0.319;1;1.74;1;0;1.41;0.26
HUD2000050_031;BBL_04;42.439;-65.461667;232318;01-oct-00;23:09:00;33.19;31.996;13.492;3.4;1.165967;1;1.36;1;0.398;1;2.06;1;0;3.42;0.66
HUD2000050_031;BBL_04;42.439;-65.461667;232317;01-oct-00;23:08:00;43.14;32.138;12.456;3.5;0.462875;1;4;1;0.538;1;3.16;1;0;7.43;1.27
HUD2000050_031;BBL_04;42.439;-65.461667;232316;01-oct-00;23:07:00;52.97;33.19;9.69;3.8;0.15165;1;8.81;1;0.804;1;5.84;1;0;10.96;1.51
HUD2000050_031;BBL_04;42.439;-65.461667;232315;01-oct-00;23:05:00;62.95;33.435;9.598;3.7;0.135744;1;8.77;1;0.79;1;5.67;1;0;11.10;1.55
HUD2000050_031;BBL_04;42.439;-65.461667;232314;01-oct-00;23:03:00;83.23;33.512;9.579;3.7;0.117919;1;10.63;1;0.889;1;6.65;1;0;11.96;1.60
HUD2000050_031;BBL_04;42.439;-65.461667;232313;01-oct-00;23:01:00;92.78;33.608;9.576;3.7;0.134373;1;10.44;1;0.881;1;6.49;1;0;11.85;1.61
HUD2000050_036;PSM_01;42.335667;-65.888667;232332;02-oct-00;04:22:00;3.77;32.077;14.425;3.7;0.991742;1;0.26;1;0.328;1;1.68;1;0;0.79;0.15
HUD2000050_036;PSM_01;42.335667;-65.888667;232331;02-oct-00;04:21:00;9.9;32.242;14.433;3.1;0.951537;1;0.42;1;0.307;1;1.85;1;0;1.37;0.23
HUD2000050_036;PSM_01;42.335667;-65.888667;232330;02-oct-00;04:20:00;20.85;32.666;14.102;3;1.541221;1;0.43;1;0.324;1;1.98;1;0;1.33;0.22
HUD2000050_036;PSM_01;42.335667;-65.888667;232329;02-oct-00;04:18:00;30.5;32.092;13.811;3.5;1.849465;1;0.53;1;0.369;1;2.08;1;0;1.44;0.25
HUD2000050_036;PSM_01;42.335667;-65.888667;232328;02-oct-00;04:17:00;41;31.663;13.2;2.8;1.581427;1;1.11;1;0.374;1;2.19;1;0;2.97;0.51
HUD2000050_036;PSM_01;42.335667;-65.888667;232327;02-oct-00;04:16:00;50.86;33.88;8.832;2.8;0.442529;1;3.55;1;0.552;1;3.59;1;0;6.43;0.99
HUD2000050_036;PSM_01;42.335667;-65.888667;232326;02-oct-00;04:14:00;61.45;33.962;8.334;3.3;0.340798;1;6.54;1;0.768;1;5.34;1;0;8.52;1.22
HUD2000050_036;PSM_01;42.335667;-65.888667;232325;02-oct-00;04:13:00;82.31;33.947;8.189;3.1;0.076785;1;10.32;1;0.913;1;7.44;1;0;11.30;1.39
HUD2000050_036;PSM_01;42.335667;-65.888667;232324;02-oct-00;04:11:00;100.71;33.676;8.445;3;0.064444;1;10.2;1;0.888;1;6.97;1;0;11.49;1.46
HUD2000050_036;PSM_01;42.335667;-65.888667;232323;02-oct-00;04:09:00;152.94;34.121;9.219;2.8;NaN;9;14.57;1;1.027;1;8.47;1;0;14.19;1.72
HUD2000050_036;PSM_01;42.335667;-65.888667;232322;02-oct-00;04:07:00;197.04;35.082;7.667;2.9;NaN;9;20.64;1;1.247;1;11.6;1;0;16.55;1.78
HUD2000050_038;BBL_05;42.127833;-65.498833;232343;02-oct-00;07:13:00;4.65;31.463;15.979;4;0.356058;1;0.24;1;0.206;1;0.98;1;0;1.17;0.24
HUD2000050_038;BBL_05;42.127833;-65.498833;232342;02-oct-00;07:12:00;14.4;31.329;15.726;3.8;0.39675;1;0.25;1;0.202;1;0.88;1;0;1.24;0.28
HUD2000050_038;BBL_05;42.127833;-65.498833;232341;02-oct-00;07:10:00;23.67;31.064;14.8;3.6;0.366231;1;0.24;1;0.242;1;0.95;1;0;0.99;0.25
HUD2000050_038;BBL_05;42.127833;-65.498833;232340;02-oct-00;07:09:00;34.31;31.635;8.548;3.6;1.125762;1;2.07;1;0.519;1;2.91;1;0;3.99;0.71
HUD2000050_038;BBL_05;42.127833;-65.498833;232339;02-oct-00;07:08:00;44.23;32.57;6.065;3.5;0.376404;1;5.95;1;0.803;1;5.5;1;0;7.41;1.08
HUD2000050_038;BBL_05;42.127833;-65.498833;232338;02-oct-00;07:06:00;54.45;33.288;5.832;3;0.186477;1;7.37;1;0.869;1;6.26;1;0;8.48;1.18
HUD2000050_038;BBL_05;42.127833;-65.498833;232337;02-oct-00;07:05:00;64.09;33.867;6.104;3.2;0.085012;1;9.84;1;0.985;1;8.37;1;0;9.99;1.18
HUD2000050_038;BBL_05;42.127833;-65.498833;232336;02-oct-00;07:04:00;84.46;34.133;8.072;3;0.042506;1;9.25;1;0.862;1;6.45;1;0;10.73;1.43
HUD2000050_038;BBL_05;42.127833;-65.498833;232335;02-oct-00;07:02:00;104.66;34.742;9.573;3.1;0.021938;1;12.49;1;0.973;1;8.06;1;0;12.84;1.55
HUD2000050_038;BBL_05;42.127833;-65.498833;232334;02-oct-00;07:00:00;154.66;35.129;10.9;2.7;NaN;9;15.87;1;0.992;1;7.73;1;0;16.00;2.05
HUD2000050_038;BBL_05;42.127833;-65.498833;232333;02-oct-00;06:57:00;195.33;35.158;10.58;2.9;NaN;9;15.22;1;0.998;1;7.66;1;0;15.25;1.99
HUD2000050_046;BBL_06;42.002;-65.494;232358;02-oct-00;11:50:00;4.24;32.171;17.191;3.4;0.269587;1;0.24;1;0.169;1;0.84;1;0;1.42;0.29
HUD2000050_046;BBL_06;42.002;-65.494;232356;02-oct-00;11:49:00;13.99;31.837;17.475;3.7;0.289933;1;0.25;1;0.156;1;0.81;1;0;1.60;0.31
HUD2000050_046;BBL_06;42.002;-65.494;232357;02-oct-00;11:49:00;14.11;31.898;17.475;3.9;NaN;9;0.31;1;0.181;1;0.92;1;0;1.71;0.34
HUD2000050_046;BBL_06;42.002;-65.494;232355;02-oct-00;11:48:00;23.61;31.801;17.244;3.8;0.361144;1;0.23;1;0.162;1;0.91;1;0;1.42;0.25
HUD2000050_046;BBL_06;42.002;-65.494;232354;02-oct-00;11:47:00;33.93;30.965;15.312;3.8;0.62989;1;0.27;1;0.251;1;1.24;1;0;1.08;0.22
HUD2000050_046;BBL_06;42.002;-65.494;232353;02-oct-00;11:46:00;44.25;31.591;13.444;3.8;0.857723;1;0.29;1;0.286;1;1.38;1;0;1.01;0.21
HUD2000050_046;BBL_06;42.002;-65.494;232352;02-oct-00;11:45:00;54.34;32.911;10.369;3.3;0.951537;1;0.71;7;0.368;1;2.01;1;512;1.93;0.35
HUD2000050_046;BBL_06;42.002;-65.494;232350;02-oct-00;11:41:00;58.44;34.241;8.722;3.5;0.223808;1;5.51;7;0.679;1;4.53;1;512;8.11;1.22
HUD2000050_046;BBL_06;42.002;-65.494;232351;02-oct-00;11:41:00;59.04;33.635;8.709;3.6;NaN;9;5.07;1;0.79;1;4.66;1;0;6.42;1.09
HUD2000050_046;BBL_06;42.002;-65.494;232349;02-oct-00;11:40:00;83.57;34.51;9.568;3.5;0.038392;1;10.01;1;0.834;1;5.75;1;0;12.00;1.74
HUD2000050_046;BBL_06;42.002;-65.494;232348;02-oct-00;11:39:00;103.81;34.689;9.997;3.5;0.021938;1;12.1;1;0.889;1;6.45;1;0;13.61;1.88
HUD2000050_046;BBL_06;42.002;-65.494;232347;02-oct-00;11:36:00;254.24;34.957;8.223;3.5;NaN;9;19.86;1;1.223;1;11.21;1;0;16.24;1.77
HUD2000050_046;BBL_06;42.002;-65.494;232346;02-oct-00;11:31:00;506.93;34.916;5.982;3.9;NaN;9;20.66;1;1.279;1;12.45;1;0;16.15;1.66
HUD2000050_046;BBL_06;42.002;-65.494;232345;02-oct-00;11:26:00;756.29;34.908;4.638;4.4;NaN;9;17.72;1;1.128;1;10.82;1;0;15.71;1.64
HUD2000050_046;BBL_06;42.002;-65.494;232344;02-oct-00;11:21:00;1039.92;34.944;4.195;4.3;NaN;9;18.9;1;1.169;1;11.8;1;0;16.17;1.60
HUD2000050_049;BBL_07;41.869;-65.359333;232378;02-oct-00;17:22:00;5.53;31.231;17.345;3.3;0.345885;1;0.19;1;0.154;1;0.79;1;0;1.23;0.24
HUD2000050_049;BBL_07;41.869;-65.359333;232375;02-oct-00;17:21:00;15.21;32.639;11.478;3.6;NaN;9;NaN;9;NaN;9;NaN;9;0;NaN;NaN
HUD2000050_049;BBL_07;41.869;-65.359333;232377;02-oct-00;17:21:00;15.31;29.473;15.596;2.8;NaN;9;NaN;9;NaN;9;NaN;9;0;NaN;NaN
HUD2000050_049;BBL_07;41.869;-65.359333;232373;02-oct-00;17:21:00;15.32;30.495;14.216;3.5;0.701942;1;0.21;7;0.254;1;1.39;1;512;0.83;0.15
HUD2000050_049;BBL_07;41.869;-65.359333;232374;02-oct-00;17:21:00;15.37;31.9;12.373;3.6;NaN;9;0.39;7;0.278;1;1.6;1;512;1.40;0.24
HUD2000050_049;BBL_07;41.869;-65.359333;232376;02-oct-00;17:21:00;15.53;30.851;13.565;3.4;NaN;9;NaN;9;NaN;9;NaN;9;0;NaN;NaN
HUD2000050_049;BBL_07;41.869;-65.359333;232372;02-oct-00;17:20:00;24.82;33.083;9.353;3.3;0.686683;1;2.17;1;0.481;1;2.77;1;0;4.51;0.78
HUD2000050_049;BBL_07;41.869;-65.359333;232371;02-oct-00;17:19:00;35.05;33.645;8.867;3.6;NaN;9;NaN;9;NaN;9;NaN;9;0;NaN;NaN
HUD2000050_049;BBL_07;41.869;-65.359333;232370;02-oct-00;17:19:00;35.55;33.718;8.898;3.7;NaN;9;4.47;7;0.743;7;4.18;1;512;6.02;1.07
HUD2000050_049;BBL_07;41.869;-65.359333;232369;02-oct-00;17:19:00;35.57;33.725;8.974;3.5;0.239067;1;4.32;7;0.609;7;3.84;1;512;7.09;1.13
HUD2000050_049;BBL_07;41.869;-65.359333;232368;02-oct-00;17:19:00;45.19;34.124;9.162;3.6;0.080898;1;6.82;1;0.698;1;4.47;1;0;9.77;1.53
HUD2000050_049;BBL_07;41.869;-65.359333;232367;02-oct-00;17:18:00;55.59;34.553;9.432;3.4;0.04799;1;8.45;1;0.767;1;4.99;1;0;11.02;1.69
HUD2000050_049;BBL_07;41.869;-65.359333;232366;02-oct-00;17:17:00;65.61;34.836;9.679;3.3;0.030165;1;10.64;1;0.844;1;5.87;1;0;12.61;1.81
HUD2000050_049;BBL_07;41.869;-65.359333;232365;02-oct-00;17:17:00;85.61;34.937;10.404;3.2;0.009598;1;12.56;1;0.885;1;6.33;1;0;14.19;1.98
HUD2000050_049;BBL_07;41.869;-65.359333;232364;02-oct-00;17:16:00;105.1;35.026;10.604;3.3;0.008227;1;14.63;1;0.968;1;7.09;1;0;15.11;2.06
HUD2000050_049;BBL_07;41.869;-65.359333;232363;02-oct-00;17:13:00;255.51;34.973;7.99;3.2;NaN;9;24.6;1;1.483;1;14.13;1;0;16.59;1.74
HUD2000050_049;BBL_07;41.869;-65.359333;232362;02-oct-00;17:08:00;507.44;34.855;5.214;4.2;NaN;9;19.83;1;1.236;1;12.15;1;0;16.04;1.63
HUD2000050_049;BBL_07;41.869;-65.359333;232361;02-oct-00;16:59:00;1004.8;34.931;4.098;4.7;NaN;9;18.09;1;1.141;1;11.19;1;0;15.85;1.62
HUD2000050_049;BBL_07;41.869;-65.359333;232360;02-oct-00;16:50:00;1496.14;34.901;3.631;4.7;NaN;9;18.24;1;1.143;1;12.45;1;0;15.96;1.47
HUD2000050_049;BBL_07;41.869;-65.359333;232359;02-oct-00;16:43:00;1867.59;34.915;3.436;4.6;NaN;9;17.38;1;1.113;1;12.8;1;0;15.62;1.36
HUD2000050_057;RL_06;42.303167;-63.864667;232392;03-oct-00;06:18:00;5.81;32.231;17.963;5.1;0.244154;1;0.12;1;0.149;1;0.88;1;0;0.81;0.14
HUD2000050_057;RL_06;42.303167;-63.864667;232391;03-oct-00;06:16:00;16.04;32.22;18.014;5.1;0.2645;1;0.2;1;0.139;1;0.81;1;0;1.44;0.25
HUD2000050_057;RL_06;42.303167;-63.864667;232390;03-oct-00;06:15:00;24.91;32.59;10.355;6.4;0.750508;1;0.13;1;0.336;1;1.76;1;0;0.39;0.07
HUD2000050_057;RL_06;42.303167;-63.864667;232389;03-oct-00;06:13:00;35.4;33.105;8.349;5.9;1.929877;1;0.92;1;0.503;1;3.13;1;0;1.83;0.29
HUD2000050_057;RL_06;42.303167;-63.864667;232388;03-oct-00;06:12:00;45.19;33.242;6.207;4.7;0.104208;1;10.16;1;1.012;1;8.13;1;0;10.04;1.25
HUD2000050_057;RL_06;42.303167;-63.864667;232387;03-oct-00;06:09:00;55.56;33.388;6.555;4.7;0.08364;1;10.53;1;1.002;1;8.11;1;0;10.51;1.30
HUD2000050_057;RL_06;42.303167;-63.864667;232386;03-oct-00;06:07:00;65.9;33.642;7.205;4.5;0.050733;1;10.79;1;0.987;1;7.88;1;0;10.93;1.37
HUD2000050_057;RL_06;42.303167;-63.864667;232385;03-oct-00;06:06:00;85.28;34.493;9.577;4.3;0.019196;1;11.52;1;0.922;1;7.15;1;0;12.49;1.61
HUD2000050_057;RL_06;42.303167;-63.864667;232384;03-oct-00;06:04:00;105.45;34.868;10.442;3.7;0.01234;1;15.4;1;1.092;1;10.15;1;0;14.10;1.52
HUD2000050_057;RL_06;42.303167;-63.864667;232383;03-oct-00;06:00:00;252.23;35.158;9.385;3;NaN;9;21.92;1;1.374;1;11.78;1;0;15.95;1.86
HUD2000050_057;RL_06;42.303167;-63.864667;232382;03-oct-00;05:54:00;478.78;34.994;5.785;4.3;NaN;9;21.89;1;1.336;1;13.37;1;0;16.38;1.64
HUD2000050_057;RL_06;42.303167;-63.864667;232381;03-oct-00;05:44:00;944.92;34.934;4.174;5.2;NaN;9;19.09;1;1.18;1;11.45;1;0;16.18;1.67
HUD2000050_057;RL_06;42.303167;-63.864667;232380;03-oct-00;05:34:00;1455.23;34.921;3.697;5.4;NaN;9;17.9;1;1.102;1;11.67;1;0;16.24;1.53
HUD2000050_057;RL_06;42.303167;-63.864667;232379;03-oct-00;05:25:00;1858.56;34.913;3.402;5.4;NaN;9;18.45;1;1.149;1;13.55;1;0;16.06;1.36
HUD2000050_058;RL_05;42.620333;-64.081667;232407;03-oct-00;09:26:00;3.18;33.269;17.476;3.2;0.320452;1;0.14;1;0.148;1;1.08;1;0;0.95;0.13
HUD2000050_058;RL_05;42.620333;-64.081667;232406;03-oct-00;09:25:00;12.73;32.221;17.398;3.2;NaN;9;0.39;1;0.249;1;0.97;1;0;1.57;0.40
HUD2000050_058;RL_05;42.620333;-64.081667;232405;03-oct-00;09:25:00;13.38;32.147;17.391;3.2;0.330625;1;0.1;1;0.16;1;0.92;1;0;0.63;0.11
HUD2000050_058;RL_05;42.620333;-64.081667;232404;03-oct-00;09:25:00;24.05;30.837;16.788;3.4;0.335712;1;0.13;1;0.133;1;0.93;1;0;0.98;0.14
HUD2000050_058;RL_05;42.620333;-64.081667;232403;03-oct-00;09:24:00;33.33;30.987;13.584;2.9;0.493394;1;0.11;1;0.217;1;1.07;1;0;0.51;0.10
HUD2000050_058;RL_05;42.620333;-64.081667;232402;03-oct-00;09:23:00;42.88;34.008;9.435;2.8;1.862867;1;0.16;1;0.398;1;2.06;1;0;0.40;0.08
HUD2000050_058;RL_05;42.620333;-64.081667;232401;03-oct-00;09:22:00;53.02;35.594;7.993;2.7;NaN;9;6.9;7;0.899;1;5.69;1;512;7.68;1.21
HUD2000050_058;RL_05;42.620333;-64.081667;232400;03-oct-00;09:22:00;53.48;35.709;7.916;2.7;0.203462;1;5.48;7;0.718;1;4.85;1;512;7.63;1.13
HUD2000050_058;RL_05;42.620333;-64.081667;232399;03-oct-00;09:21:00;62.83;36.031;8.111;2.6;0.0713;1;8.52;1;0.857;1;6.39;1;0;9.94;1.33
HUD2000050_058;RL_05;42.620333;-64.081667;232398;03-oct-00;09:20:00;82.4;35.821;9.047;2.4;0.019196;1;14.52;1;1.159;1;10.85;1;0;12.53;1.34
HUD2000050_058;RL_05;42.620333;-64.081667;232397;03-oct-00;09:19:00;101.8;34.552;10.406;2.2;0.016454;1;15.15;1;1.101;1;9.9;1;0;13.76;1.53
HUD2000050_058;RL_05;42.620333;-64.081667;232396;03-oct-00;09:16:00;238;33.205;9.215;2.8;NaN;9;19.19;1;1.252;1;10.58;1;0;15.33;1.81
HUD2000050_058;RL_05;42.620333;-64.081667;232395;03-oct-00;09:11:00;498.33;34.68;5.309;3.6;NaN;9;20.98;1;1.305;1;13.07;1;0;16.08;1.61
HUD2000050_058;RL_05;42.620333;-64.081667;232394;03-oct-00;09:05:00;755.41;34.795;4.5;3.8;NaN;9;19.14;1;1.198;1;11.92;1;0;15.98;1.61
HUD2000050_058;RL_05;42.620333;-64.081667;232393;03-oct-00;09:01:00;936.12;34.944;4.253;4.5;NaN;9;17.08;1;1.195;1;11.03;1;0;14.29;1.55
HUD2000050_065;RL_04;42.748167;-64.195833;232423;03-oct-00;14:54:00;3.64;31.661;16.875;5.2;0.284846;1;0.26;1;0.228;1;0.78;1;0;1.14;0.33
HUD2000050_065;RL_04;42.748167;-64.195833;232420;03-oct-00;14:53:00;12.62;31.664;16.822;5.2;NaN;9;NaN;9;NaN;9;NaN;9;0;NaN;NaN
HUD2000050_065;RL_04;42.748167;-64.195833;232422;03-oct-00;14:53:00;13.17;31.662;16.843;5.2;NaN;9;NaN;9;NaN;9;NaN;9;0;NaN;NaN
HUD2000050_065;RL_04;42.748167;-64.195833;232419;03-oct-00;14:53:00;13.29;31.659;16.857;5.3;NaN;9;0.27;1;0.244;1;1.02;1;0;1.11;0.26
HUD2000050_065;RL_04;42.748167;-64.195833;232418;03-oct-00;14:52:00;13.66;31.657;16.838;5.3;0.300106;1;0.24;1;0.19;1;0.61;1;0;1.26;0.39
HUD2000050_065;RL_04;42.748167;-64.195833;232421;03-oct-00;14:53:00;13.73;31.659;16.864;5.2;NaN;9;NaN;9;NaN;9;NaN;9;0;NaN;NaN
HUD2000050_065;RL_04;42.748167;-64.195833;232417;03-oct-00;14:52:00;24;31.985;12.909;6.4;0.62989;1;0.32;1;0.373;1;1.34;1;0;0.86;0.24
HUD2000050_065;RL_04;42.748167;-64.195833;232415;03-oct-00;14:51:00;33.2;32.547;7.984;6.3;NaN;9;0.54;1;0.542;1;2.02;1;0;1.00;0.27
HUD2000050_065;RL_04;42.748167;-64.195833;232414;03-oct-00;14:51:00;33.71;32.563;7.766;6.2;0.897929;1;0.74;1;0.5;1;1.98;1;0;1.48;0.37
HUD2000050_065;RL_04;42.748167;-64.195833;232416;03-oct-00;14:51:00;33.92;32.556;7.856;6.3;NaN;9;NaN;9;NaN;9;NaN;9;0;NaN;NaN
HUD2000050_065;RL_04;42.748167;-64.195833;232413;03-oct-00;14:50:00;43.43;32.838;6.349;5.6;0.630731;1;4.28;1;0.74;1;3.87;1;0;5.78;1.11
HUD2000050_065;RL_04;42.748167;-64.195833;232412;03-oct-00;14:50:00;52.87;32.98;5.969;5.1;0.371317;1;7.39;1;0.906;1;5.32;1;0;8.16;1.39
HUD2000050_065;RL_04;42.748167;-64.195833;232411;03-oct-00;14:49:00;62.95;33.484;6.815;4.5;0.135744;1;9.5;1;0.986;1;6.37;1;0;9.63;1.49
HUD2000050_065;RL_04;42.748167;-64.195833;232410;03-oct-00;14:48:00;80.89;34.273;8.525;3.5;0.013712;1;16.22;1;1.258;1;12.58;1;0;12.89;1.29
HUD2000050_065;RL_04;42.748167;-64.195833;232409;03-oct-00;14:47:00;95.6;34.488;9.007;3.4;0.013712;1;16.12;1;1.22;1;12.02;1;0;13.21;1.34
HUD2000050_065;RL_04;42.748167;-64.195833;232408;03-oct-00;14:45:00;163.85;35.039;9.035;3.2;NaN;9;21.43;1;1.338;1;12.75;1;0;16.02;1.68
HUD2000050_066;RL_03;43.002;-64.400667;232433;03-oct-00;17:07:00;2.95;31.345;15.444;5.3;0.325538;1;0.35;1;0.219;1;0.63;1;0;1.60;0.56
HUD2000050_066;RL_03;43.002;-64.400667;232432;03-oct-00;17:06:00;12.9;31.351;15.459;5.3;0.305192;1;0.25;1;0.234;1;0.76;1;0;1.07;0.33
HUD2000050_066;RL_03;43.002;-64.400667;232431;03-oct-00;17:06:00;22.62;31.354;15.445;5.4;0.350971;1;0.37;1;0.238;1;0.7;1;0;1.55;0.53
HUD2000050_066;RL_03;43.002;-64.400667;232430;03-oct-00;17:05:00;33.04;32.025;10.014;6;0.643292;1;0.27;1;0.368;1;1.16;1;0;0.73;0.23
HUD2000050_066;RL_03;43.002;-64.400667;232429;03-oct-00;17:04:00;43.54;32.21;7.772;6.4;1.286585;1;0.42;1;0.478;1;2.1;1;0;0.88;0.20
HUD2000050_066;RL_03;43.002;-64.400667;232428;03-oct-00;17:03:00;53.27;32.554;5.959;5.6;0.478135;1;3.53;1;0.728;1;3.81;1;0;4.85;0.93
HUD2000050_066;RL_03;43.002;-64.400667;232427;03-oct-00;17:02:00;63.35;32.87;5.911;5.1;0.163167;1;6.41;1;0.854;1;5.49;1;0;7.51;1.17
HUD2000050_066;RL_03;43.002;-64.400667;232426;03-oct-00;17:02:00;82.87;33.647;7.081;4.2;0.038392;1;12.47;1;1.119;1;9.94;1;0;11.14;1.25
HUD2000050_066;RL_03;43.002;-64.400667;232425;03-oct-00;17:01:00;104.76;33.863;7.55;4;0.027423;1;12.63;1;1.121;1;9.71;1;0;11.27;1.30
HUD2000050_066;RL_03;43.002;-64.400667;232424;03-oct-00;17:00:00;128.62;34.598;9.313;3.1;NaN;9;16.84;1;1.284;1;13.93;1;0;13.12;1.21
HUD2000050_072;RBANK;43.401167;-64.752833;232439;03-oct-00;21:43:00;2.18;31.159;15.31;5.3;0.345885;1;0.24;1;0.254;1;0.91;1;0;0.94;0.26
HUD2000050_072;RBANK;43.401167;-64.752833;232438;03-oct-00;21:42:00;12.67;31.266;13.924;5.6;0.406923;1;0.27;1;0.296;1;1.08;1;0;0.91;0.25
HUD2000050_072;RBANK;43.401167;-64.752833;232437;03-oct-00;21:41:00;22.63;31.67;7.953;6;1.299987;1;1.56;1;0.598;1;2.71;1;0;2.61;0.58
HUD2000050_072;RBANK;43.401167;-64.752833;232436;03-oct-00;21:39:00;32.79;31.957;6.008;5.7;0.442529;1;3.82;1;0.768;1;3.93;1;0;4.97;0.97
HUD2000050_072;RBANK;43.401167;-64.752833;232435;03-oct-00;21:38:00;42.16;32.3;6.174;5.3;0.213635;1;6.18;1;0.865;1;5.61;1;0;7.14;1.10
HUD2000050_072;RBANK;43.401167;-64.752833;232434;03-oct-00;21:36:00;52.01;32.362;6.265;5.2;0.183115;1;6.79;1;0.872;1;6.15;1;0;7.79;1.10
HUD2000050_073;RL_0;43.56;-64.877833;232448;03-oct-00;23:16:00;2.25;31.227;14.729;5.4;0.032908;1;0.28;1;0.26;1;0.73;1;0;1.08;0.38
HUD2000050_073;RL_0;43.56;-64.877833;232447;03-oct-00;23:15:00;14.74;31.211;14.346;5.5;0.482469;1;0.27;1;0.298;1;0.87;1;0;0.91;0.31
HUD2000050_073;RL_0;43.56;-64.877833;232446;03-oct-00;23:13:00;24.68;31.311;11.396;5.9;1.313388;1;0.39;1;0.41;1;0.98;1;0;0.95;0.40
HUD2000050_073;RL_0;43.56;-64.877833;232445;03-oct-00;23:12:00;34.87;31.583;7.609;6;0.964938;1;1.8;1;0.667;1;2.83;1;0;2.70;0.64
HUD2000050_073;RL_0;43.56;-64.877833;232444;03-oct-00;23:11:00;45.15;31.878;5.376;5.7;0.498481;1;4.52;1;0.769;1;3.95;1;0;5.88;1.14
HUD2000050_073;RL_0;43.56;-64.877833;232443;03-oct-00;23:10:00;54.23;32.19;4.981;5.3;0.141229;1;7.08;1;0.962;1;6.56;1;0;7.36;1.08
HUD2000050_073;RL_0;43.56;-64.877833;232442;03-oct-00;23:08:00;65.17;32.403;4.875;5.1;0.006856;1;8.15;1;0.998;1;7.99;1;0;8.17;1.02
HUD2000050_073;RL_0;43.56;-64.877833;232441;03-oct-00;23:07:00;81.16;32.65;4.737;4.8;0.009598;1;9.43;1;1.065;1;9.3;1;0;8.85;1.01
HUD2000050_080;HL_01;44.399;-63.444167;232456;07-oct-00;03:56:00;4.84;30.215;15.112;5.3;NaN;9;0.26;1;0.236;1;1.25;1;0;1.10;0.21
HUD2000050_080;HL_01;44.399;-63.444167;232455;07-oct-00;03:55:00;14.62;30.328;14.92;5.3;NaN;9;0.27;1;0.253;1;1.25;1;0;1.07;0.22
HUD2000050_080;HL_01;44.399;-63.444167;232454;07-oct-00;03:53:00;24.88;30.389;14.792;5.3;NaN;9;0.29;1;0.263;1;1.19;1;0;1.10;0.24
HUD2000050_080;HL_01;44.399;-63.444167;232453;07-oct-00;03:51:00;34.59;30.671;12.977;5.3;NaN;9;0.73;1;0.438;1;2.09;1;0;1.67;0.35
HUD2000050_080;HL_01;44.399;-63.444167;232452;07-oct-00;03:50:00;44.67;31.149;9.374;5.4;NaN;9;2.81;1;0.803;1;3.77;1;0;3.50;0.75
HUD2000050_080;HL_01;44.399;-63.444167;232451;07-oct-00;03:48:00;55.63;31.571;6.684;5.6;NaN;9;3.56;1;0.72;1;3.69;1;0;4.94;0.96
HUD2000050_080;HL_01;44.399;-63.444167;232450;07-oct-00;03:47:00;64.99;32.032;5.932;5.7;NaN;9;3.76;1;0.727;1;3.38;1;0;5.17;1.11
HUD2000050_080;HL_01;44.399;-63.444167;232449;07-oct-00;03:45:00;74.36;32.203;4.557;5.2;NaN;9;7.93;1;0.962;1;7.28;1;0;8.24;1.09
HUD2000050_082;HL_02;44.268;-63.322333;232466;07-oct-00;06:05:00;4.47;30.212;15.511;5.2;NaN;9;0.3;1;0.222;1;1.1;1;0;1.35;0.27
HUD2000050_082;HL_02;44.268;-63.322333;232465;07-oct-00;06:03:00;14.22;30.36;15.638;5.2;NaN;9;0.28;1;0.241;1;1.05;1;0;1.16;0.27
HUD2000050_082;HL_02;44.268;-63.322333;232464;07-oct-00;06:01:00;24.13;31.046;16.28;5.2;NaN;9;0.29;1;0.233;1;0.91;1;0;1.24;0.32
HUD2000050_082;HL_02;44.268;-63.322333;232463;07-oct-00;05:59:00;34.3;31.536;10.354;5.9;NaN;9;0.8;1;0.526;1;2.21;1;0;1.52;0.36
HUD2000050_082;HL_02;44.268;-63.322333;232462;07-oct-00;05:58:00;44.36;31.966;7.815;5.9;NaN;9;1.73;1;0.638;1;2.81;1;0;2.71;0.62
HUD2000050_082;HL_02;44.268;-63.322333;232461;07-oct-00;05:56:00;54.96;32.239;4.362;5.6;NaN;9;5.95;1;0.89;1;5.26;1;0;6.69;1.13
HUD2000050_082;HL_02;44.268;-63.322333;232460;07-oct-00;05:53:00;64.85;32.523;3.961;5.2;NaN;9;9.36;1;1.093;1;8.72;1;0;8.56;1.07
HUD2000050_082;HL_02;44.268;-63.322333;232459;07-oct-00;05:51:00;84.95;32.839;4.283;4.7;NaN;9;11.69;1;1.227;1;12.22;1;0;9.53;0.96
HUD2000050_082;HL_02;44.268;-63.322333;232458;07-oct-00;05:49:00;105.4;33.404;5.981;4.2;NaN;9;13.28;1;1.278;1;13.74;1;0;10.39;0.97
HUD2000050_082;HL_02;44.268;-63.322333;232457;07-oct-00;05:46:00;155.19;34.356;8.647;3.2;NaN;9;16.76;1;1.363;1;16.21;1;0;12.30;1.03
HUD2000050_093;HL_03;43.915167;-62.886833;232483;07-oct-00;13:03:00;2.62;31.546;16.578;5.2;NaN;9;0.21;1;0.212;1;1.15;1;0;0.99;0.18
HUD2000050_093;HL_03;43.915167;-62.886833;232480;07-oct-00;13:02:00;12.27;31.548;16.56;5.2;NaN;9;NaN;9;NaN;9;NaN;9;0;NaN;NaN
HUD2000050_093;HL_03;43.915167;-62.886833;232482;07-oct-00;13:02:00;12.49;31.549;16.56;5.2;NaN;9;NaN;9;NaN;9;NaN;9;0;NaN;NaN
HUD2000050_093;HL_03;43.915167;-62.886833;232479;07-oct-00;13:02:00;12.78;31.547;16.56;5.2;NaN;9;0.31;1;0.2;1;1.01;1;0;1.55;0.31
HUD2000050_093;HL_03;43.915167;-62.886833;232478;07-oct-00;13:02:00;13.02;31.544;16.561;5.2;NaN;9;0.17;1;0.196;1;1.15;1;0;0.87;0.15
HUD2000050_093;HL_03;43.915167;-62.886833;232481;07-oct-00;13:02:00;13.21;31.55;16.563;5.2;NaN;9;NaN;9;NaN;9;NaN;9;0;NaN;NaN
HUD2000050_093;HL_03;43.915167;-62.886833;232477;07-oct-00;13:01:00;22.82;31.537;16.56;5.5;NaN;9;0.18;1;0.206;1;1.04;1;0;0.87;0.17
HUD2000050_093;HL_03;43.915167;-62.886833;232476;07-oct-00;13:00:00;33.41;32.346;8.168;6.8;NaN;9;0.19;1;0.43;1;1.58;1;0;0.44;0.12
HUD2000050_093;HL_03;43.915167;-62.886833;232475;07-oct-00;12:59:00;42.52;32.59;6.116;5.9;NaN;9;NaN;9;NaN;9;NaN;9;0;NaN;NaN
HUD2000050_093;HL_03;43.915167;-62.886833;232474;07-oct-00;12:59:00;42.85;32.594;6.106;5.9;NaN;9;1.25;1;0.697;1;2.93;1;0;1.79;0.43
HUD2000050_093;HL_03;43.915167;-62.886833;232473;07-oct-00;12:59:00;44.06;32.632;6.01;6;NaN;9;1.07;1;0.613;1;3.03;1;0;1.75;0.35
HUD2000050_093;HL_03;43.915167;-62.886833;232472;07-oct-00;12:59:00;54.12;32.868;5.793;5.2;NaN;9;7.24;1;0.888;1;5.11;1;0;8.15;1.42
HUD2000050_093;HL_03;43.915167;-62.886833;232471;07-oct-00;12:58:00;63.67;33.162;6.071;4.9;NaN;9;9.37;1;0.974;1;6.69;1;0;9.62;1.40
HUD2000050_093;HL_03;43.915167;-62.886833;232470;07-oct-00;12:57:00;83.01;33.914;7.813;4.2;NaN;9;12.85;1;1.098;1;8.49;1;0;11.70;1.51
HUD2000050_093;HL_03;43.915167;-62.886833;232469;07-oct-00;12:56:00;102.94;34.462;9.121;3.5;NaN;9;15.82;1;1.252;1;13;1;0;12.64;1.22
HUD2000050_093;HL_03;43.915167;-62.886833;232468;07-oct-00;12:54:00;201.15;35.048;10.093;2.3;NaN;9;22.11;1;1.538;1;15.71;1;0;14.38;1.41
HUD2000050_093;HL_03;43.915167;-62.886833;232467;07-oct-00;12:52:00;263.38;35.05;9.573;1.7;NaN;9;23.91;1;1.738;1;23.33;1;0;13.76;1.02
HUD2000050_097;HL_04;43.479167;-62.445167;232493;07-oct-00;18:08:00;3.15;31.49;16.622;5.2;NaN;9;0.19;1;0.279;1;1.21;1;0;0.68;0.16
HUD2000050_097;HL_04;43.479167;-62.445167;232492;07-oct-00;18:08:00;12.8;31.911;16.537;5.3;NaN;9;0.24;1;0.247;1;1.06;1;0;0.97;0.23
HUD2000050_097;HL_04;43.479167;-62.445167;232491;07-oct-00;18:08:00;13.12;31.931;16.587;5.6;NaN;9;0.19;1;0.258;1;1.31;1;0;0.74;0.15
HUD2000050_097;HL_04;43.479167;-62.445167;232490;07-oct-00;18:07:00;21.53;32.194;12.362;7.1;NaN;9;0.16;1;0.408;1;1.89;1;0;0.39;0.08
HUD2000050_097;HL_04;43.479167;-62.445167;232488;07-oct-00;18:06:00;31.55;32.458;8.241;6.4;NaN;9;0.58;1;0.625;1;2.85;1;0;0.93;0.20
HUD2000050_097;HL_04;43.479167;-62.445167;232489;07-oct-00;18:06:00;32.5;32.482;8.097;6.5;NaN;9;0.33;1;0.525;1;2.06;1;0;0.63;0.16
HUD2000050_097;HL_04;43.479167;-62.445167;232487;07-oct-00;18:05:00;42.26;32.894;6.195;5.4;NaN;9;6.25;1;0.932;1;5.46;1;0;6.71;1.14
HUD2000050_097;HL_04;43.479167;-62.445167;232486;07-oct-00;18:05:00;53.44;33.527;6.982;4.7;NaN;9;9.46;1;0.96;1;7.43;1;0;9.85;1.27
HUD2000050_097;HL_04;43.479167;-62.445167;232485;07-oct-00;18:04:00;63.09;33.584;7.087;4.6;NaN;9;9.3;1;0.916;1;7.34;1;0;10.15;1.27
HUD2000050_097;HL_04;43.479167;-62.445167;232484;07-oct-00;18:03:00;80.96;33.585;7.09;4.6;NaN;9;9.77;1;0.958;1;7.85;1;0;10.20;1.24
HUD2000050_106;HL_05;43.169333;-62.106;232502;08-oct-00;00:52:00;2.62;32.491;17.165;5;NaN;9;0.16;1;0.173;1;1.07;1;0;0.92;0.15
HUD2000050_106;HL_05;43.169333;-62.106;232501;08-oct-00;00:51:00;13.1;32.505;17.159;5.1;NaN;9;0.14;1;0.196;1;1.13;1;0;0.71;0.12
HUD2000050_106;HL_05;43.169333;-62.106;232500;08-oct-00;00:49:00;22.5;33.485;14.4;5.8;NaN;9;0.19;1;0.316;1;1.7;1;0;0.60;0.11
HUD2000050_106;HL_05;43.169333;-62.106;232499;08-oct-00;00:46:00;32.84;33.488;9.018;5.6;NaN;9;2.98;1;0.593;1;3.8;1;0;5.03;0.78
HUD2000050_106;HL_05;43.169333;-62.106;232498;08-oct-00;00:44:00;42.55;33.353;7.478;5.5;NaN;9;5.32;1;0.754;1;5.06;1;0;7.06;1.05
HUD2000050_106;HL_05;43.169333;-62.106;232497;08-oct-00;00:43:00;52.49;33.447;6.847;5.2;NaN;9;7.14;1;0.853;1;6.18;1;0;8.37;1.16
HUD2000050_106;HL_05;43.169333;-62.106;232496;08-oct-00;00:41:00;62.41;33.779;7.572;4.8;NaN;9;8.65;1;0.896;1;7.08;1;0;9.65;1.22
HUD2000050_106;HL_05;43.169333;-62.106;232495;08-oct-00;00:40:00;82.42;34.175;8.647;4.4;NaN;9;10.26;1;0.935;1;8.19;1;0;10.97;1.25
HUD2000050_106;HL_05;43.169333;-62.106;232494;08-oct-00;00:38:00;96.85;34.329;8.93;4.4;NaN;9;10.55;1;0.924;1;7.46;1;0;11.42;1.41
HUD2000050_117;HL_06;42.852667;-61.725333;232517;08-oct-00;08:28:00;3.09;33.193;18.934;4.8;NaN;9;0.18;1;0.126;1;0.82;1;0;1.43;0.22
HUD2000050_117;HL_06;42.852667;-61.725333;232516;08-oct-00;08:26:00;12.54;33.267;18.988;4.8;NaN;9;0.28;1;0.181;1;1.09;1;0;1.55;0.26
HUD2000050_117;HL_06;42.852667;-61.725333;232515;08-oct-00;08:26:00;12.8;33.265;18.988;4.8;NaN;9;0.15;1;0.123;1;0.84;1;0;1.22;0.18
HUD2000050_117;HL_06;42.852667;-61.725333;232514;08-oct-00;08:23:00;22.91;33.387;18.976;4.8;NaN;9;0.17;1;0.133;1;0.86;1;0;1.28;0.20
HUD2000050_117;HL_06;42.852667;-61.725333;232513;08-oct-00;08:21:00;32.42;33.904;16.509;5.6;NaN;9;0.21;1;0.205;1;1.33;1;0;1.02;0.16
HUD2000050_117;HL_06;42.852667;-61.725333;232512;08-oct-00;08:20:00;42.62;34.225;14.966;5.5;NaN;9;0.28;7;0.341;7;1.95;1;512;0.82;0.14
HUD2000050_117;HL_06;42.852667;-61.725333;232511;08-oct-00;08:19:00;42.67;34.233;15.009;5.5;NaN;9;0.22;7;0.27;7;1.76;1;512;0.81;0.13
HUD2000050_117;HL_06;42.852667;-61.725333;232510;08-oct-00;08:18:00;52.9;33.975;11.725;5.5;NaN;9;0.7;1;0.408;1;2.58;1;0;1.72;0.27
HUD2000050_117;HL_06;42.852667;-61.725333;232509;08-oct-00;08:13:00;62.6;34.183;9.585;4.9;NaN;9;6.14;1;0.71;1;4.29;1;0;8.65;1.43
HUD2000050_117;HL_06;42.852667;-61.725333;232508;08-oct-00;08:11:00;83.28;34.609;10.51;4.5;NaN;9;8.97;1;0.806;1;4.98;1;0;11.13;1.80
HUD2000050_117;HL_06;42.852667;-61.725333;232507;08-oct-00;08:09:00;102.84;35.079;11.628;4.2;NaN;9;10.87;1;0.816;1;5.21;1;0;13.32;2.09
HUD2000050_117;HL_06;42.852667;-61.725333;232506;08-oct-00;08:05:00;252.81;35.055;8.848;3.2;NaN;9;22.94;1;1.436;1;12.74;1;0;15.97;1.80
HUD2000050_117;HL_06;42.852667;-61.725333;232505;08-oct-00;07:59:00;505.26;34.969;5.346;4.5;NaN;9;20.61;1;1.32;1;12.99;1;0;15.61;1.59
HUD2000050_117;HL_06;42.852667;-61.725333;232504;08-oct-00;07:54:00;755.75;34.956;4.505;5.1;NaN;9;18.93;1;1.228;1;12.01;1;0;15.42;1.58
HUD2000050_117;HL_06;42.852667;-61.725333;232503;08-oct-00;07:47:00;1013;34.938;4.152;5.3;NaN;9;19.11;1;1.193;1;11.99;1;0;16.02;1.59
HUD2000050_137;HL_07;42.529;-61.4005;232537;08-oct-00;15:48:00;5.01;32.975;19.201;4.8;NaN;9;0.14;1;0.106;1;0.61;1;0;1.32;0.23
HUD2000050_137;HL_07;42.529;-61.4005;232536;08-oct-00;15:47:00;14.84;32.975;19.191;4.9;NaN;9;NaN;9;NaN;9;NaN;9;0;NaN;NaN
HUD2000050_137;HL_07;42.529;-61.4005;232533;08-oct-00;15:47:00;15.24;32.975;19.194;4.9;NaN;9;0.41;7;0.312;7;1.61;1;512;1.31;0.25
HUD2000050_137;HL_07;42.529;-61.4005;232532;08-oct-00;15:47:00;15.25;32.975;19.194;4.9;NaN;9;0.17;7;0.122;7;0.73;1;512;1.39;0.23
HUD2000050_137;HL_07;42.529;-61.4005;232535;08-oct-00;15:47:00;15.54;32.975;19.194;4.9;NaN;9;NaN;9;NaN;9;NaN;9;0;NaN;NaN
HUD2000050_137;HL_07;42.529;-61.4005;232534;08-oct-00;15:47:00;15.63;32.975;19.194;4.9;NaN;9;NaN;9;NaN;9;NaN;9;0;NaN;NaN
HUD2000050_137;HL_07;42.529;-61.4005;232531;08-oct-00;15:46:00;24.57;33.034;19.134;4.9;NaN;9;0.15;1;0.118;1;0.87;1;0;1.27;0.17
HUD2000050_137;HL_07;42.529;-61.4005;232530;08-oct-00;15:45:00;35.12;33.247;18.877;5.6;NaN;9;0.19;1;0.16;1;0.87;1;0;1.19;0.22
HUD2000050_137;HL_07;42.529;-61.4005;232529;08-oct-00;15:45:00;44.66;33.791;14.602;6.1;NaN;9;NaN;9;NaN;9;NaN;9;0;NaN;NaN
HUD2000050_137;HL_07;42.529;-61.4005;232528;08-oct-00;15:45:00;45.26;33.795;14.527;6.1;NaN;9;0.28;7;0.157;7;0.95;1;512;1.78;0.29
HUD2000050_137;HL_07;42.529;-61.4005;232527;08-oct-00;15:45:00;45.3;33.783;14.545;6.3;NaN;9;0.23;7;0.288;7;1.47;1;512;0.80;0.16
HUD2000050_137;HL_07;42.529;-61.4005;232526;08-oct-00;15:44:00;55.12;33.614;11.416;6.1;NaN;9;0.71;1;0.387;1;1.75;1;0;1.83;0.41
HUD2000050_137;HL_07;42.529;-61.4005;232525;08-oct-00;15:43:00;65.71;33.553;9.459;5.6;NaN;9;1.5;1;0.494;1;2.23;1;0;3.04;0.67
HUD2000050_137;HL_07;42.529;-61.4005;232524;08-oct-00;15:43:00;84.36;33.942;8.862;5;NaN;9;5.57;1;0.704;1;3.86;1;0;7.91;1.44
HUD2000050_137;HL_07;42.529;-61.4005;232523;08-oct-00;15:42:00;101.69;34.637;10.629;4.4;NaN;9;9.34;1;0.798;1;4.83;1;0;11.70;1.93
HUD2000050_137;HL_07;42.529;-61.4005;232522;08-oct-00;15:39:00;251.2;34.921;6.402;3.8;NaN;9;22;1;1.419;1;13.49;1;0;15.50;1.63
HUD2000050_137;HL_07;42.529;-61.4005;232521;08-oct-00;15:34:00;502.26;34.965;4.945;4.8;NaN;9;20.01;1;1.286;1;12.17;1;0;15.56;1.64
HUD2000050_137;HL_07;42.529;-61.4005;232520;08-oct-00;15:25:00;997.84;34.962;4.143;5.2;NaN;9;18.91;1;1.218;1;12.1;1;0;15.53;1.56
HUD2000050_137;HL_07;42.529;-61.4005;232519;08-oct-00;15:16:00;1503.31;34.919;3.593;5.4;NaN;9;18.67;1;1.188;1;12.32;1;0;15.72;1.52
HUD2000050_137;HL_07;42.529;-61.4005;232518;08-oct-00;15:05:00;2092.68;34.922;3.277;5.4;NaN;9;18.62;1;1.174;1;13.9;1;0;15.86;1.34
HUD2000050_160;WB_01;43.391167;-61.786;232545;09-oct-00;00:27:00;2.56;32.52;17.709;4.9;NaN;9;0.17;1;0.16;1;0.96;1;0;1.06;0.18
HUD2000050_160;WB_01;43.391167;-61.786;232544;09-oct-00;00:25:00;14.6;32.526;17.715;4.9;NaN;9;0.19;1;0.15;1;0.92;1;0;1.27;0.21
HUD2000050_160;WB_01;43.391167;-61.786;232543;09-oct-00;00:23:00;24.27;33.225;17.88;5;NaN;9;0.17;1;0.162;1;1.01;1;0;1.05;0.17
HUD2000050_160;WB_01;43.391167;-61.786;232542;09-oct-00;00:22:00;32.96;33.878;16.991;5.2;NaN;9;0.34;1;0.22;1;1.5;1;0;1.55;0.23
HUD2000050_160;WB_01;43.391167;-61.786;232541;09-oct-00;00:21:00;39.84;33.908;13.946;5.5;NaN;9;1.22;1;0.375;1;2.43;1;0;3.25;0.50
HUD2000050_160;WB_01;43.391167;-61.786;232540;09-oct-00;00:19:00;48.22;33.346;8.135;5.6;NaN;9;4.13;1;0.637;1;4.09;1;0;6.48;1.01
HUD2000050_160;WB_01;43.391167;-61.786;232539;09-oct-00;00:17:00;61.4;33.554;7.179;5.1;NaN;9;7.43;1;0.836;1;6.28;1;0;8.89;1.18
HUD2000050_160;WB_01;43.391167;-61.786;232538;09-oct-00;00:15:00;79.65;33.562;7.18;5;NaN;9;7.15;1;0.796;1;6;1;0;8.98;1.19
HUD2000050_165;WB_02;43.581167;-61.520167;232551;09-oct-00;03:38:00;4.06;31.113;16.093;5.2;NaN;9;0.15;1;0.19;1;0.82;1;0;0.79;0.18
HUD2000050_165;WB_02;43.581167;-61.520167;232550;09-oct-00;03:37:00;14.47;31.139;16.099;5.2;NaN;9;0.16;1;0.256;1;0.87;1;0;0.63;0.18
HUD2000050_165;WB_02;43.581167;-61.520167;232549;09-oct-00;03:35:00;24.03;31.611;12.795;5.1;NaN;9;0.49;1;0.352;1;1.4;1;0;1.39;0.35
HUD2000050_165;WB_02;43.581167;-61.520167;232548;09-oct-00;03:33:00;33.23;32.486;8.236;5.7;NaN;9;2.9;1;0.624;1;2.79;1;0;4.65;1.04
HUD2000050_165;WB_02;43.581167;-61.520167;232547;09-oct-00;03:32:00;43.46;32.961;6.981;5.3;NaN;9;5.9;1;0.788;1;5.62;1;0;7.49;1.05
HUD2000050_165;WB_02;43.581167;-61.520167;232546;09-oct-00;03:30:00;50.6;33.136;6.773;5.1;NaN;9;6.58;1;0.826;1;6.33;1;0;7.97;1.04
HUD2000050_166;WB_03;43.790167;-61.210167;232557;09-oct-00;05:25:00;4.25;30.962;16.047;5.1;NaN;9;0.19;1;0.21;1;1.08;1;0;0.90;0.18
HUD2000050_166;WB_03;43.790167;-61.210167;232556;09-oct-00;05:23:00;14.16;31.041;15.904;5.1;NaN;9;0.24;1;0.223;1;1.12;1;0;1.08;0.21
HUD2000050_166;WB_03;43.790167;-61.210167;232555;09-oct-00;05:22:00;24.23;31.983;13.863;5;NaN;9;0.85;1;0.384;1;2.29;1;0;2.21;0.37
HUD2000050_166;WB_03;43.790167;-61.210167;232554;09-oct-00;05:21:00;33.66;32.303;10.724;5.1;NaN;9;3.27;1;0.645;1;4.25;1;0;5.07;0.77
HUD2000050_166;WB_03;43.790167;-61.210167;232553;09-oct-00;05:19:00;40.11;32.282;10.57;5.1;NaN;9;3.46;1;0.666;1;4.61;1;0;5.20;0.75
HUD2000050_166;WB_03;43.790167;-61.210167;232552;09-oct-00;05:19:00;40.32;32.265;10.387;5.1;NaN;9;NaN;9;NaN;9;NaN;9;0;NaN;NaN
HUD2000050_172;GWA_01;44.3015;-60.464;232567;09-oct-00;10:32:00;2.7;30.484;15.463;5.3;0.884527;1;0.32;1;0.178;1;0.97;1;0;1.80;0.33
HUD2000050_172;GWA_01;44.3015;-60.464;232566;09-oct-00;10:31:00;12.79;30.503;15.5;5.4;0.884527;1;0.31;1;0.19;1;0.91;1;0;1.63;0.34
HUD2000050_172;GWA_01;44.3015;-60.464;232565;09-oct-00;10:30:00;23.15;30.604;15.305;5.6;0.884527;1;0.28;1;0.21;1;1.14;1;0;1.33;0.25
HUD2000050_172;GWA_01;44.3015;-60.464;232564;09-oct-00;10:29:00;32.85;31.569;7.636;5.8;0.134373;1;5.29;1;0.828;1;4.56;1;0;6.39;1.16
HUD2000050_172;GWA_01;44.3015;-60.464;232563;09-oct-00;10:28:00;42.99;31.905;5.326;5.4;0.113806;1;6.73;1;0.932;1;5.91;1;0;7.22;1.14
HUD2000050_172;GWA_01;44.3015;-60.464;232562;09-oct-00;10:28:00;52.29;31.944;5.062;5.4;0.108321;1;7.06;1;0.956;1;6.28;1;0;7.38;1.12
HUD2000050_172;GWA_01;44.3015;-60.464;232561;09-oct-00;10:27:00;63.19;32.147;4.077;5.2;0.075413;1;8.81;1;1.075;1;7.88;1;0;8.20;1.12
HUD2000050_172;GWA_01;44.3015;-60.464;232560;09-oct-00;10:26:00;82.8;32.38;3.59;4.9;0.046619;1;10.84;1;1.212;1;10.23;1;0;8.94;1.06
HUD2000050_172;GWA_01;44.3015;-60.464;232559;09-oct-00;10:25:00;103.52;32.736;3.477;4.7;0.049362;1;10.8;1;1.176;1;11.04;1;0;9.18;0.98
HUD2000050_172;GWA_01;44.3015;-60.464;232558;09-oct-00;10:23:00;139.14;32.995;3.942;4.7;NaN;9;12.2;1;1.228;1;12.97;1;0;9.93;0.94
HUD2000050_174;GULD_01;44.23;-59.562333;232583;09-oct-00;14:42:00;2.54;30.871;15.723;5.2;1.822662;1;0.26;1;0.235;1;1.15;1;0;1.11;0.23
HUD2000050_174;GULD_01;44.23;-59.562333;232578;09-oct-00;14:41:00;12.53;30.875;15.722;5.3;1.648437;1;0.28;1;0.244;1;1.35;1;0;1.15;0.21
HUD2000050_174;GULD_01;44.23;-59.562333;232580;09-oct-00;14:41:00;12.56;30.873;15.715;5.3;NaN;9;NaN;9;NaN;9;NaN;9;0;NaN;NaN
HUD2000050_174;GULD_01;44.23;-59.562333;232581;09-oct-00;14:41:00;12.65;30.873;15.718;5.3;NaN;9;NaN;9;NaN;9;NaN;9;0;NaN;NaN
HUD2000050_174;GULD_01;44.23;-59.562333;232579;09-oct-00;14:41:00;12.89;30.873;15.719;5.3;NaN;9;0.3;1;0.264;1;1.26;1;0;1.14;0.24
HUD2000050_174;GULD_01;44.23;-59.562333;232582;09-oct-00;14:41:00;12.93;30.873;15.719;5.3;NaN;9;NaN;9;NaN;9;NaN;9;0;NaN;NaN
HUD2000050_174;GULD_01;44.23;-59.562333;232577;09-oct-00;14:41:00;22.82;31.113;15.743;5.4;0.376404;1;0.44;1;0.336;1;1.69;1;0;1.31;0.26
HUD2000050_174;GULD_01;44.23;-59.562333;232576;09-oct-00;14:40:00;32.67;31.872;6.817;5.6;0.183115;1;3.93;1;0.718;1;3.74;1;0;5.47;1.05
HUD2000050_174;GULD_01;44.23;-59.562333;232575;09-oct-00;14:39:00;42.88;32.185;4;5.8;0.104208;1;5.59;1;0.834;1;4.6;1;0;6.70;1.22
HUD2000050_174;GULD_01;44.23;-59.562333;232574;09-oct-00;14:39:00;52.63;32.272;3.62;5.7;NaN;9;NaN;9;NaN;9;NaN;9;0;NaN;NaN
HUD2000050_174;GULD_01;44.23;-59.562333;232573;09-oct-00;14:38:00;52.66;32.271;3.621;5.7;NaN;9;7.12;7;0.985;1;5.61;1;512;7.23;1.27
HUD2000050_174;GULD_01;44.23;-59.562333;232572;09-oct-00;14:38:00;52.87;32.272;3.612;5.7;0.074042;1;6.54;7;0.888;1;5.32;1;512;7.36;1.23
HUD2000050_174;GULD_01;44.23;-59.562333;232571;09-oct-00;14:38:00;63.27;32.484;3.286;5.4;0.046619;1;8.25;1;0.98;1;7;1;0;8.42;1.18
HUD2000050_174;GULD_01;44.23;-59.562333;232570;09-oct-00;14:37:00;83.13;33.009;3.979;4.9;0.02331;1;11.17;1;1.136;1;10.83;1;0;9.83;1.03
HUD2000050_174;GULD_01;44.23;-59.562333;232569;09-oct-00;14:36:00;103.48;33.361;4.751;4.7;0.024681;1;12.74;1;1.154;1;12.29;1;0;11.04;1.04
HUD2000050_174;GULD_01;44.23;-59.562333;232568;09-oct-00;14:33:00;214.55;34.691;6.66;4.3;NaN;9;17.8;1;1.208;1;12.7;1;0;14.74;1.40
HUD2000050_180;GULD_02;44.133667;-59.1275;232601;09-oct-00;20:06:00;3.86;31.094;14.72;5.4;0.651077;1;0.34;1;0.54;1;1.01;1;0;0.63;0.34
HUD2000050_180;GULD_02;44.133667;-59.1275;232596;09-oct-00;20:05:00;13.02;31.097;14.694;5.5;0.610385;1;0.35;1;0.254;1;1.14;1;0;1.38;0.31
HUD2000050_180;GULD_02;44.133667;-59.1275;232597;09-oct-00;20:05:00;13.29;31.097;14.695;5.5;NaN;9;0.49;1;0.284;1;0.99;1;0;1.73;0.49
HUD2000050_180;GULD_02;44.133667;-59.1275;232600;09-oct-00;20:05:00;13.5;31.095;14.716;5.5;NaN;9;NaN;9;NaN;9;NaN;9;0;NaN;NaN
HUD2000050_180;GULD_02;44.133667;-59.1275;232599;09-oct-00;20:05:00;13.72;31.097;14.7;5.5;NaN;9;NaN;9;NaN;9;NaN;9;0;NaN;NaN
HUD2000050_180;GULD_02;44.133667;-59.1275;232598;09-oct-00;20:05:00;14.03;31.098;14.69;5.5;NaN;9;NaN;9;NaN;9;NaN;9;0;NaN;NaN
HUD2000050_180;GULD_02;44.133667;-59.1275;232595;09-oct-00;20:05:00;23.6;31.136;14.242;5.8;0.549346;1;0.54;1;0.278;1;1.04;1;0;1.94;0.52
HUD2000050_180;GULD_02;44.133667;-59.1275;232594;09-oct-00;20:04:00;33.93;31.851;7.43;6.1;0.64599;1;2.41;1;0.57;1;2.33;1;0;4.23;1.03
HUD2000050_180;GULD_02;44.133667;-59.1275;232593;09-oct-00;20:03:00;43.2;32.089;4.341;5.9;0.335712;1;5.11;1;0.822;1;4.11;1;0;6.22;1.24
HUD2000050_180;GULD_02;44.133667;-59.1275;232591;09-oct-00;20:03:00;52.81;32.364;4.124;5.9;NaN;9;4.79;1;0.875;1;3.73;1;0;5.47;1.28
HUD2000050_180;GULD_02;44.133667;-59.1275;232592;09-oct-00;20:03:00;53.3;32.36;3.901;6;NaN;9;NaN;9;NaN;9;NaN;9;0;NaN;NaN
HUD2000050_180;GULD_02;44.133667;-59.1275;232590;09-oct-00;20:03:00;53.61;32.367;3.91;5.9;0.24924;1;4.74;1;0.769;1;3.7;1;0;6.16;1.28
HUD2000050_180;GULD_02;44.133667;-59.1275;232589;09-oct-00;20:02:00;62.94;32.703;4.237;5.4;0.104208;1;5.86;1;0.806;1;4.84;1;0;7.27;1.21
HUD2000050_180;GULD_02;44.133667;-59.1275;232588;09-oct-00;20:01:00;82.8;33.267;5.125;5;0.046619;1;8.84;1;0.892;1;6.56;1;0;9.91;1.35
HUD2000050_180;GULD_02;44.133667;-59.1275;232587;09-oct-00;20:00:00;101.69;34.039;6.804;4.6;0.030165;1;10.81;1;0.957;1;7.58;1;0;11.30;1.43
HUD2000050_180;GULD_02;44.133667;-59.1275;232586;09-oct-00;19:57:00;252.6;34.874;7.591;3.9;NaN;9;19.27;1;1.28;1;12.05;1;0;15.05;1.60
HUD2000050_180;GULD_02;44.133667;-59.1275;232585;09-oct-00;19:56:00;287;34.831;6.79;4.1;NaN;9;18.32;1;1.264;1;12.04;1;0;14.49;1.52
HUD2000050_190;GULD_04;43.809;-58.918167;232621;10-oct-00;11:05:00;7.84;31.58;15.707;5.3;0.549346;1;0.33;1;0.242;1;0.55;1;0;1.36;0.60
HUD2000050_190;GULD_04;43.809;-58.918167;232619;10-oct-00;11:04:00;16.16;31.586;15.72;5.3;NaN;9;NaN;9;NaN;9;NaN;9;0;NaN;NaN
HUD2000050_190;GULD_04;43.809;-58.918167;232617;10-oct-00;11:04:00;16.83;31.586;15.723;5.3;NaN;9;0.36;1;0.26;1;0.81;1;0;1.38;0.44
HUD2000050_190;GULD_04;43.809;-58.918167;232616;10-oct-00;11:04:00;17.49;31.586;15.725;5.4;0.539173;1;0.31;1;0.224;1;0.59;1;0;1.38;0.53
HUD2000050_190;GULD_04;43.809;-58.918167;232620;10-oct-00;11:04:00;17.68;31.585;15.721;5.3;NaN;9;NaN;9;NaN;9;NaN;9;0;NaN;NaN
HUD2000050_190;GULD_04;43.809;-58.918167;232618;10-oct-00;11:04:00;17.86;31.586;15.723;5.3;NaN;9;NaN;9;NaN;9;NaN;9;0;NaN;NaN
HUD2000050_190;GULD_04;43.809;-58.918167;232615;10-oct-00;11:03:00;25.85;31.757;15.632;5.8;0.562881;1;0.29;1;0.233;1;0.85;1;0;1.24;0.34
HUD2000050_190;GULD_04;43.809;-58.918167;232614;10-oct-00;11:02:00;34.14;32.013;5.732;6.4;0.911331;1;1.86;1;0.589;1;1.76;1;0;3.16;1.06
HUD2000050_190;GULD_04;43.809;-58.918167;232613;10-oct-00;11:01:00;42.4;32.366;3.35;5.9;0.2645;1;4.59;1;0.8;1;3.49;1;0;5.74;1.32
HUD2000050_190;GULD_04;43.809;-58.918167;232611;10-oct-00;11:00:00;50.24;32.854;4.568;5.4;NaN;9;7.63;1;1.029;1;5.95;1;0;7.41;1.28
HUD2000050_190;GULD_04;43.809;-58.918167;232610;10-oct-00;11:00:00;51.7;32.849;4.277;5.4;0.126146;1;7.66;1;0.922;1;6.01;1;0;8.31;1.27
HUD2000050_190;GULD_04;43.809;-58.918167;232612;10-oct-00;11:00:00;52.94;32.919;4.325;5.4;NaN;9;NaN;9;NaN;9;NaN;9;0;NaN;NaN
HUD2000050_190;GULD_04;43.809;-58.918167;232609;10-oct-00;10:59:00;58.52;33.061;4.027;5.2;0.065815;1;9.23;1;1.008;1;7.37;1;0;9.16;1.25
HUD2000050_190;GULD_04;43.809;-58.918167;232608;10-oct-00;10:58:00;73.28;33.949;7.586;4.7;0.057588;1;9.3;1;0.89;1;6.51;1;0;10.45;1.43
HUD2000050_190;GULD_04;43.809;-58.918167;232607;10-oct-00;10:57:00;88.53;34.759;10.643;4.4;0.043877;1;10.09;1;0.811;1;5.69;1;0;12.44;1.77
HUD2000050_190;GULD_04;43.809;-58.918167;232606;10-oct-00;10:54:00;212.48;35.167;9.518;3.1;NaN;9;23.56;1;1.444;1;12.5;1;0;16.32;1.88
HUD2000050_190;GULD_04;43.809;-58.918167;232605;10-oct-00;10:48:00;494.82;34.896;4.836;4.9;NaN;9;18.08;1;1.186;1;11.52;1;0;15.24;1.57
HUD2000050_190;GULD_04;43.809;-58.918167;232604;10-oct-00;10:34:00;894.45;34.932;4.226;5.2;NaN;9;18.52;1;1.182;1;11.54;1;0;15.67;1.60
HUD2000050_190;GULD_04;43.809;-58.918167;232603;10-oct-00;09:54:00;1348.11;34.923;3.834;5.4;NaN;9;18.12;1;1.185;1;11.84;1;0;15.29;1.53
HUD2000050_190;GULD_04;43.809;-58.918167;232602;10-oct-00;09:43:00;1912.38;34.918;3.471;5.4;NaN;9;18.42;1;1.184;1;13.27;1;0;15.56;1.39
HUD2000050_194;GULD_03;44.021167;-59.042667;232638;10-oct-00;15:11:00;1.96;31.109;14.624;5.3;0.549346;1;0.39;1;0.322;1;0.74;1;0;1.21;0.53
HUD2000050_194;GULD_03;44.021167;-59.042667;232634;10-oct-00;15:10:00;14.32;31.143;14.613;5.4;NaN;9;0.49;1;0.287;1;1.03;1;0;1.71;0.48
HUD2000050_194;GULD_03;44.021167;-59.042667;232633;10-oct-00;15:10:00;14.49;31.146;14.61;5.4;0.508654;1;0.49;1;0.284;1;0.78;1;0;1.73;0.63
HUD2000050_194;GULD_03;44.021167;-59.042667;232637;10-oct-00;15:10:00;14.93;31.151;14.607;5.4;NaN;9;NaN;9;NaN;9;NaN;9;0;NaN;NaN
HUD2000050_194;GULD_03;44.021167;-59.042667;232635;10-oct-00;15:10:00;15.49;31.151;14.609;5.4;NaN;9;NaN;9;NaN;9;NaN;9;0;NaN;NaN
HUD2000050_194;GULD_03;44.021167;-59.042667;232636;10-oct-00;15:10:00;15.72;31.153;14.608;5.4;NaN;9;NaN;9;NaN;9;NaN;9;0;NaN;NaN
HUD2000050_194;GULD_03;44.021167;-59.042667;232632;10-oct-00;15:09:00;25.24;31.247;14.636;5.5;0.467962;1;0.46;1;0.258;1;0.64;1;0;1.78;0.72
HUD2000050_194;GULD_03;44.021167;-59.042667;232631;10-oct-00;15:09:00;31.83;31.414;13.525;5.8;0.549346;1;0.6;1;0.322;1;0.88;1;0;1.86;0.68
HUD2000050_194;GULD_03;44.021167;-59.042667;232630;10-oct-00;15:08:00;43.79;32.323;5.466;6.2;0.488308;1;2.71;1;0.676;1;2.13;1;0;4.01;1.27
HUD2000050_194;GULD_03;44.021167;-59.042667;232629;10-oct-00;15:07:00;51.3;32.824;6.184;5.8;NaN;9;NaN;9;NaN;9;NaN;9;0;NaN;NaN
HUD2000050_194;GULD_03;44.021167;-59.042667;232628;10-oct-00;15:07:00;52.27;32.908;6.417;5.9;NaN;9;4.18;1;0.797;1;3.37;1;0;5.24;1.24
HUD2000050_194;GULD_03;44.021167;-59.042667;232627;10-oct-00;15:07:00;54.26;33.035;6.658;6;0.244154;1;3.95;1;0.707;1;3.12;1;0;5.59;1.27
HUD2000050_194;GULD_03;44.021167;-59.042667;232626;10-oct-00;15:06:00;65.69;33.035;4.66;5.2;0.079527;1;7.92;1;0.928;1;6.29;1;0;8.53;1.26
HUD2000050_194;GULD_03;44.021167;-59.042667;232625;10-oct-00;15:05:00;82.37;33.745;6.331;4.9;0.038392;1;11.04;1;0.965;1;7.73;1;0;11.44;1.43
HUD2000050_194;GULD_03;44.021167;-59.042667;232624;10-oct-00;15:04:00;103.2;33.909;6.539;4.7;NaN;9;NaN;9;NaN;9;NaN;9;0;NaN;NaN
HUD2000050_194;GULD_03;44.021167;-59.042667;232623;10-oct-00;15:00:00;256.04;35.038;8.336;3.4;NaN;9;19.42;1;1.282;1;11.27;1;0;15.15;1.72
HUD2000050_194;GULD_03;44.021167;-59.042667;232622;10-oct-00;14:52:00;553.69;34.899;4.619;5;NaN;9;18.06;1;1.17;1;11.55;1;0;15.44;1.56
HUD2000050_198;NORM;44.149667;-59.249667;232649;10-oct-00;18:31:00;4.74;30.908;15.578;5.3;1.340192;1;0.23;1;0.342;1;0.66;1;0;0.67;0.35
HUD2000050_198;NORM;44.149667;-59.249667;232648;10-oct-00;18:30:00;14.07;30.906;15.552;5.4;1.152565;1;0.32;1;0.264;1;0.79;1;0;1.21;0.41
HUD2000050_198;NORM;44.149667;-59.249667;232647;10-oct-00;18:30:00;23.79;31.081;14.467;6;0.427269;1;1.33;1;0.448;1;1.49;1;0;2.97;0.89
HUD2000050_198;NORM;44.149667;-59.249667;232646;10-oct-00;18:29:00;32.53;31.851;6.808;6;0.233981;1;4.13;1;0.724;1;3.17;1;0;5.70;1.30
HUD2000050_198;NORM;44.149667;-59.249667;232645;10-oct-00;18:28:00;43.22;32.112;4.441;5.7;0.134373;1;5.64;1;0.818;1;4.49;1;0;6.89;1.26
HUD2000050_198;NORM;44.149667;-59.249667;232644;10-oct-00;18:28:00;52.41;32.186;4.013;5.7;0.095981;1;6.45;1;0.876;1;4.9;1;0;7.36;1.32
HUD2000050_198;NORM;44.149667;-59.249667;232643;10-oct-00;18:27:00;62.53;32.531;3.594;5.4;0.068558;1;8.17;1;0.956;1;6.05;1;0;8.55;1.35
HUD2000050_198;NORM;44.149667;-59.249667;232642;10-oct-00;18:26:00;83.49;33.385;5.334;4.9;0.038215;1;8.46;1;0.83;1;6.26;1;0;10.19;1.35
HUD2000050_198;NORM;44.149667;-59.249667;232641;10-oct-00;18:25:00;103.15;33.848;6.39;4.8;0.026538;1;11.85;1;1.012;1;8.54;1;0;11.71;1.39
HUD2000050_198;NORM;44.149667;-59.249667;232640;10-oct-00;18:20:00;293.5;34.845;5.889;4.5;NaN;9;19.42;1;1.235;1;12.34;1;0;15.72;1.57
HUD2000050_204;LL_08;43.780667;-57.829167;232669;11-oct-00;11:00:00;6.17;32.503;16.618;5;0.488308;1;0.2;1;0.2;1;0.6;1;0;1.00;0.33
HUD2000050_204;LL_08;43.780667;-57.829167;232665;11-oct-00;11:00:00;15.07;32.503;16.625;5;NaN;9;0.26;1;0.2;1;0.79;1;0;1.30;0.33
HUD2000050_204;LL_08;43.780667;-57.829167;232666;11-oct-00;11:00:00;15.26;32.502;16.623;5;NaN;9;NaN;9;NaN;9;NaN;9;0;NaN;NaN
HUD2000050_204;LL_08;43.780667;-57.829167;232668;11-oct-00;11:00:00;15.41;32.508;16.636;5;NaN;9;NaN;9;NaN;9;NaN;9;0;NaN;NaN
HUD2000050_204;LL_08;43.780667;-57.829167;232667;11-oct-00;11:00:00;16.25;32.503;16.626;5;NaN;9;NaN;9;NaN;9;NaN;9;0;NaN;NaN
HUD2000050_204;LL_08;43.780667;-57.829167;232664;11-oct-00;11:00:00;16.27;32.507;16.634;5;0.478135;1;0.23;1;0.195;1;0.56;1;0;1.18;0.41
HUD2000050_204;LL_08;43.780667;-57.829167;232663;11-oct-00;10:59:00;25.25;32.769;17.132;5;0.406923;1;0.17;1;0.172;1;0.59;1;0;0.99;0.29
HUD2000050_204;LL_08;43.780667;-57.829167;232660;11-oct-00;10:58:00;34.93;33.231;17.141;5.2;0.386577;1;0.38;1;0.196;1;0.88;1;0;1.94;0.43
HUD2000050_204;LL_08;43.780667;-57.829167;232662;11-oct-00;10:58:00;35.21;33.244;17.123;5.1;NaN;9;NaN;9;NaN;9;NaN;9;0;NaN;NaN
HUD2000050_204;LL_08;43.780667;-57.829167;232661;11-oct-00;10:58:00;35.43;33.252;17.099;5.1;NaN;9;0.43;1;0.227;1;1.25;1;0;1.89;0.34
HUD2000050_204;LL_08;43.780667;-57.829167;232659;11-oct-00;10:57:00;46.88;35.02;15.099;4.8;0.366231;1;1.26;1;0.308;1;1.54;1;0;4.09;0.82
HUD2000050_204;LL_08;43.780667;-57.829167;232658;11-oct-00;10:57:00;55.48;34.859;12.488;4.3;0.161796;1;6.43;1;0.591;1;3.38;1;0;10.88;1.90
HUD2000050_204;LL_08;43.780667;-57.829167;232657;11-oct-00;10:56:00;66.51;34.945;12.128;4.3;0.101465;1;7.82;1;0.669;1;3.92;1;0;11.69;1.99
HUD2000050_204;LL_08;43.780667;-57.829167;232656;11-oct-00;10:55:00;86.32;35.278;12.792;3.9;0.062631;1;10.31;1;0.718;1;4.26;1;0;14.36;2.42
HUD2000050_204;LL_08;43.780667;-57.829167;232655;11-oct-00;10:55:00;101.09;35.627;13.643;3.8;0.032908;1;11.15;1;0.724;1;4.37;1;0;15.40;2.55
HUD2000050_204;LL_08;43.780667;-57.829167;232654;11-oct-00;10:51:00;257.31;35.12;9.152;3.1;NaN;9;23.28;1;1.396;1;12.37;1;0;16.68;1.88
HUD2000050_204;LL_08;43.780667;-57.829167;232653;11-oct-00;10:46:00;507.38;34.908;5.207;4.6;NaN;9;15.51;1;1.059;1;9.43;1;0;14.65;1.64
HUD2000050_204;LL_08;43.780667;-57.829167;232652;11-oct-00;10:33:00;1000.22;34.949;4.219;5.2;NaN;9;17.88;1;1.119;1;10.84;1;0;15.98;1.65
HUD2000050_204;LL_08;43.780667;-57.829167;232651;11-oct-00;10:23:00;1520.06;34.917;3.652;5.4;NaN;9;18.45;1;1.142;1;11.67;1;0;16.16;1.58
HUD2000050_204;LL_08;43.780667;-57.829167;232650;11-oct-00;09:55:00;2836.06;34.921;2.857;5.4;NaN;9;18.34;1;1.137;1;17.5;1;0;16.13;1.05
HUD2000050_210;LL_07;44.125;-58.182833;232683;11-oct-00;18:12:00;3.74;31.678;13.96;5.5;0.777312;1;0.19;1;0.268;1;0.53;1;0;0.71;0.36
HUD2000050_210;LL_07;44.125;-58.182833;232681;11-oct-00;18:11:00;13.52;31.676;13.953;5.6;0.750508;1;0.19;1;0.248;1;0.46;1;0;0.77;0.41
HUD2000050_210;LL_07;44.125;-58.182833;232682;11-oct-00;18:11:00;13.72;31.681;13.957;5.5;NaN;9;0.28;1;0.285;1;0.78;1;0;0.98;0.36
HUD2000050_210;LL_07;44.125;-58.182833;232680;11-oct-00;18:10:00;23.77;31.754;13.874;5.8;0.777312;1;0.23;1;0.285;1;0.5;1;0;0.81;0.46
HUD2000050_210;LL_07;44.125;-58.182833;232679;11-oct-00;18:09:00;33.58;32.458;8.243;6.3;NaN;9;0.76;1;0.545;1;1.77;1;0;1.39;0.43
HUD2000050_210;LL_07;44.125;-58.182833;232678;11-oct-00;18:09:00;33.87;32.493;7.946;6.4;0.518827;1;0.6;1;0.418;1;1.26;1;0;1.44;0.48
HUD2000050_210;LL_07;44.125;-58.182833;232677;11-oct-00;18:09:00;43.19;32.979;6.284;5.9;0.213635;1;2.95;1;0.653;1;3.42;1;0;4.52;0.86
HUD2000050_210;LL_07;44.125;-58.182833;232676;11-oct-00;18:08:00;54.55;33.185;5.546;5.6;0.109692;1;5.32;1;0.786;1;5.05;1;0;6.77;1.05
HUD2000050_210;LL_07;44.125;-58.182833;232675;11-oct-00;18:08:00;63.27;33.161;3.671;5.8;0.074042;1;6.34;1;0.818;1;5.74;1;0;7.75;1.10
HUD2000050_210;LL_07;44.125;-58.182833;232674;11-oct-00;18:07:00;84.3;33.301;2.612;5.3;0.019108;1;10.23;1;1.028;1;9.21;1;0;9.95;1.11
HUD2000050_210;LL_07;44.125;-58.182833;232673;11-oct-00;18:06:00;104.63;33.649;4.237;5;0.016985;1;9.77;1;0.935;1;7.95;1;0;10.45;1.23
HUD2000050_210;LL_07;44.125;-58.182833;232672;11-oct-00;18:03:00;254.46;34.933;8.368;3.5;NaN;9;20.6;1;1.295;1;11.74;1;0;15.91;1.75
HUD2000050_210;LL_07;44.125;-58.182833;232671;11-oct-00;17:58:00;508.58;34.909;4.946;4.8;NaN;9;19.16;1;1.221;1;12.02;1;0;15.69;1.59
HUD2000050_210;LL_07;44.125;-58.182833;232670;11-oct-00;17:54:00;769.22;34.923;4.54;5.1;NaN;9;19.67;1;1.213;1;11.8;1;0;16.22;1.67
HUD2000050_217;LL_06;44.488667;-58.492167;232690;12-oct-00;00:31:00;4.46;30.82;13.951;5.3;0.437442;1;0.46;1;0.316;1;1.09;1;0;1.46;0.42
HUD2000050_217;LL_06;44.488667;-58.492167;232689;12-oct-00;00:30:00;14.26;30.82;13.954;5.3;0.39675;1;0.43;1;0.322;1;1.08;1;0;1.34;0.40
HUD2000050_217;LL_06;44.488667;-58.492167;232688;12-oct-00;00:29:00;26.12;31.208;13.361;5.5;0.356058;1;0.45;1;0.292;1;1.02;1;0;1.54;0.44
HUD2000050_217;LL_06;44.488667;-58.492167;232687;12-oct-00;00:28:00;33.73;31.665;7.834;5.5;0.356058;1;3.36;1;0.677;1;3.09;1;0;4.96;1.09
HUD2000050_217;LL_06;44.488667;-58.492167;232686;12-oct-00;00:26:00;43.8;31.887;5.245;5.5;0.203462;1;5.53;1;0.871;1;5.02;1;0;6.35;1.10
HUD2000050_217;LL_06;44.488667;-58.492167;232685;12-oct-00;00:25:00;54.82;31.971;4.685;5.4;0.172942;1;5.88;1;0.862;1;5.29;1;0;6.82;1.11
HUD2000050_217;LL_06;44.488667;-58.492167;232684;12-oct-00;00:23:00;59.89;32;4.483;5.4;0.160115;1;6.45;1;0.904;1;5.77;1;0;7.13;1.12
HUD2000050_218;LL_05;44.8145;-58.8425;232700;12-oct-00;04:50:00;3.61;30.208;13.941;5.4;1.3938;1;0.19;1;0.292;1;1.07;1;0;0.65;0.18
HUD2000050_218;LL_05;44.8145;-58.8425;232699;12-oct-00;04:49:00;13.69;30.21;13.939;5.4;1.366996;1;0.2;1;0.294;1;1.09;1;0;0.68;0.18
HUD2000050_218;LL_05;44.8145;-58.8425;232698;12-oct-00;04:48:00;22.66;30.209;13.94;5.5;1.420604;1;0.2;1;0.303;1;0.99;1;0;0.66;0.20
HUD2000050_218;LL_05;44.8145;-58.8425;232697;12-oct-00;04:46:00;33.69;31.124;7.824;6;0.2645;1;2.01;1;0.652;1;2;1;0;3.08;1.00
HUD2000050_218;LL_05;44.8145;-58.8425;232696;12-oct-00;04:45:00;43.09;31.692;4.959;6.1;0.193288;1;3.65;1;0.66;1;2.96;1;0;5.53;1.23
HUD2000050_218;LL_05;44.8145;-58.8425;232695;12-oct-00;04:43:00;52.97;32.005;3.999;5.8;0.233981;1;5.22;1;0.74;1;4.39;1;0;7.05;1.19
HUD2000050_218;LL_05;44.8145;-58.8425;232694;12-oct-00;04:42:00;64.27;32.38;3.028;5.6;0.057588;1;7.51;1;0.899;1;5.9;1;0;8.35;1.27
HUD2000050_218;LL_05;44.8145;-58.8425;232693;12-oct-00;04:41:00;85.34;32.582;2.22;5.4;0.027423;1;9.36;1;1.058;1;8.03;1;0;8.85;1.17
HUD2000050_218;LL_05;44.8145;-58.8425;232692;12-oct-00;04:40:00;104.64;32.625;2.306;5.4;0.027423;1;9.26;1;1.009;1;8.26;1;0;9.18;1.12
HUD2000050_218;LL_05;44.8145;-58.8425;232691;12-oct-00;04:36:00;239.82;32.955;2.801;5.1;NaN;9;11.38;1;1.143;1;11.15;1;0;9.96;1.02
HUD2000050_219;LL_04;45.159167;-59.175333;232709;12-oct-00;08:28:00;5.32;30.256;14.611;5.2;1.527819;1;0.17;1;0.242;1;1.01;1;0;0.70;0.17
HUD2000050_219;LL_04;45.159167;-59.175333;232708;12-oct-00;08:27:00;11.65;30.255;14.613;5.3;1.366996;1;0.13;1;0.264;1;1.09;1;0;0.49;0.12
HUD2000050_219;LL_04;45.159167;-59.175333;232707;12-oct-00;08:25:00;21.01;30.257;14.62;5.3;1.447408;1;0.15;1;0.29;1;2.65;1;0;0.52;0.06
HUD2000050_219;LL_04;45.159167;-59.175333;232706;12-oct-00;08:24:00;28.39;30.27;14.552;5.4;1.420604;1;0.21;1;0.308;1;0.99;1;0;0.68;0.21
HUD2000050_219;LL_04;45.159167;-59.175333;232705;12-oct-00;08:23:00;40.59;31.325;6.739;5.9;0.134373;1;3.05;1;0.762;1;2.76;1;0;4.00;1.11
HUD2000050_219;LL_04;45.159167;-59.175333;232704;12-oct-00;08:21:00;50.94;32.058;2.842;5.4;0.134373;1;8.58;1;1.134;1;7.58;1;0;7.57;1.13
HUD2000050_219;LL_04;45.159167;-59.175333;232703;12-oct-00;08:20:00;62.07;32.189;2.666;5.1;0.049362;1;9.98;1;1.193;1;9.99;1;0;8.37;1.00
HUD2000050_219;LL_04;45.159167;-59.175333;232702;12-oct-00;08:18:00;79.32;32.239;2.643;5.1;0.027423;1;10.17;1;1.191;1;10.42;1;0;8.54;0.98
HUD2000050_219;LL_04;45.159167;-59.175333;232701;12-oct-00;08:17:00;97.84;32.403;2.684;4.9;0.027423;1;11.33;1;1.276;1;12.07;1;0;8.88;0.94
HUD2000050_221;LL_03;45.492;-59.515;232725;12-oct-00;12:00:00;4;29.739;13.289;5.5;1.688642;1;0.11;1;0.259;1;1.84;1;0;0.42;0.06
HUD2000050_221;LL_03;45.492;-59.515;232720;12-oct-00;11:59:00;12.49;29.737;13.298;5.6;1.608231;1;0.12;1;0.306;1;1.85;1;0;0.39;0.06
HUD2000050_221;LL_03;45.492;-59.515;232723;12-oct-00;11:59:00;12.72;29.741;13.293;5.6;NaN;9;NaN;9;NaN;9;NaN;9;0;NaN;NaN
HUD2000050_221;LL_03;45.492;-59.515;232722;12-oct-00;11:59:00;13.16;29.738;13.296;5.6;NaN;9;NaN;9;NaN;9;NaN;9;0;NaN;NaN
HUD2000050_221;LL_03;45.492;-59.515;232724;12-oct-00;11:59:00;13.47;29.748;13.288;5.6;NaN;9;NaN;9;NaN;9;NaN;9;0;NaN;NaN
HUD2000050_221;LL_03;45.492;-59.515;232721;12-oct-00;11:59:00;14.6;29.743;13.289;5.6;NaN;9;0.28;1;0.267;1;1.36;1;0;1.05;0.21
HUD2000050_221;LL_03;45.492;-59.515;232717;12-oct-00;11:58:00;22.34;29.808;12.978;6;1.501015;1;0.22;1;0.37;1;2.15;1;0;0.59;0.10
HUD2000050_221;LL_03;45.492;-59.515;232718;12-oct-00;11:58:00;22.77;29.913;12.658;6.5;NaN;9;0.38;1;0.382;1;1.93;1;0;0.99;0.20
HUD2000050_221;LL_03;45.492;-59.515;232719;12-oct-00;11:58:00;25.19;30.283;11.946;5.9;NaN;9;NaN;9;NaN;9;NaN;9;0;NaN;NaN
HUD2000050_221;LL_03;45.492;-59.515;232716;12-oct-00;11:58:00;34.48;31.331;5.031;5.7;0.093238;1;4.9;1;0.977;1;5.59;1;0;5.02;0.88
HUD2000050_221;LL_03;45.492;-59.515;232715;12-oct-00;11:57:00;43.76;31.547;3.634;5.9;0.074042;1;6.13;1;0.943;1;5.58;1;0;6.50;1.10
HUD2000050_221;LL_03;45.492;-59.515;232714;12-oct-00;11:57:00;53.9;31.744;3.121;5.9;0.041135;1;7.3;1;1.007;1;6.43;1;0;7.25;1.14
HUD2000050_221;LL_03;45.492;-59.515;232713;12-oct-00;11:56:00;63.53;32.023;2.505;5.6;0.032908;1;7.76;1;1.039;1;6.9;1;0;7.47;1.12
HUD2000050_221;LL_03;45.492;-59.515;232712;12-oct-00;11:55:00;80.84;32.34;2.578;5.2;0.019196;1;9.15;1;1.127;1;8.9;1;0;8.12;1.03
HUD2000050_221;LL_03;45.492;-59.515;232711;12-oct-00;11:54:00;101.33;32.704;2.771;4.6;0.013712;1;12.53;1;1.302;1;13.56;1;0;9.62;0.92
HUD2000050_221;LL_03;45.492;-59.515;232710;12-oct-00;11:52:00;130.71;33.132;3.119;4.2;NaN;9;15.28;1;1.458;1;18.59;1;0;10.48;0.82
HUD2000050_228;LL_02;45.6765;-59.6885;232737;12-oct-00;16:23:00;4.15;29.527;13.403;5.5;1.581427;1;0.18;1;0.26;1;1.73;1;0;0.69;0.10
HUD2000050_228;LL_02;45.6765;-59.6885;232735;12-oct-00;16:22:00;13.96;29.528;13.406;5.5;1.554623;1;0.34;1;0.236;1;2;1;0;1.44;0.17
HUD2000050_228;LL_02;45.6765;-59.6885;232736;12-oct-00;16:22:00;14.36;29.528;13.414;5.5;NaN;9;0.44;1;0.322;1;1.94;1;0;1.37;0.23
HUD2000050_228;LL_02;45.6765;-59.6885;232734;12-oct-00;16:21:00;24.24;29.66;13.08;5.8;NaN;9;0.61;1;0.33;1;1.82;1;0;1.85;0.34
HUD2000050_228;LL_02;45.6765;-59.6885;232733;12-oct-00;16:21:00;24.53;30.015;12.309;5.9;1.447408;1;0.46;1;0.254;1;2.07;1;0;1.81;0.22
HUD2000050_228;LL_02;45.6765;-59.6885;232732;12-oct-00;16:21:00;32.91;30.976;7.429;5.9;0.254327;1;2.51;1;0.636;1;3.98;1;0;3.95;0.63
HUD2000050_228;LL_02;45.6765;-59.6885;232731;12-oct-00;16:20:00;44.59;31.544;4.029;6.2;0.1426;1;3.53;1;0.731;1;3.75;1;0;4.83;0.94
HUD2000050_228;LL_02;45.6765;-59.6885;232730;12-oct-00;16:19:00;54.78;31.813;3.1;5.8;0.047769;1;6.89;1;0.932;1;5.64;1;0;7.39;1.22
HUD2000050_228;LL_02;45.6765;-59.6885;232729;12-oct-00;16:18:00;63.22;32.03;2.6;5.5;0.025477;1;8.28;1;1.061;1;6.95;1;0;7.80;1.19
HUD2000050_228;LL_02;45.6765;-59.6885;232728;12-oct-00;16:17:00;84.33;32.525;2.582;4.9;0.0138;1;11.14;1;1.196;1;11.54;1;0;9.31;0.97
HUD2000050_228;LL_02;45.6765;-59.6885;232727;12-oct-00;16:17:00;104.67;33.166;2.988;4.6;0.010615;1;11.97;1;1.19;1;13.46;1;0;10.06;0.89
HUD2000050_228;LL_02;45.6765;-59.6885;232726;12-oct-00;16:15:00;124.37;33.375;3.385;4.3;NaN;9;14.88;1;1.321;1;16.34;1;0;11.26;0.91
HUD2000050_231;LL_01;45.832667;-59.851;232745;12-oct-00;18:49:00;3.12;29.545;13.614;5.4;1.795858;1;0.26;1;0.326;1;2.25;1;0;0.80;0.12
HUD2000050_231;LL_01;45.832667;-59.851;232744;12-oct-00;18:48:00;12.81;29.544;13.612;5.5;1.74225;1;0.32;1;0.282;1;2.09;1;0;1.13;0.15
HUD2000050_231;LL_01;45.832667;-59.851;232743;12-oct-00;18:47:00;21.64;29.554;13.546;5.6;1.554623;1;0.37;1;0.244;1;1.9;1;0;1.52;0.19
HUD2000050_231;LL_01;45.832667;-59.851;232742;12-oct-00;18:47:00;30.55;30.372;11.509;5.7;0.244154;1;1.83;1;0.548;1;3.29;1;0;3.34;0.56
HUD2000050_231;LL_01;45.832667;-59.851;232741;12-oct-00;18:46:00;39.63;31.088;7.326;5.9;0.168342;1;2.92;1;0.67;1;3.53;1;0;4.36;0.83
HUD2000050_231;LL_01;45.832667;-59.851;232740;12-oct-00;18:46:00;48.28;31.508;4.574;5.9;0.090496;1;5.49;1;0.811;1;5.11;1;0;6.77;1.07
HUD2000050_231;LL_01;45.832667;-59.851;232739;12-oct-00;18:45:00;60.86;32.098;2.756;5.5;0.03565;1;7.95;1;0.978;1;7.04;1;0;8.13;1.13
HUD2000050_231;LL_01;45.832667;-59.851;232738;12-oct-00;18:44:00;85.94;32.61;2.365;4.9;0.046619;1;10.29;1;1.115;1;10.4;1;0;9.23;0.99
HUD2000050_238;CSL_01;46.960667;-60.218667;232753;13-oct-00;03:52:00;2.32;28.949;12.539;5.2;0.579865;1;0.65;1;0.393;1;2.36;1;0;1.65;0.28
HUD2000050_238;CSL_01;46.960667;-60.218667;232752;13-oct-00;03:50:00;10.64;28.957;12.551;5.4;0.600212;1;0.48;1;0.61;1;3.29;1;0;0.79;0.15
HUD2000050_238;CSL_01;46.960667;-60.218667;232751;13-oct-00;03:49:00;21.17;29.006;12.571;5.4;0.630731;1;0.42;1;0.382;1;2.01;1;0;1.10;0.21
HUD2000050_238;CSL_01;46.960667;-60.218667;232750;13-oct-00;03:48:00;30.96;29.304;11.881;5.5;0.498481;1;0.86;1;0.499;1;4.01;1;0;1.72;0.21
HUD2000050_238;CSL_01;46.960667;-60.218667;232749;13-oct-00;03:47:00;40.67;29.849;10.225;5.5;0.427269;1;1.94;1;0.558;1;2.61;1;0;3.48;0.74
HUD2000050_238;CSL_01;46.960667;-60.218667;232748;13-oct-00;03:45:00;50.43;30.435;8.357;5.6;0.233981;1;2.93;1;0.731;1;3.39;1;0;4.01;0.86
HUD2000050_238;CSL_01;46.960667;-60.218667;232747;13-oct-00;03:44:00;61.05;31.847;2.862;5.6;0.049892;1;7.13;1;1.115;1;5.81;1;0;6.39;1.23
HUD2000050_238;CSL_01;46.960667;-60.218667;232746;13-oct-00;03:43:00;76.5;32.472;2.055;5.3;0.029723;1;9.06;1;1.168;1;7.7;1;0;7.76;1.18
HUD2000050_240;CSL_02;47.019333;-60.110667;232763;13-oct-00;05:46:00;3.38;29.316;11.98;5.5;0.630731;1;0.56;1;0.384;1;2.12;1;0;1.46;0.26
HUD2000050_240;CSL_02;47.019333;-60.110667;232762;13-oct-00;05:45:00;9.54;29.326;11.967;5.5;0.651077;1;0.53;1;0.336;1;2.3;1;0;1.58;0.23
HUD2000050_240;CSL_02;47.019333;-60.110667;232761;13-oct-00;05:44:00;19.89;29.731;11.37;5.6;0.701942;1;0.6;1;0.398;1;2.42;1;0;1.51;0.25
HUD2000050_240;CSL_02;47.019333;-60.110667;232760;13-oct-00;05:43:00;29.44;29.994;10.971;5.7;0.857723;1;0.63;1;0.438;1;2.62;1;0;1.44;0.24
HUD2000050_240;CSL_02;47.019333;-60.110667;232759;13-oct-00;05:42:00;39.19;30.283;9.936;5.7;0.732462;1;1.16;1;0.483;1;3.13;1;0;2.40;0.37
HUD2000050_240;CSL_02;47.019333;-60.110667;232758;13-oct-00;05:41:00;48.66;31.474;3.951;5.6;0.060331;1;6.16;1;0.921;1;7.81;1;0;6.69;0.79
HUD2000050_240;CSL_02;47.019333;-60.110667;232757;13-oct-00;05:39:00;56.39;31.663;3.066;5.7;0.043877;1;8.04;1;1.047;1;9.08;1;0;7.68;0.89
HUD2000050_240;CSL_02;47.019333;-60.110667;232756;13-oct-00;05:37:00;78.54;32.492;1.766;5.5;0.027423;1;10.28;1;1.078;1;9.45;1;0;9.54;1.09
HUD2000050_240;CSL_02;47.019333;-60.110667;232755;13-oct-00;05:36:00;99.26;32.939;2.287;5;0.021938;1;12.42;1;1.172;1;12.24;1;0;10.60;1.01
HUD2000050_240;CSL_02;47.019333;-60.110667;232754;13-oct-00;05:34:00;172.85;34.053;4.867;3.6;NaN;9;NaN;9;NaN;9;NaN;9;0;NaN;NaN
HUD2000050_243;CSL_03;47.102333;-59.985833;232777;13-oct-00;08:41:00;3.81;29.894;11.17;5.6;0.804115;1;0.7;1;0.44;1;2.28;1;0;1.59;0.31
HUD2000050_243;CSL_03;47.102333;-59.985833;232776;13-oct-00;08:40:00;10.59;29.907;11.145;5.6;NaN;9;0.91;7;0.444;1;2.65;1;512;2.05;0.34
HUD2000050_243;CSL_03;47.102333;-59.985833;232775;13-oct-00;08:40:00;10.64;29.925;11.123;5.6;0.857723;1;0.77;7;0.444;1;2.36;1;512;1.73;0.33
HUD2000050_243;CSL_03;47.102333;-59.985833;232773;13-oct-00;08:38:00;20.5;30.054;10.935;5.7;0.911331;1;0.68;1;0.402;1;2.11;1;0;1.69;0.32
HUD2000050_243;CSL_03;47.102333;-59.985833;232774;13-oct-00;08:38:00;20.75;30.179;10.79;5.7;NaN;9;0.74;1;0.446;1;2.66;1;0;1.66;0.28
HUD2000050_243;CSL_03;47.102333;-59.985833;232772;13-oct-00;08:36:00;31.17;30.81;8.257;5.5;0.193288;1;2.61;1;0.652;1;4.08;1;0;4.00;0.64
HUD2000050_243;CSL_03;47.102333;-59.985833;232771;13-oct-00;08:34:00;40.9;31.111;5.883;5.6;0.076785;1;4.31;1;0.854;1;6.34;1;0;5.05;0.68
HUD2000050_243;CSL_03;47.102333;-59.985833;232770;13-oct-00;08:32:00;51.52;31.919;2.583;6.1;0.10695;1;6.04;1;0.92;1;5.21;1;0;6.57;1.16
HUD2000050_243;CSL_03;47.102333;-59.985833;232769;13-oct-00;08:30:00;61.84;32.067;1.835;5.9;0.043877;1;7.62;1;0.967;1;6.33;1;0;7.88;1.20
HUD2000050_243;CSL_03;47.102333;-59.985833;232768;13-oct-00;08:28:00;81.37;32.455;1.726;5.8;0.024681;1;9.22;1;1.075;1;7.03;1;0;8.58;1.31
HUD2000050_243;CSL_03;47.102333;-59.985833;232767;13-oct-00;08:26:00;101.42;32.883;2.112;5.1;0.024681;1;11.66;1;1.207;1;11;1;0;9.66;1.06
HUD2000050_243;CSL_03;47.102333;-59.985833;232766;13-oct-00;08:24:00;151.68;33.944;4.57;3.8;NaN;9;16.51;1;1.354;1;16.05;1;0;12.19;1.03
HUD2000050_243;CSL_03;47.102333;-59.985833;232765;13-oct-00;08:22:00;201.57;34.478;6.051;3.4;NaN;9;14.84;1;1.187;1;13.05;1;0;12.50;1.14
HUD2000050_243;CSL_03;47.102333;-59.985833;232764;13-oct-00;08:19:00;330.33;34.724;5.73;3;NaN;9;23.01;1;1.601;1;24.83;1;0;14.37;0.93
HUD2000050_246;CSL_04;47.2705;-59.780167;232789;13-oct-00;11:38:00;3.68;30.994;9.312;6;1.474212;1;0.4;1;0.412;1;1.2;1;0;0.97;0.33
HUD2000050_246;CSL_04;47.2705;-59.780167;232788;13-oct-00;11:38:00;12.66;30.992;9.309;6.1;1.474212;1;0.38;1;0.443;1;1.35;1;0;0.86;0.28
HUD2000050_246;CSL_04;47.2705;-59.780167;232787;13-oct-00;11:37:00;22.91;31.088;8.941;6.6;1.366996;1;0.78;1;0.49;1;1.38;1;0;1.59;0.57
HUD2000050_246;CSL_04;47.2705;-59.780167;232786;13-oct-00;11:36:00;32.4;31.87;4.135;6.3;0.473048;1;4.45;1;0.796;1;2.99;1;0;5.59;1.49
HUD2000050_246;CSL_04;47.2705;-59.780167;232785;13-oct-00;11:36:00;42.78;32.13;2.073;6.1;0.112435;1;6.59;1;0.948;1;4.48;1;0;6.95;1.47
HUD2000050_246;CSL_04;47.2705;-59.780167;232784;13-oct-00;11:35:00;52.52;32.211;1.948;6;0.046619;1;7.16;1;0.983;1;4.78;1;0;7.28;1.50
HUD2000050_246;CSL_04;47.2705;-59.780167;232783;13-oct-00;11:35:00;61.6;32.263;1.874;6;0.027423;1;7.12;1;0.942;1;4.93;1;0;7.56;1.44
HUD2000050_246;CSL_04;47.2705;-59.780167;232782;13-oct-00;11:34:00;79.83;32.419;1.54;5.8;0.021938;1;8.68;1;1.051;1;6.3;1;0;8.26;1.38
HUD2000050_246;CSL_04;47.2705;-59.780167;232781;13-oct-00;11:33:00;98.66;32.611;1.739;5.5;0.016454;1;9.43;1;1.083;1;7.47;1;0;8.71;1.26
HUD2000050_246;CSL_04;47.2705;-59.780167;232780;13-oct-00;11:31:00;199.36;34.095;4.901;3.5;NaN;9;17.5;1;1.419;1;17.55;1;0;12.33;1.00
HUD2000050_246;CSL_04;47.2705;-59.780167;232779;13-oct-00;11:29:00;302.31;34.7;5.746;3;NaN;9;21.13;1;1.566;1;23.09;1;0;13.49;0.92
HUD2000050_246;CSL_04;47.2705;-59.780167;232778;13-oct-00;11:25:00;464.48;34.839;5.089;3.1;NaN;9;22.05;1;1.732;1;34.33;1;0;12.73;0.64
HUD2000050_251;CSL_05;47.429833;-59.558;232807;13-oct-00;16:41:00;3.71;31.423;8.583;6;1.219575;1;0.77;1;0.508;1;1.13;1;0;1.52;0.68
HUD2000050_251;CSL_05;47.429833;-59.558;232803;13-oct-00;16:40:00;13.1;31.423;8.588;6.1;NaN;9;0.97;1;0.535;1;1.79;1;0;1.81;0.54
HUD2000050_251;CSL_05;47.429833;-59.558;232806;13-oct-00;16:40:00;13.34;31.423;8.588;6;NaN;9;NaN;9;NaN;9;NaN;9;0;NaN;NaN
HUD2000050_251;CSL_05;47.429833;-59.558;232802;13-oct-00;16:40:00;13.37;31.423;8.587;6.1;1.232977;1;0.77;1;0.492;1;1.11;1;0;1.57;0.69
HUD2000050_251;CSL_05;47.429833;-59.558;232805;13-oct-00;16:40:00;13.72;31.424;8.579;6;NaN;9;NaN;9;NaN;9;NaN;9;0;NaN;NaN
HUD2000050_251;CSL_05;47.429833;-59.558;232804;13-oct-00;16:40:00;13.79;31.423;8.577;6.1;NaN;9;NaN;9;NaN;9;NaN;9;0;NaN;NaN
HUD2000050_251;CSL_05;47.429833;-59.558;232801;13-oct-00;16:40:00;23.73;31.424;8.499;6.1;NaN;9;NaN;9;NaN;9;NaN;9;0;NaN;NaN
HUD2000050_251;CSL_05;47.429833;-59.558;232799;13-oct-00;16:40:00;23.81;31.43;8.441;6.1;1.246379;1;0.87;7;0.534;1;1.17;1;512;1.63;0.74
HUD2000050_251;CSL_05;47.429833;-59.558;232800;13-oct-00;16:40:00;23.97;31.428;8.447;6.1;NaN;9;1.07;7;0.514;1;1.86;1;512;2.08;0.58
HUD2000050_251;CSL_05;47.429833;-59.558;232798;13-oct-00;16:39:00;33.12;31.685;6.332;6.4;0.670096;1;1.68;1;0.576;1;1.41;1;0;2.92;1.19
HUD2000050_251;CSL_05;47.429833;-59.558;232797;13-oct-00;16:38:00;43.27;31.998;3.729;6.2;0.24924;1;4.69;1;0.847;1;2.96;1;0;5.54;1.58
HUD2000050_251;CSL_05;47.429833;-59.558;232796;13-oct-00;16:37:00;53.09;32.117;2.556;6.1;0.120662;1;5.82;1;0.901;1;3.64;1;0;6.46;1.60
HUD2000050_251;CSL_05;47.429833;-59.558;232795;13-oct-00;16:37:00;62.24;32.258;1.861;6;0.065815;1;7.09;1;1.006;1;4.92;1;0;7.05;1.44
HUD2000050_251;CSL_05;47.429833;-59.558;232794;13-oct-00;16:36:00;83.46;32.488;1.311;5.8;0.031537;1;8.51;1;1.067;1;6.43;1;0;7.98;1.32
HUD2000050_251;CSL_05;47.429833;-59.558;232793;13-oct-00;16:36:00;102.64;32.722;1.37;5.5;0.024681;1;9.95;1;1.167;1;8.05;1;0;8.53;1.24
HUD2000050_251;CSL_05;47.429833;-59.558;232792;13-oct-00;16:33:00;199.16;34.3;5.677;3.4;NaN;9;19.84;1;1.512;1;17.27;1;0;13.12;1.15
HUD2000050_251;CSL_05;47.429833;-59.558;232791;13-oct-00;16:31:00;299.02;34.763;6.286;3.4;NaN;9;21.37;1;1.526;1;17.2;1;0;14.00;1.24
HUD2000050_251;CSL_05;47.429833;-59.558;232790;13-oct-00;16:28:00;470.91;34.845;5.069;3.2;NaN;9;22.01;1;1.696;1;32.18;1;0;12.98;0.68
HUD2000050_259;CSL_06;47.560833;-59.314333;232818;13-oct-00;21:32:00;4.4;31.28;8.024;6.1;1.46081;1;0.92;1;0.494;1;1.53;1;0;1.86;0.60
HUD2000050_259;CSL_06;47.560833;-59.314333;232817;13-oct-00;21:31:00;10.31;31.59;6.614;6.1;1.179369;1;2;1;0.612;1;2.13;1;0;3.27;0.94
HUD2000050_259;CSL_06;47.560833;-59.314333;232816;13-oct-00;21:29:00;19.98;32.2;2.506;6;0.116548;1;6.38;1;0.956;1;4.41;1;0;6.67;1.45
HUD2000050_259;CSL_06;47.560833;-59.314333;232815;13-oct-00;21:28:00;30.25;32.217;2.412;6;0.104208;1;6.48;1;0.939;1;4.41;1;0;6.90;1.47
HUD2000050_259;CSL_06;47.560833;-59.314333;232814;13-oct-00;21:27:00;39.94;32.258;2.083;6;0.082269;1;6.77;1;0.979;1;4.84;1;0;6.92;1.40
HUD2000050_259;CSL_06;47.560833;-59.314333;232813;13-oct-00;21:26:00;50.7;32.297;1.929;6;0.074042;1;6.64;1;0.969;1;4.67;1;0;6.85;1.42
HUD2000050_259;CSL_06;47.560833;-59.314333;232812;13-oct-00;21:25:00;59.96;32.335;1.748;5.9;0.056217;1;7.35;1;1.012;1;5.32;1;0;7.26;1.38
HUD2000050_259;CSL_06;47.560833;-59.314333;232811;13-oct-00;21:23:00;79.69;32.393;1.627;5.9;0.060331;1;7.72;1;1.029;1;5.68;1;0;7.50;1.36
HUD2000050_259;CSL_06;47.560833;-59.314333;232810;13-oct-00;21:21:00;99.89;32.546;1.338;5.7;0.024681;1;8.38;1;1.029;1;6.33;1;0;8.14;1.32
HUD2000050_259;CSL_06;47.560833;-59.314333;232809;13-oct-00;21:19:00;199.95;34.514;6.41;3.5;NaN;9;19.75;1;1.45;1;15.39;1;0;13.62;1.28
HUD2000050_259;CSL_06;47.560833;-59.314333;232808;13-oct-00;21:17:00;240.73;34.723;6.648;3.4;NaN;9;NaN;9;NaN;9;NaN;9;0;NaN;NaN
HUD2000050_260;LC_07;46.170333;-57.046833;232825;14-oct-00;08:00:00;4.25;31.32;12.039;5.5;0.462875;1;0.23;1;0.39;1;1.01;1;0;0.59;0.23
HUD2000050_260;LC_07;46.170333;-57.046833;232824;14-oct-00;07:59:00;10.68;31.32;12.044;5.5;0.452702;1;0.18;1;0.346;1;0.59;1;0;0.52;0.31
HUD2000050_260;LC_07;46.170333;-57.046833;232823;14-oct-00;07:58:00;20.73;31.322;12.054;5.6;0.488308;1;0.25;1;0.358;1;0.67;1;0;0.70;0.37
HUD2000050_260;LC_07;46.170333;-57.046833;232822;14-oct-00;07:57:00;30.97;31.352;11.789;5.7;0.473048;1;0.26;1;0.375;1;0.66;1;0;0.69;0.39
HUD2000050_260;LC_07;46.170333;-57.046833;232821;14-oct-00;07:56:00;41.33;32.046;4.371;5.5;0.406923;1;3.29;1;0.854;1;3.63;1;0;3.85;0.91
HUD2000050_260;LC_07;46.170333;-57.046833;232820;14-oct-00;07:54:00;50.78;32.315;1.665;5.8;0.104208;1;5.81;1;1.003;1;5.7;1;0;5.79;1.02
HUD2000050_260;LC_07;46.170333;-57.046833;232819;14-oct-00;07:53:00;60.97;32.474;0.803;5.8;0.075413;1;6.04;1;0.998;1;5.75;1;0;6.05;1.05
HUD2000050_267;LC_06;46.127333;-57.172667;232842;14-oct-00;10:54:00;3.83;31.437;12.733;5.6;0.750508;1;0.4;1;0.388;1;1.14;1;0;1.03;0.35
HUD2000050_267;LC_06;46.127333;-57.172667;232840;14-oct-00;10:53:00;13.28;31.436;12.729;5.6;NaN;9;NaN;9;NaN;9;NaN;9;0;NaN;NaN
HUD2000050_267;LC_06;46.127333;-57.172667;232837;14-oct-00;10:53:00;13.51;31.436;12.722;5.6;0.750508;1;0.33;1;0.28;1;1.1;1;0;1.18;0.30
HUD2000050_267;LC_06;46.127333;-57.172667;232841;14-oct-00;10:53:00;13.78;31.437;12.724;5.6;NaN;9;NaN;9;NaN;9;NaN;9;0;NaN;NaN
HUD2000050_267;LC_06;46.127333;-57.172667;232839;14-oct-00;10:53:00;13.87;31.436;12.73;5.6;NaN;9;NaN;9;NaN;9;NaN;9;0;NaN;NaN
HUD2000050_267;LC_06;46.127333;-57.172667;232838;14-oct-00;10:53:00;14;31.436;12.73;5.6;NaN;9;0.25;1;0.319;1;0.82;1;0;0.78;0.30
HUD2000050_267;LC_06;46.127333;-57.172667;232835;14-oct-00;10:52:00;23.23;31.425;12.65;5.9;NaN;9;0.32;7;0.33;7;0.93;1;512;0.97;0.34
HUD2000050_267;LC_06;46.127333;-57.172667;232834;14-oct-00;10:52:00;23.24;31.418;12.662;5.9;0.401837;1;1.04;7;0.513;7;1.52;1;512;2.03;0.68
HUD2000050_267;LC_06;46.127333;-57.172667;232836;14-oct-00;10:53:00;23.43;31.427;12.654;5.8;NaN;9;NaN;9;NaN;9;NaN;9;0;NaN;NaN
HUD2000050_267;LC_06;46.127333;-57.172667;232833;14-oct-00;10:52:00;32.44;31.998;6.881;6.7;0.750508;1;0.09;1;0.322;1;0.38;1;0;0.28;0.24
HUD2000050_267;LC_06;46.127333;-57.172667;232832;14-oct-00;10:51:00;43.34;32.219;4.219;6.3;0.259413;1;2.54;1;0.77;1;1.86;1;0;3.30;1.37
HUD2000050_267;LC_06;46.127333;-57.172667;232831;14-oct-00;10:51:00;53.17;32.291;2.357;6;0.116548;1;4.67;1;0.875;1;3.05;1;0;5.34;1.53
HUD2000050_267;LC_06;46.127333;-57.172667;232830;14-oct-00;10:50:00;62.6;32.453;2.021;5.4;0.043877;1;8.94;1;1.123;1;7.02;1;0;7.96;1.27
HUD2000050_267;LC_06;46.127333;-57.172667;232829;14-oct-00;10:49:00;81.85;32.723;1.252;5.6;0.021938;1;9.01;1;1.099;1;7.16;1;0;8.20;1.26
HUD2000050_267;LC_06;46.127333;-57.172667;232828;14-oct-00;10:48:00;101.56;33.026;1.803;5.2;0.015083;1;9.92;1;1.111;1;8.54;1;0;8.93;1.16
HUD2000050_267;LC_06;46.127333;-57.172667;232827;14-oct-00;10:46:00;202.54;34.737;6.807;3.4;NaN;9;18.61;1;1.308;1;13.47;1;0;14.23;1.38
HUD2000050_267;LC_06;46.127333;-57.172667;232826;14-oct-00;10:45:00;248.07;34.798;6.666;3.4;NaN;9;20.69;1;1.414;1;15.11;1;0;14.63;1.37
HUD2000050_270;LC_04;45.979167;-57.606;232856;14-oct-00;15:09:00;3.23;31.215;13.143;5.5;0.6969;1;0.31;1;0.312;1;1.33;1;0;0.99;0.23
HUD2000050_270;LC_04;45.979167;-57.606;232854;14-oct-00;15:08:00;12.83;31.236;13.056;5.5;0.750508;1;0.29;1;0.35;1;1.34;1;0;0.83;0.22
HUD2000050_270;LC_04;45.979167;-57.606;232855;14-oct-00;15:08:00;13.07;31.235;13.053;5.5;NaN;9;0.32;1;0.315;1;0.94;1;0;1.02;0.34
HUD2000050_270;LC_04;45.979167;-57.606;232853;14-oct-00;15:08:00;23.04;31.31;13.199;5.6;0.777312;1;0.29;1;0.26;1;1.2;1;0;1.12;0.24
HUD2000050_270;LC_04;45.979167;-57.606;232852;14-oct-00;15:07:00;32.84;31.331;13.125;5.9;NaN;9;0.28;1;0.318;1;0.88;1;0;0.88;0.32
HUD2000050_270;LC_04;45.979167;-57.606;232851;14-oct-00;15:07:00;33.05;31.322;13.101;6;0.723704;1;0.36;1;0.338;1;1.32;1;0;1.07;0.27
HUD2000050_270;LC_04;45.979167;-57.606;232850;14-oct-00;15:06:00;42.96;32.23;6.261;6.5;0.305192;1;1.5;1;0.625;1;2.07;1;0;2.40;0.72
HUD2000050_270;LC_04;45.979167;-57.606;232849;14-oct-00;15:06:00;53.18;32.553;4.974;6;0.139858;1;3.57;1;0.78;1;3.15;1;0;4.58;1.13
HUD2000050_270;LC_04;45.979167;-57.606;232848;14-oct-00;15:05:00;62.3;32.792;4.57;5.8;0.068558;1;4.99;1;0.771;1;4.44;1;0;6.47;1.12
HUD2000050_270;LC_04;45.979167;-57.606;232847;14-oct-00;15:04:00;82.09;33.134;3.618;5.4;0.031537;1;8.98;1;1.071;1;8.23;1;0;8.38;1.09
HUD2000050_270;LC_04;45.979167;-57.606;232846;14-oct-00;15:04:00;101.93;33.514;4.035;4.8;0.019196;1;10.62;1;1.083;1;10.16;1;0;9.81;1.05
HUD2000050_270;LC_04;45.979167;-57.606;232845;14-oct-00;15:01:00;203.04;34.66;7.142;3.5;NaN;9;18.91;1;1.328;1;14.54;1;0;14.24;1.30
HUD2000050_270;LC_04;45.979167;-57.606;232844;14-oct-00;14:59:00;298.4;34.788;6.197;3.5;NaN;9;19.94;1;1.46;1;16.77;1;0;13.66;1.19
HUD2000050_270;LC_04;45.979167;-57.606;232843;14-oct-00;14:55:00;477.85;34.865;5.111;3.5;NaN;9;21.91;1;1.59;1;30.09;1;0;13.78;0.73
HUD2000050_276;LC_02;45.8495;-58.071667;232868;14-oct-00;20:15:00;4.56;30.005;12.431;5.8;1.366996;1;0.35;1;0.359;1;2.06;1;0;0.97;0.17
HUD2000050_276;LC_02;45.8495;-58.071667;232867;14-oct-00;20:14:00;13.98;30.068;12.157;5.8;1.74225;1;0.32;1;0.384;1;2.19;1;0;0.83;0.15
HUD2000050_276;LC_02;45.8495;-58.071667;232866;14-oct-00;20:14:00;24.1;30.079;12.202;6.2;1.3938;1;0.39;1;0.383;1;2.1;1;0;1.02;0.19
HUD2000050_276;LC_02;45.8495;-58.071667;232865;14-oct-00;20:13:00;34.16;31.908;3.323;6.4;0.325538;1;3.07;1;0.732;1;2.49;1;0;4.19;1.23
HUD2000050_276;LC_02;45.8495;-58.071667;232864;14-oct-00;20:13:00;44.29;32.06;2.351;6.1;0.175508;1;4.78;1;0.872;1;3.27;1;0;5.48;1.46
HUD2000050_276;LC_02;45.8495;-58.071667;232863;14-oct-00;20:12:00;54.49;32.215;1.967;6;0.065815;1;7.15;1;1.014;1;5.11;1;0;7.05;1.40
HUD2000050_276;LC_02;45.8495;-58.071667;232862;14-oct-00;20:11:00;64.4;32.264;1.647;6;0.027423;1;7.31;1;0.998;1;4.95;1;0;7.32;1.48
HUD2000050_276;LC_02;45.8495;-58.071667;232861;14-oct-00;20:11:00;83.87;32.409;1.255;5.9;0.016454;1;8.03;1;1.051;1;5.4;1;0;7.64;1.49
HUD2000050_276;LC_02;45.8495;-58.071667;232860;14-oct-00;20:10:00;104.94;32.567;1.072;5.8;0.016454;1;8.97;1;1.142;1;6.67;1;0;7.85;1.34
HUD2000050_276;LC_02;45.8495;-58.071667;232859;14-oct-00;20:08:00;204.46;34.545;6.805;3.6;NaN;9;18.82;1;1.361;1;14.42;1;0;13.83;1.31
HUD2000050_276;LC_02;45.8495;-58.071667;232858;14-oct-00;20:06:00;305.08;34.704;6.041;3.1;NaN;9;21.85;1;1.579;1;21.98;1;0;13.84;0.99
HUD2000050_276;LC_02;45.8495;-58.071667;232857;14-oct-00;20:04:00;365.99;34.786;5.45;3;NaN;9;22.85;1;1.715;1;30;1;0;13.32;0.76
HUD2000050_279;LC_01;45.799;-58.233;232878;14-oct-00;22:01:00;3.95;30.104;12.596;5.6;1.018546;1;0.29;1;0.383;1;1.68;1;0;0.76;0.17
HUD2000050_279;LC_01;45.799;-58.233;232877;14-oct-00;21:59:00;10.65;30.099;12.54;5.6;1.232977;1;0.28;1;0.289;1;1.34;1;0;0.97;0.21
HUD2000050_279;LC_01;45.799;-58.233;232876;14-oct-00;21:57:00;20.57;30.236;12.042;5.7;1.018546;1;0.47;1;0.388;1;1.75;1;0;1.21;0.27
HUD2000050_279;LC_01;45.799;-58.233;232875;14-oct-00;21:56:00;30.22;30.977;7.73;5.9;0.427269;1;2.19;1;0.651;1;3.16;1;0;3.36;0.69
HUD2000050_279;LC_01;45.799;-58.233;232874;14-oct-00;21:55:00;39.75;31.577;3.756;5.9;0.076785;1;5.65;1;0.942;1;5.3;1;0;6.00;1.07
HUD2000050_279;LC_01;45.799;-58.233;232873;14-oct-00;21:53:00;50.25;31.772;3.22;5.8;0.057588;1;6.55;1;1.024;1;5.41;1;0;6.40;1.21
HUD2000050_279;LC_01;45.799;-58.233;232872;14-oct-00;21:53:00;59.75;32.061;2.13;6;0.043877;1;6.89;1;1.015;1;5.17;1;0;6.79;1.33
HUD2000050_279;LC_01;45.799;-58.233;232871;14-oct-00;21:51:00;79.83;32.473;2.038;5.6;0.021938;1;9.63;1;1.161;1;8.48;1;0;8.29;1.14
HUD2000050_279;LC_01;45.799;-58.233;232870;14-oct-00;21:49:00;99.19;32.627;2.144;5.4;0.021938;1;10.52;1;1.17;1;9.71;1;0;8.99;1.08
HUD2000050_279;LC_01;45.799;-58.233;232869;14-oct-00;21:47:00;130.26;33.334;3.3;4.6;NaN;9;13.14;1;1.313;1;13.37;1;0;10.01;0.98
HUD2000050_288;HL_02;44.262667;-63.313;232888;16-oct-00;06:15:00;3.94;31.012;10.684;5.7;2.339631;1;1.8;1;0.607;1;3.35;1;0;2.97;0.54
HUD2000050_288;HL_02;44.262667;-63.313;232887;16-oct-00;06:13:00;10.93;31.055;10.555;5.7;2.130906;1;2.09;1;0.632;1;3.63;1;0;3.31;0.58
HUD2000050_288;HL_02;44.262667;-63.313;232886;16-oct-00;06:12:00;20.7;31.671;7.168;5.4;0.376404;1;5.59;1;0.92;1;5.39;1;0;6.08;1.04
HUD2000050_288;HL_02;44.262667;-63.313;232885;16-oct-00;06:11:00;30.45;32.023;4.56;5.5;0.126146;1;6.23;1;0.962;1;5.42;1;0;6.48;1.15
HUD2000050_288;HL_02;44.262667;-63.313;232884;16-oct-00;06:09:00;39.01;32.232;4.449;5.4;0.098723;1;7.9;1;1.067;1;6.96;1;0;7.40;1.14
HUD2000050_288;HL_02;44.262667;-63.313;232883;16-oct-00;06:07:00;49.88;32.73;4.82;5.1;0.10695;1;9.1;1;1.136;1;8.31;1;0;8.01;1.10
HUD2000050_288;HL_02;44.262667;-63.313;232882;16-oct-00;06:05:00;59.99;32.853;4.676;4.8;0.053475;1;10.16;1;1.167;1;10.42;1;0;8.71;0.98
HUD2000050_288;HL_02;44.262667;-63.313;232881;16-oct-00;06:04:00;80.45;33.507;6.323;4.2;0.024681;1;13.5;1;1.316;1;13.43;1;0;10.26;1.01
HUD2000050_288;HL_02;44.262667;-63.313;232880;16-oct-00;06:02:00;100.6;34.223;8.319;3.5;0.016985;1;14.13;1;1.303;1;13.13;1;0;10.84;1.08
HUD2000050_288;HL_02;44.262667;-63.313;232879;16-oct-00;05:58:00;138.3;34.705;9.572;3;NaN;9;17.8;1;1.455;1;15.32;1;0;12.23;1.16
