CTD;CTD;CTD;CTD;CTD;CTD;CTD;CTD;CTD;CTD;CTD;labo;labo;labo;labo;labo;labo
Fichier;Station;Latitude;Longitude;Echantillon;Date;Heure;PRES;PSAL;TE90;DOXY;CHL_01;Si_01;PO4_01;NOx_01;PSAL_BS;OXY_03
(nom);(nom/no);(degres);(degres);(no_unique);(jj-mmm-yyyy);(GMT);(dbar);(psu);(celsius);(ml/l);(mg/m**3);(mmol/m**3);(mmol/m**3);(mmol/m**3);(PSU);(ml/l)
2;HL_02;44.26583;-63.30117;281501;19-oct-04;16:03:00;147.38;33.716;5.486;3.9;0.00911;15.56;1.302;14.92;33.768;4.477
2;HL_02;44.26583;-63.30117;281502;19-oct-04;16:05:00;101.57;32.974;2.866;5;0.01253;8.32;1.01;10.01;NaN;NaN
2;HL_02;44.26583;-63.30117;281503;19-oct-04;16:06:00;75.31;32.636;2.396;5.2;0.03872;6.31;0.883;7.31;NaN;NaN
2;HL_02;44.26583;-63.30117;281504;19-oct-04;16:08:00;50.43;32.134;4.859;5.6;0.12614;3.17;0.664;3.24;NaN;NaN
2;HL_02;44.26583;-63.30117;281505;19-oct-04;16:08:00;40.63;31.268;9.008;5.4;0.19971;2.34;0.556;1.51;NaN;6.5655
2;HL_02;44.26583;-63.30117;281506;19-oct-04;16:09:00;30.43;31.135;14.132;4.8;0.62489;1.1;0.22;0;NaN;NaN
2;HL_02;44.26583;-63.30117;281507;19-oct-04;16:10:00;20;30.685;14.023;4.8;0.72186;1.02;0.208;0;NaN;NaN
2;HL_02;44.26583;-63.30117;281508;19-oct-04;16:11:00;10.28;30.665;14.042;4.9;0.63567;1;0.203;0;NaN;NaN
2;HL_02;44.26583;-63.30117;281509;19-oct-04;16:12:00;5.2;30.664;14.059;4.8;0.63567;0.99;0.22;0;NaN;5.729
2;HL_02;44.26583;-63.30117;281510;19-oct-04;16:12:00;1.38;30.663;14.06;4.8;0.61412;0.95;0.229;0;NaN;NaN
6;RL_01;43.24917;-65.05017;281511;20-oct-04;03:34:00;159.88;33.622;5.243;4.3;0.00911;13.61;1.39;14.56;33.712;4.7155
6;RL_01;43.24917;-65.05017;281512;20-oct-04;03:37:00;100.15;33.264;4.088;4.9;0.01594;11.05;1.316;12.89;NaN;NaN
6;RL_01;43.24917;-65.05017;281513;20-oct-04;03:38:00;80.74;32.797;3.029;5.5;0.03302;8.36;1.012;9.43;NaN;NaN
6;RL_01;43.24917;-65.05017;281514;20-oct-04;03:40:00;59.44;32.502;3.493;5.9;0.06946;5.73;0.88;6.75;NaN;NaN
6;RL_01;43.24917;-65.05017;281515;20-oct-04;03:42:00;49.65;32.207;5.445;6.3;0.17869;2.63;0.596;2.97;NaN;NaN
6;RL_01;43.24917;-65.05017;281516;20-oct-04;03:43:00;40.82;31.977;8.117;6.1;0.25319;2.05;0.506;1.56;NaN;NaN
6;RL_01;43.24917;-65.05017;281517;20-oct-04;03:44:00;29.43;31.069;12.903;5.4;0.35016;1.5;0.32;0.77;NaN;NaN
6;RL_01;43.24917;-65.05017;281518;20-oct-04;03:45:00;19.65;30.41;14.364;5.3;0.64644;1.19;0.214;0;NaN;NaN
6;RL_01;43.24917;-65.05017;281519;20-oct-04;03:47:00;10.18;30.264;14.117;5.4;0.4579;0.75;0.211;0;NaN;NaN
6;RL_01;43.24917;-65.05017;281520;20-oct-04;03:50:00;2.81;30.257;14.123;5.4;0.49022;0.7;0.19;0;NaN;5.743
7;BBL_01;43.25117;-65.48083;281521;20-oct-04;05:38:00;59.25;32.196;4.678;5.8;0.10161;5.95;0.828;6.31;32.272;6.27
7;BBL_01;43.25117;-65.48083;281522;20-oct-04;05:40:00;50.06;32.168;4.855;5.8;0.11562;5.73;0.807;6.02;NaN;NaN
7;BBL_01;43.25117;-65.48083;281523;20-oct-04;05:41:00;39.65;32.16;4.912;5.8;0.11913;5.82;0.815;6.17;NaN;NaN
7;BBL_01;43.25117;-65.48083;281524;20-oct-04;05:42:00;29.89;31.999;5.925;5.7;0.14015;5.79;0.79;5.72;NaN;NaN
7;BBL_01;43.25117;-65.48083;281525;20-oct-04;05:43:00;20.22;31.672;8.127;5.6;0.30167;4.39;0.648;4.06;NaN;NaN
7;BBL_01;43.25117;-65.48083;281526;20-oct-04;05:44:00;10.85;31.22;13.584;5.4;0.5818;1.72;0.29;0.61;NaN;NaN
7;BBL_01;43.25117;-65.48083;281527;20-oct-04;05:45:00;2.58;31.095;13.907;5.4;0.41372;1.14;0.198;0;NaN;5.793
13;BBL_02;42.992;-65.48167;281528;20-oct-04;09:13:00;109.51;32.774;2.868;5.5;0.02505;8.84;1.008;9.34;32.823;5.9015
13;BBL_02;42.992;-65.48167;281529;20-oct-04;09:14:00;80.03;32.71;2.734;5.5;0.02164;9.08;0.988;8.63;NaN;NaN
13;BBL_02;42.992;-65.48167;281530;20-oct-04;09:15:00;60.3;32.226;3.858;5.9;0.06149;5;0.786;5.19;NaN;NaN
13;BBL_02;42.992;-65.48167;281531;20-oct-04;09:16:00;49.83;31.939;5.981;5.8;0.10511;4.74;0.744;4.64;NaN;NaN
13;BBL_02;42.992;-65.48167;281532;20-oct-04;09:17:00;40.49;31.142;14.321;5.3;0.46329;1.16;0.22;0.18;NaN;NaN
13;BBL_02;42.992;-65.48167;281533;20-oct-04;09:18:00;29.67;31.147;14.423;5.3;0.50638;0.82;0.154;0;NaN;NaN
13;BBL_02;42.992;-65.48167;281534;20-oct-04;09:19:00;19.7;31.148;14.422;5.3;0.5387;0.93;0.168;0;NaN;NaN
13;BBL_02;42.992;-65.48167;281535;20-oct-04;09:20:00;9.41;31.148;14.415;5.3;0.52793;0.92;0.168;0;NaN;NaN
13;BBL_02;42.992;-65.48167;281536;20-oct-04;09:21:00;0.82;31.139;14.421;5.1;0.51716;0.88;0.162;0;NaN;5.6295
13;BBL_02;42.992;-65.48167;281537;20-oct-04;09:21:00;2.56;31.14;14.424;4.3;NaN;NaN;NaN;NaN;NaN;NaN
16;BBL_03;42.7515;-65.4845;281538;20-oct-04;12:04:00;95.81;32.963;3.711;5.2;0.02619;9.35;1.028;10.26;32.977;5.6155
16;BBL_03;42.7515;-65.4845;281539;20-oct-04;12:06:00;78.69;32.942;3.699;5.2;0.02847;9.9;1.085;10.96;NaN;NaN
16;BBL_03;42.7515;-65.4845;281540;20-oct-04;12:07:00;57.21;32.669;3.484;5.6;0.04441;7.75;0.973;8.57;NaN;NaN
16;BBL_03;42.7515;-65.4845;281541;20-oct-04;12:08:00;51.38;32.604;3.487;5.8;0.08409;5.9;0.854;6.52;NaN;NaN
16;BBL_03;42.7515;-65.4845;281542;20-oct-04;12:09:00;38.97;32.061;5.596;6.1;0.1857;3.45;0.668;3.5;NaN;NaN
16;BBL_03;42.7515;-65.4845;281543;20-oct-04;12:10:00;30.52;31.539;10.829;5.9;0.28013;2.34;0.5;2.02;NaN;NaN
16;BBL_03;42.7515;-65.4845;281544;20-oct-04;12:11:00;19.8;31.302;13.628;5.4;0.35016;1.07;0.207;0;NaN;NaN
16;BBL_03;42.7515;-65.4845;281545;20-oct-04;12:11:00;9.83;31.316;13.633;5.4;0.34477;1.1;0.206;0;NaN;NaN
16;BBL_03;42.7515;-65.4845;281546;20-oct-04;12:12:00;3.08;31.312;13.642;5.5;0.37709;1.32;0.223;0;NaN;5.777
22;BBL_04;42.43933;-65.51967;281547;20-oct-04;16:10:00;99.09;33.865;7.921;4.8;0.08409;7.57;1.003;12.09;33.862;5.136
22;BBL_04;42.43933;-65.51967;281548;20-oct-04;16:12:00;80.13;33.752;7.859;4.8;0.0946;7.42;0.991;11.72;NaN;NaN
22;BBL_04;42.43933;-65.51967;281549;20-oct-04;16:13:00;59.47;33.464;7.687;5;0.12964;6.79;0.896;10.35;NaN;NaN
22;BBL_04;42.43933;-65.51967;281550;20-oct-04;16:14:00;50.52;32.805;7.601;5.3;0.20322;5.6;0.78;7.55;NaN;NaN
22;BBL_04;42.43933;-65.51967;281551;20-oct-04;16:15:00;40.69;32.121;9.92;5.6;0.36632;3.62;0.542;3.68;NaN;NaN
22;BBL_04;42.43933;-65.51967;281552;20-oct-04;16:16:00;29.6;31.872;11.396;5.6;0.5387;2.24;0.376;1.68;NaN;NaN
22;BBL_04;42.43933;-65.51967;281553;20-oct-04;16:17:00;19.82;31.762;12.237;5.6;0.8296;1.98;0.306;0.65;NaN;NaN
22;BBL_04;42.43933;-65.51967;281554;20-oct-04;16:18:00;10.43;31.758;12.277;5.6;0.85115;1.9;0.299;0.57;NaN;NaN
22;BBL_04;42.43933;-65.51967;281555;20-oct-04;16:19:00;2.64;31.758;12.281;5.5;0.9158;1.9;0.283;0.55;NaN;6.0085
25;BBL_05;42.1345;-65.509;281556;20-oct-04;18:39:00;156.38;35.093;8.671;3.5;NaN;13.26;1.582;22.2;35.122;3.768
25;BBL_05;42.1345;-65.509;281557;20-oct-04;18:41:00;125.33;35.04;9.419;3.7;NaN;10.75;1.33;19.14;NaN;NaN
25;BBL_05;42.1345;-65.509;281558;20-oct-04;18:42:00;99.98;34.826;9.34;4;0.01025;9.48;1.206;16.2;NaN;NaN
25;BBL_05;42.1345;-65.509;281559;20-oct-04;18:44:00;80.55;33.939;6.461;4.6;0.01822;2.38;0.532;2.32;NaN;NaN
25;BBL_05;42.1345;-65.509;281560;20-oct-04;18:45:00;61.06;33.39;4.941;5.1;0.02847;8.7;1.053;12.11;NaN;NaN
25;BBL_05;42.1345;-65.509;281561;20-oct-04;18:46:00;50.17;32.577;4.213;5.9;0.10161;8.37;1.052;11.39;NaN;NaN
25;BBL_05;42.1345;-65.509;281562;20-oct-04;18:46:00;40.22;32.42;5.55;6;0.22424;5.82;0.865;7.07;NaN;NaN
25;BBL_05;42.1345;-65.509;281563;20-oct-04;18:47:00;30.34;32.16;7.196;6.2;0.36093;3.71;0.674;4.2;NaN;NaN
25;BBL_05;42.1345;-65.509;281564;20-oct-04;18:48:00;20.3;31.677;13.411;5.5;0.49561;1.03;0.226;0.1;NaN;NaN
25;BBL_05;42.1345;-65.509;281565;20-oct-04;18:49:00;9.95;31.66;13.582;5.5;0.47406;1;0.203;0.05;NaN;NaN
25;BBL_05;42.1345;-65.509;281566;20-oct-04;18:50:00;2.76;31.656;13.591;5.5;0.43096;0.96;0.192;0.04;NaN;5.8805
32;BBL_06;41.97067;-65.50733;281567;21-oct-04;01:25:00;1211.5;34.922;4.039;5.5;NaN;11.78;1.284;17.72;34.978;5.971
32;BBL_06;41.97067;-65.50733;281568;21-oct-04;01:34:00;750.74;34.918;4.7;5.1;NaN;12.68;1.362;18.63;NaN;NaN
32;BBL_06;41.97067;-65.50733;281569;21-oct-04;01:40:00;497.38;34.959;5.694;4.6;NaN;12.69;1.42;20.21;NaN;NaN
32;BBL_06;41.97067;-65.50733;281570;21-oct-04;01:46:00;247.19;35.181;9.278;3.2;NaN;13.66;1.676;23.3;NaN;3.3895
32;BBL_06;41.97067;-65.50733;281571;21-oct-04;01:50:00;101.47;33.925;7.255;4.8;0.03075;8.36;1.04;12.79;NaN;NaN
32;BBL_06;41.97067;-65.50733;281572;21-oct-04;01:51:00;79.75;33.461;6.188;5.1;0.02847;9.24;1.056;12.9;NaN;NaN
32;BBL_06;41.97067;-65.50733;281573;21-oct-04;01:53:00;60.71;33.014;5.516;5.3;0.04327;7.88;0.955;10.09;NaN;NaN
32;BBL_06;41.97067;-65.50733;281574;21-oct-04;01:54:00;50.93;32.74;5.121;5.5;0.05124;7.35;0.934;8.96;NaN;NaN
32;BBL_06;41.97067;-65.50733;281575;21-oct-04;01:55:00;38.7;32.126;11.825;5.6;0.8727;1.91;0.362;1.17;NaN;NaN
32;BBL_06;41.97067;-65.50733;281576;21-oct-04;01:57:00;30.71;31.982;12.402;5.6;0.92118;1.8;0.298;0.56;NaN;NaN
32;BBL_06;41.97067;-65.50733;281577;21-oct-04;01:58:00;20.55;31.892;12.598;5.6;0.78651;1.66;0.276;0.32;NaN;NaN
32;BBL_06;41.97067;-65.50733;281578;21-oct-04;01:59:00;10.03;31.889;12.609;5.6;0.78651;1.56;0.262;0.29;NaN;NaN
32;BBL_06;41.97067;-65.50733;281579;21-oct-04;02:00:00;3.66;31.887;12.61;5.6;0.78651;1.65;0.268;0.28;NaN;6.021
35;BBL_07;41.86367;-65.3525;281580;21-oct-04;06:32:00;1894.02;34.919;3.534;5.6;NaN;13.07;1.281;17.89;34.929;6.088
35;BBL_07;41.86367;-65.3525;281581;21-oct-04;06:58:00;500.88;34.891;5.142;4.7;NaN;12.87;1.403;19.59;NaN;NaN
35;BBL_07;41.86367;-65.3525;281582;21-oct-04;07:03:00;249.19;35.119;8.76;3.2;NaN;13.14;1.45;22.07;NaN;3.377
35;BBL_07;41.86367;-65.3525;281583;21-oct-04;07:07:00;99.95;35.174;11.588;3.8;0.01594;7.27;1.166;14.63;NaN;NaN
35;BBL_07;41.86367;-65.3525;281584;21-oct-04;07:09:00;80.2;34.944;11.001;4;0.02505;6.96;1.148;13.62;NaN;NaN
35;BBL_07;41.86367;-65.3525;281585;21-oct-04;07:10:00;61.17;34.207;9.44;4.7;0.06657;5.92;0.894;10.29;NaN;NaN
35;BBL_07;41.86367;-65.3525;281586;21-oct-04;07:12:00;49.95;33.641;8.191;5.1;0.08059;6.36;0.88;9.57;NaN;NaN
35;BBL_07;41.86367;-65.3525;281587;21-oct-04;07:14:00;39.64;32.874;8.436;5.5;0.1892;5.73;0.716;6.07;NaN;NaN
35;BBL_07;41.86367;-65.3525;281588;21-oct-04;07:15:00;30.56;32.484;9.727;5.6;0.33938;3.18;0.529;3.47;NaN;NaN
35;BBL_07;41.86367;-65.3525;281589;21-oct-04;07:17:00;20.7;32.231;10.637;5.6;0.47945;2.47;0.421;2.03;NaN;NaN
35;BBL_07;41.86367;-65.3525;281590;21-oct-04;07:18:00;10;31.738;12.6;5.6;0.52254;1.42;0.27;0.44;NaN;NaN
35;BBL_07;41.86367;-65.3525;281591;21-oct-04;07:19:00;3.52;31.733;12.638;5.6;0.5387;1.45;0.262;0.35;NaN;5.884
38;RL_05;42.61367;-64.088;281592;21-oct-04;15:42:00;984.52;34.918;4.074;5.5;NaN;11.76;1.339;17.55;34.925;5.925
38;RL_05;42.61367;-64.088;281593;21-oct-04;15:47:00;750.87;34.917;4.35;5.3;NaN;11.31;1.337;17.87;NaN;NaN
38;RL_05;42.61367;-64.088;281594;21-oct-04;15:53:00;500.97;34.899;4.816;5;NaN;11.48;1.312;17.98;NaN;NaN
38;RL_05;42.61367;-64.088;281595;21-oct-04;15:58:00;250.18;34.962;7.01;3.8;NaN;14.12;1.616;21.91;NaN;3.9765
38;RL_05;42.61367;-64.088;281596;21-oct-04;16:02:00;100.01;34.473;8.194;4.5;0.01594;8.12;1.176;13.31;NaN;NaN
38;RL_05;42.61367;-64.088;281597;21-oct-04;16:03:00;79.64;33.757;5.618;5.2;0.03302;7.21;0.998;10.45;NaN;NaN
38;RL_05;42.61367;-64.088;281598;21-oct-04;16:04:00;59.46;33.237;3.658;5.6;0.04897;6.98;0.949;9.09;NaN;NaN
38;RL_05;42.61367;-64.088;281599;21-oct-04;16:05:00;51.73;33.149;3.637;5.8;0.0911;6.93;0.899;7.89;NaN;NaN
38;RL_05;42.61367;-64.088;281600;21-oct-04;16:06:00;39.81;33.131;4.346;5.9;0.21723;4.99;0.786;5.98;NaN;NaN
38;RL_05;42.61367;-64.088;281601;21-oct-04;16:07:00;28.95;32.524;4.047;6.2;0.38787;3.27;0.642;3.11;NaN;NaN
38;RL_05;42.61367;-64.088;281602;21-oct-04;16:08:00;20.01;32.64;9.664;6;0.71109;2.97;0.448;1.56;NaN;NaN
38;RL_05;42.61367;-64.088;281603;21-oct-04;16:09:00;10.08;32.353;13.73;5.5;0.48483;1.9;0.196;0.07;NaN;NaN
38;RL_05;42.61367;-64.088;281604;21-oct-04;16:10:00;3.26;32.358;13.781;5.4;0.42557;1.99;0.177;0.04;NaN;5.7545
47;LL_09;43.47283;-57.52917;281605;23-oct-04;14:09:00;3775.87;34.893;2.375;5.7;NaN;20.09;1.33;17.49;34.908;6.218
47;LL_09;43.47283;-57.52917;281606;23-oct-04;14:26:00;2997.83;34.907;2.628;5.6;NaN;18.55;1.341;17.34;NaN;NaN
47;LL_09;43.47283;-57.52917;281607;23-oct-04;14:36:00;2500.37;34.921;3.108;5.5;NaN;14.71;1.193;16.18;NaN;NaN
47;LL_09;43.47283;-57.52917;281608;23-oct-04;14:47:00;1998.97;34.926;3.434;5.5;NaN;13.5;1.216;17.61;NaN;NaN
47;LL_09;43.47283;-57.52917;281609;23-oct-04;14:56:00;1498.6;34.933;3.744;5.5;NaN;12.62;1.363;18;NaN;NaN
47;LL_09;43.47283;-57.52917;281610;23-oct-04;15:06:00;1001.64;34.93;4.027;5.4;NaN;11.71;1.365;17.77;NaN;NaN
47;LL_09;43.47283;-57.52917;281611;23-oct-04;15:15:00;500.45;34.905;4.856;5;NaN;12.21;1.405;18.92;NaN;NaN
47;LL_09;43.47283;-57.52917;281612;23-oct-04;15:21:00;248.16;34.801;6.482;4;NaN;13.25;1.41;20.14;NaN;4.3025
47;LL_09;43.47283;-57.52917;281613;23-oct-04;15:24:00;100.99;33.432;3.868;5.4;0.04905;8.8;1.018;10.11;NaN;NaN
47;LL_09;43.47283;-57.52917;281614;23-oct-04;15:26:00;77.84;33.06;2.485;5.9;0.19971;5.61;0.714;5.23;NaN;NaN
47;LL_09;43.47283;-57.52917;281615;23-oct-04;15:27:00;59.78;32.929;4.117;6.1;0.21723;4.34;0.746;4.38;NaN;NaN
47;LL_09;43.47283;-57.52917;281616;23-oct-04;15:28:00;48.68;32.867;5.453;6;0.26935;3.91;0.645;3.69;NaN;NaN
47;LL_09;43.47283;-57.52917;281617;23-oct-04;15:29:00;40.36;32.437;6.585;6;0.42019;3.67;0.575;3.08;NaN;NaN
47;LL_09;43.47283;-57.52917;281618;23-oct-04;15:30:00;29.9;32.611;14.831;5.4;0.5387;1.58;0.226;0.1;NaN;NaN
47;LL_09;43.47283;-57.52917;281619;23-oct-04;15:30:00;19.95;32.679;15.22;5.2;0.36632;1.49;0.158;0.02;NaN;NaN
47;LL_09;43.47283;-57.52917;281620;23-oct-04;15:31:00;9.32;32.683;15.215;5.2;0.37709;1.53;0.16;0.02;NaN;NaN
47;LL_09;43.47283;-57.52917;281621;23-oct-04;15:32:00;2.68;32.675;15.228;5.3;0.35554;1.65;0.173;0.04;NaN;5.6305
52;LL_08;43.7825;-57.838;281622;23-oct-04;23:26:00;1001.18;34.923;4.015;5.5;NaN;11.79;1.332;18.01;NaN;6.0965
52;LL_08;43.7825;-57.838;281623;23-oct-04;23:32:00;752.79;34.959;4.475;5.2;NaN;12.36;1.384;18.26;NaN;NaN
52;LL_08;43.7825;-57.838;281624;23-oct-04;23:38:00;504.21;34.947;4.979;4.9;NaN;12.81;1.448;19.21;NaN;NaN
52;LL_08;43.7825;-57.838;281625;23-oct-04;23:43:00;250.16;34.793;6.176;4.1;NaN;13.93;1.497;21.06;NaN;4.46
52;LL_08;43.7825;-57.838;281626;23-oct-04;23:47:00;100.91;33.88;5.332;5.3;0.01708;7.32;0.954;11.27;NaN;NaN
52;LL_08;43.7825;-57.838;281627;23-oct-04;23:48:00;80.18;33.514;4.44;5.6;0.03872;6.3;0.912;8.8;NaN;NaN
52;LL_08;43.7825;-57.838;281628;23-oct-04;23:49:00;59.89;33.022;3.135;6;0.10161;5.68;0.874;6.64;NaN;NaN
52;LL_08;43.7825;-57.838;281629;23-oct-04;23:50:00;51.25;32.871;3.937;6.1;0.19971;3.92;0.744;4.3;NaN;NaN
52;LL_08;43.7825;-57.838;281630;23-oct-04;23:52:00;41.15;32.929;5.884;6.1;0.35554;2.78;0.556;2.03;NaN;NaN
52;LL_08;43.7825;-57.838;281631;23-oct-04;23:53:00;30.26;32.506;8.729;5.9;0.96791;2.17;0.422;0.84;NaN;NaN
52;LL_08;43.7825;-57.838;281632;23-oct-04;23:54:00;20.78;32.814;14.516;5.3;0.30167;1.2;0.166;0.03;34.932;NaN
52;LL_08;43.7825;-57.838;281633;23-oct-04;23:55:00;10.46;32.817;14.515;5.3;0.32322;1.18;0.17;0.01;NaN;NaN
52;LL_08;43.7825;-57.838;281634;23-oct-04;23:56:00;4.4;32.816;14.515;5.3;0.30167;1.05;0.162;0.02;NaN;5.715
55;LL_07;44.1165;-58.19883;281635;24-oct-04;05:40:00;779.96;34.913;4.333;5.4;NaN;NaN;NaN;NaN;NaN;NaN
55;LL_07;44.1165;-58.19883;281636;24-oct-04;05:40:00;780.23;34.912;4.335;5.4;NaN;NaN;NaN;NaN;NaN;NaN
55;LL_07;44.1165;-58.19883;281637;24-oct-04;05:40:00;780.3;34.912;4.339;5.4;NaN;NaN;NaN;NaN;NaN;NaN
55;LL_07;44.1165;-58.19883;281638;24-oct-04;05:41:00;781.44;34.912;4.34;5.4;NaN;11.62;1.36;17.73;NaN;5.9245
55;LL_07;44.1165;-58.19883;281639;24-oct-04;05:47:00;499.81;34.912;4.872;5;NaN;12.37;1.357;19.02;NaN;NaN
55;LL_07;44.1165;-58.19883;281640;24-oct-04;05:56:00;251.19;34.717;6.121;3.8;NaN;16.71;1.546;20.65;NaN;4.145
55;LL_07;44.1165;-58.19883;281641;24-oct-04;06:00:00;101.25;33.207;1.894;5.5;0.0205;9.98;1.129;11.22;NaN;NaN
55;LL_07;44.1165;-58.19883;281642;24-oct-04;06:02:00;80.37;32.925;0.568;6;0.02619;8.4;1.059;8.86;NaN;NaN
55;LL_07;44.1165;-58.19883;281643;24-oct-04;06:03:00;60.43;32.806;0.153;6.2;0.03986;7.29;1.043;8.07;NaN;NaN
55;LL_07;44.1165;-58.19883;281644;24-oct-04;06:04:00;49.6;32.748;0.776;6.2;0.05921;6.64;1.008;8.02;NaN;NaN
55;LL_07;44.1165;-58.19883;281645;24-oct-04;06:05:00;41.31;32.678;1.845;6.4;0.26935;4.15;0.816;4.91;NaN;NaN
55;LL_07;44.1165;-58.19883;281646;24-oct-04;06:06:00;29.57;32.077;10.844;5.8;0.60335;0.92;0.269;0.14;NaN;NaN
55;LL_07;44.1165;-58.19883;281647;24-oct-04;06:08:00;19.91;32.101;11.076;5.8;0.60335;0.87;0.266;0.07;NaN;NaN
55;LL_07;44.1165;-58.19883;281648;24-oct-04;06:09:00;10.69;32.1;11.074;5.8;0.62489;0.75;0.27;0.06;NaN;NaN
55;LL_07;44.1165;-58.19883;281649;24-oct-04;06:10:00;3.28;32.101;11.081;5.8;0.62489;0.89;0.278;0.06;NaN;6.2345
59;LL_06;44.47617;-58.51533;281650;24-oct-04;10:17:00;65.38;32.357;2.652;5.5;0.28013;8.32;1.002;8.11;32.427;5.942
59;LL_06;44.47617;-58.51533;281651;24-oct-04;10:18:00;50.34;32.322;2.957;5.5;0.334;8.05;1.008;8.02;NaN;NaN
59;LL_06;44.47617;-58.51533;281652;24-oct-04;10:19:00;39.32;32.319;3.112;5.5;0.25858;7.94;1.005;7.88;NaN;NaN
59;LL_06;44.47617;-58.51533;281653;24-oct-04;10:20:00;30.22;31.968;8.147;5.7;0.49561;3.56;0.668;3.29;NaN;NaN
59;LL_06;44.47617;-58.51533;281654;24-oct-04;10:21:00;18.94;31.708;9.563;5.9;0.81883;1.35;0.336;0.14;NaN;NaN
59;LL_06;44.47617;-58.51533;281655;24-oct-04;10:22:00;9.06;31.7;9.58;6;1.00514;1.52;0.351;0.14;NaN;NaN
59;LL_06;44.47617;-58.51533;281656;24-oct-04;10:22:00;3.93;31.699;9.585;6;0.85623;1.2;0.328;0.13;NaN;6.399
63;LL_05;44.81733;-58.8525;281657;24-oct-04;13:46:00;232.28;32.873;1.841;5.4;NaN;10.49;1.101;10.55;32.883;5.789
63;LL_05;44.81733;-58.8525;281658;24-oct-04;13:48:00;200.82;32.84;1.793;5.4;NaN;11.12;1.135;11.34;NaN;NaN
63;LL_05;44.81733;-58.8525;281659;24-oct-04;13:49:00;147.8;32.676;1.602;5.6;NaN;9.88;1.071;9.95;NaN;NaN
63;LL_05;44.81733;-58.8525;281660;24-oct-04;13:51:00;98.92;32.513;1.606;5.7;0.03758;9.59;1.061;9.7;NaN;NaN
63;LL_05;44.81733;-58.8525;281661;24-oct-04;13:52:00;78.99;32.473;1.675;5.7;0.03758;8.8;1.006;8.92;NaN;NaN
63;LL_05;44.81733;-58.8525;281662;24-oct-04;13:53:00;60.42;32.383;1.871;5.7;0.06307;8.88;1.037;8.94;NaN;NaN
63;LL_05;44.81733;-58.8525;281663;24-oct-04;13:54:00;49.47;32.021;3.741;6;0.19621;4.77;0.764;5.32;NaN;NaN
63;LL_05;44.81733;-58.8525;281664;24-oct-04;13:55:00;38.82;31.9;4.793;6.1;0.22074;4.31;0.724;4.59;NaN;NaN
63;LL_05;44.81733;-58.8525;281665;24-oct-04;13:55:00;28.38;31.403;9.334;6;0.43096;1.51;0.42;0.67;NaN;NaN
63;LL_05;44.81733;-58.8525;281666;24-oct-04;13:56:00;20.38;31.362;9.59;6;0.61412;1.29;0.374;0.24;NaN;NaN
63;LL_05;44.81733;-58.8525;281667;24-oct-04;13:57:00;8.79;31.31;9.779;6;0.72186;1.36;0.35;0.15;NaN;NaN
63;LL_05;44.81733;-58.8525;281668;24-oct-04;13:57:00;4.11;31.302;9.789;6;0.67877;1.36;0.349;0.14;NaN;6.3325
70;LL_04;45.15217;-59.17483;281669;24-oct-04;18:21:00;94.34;32.374;1.855;5.8;0.08059;9.6;1.035;8.96;32.382;6.3265
70;LL_04;45.15217;-59.17483;281670;24-oct-04;18:22:00;80.26;32.33;1.918;5.8;0.07358;8.65;1.002;8.56;NaN;NaN
70;LL_04;45.15217;-59.17483;281671;24-oct-04;18:23:00;60.96;32.114;3.034;6;0.07358;6.42;0.881;6.72;NaN;NaN
70;LL_04;45.15217;-59.17483;281672;24-oct-04;18:24:00;49.74;31.858;4.829;6;0.08409;6.52;0.77;5.33;NaN;NaN
70;LL_04;45.15217;-59.17483;281673;24-oct-04;18:25:00;39.33;31.58;7.077;6;0.19621;3.23;0.531;2.05;NaN;NaN
70;LL_04;45.15217;-59.17483;281674;24-oct-04;18:25:00;30.27;31.321;9.143;6;0.36632;2.21;0.422;0.51;NaN;NaN
70;LL_04;45.15217;-59.17483;281675;24-oct-04;18:26:00;20.25;30.743;10.602;5.9;0.5387;2.12;0.289;0;NaN;NaN
70;LL_04;45.15217;-59.17483;281676;24-oct-04;18:27:00;10.21;30.744;10.607;5.9;0.53332;1.63;0.274;0;NaN;NaN
70;LL_04;45.15217;-59.17483;281677;24-oct-04;18:28:00;3.7;30.739;10.603;6;0.47945;1.58;0.274;0;NaN;6.2485
73;LL_03;45.49133;-59.51467;281678;24-oct-04;21:56:00;144.93;33.42;2.796;4.7;NaN;15.02;1.296;13.67;33.4;5.141
73;LL_03;45.49133;-59.51467;281679;24-oct-04;21:58:00;100.81;32.871;1.507;5.6;0.0205;10.83;1.127;11.29;NaN;NaN
73;LL_03;45.49133;-59.51467;281680;24-oct-04;22:00:00;79.94;32.609;1.361;5.8;0.03075;9.32;1.034;9.52;NaN;NaN
73;LL_03;45.49133;-59.51467;281681;24-oct-04;22:02:00;59.59;32.317;2.148;6.3;0.12614;4.46;0.796;6.07;NaN;NaN
73;LL_03;45.49133;-59.51467;281682;24-oct-04;22:03:00;50.38;32.006;3.701;6.3;0.14365;4.83;0.733;5.14;NaN;NaN
73;LL_03;45.49133;-59.51467;281683;24-oct-04;22:04:00;40.31;31.538;5.839;5.9;0.11037;5.05;0.648;3.68;NaN;NaN
73;LL_03;45.49133;-59.51467;281684;24-oct-04;22:06:00;29.39;31.092;8.781;5.8;0.23125;3.69;0.495;1.68;NaN;NaN
73;LL_03;45.49133;-59.51467;281685;24-oct-04;22:07:00;19.1;30.594;10.002;6;1.19128;2.77;0.312;0.04;NaN;NaN
73;LL_03;45.49133;-59.51467;281686;24-oct-04;22:08:00;10.72;30.573;10.045;6;1.15405;2.6;0.307;0;NaN;NaN
73;LL_03;45.49133;-59.51467;281687;24-oct-04;22:10:00;4.2;30.571;10.038;6;1.15405;2.76;0.31;0.02;NaN;6.303
77;LL_02;45.66083;-59.69867;281688;25-oct-04;00:45:00;129.82;33.188;2.101;5.2;NaN;13.56;1.243;13.12;33.2;3.0905
77;LL_02;45.66083;-59.69867;281689;25-oct-04;00:46:00;100.69;32.684;1.082;6.1;0.02733;6.63;0.934;8.61;NaN;NaN
77;LL_02;45.66083;-59.69867;281690;25-oct-04;00:48:00;80.72;32.513;1.36;6.3;0.04897;5.43;0.872;7.41;NaN;NaN
77;LL_02;45.66083;-59.69867;281691;25-oct-04;00:50:00;60.53;32.208;2.414;6.2;0.06263;5.54;0.816;6.28;NaN;NaN
77;LL_02;45.66083;-59.69867;281692;25-oct-04;00:51:00;49.61;31.947;3.883;6;0.12614;5.93;0.758;5.46;NaN;NaN
77;LL_02;45.66083;-59.69867;281693;25-oct-04;00:52:00;40.85;31.561;5.654;6;0.15767;5.36;0.673;4.34;NaN;NaN
77;LL_02;45.66083;-59.69867;281694;25-oct-04;00:53:00;30.6;31.438;9.106;6;0.43096;2.38;0.356;0.32;NaN;NaN
77;LL_02;45.66083;-59.69867;281695;25-oct-04;00:54:00;20.51;31.28;9.194;6;0.42557;2.65;0.354;0.41;NaN;NaN
77;LL_02;45.66083;-59.69867;281696;25-oct-04;00:56:00;10.51;30.657;9.877;6;0.75957;2.29;0.298;0;NaN;NaN
77;LL_02;45.66083;-59.69867;281697;25-oct-04;00:57:00;4.06;30.79;9.825;6;0.72186;2.29;0.298;0;NaN;6.2725
79;LL_01;45.82333;-59.8525;281698;25-oct-04;02:23:00;84.42;32.515;1.827;6;0.06132;7.8;0.93;8.13;32.531;6.442
79;LL_01;45.82333;-59.8525;281699;25-oct-04;02:25:00;60.42;31.944;3.749;6;0.06482;7.53;0.905;7.99;NaN;NaN
79;LL_01;45.82333;-59.8525;281700;25-oct-04;02:26:00;49.58;31.242;6.408;5.8;0.0946;5.45;0.662;4.02;NaN;NaN
79;LL_01;45.82333;-59.8525;281701;25-oct-04;02:28:00;39.94;30.384;9.664;5.8;0.22074;3;0.398;1.03;NaN;NaN
79;LL_01;45.82333;-59.8525;281702;25-oct-04;02:29:00;30.14;29.909;10.648;5.8;0.42557;2.56;0.352;0.66;NaN;NaN
79;LL_01;45.82333;-59.8525;281703;25-oct-04;02:30:00;20.28;29.827;10.817;5.8;0.68954;2.27;0.324;0.48;NaN;NaN
79;LL_01;45.82333;-59.8525;281704;25-oct-04;02:32:00;10.81;29.827;10.817;5.8;0.66799;2.18;0.32;0.44;NaN;NaN
79;LL_01;45.82333;-59.8525;281705;25-oct-04;02:33:00;4.38;29.827;10.816;5.8;0.68415;2.3;0.321;0.45;NaN;5.989
81;CSL_01;46.95717;-60.21667;281706;26-oct-04;04:25:00;75.56;32.38;1.796;6.1;0.04099;6.54;0.856;7;32.458;6.4635
81;CSL_01;46.95717;-60.21667;281707;26-oct-04;04:27:00;59.35;32.088;2.534;6;0.06307;6.95;0.838;6.82;NaN;NaN
81;CSL_01;46.95717;-60.21667;281708;26-oct-04;04:28:00;50.38;31.495;3.998;5.8;0.06482;7.73;0.867;6.38;NaN;NaN
81;CSL_01;46.95717;-60.21667;281709;26-oct-04;04:29:00;39.86;31.05;5.341;5.5;0.05431;8.12;0.856;5.11;NaN;NaN
81;CSL_01;46.95717;-60.21667;281710;26-oct-04;04:30:00;30.34;30.089;9.399;5.4;0.08059;4.14;0.516;2.09;NaN;NaN
81;CSL_01;46.95717;-60.21667;281711;26-oct-04;04:31:00;18.88;28.896;12.155;5.6;0.32322;1.41;0.234;0.21;NaN;NaN
81;CSL_01;46.95717;-60.21667;281712;26-oct-04;04:32:00;9.88;28.825;12.445;5.6;0.68954;1.03;0.186;0;NaN;NaN
81;CSL_01;46.95717;-60.21667;281713;26-oct-04;04:34:00;3.78;28.825;12.444;5.6;0.71109;1;0.176;0;NaN;5.757
87;CSL_02;47.01733;-60.11917;281714;26-oct-04;06:55:00;170.47;33.944;4.048;3.1;NaN;24.9;1.598;18.63;33.97;3.345
87;CSL_02;47.01733;-60.11917;281715;26-oct-04;06:57:00;150.09;33.925;3.996;3.2;NaN;25.3;1.629;19.25;NaN;NaN
87;CSL_02;47.01733;-60.11917;281716;26-oct-04;06:59:00;100.75;32.936;1.598;5.4;0.01936;11.4;1.107;11.96;NaN;NaN
87;CSL_02;47.01733;-60.11917;281717;26-oct-04;07:00:00;80.38;32.573;1.344;6;0.02961;7.27;0.96;8.58;NaN;NaN
87;CSL_02;47.01733;-60.11917;281718;26-oct-04;07:01:00;59.87;32.246;2.197;5.9;0.05781;7.97;0.922;7.95;NaN;NaN
87;CSL_02;47.01733;-60.11917;281719;26-oct-04;07:03:00;52.4;31.86;2.345;5.7;0.06307;8.96;0.91;7.28;NaN;NaN
87;CSL_02;47.01733;-60.11917;281720;26-oct-04;07:04:00;41.28;31.445;3.489;5.6;0.06307;9.3;0.937;6.68;NaN;NaN
87;CSL_02;47.01733;-60.11917;281721;26-oct-04;07:05:00;29.91;30.131;9.103;5.3;0.07007;5.05;0.617;2.66;NaN;NaN
87;CSL_02;47.01733;-60.11917;281722;26-oct-04;07:06:00;21.28;29.347;11.247;5.5;0.19621;2.94;0.378;0.99;NaN;NaN
87;CSL_02;47.01733;-60.11917;281723;26-oct-04;07:08:00;10.37;28.898;12.028;5.7;0.66799;1.24;0.226;0.19;NaN;NaN
87;CSL_02;47.01733;-60.11917;281724;26-oct-04;07:09:00;3.5;28.887;12.072;5.7;0.30706;0.95;0.197;0.04;NaN;5.8585
90;CSL_03;47.09733;-59.99333;281725;26-oct-04;08:45:00;324.69;34.746;5.739;2.9;NaN;28.74;1.932;23.17;34.772;3.1365
90;CSL_03;47.09733;-59.99333;281726;26-oct-04;08:49:00;200.37;33.902;3.946;3.4;NaN;24.34;1.676;19.78;NaN;NaN
90;CSL_03;47.09733;-59.99333;281727;26-oct-04;08:50:00;150.62;33.283;2.259;4.9;NaN;13.11;1.157;13.05;NaN;NaN
90;CSL_03;47.09733;-59.99333;281728;26-oct-04;08:52:00;100.42;32.594;0.69;6.2;0.02847;5.78;0.92;7.91;NaN;NaN
90;CSL_03;47.09733;-59.99333;281729;26-oct-04;08:54:00;79.69;32.439;1.089;6.3;0.0148;4.25;0.85;6.6;NaN;NaN
90;CSL_03;47.09733;-59.99333;281730;26-oct-04;08:55:00;60.04;32.217;2.036;6.5;0.26979;3.43;0.772;4.92;NaN;NaN
90;CSL_03;47.09733;-59.99333;281731;26-oct-04;08:56:00;50.06;32.063;2.47;6.3;0.0981;4.19;0.736;5;NaN;NaN
90;CSL_03;47.09733;-59.99333;281732;26-oct-04;08:57:00;40.2;31.831;3.059;6.2;0.10161;5.47;0.786;5.65;NaN;NaN
90;CSL_03;47.09733;-59.99333;281733;26-oct-04;08:57:00;29.57;31.431;4.168;5.8;0.06657;7.4;0.855;5.29;NaN;NaN
90;CSL_03;47.09733;-59.99333;281734;26-oct-04;08:58:00;20.54;30.227;9.775;5.7;0.28013;3;0.5;1.36;NaN;NaN
90;CSL_03;47.09733;-59.99333;281735;26-oct-04;08:59:00;9.72;29.338;11.312;5.8;0.60335;1.27;0.259;0.12;NaN;NaN
90;CSL_03;47.09733;-59.99333;281736;26-oct-04;09:00:00;3.69;28.773;11.696;5.8;0.83499;1.1;0.215;0.05;NaN;6.123
95;CSL_04;47.27233;-59.79017;281737;26-oct-04;12:41:00;461.1;34.875;5.043;3.8;NaN;25.85;1.619;19.66;34.884;4.125
95;CSL_04;47.27233;-59.79017;281738;26-oct-04;12:45:00;298.99;34.767;5.914;3.2;NaN;22.75;1.647;21.65;NaN;NaN
95;CSL_04;47.27233;-59.79017;281739;26-oct-04;12:47:00;200.27;34.207;5.096;3.7;NaN;17.47;1.473;17.7;NaN;NaN
95;CSL_04;47.27233;-59.79017;281740;26-oct-04;12:49:00;149.53;33.249;2.271;5.1;NaN;11.78;1.185;12.88;NaN;NaN
95;CSL_04;47.27233;-59.79017;281741;26-oct-04;12:51:00;102.34;32.66;0.927;6.2;0.02277;5.4;0.952;8.07;NaN;NaN
95;CSL_04;47.27233;-59.79017;281742;26-oct-04;12:52:00;79.44;32.54;1.411;6.3;0.03758;3.86;0.802;5.71;NaN;NaN
95;CSL_04;47.27233;-59.79017;281743;26-oct-04;12:53:00;59.84;32.356;1.669;6.4;0.06605;3.11;0.77;5.16;NaN;NaN
95;CSL_04;47.27233;-59.79017;281744;26-oct-04;12:54:00;49.33;32.303;2.265;6.4;0.14716;2.94;0.72;4.25;NaN;NaN
95;CSL_04;47.27233;-59.79017;281745;26-oct-04;12:55:00;40.61;32.123;5.146;6.3;0.25577;2.37;0.586;2.62;NaN;NaN
95;CSL_04;47.27233;-59.79017;281746;26-oct-04;12:56:00;30.11;31.807;8.975;6;0.60335;1.57;0.358;0.14;NaN;NaN
95;CSL_04;47.27233;-59.79017;281747;26-oct-04;12:57:00;19.7;31.806;9.109;6.1;0.73264;1.1;0.322;0.03;NaN;NaN
95;CSL_04;47.27233;-59.79017;281748;26-oct-04;12:58:00;10.1;30.765;9.655;6.1;0.59796;1.06;0.317;0.03;NaN;NaN
95;CSL_04;47.27233;-59.79017;281749;26-oct-04;12:59:00;3.62;30.709;9.673;6;0.54948;1.21;0.268;0.02;NaN;6.4075
99;CSL_05;47.43683;-59.574;281750;26-oct-04;16:21:00;474.42;34.876;5.033;3.9;NaN;27.54;1.556;20.89;34.882;4.2365
99;CSL_05;47.43683;-59.574;281751;26-oct-04;16:25:00;301.37;34.811;5.774;3.3;NaN;20.95;1.494;20.08;NaN;NaN
99;CSL_05;47.43683;-59.574;281752;26-oct-04;16:27:00;201.68;34.36;5.472;3.6;NaN;19.25;1.483;19.64;NaN;NaN
99;CSL_05;47.43683;-59.574;281753;26-oct-04;16:29:00;149.78;33.345;2.516;5;NaN;11.8;1.165;12.37;NaN;NaN
99;CSL_05;47.43683;-59.574;281754;26-oct-04;16:31:00;100.73;32.624;0.946;6.2;0.03302;4.87;0.867;6.56;NaN;NaN
99;CSL_05;47.43683;-59.574;281755;26-oct-04;16:32:00;79.92;32.566;1.114;6.4;0.0353;4.09;0.822;5.39;NaN;NaN
99;CSL_05;47.43683;-59.574;281756;26-oct-04;16:33:00;59.94;32.437;2.024;6.4;0.09635;3.8;0.805;5.05;NaN;NaN
99;CSL_05;47.43683;-59.574;281757;26-oct-04;16:33:00;49.91;32.367;2.725;6.3;0.21023;2.85;0.714;3.98;NaN;NaN
99;CSL_05;47.43683;-59.574;281758;26-oct-04;16:34:00;38.99;31.917;7.708;6;0.38248;1.61;0.481;0.93;NaN;NaN
99;CSL_05;47.43683;-59.574;281759;26-oct-04;16:35:00;31.06;31.821;8.819;6.1;0.69493;1.29;0.345;0.07;NaN;NaN
99;CSL_05;47.43683;-59.574;281760;26-oct-04;16:36:00;20.14;31.784;8.897;6.1;0.85654;1.16;0.354;0.04;NaN;NaN
99;CSL_05;47.43683;-59.574;281761;26-oct-04;16:37:00;10.81;31.783;9.171;6.1;0.80267;1.25;0.334;0.03;NaN;NaN
99;CSL_05;47.43683;-59.574;281762;26-oct-04;16:37:00;3.19;30.59;9.829;6.1;0.84576;1.34;0.298;0.02;NaN;6.4905
103;CSL_06;47.57983;-59.3425;281763;26-oct-04;19:35:00;266.53;34.695;5.478;3.7;NaN;21.27;1.468;21.17;34.703;4.044
103;CSL_06;47.57983;-59.3425;281764;26-oct-04;19:37:00;199.76;34.066;4.476;3.7;NaN;18.4;1.417;18.04;NaN;NaN
103;CSL_06;47.57983;-59.3425;281765;26-oct-04;19:39:00;151.29;32.785;1.187;5.9;NaN;7.19;1.005;9.32;NaN;NaN
103;CSL_06;47.57983;-59.3425;281766;26-oct-04;19:40:00;100.32;32.387;2.909;6.3;0.06491;3.76;0.746;5;NaN;NaN
103;CSL_06;47.57983;-59.3425;281767;26-oct-04;19:41:00;79.83;32.115;5.556;6.3;0.15767;2.64;0.62;2.74;NaN;NaN
103;CSL_06;47.57983;-59.3425;281768;26-oct-04;19:42:00;60.73;31.822;8.459;5.9;0.23475;1.35;0.416;0.62;NaN;NaN
103;CSL_06;47.57983;-59.3425;281769;26-oct-04;19:43:00;49.96;31.653;9.104;5.9;0.26629;1.1;0.374;0.33;NaN;NaN
103;CSL_06;47.57983;-59.3425;281770;26-oct-04;19:44:00;40.3;31.531;9.316;5.9;0.32861;1.18;0.366;0.27;NaN;NaN
103;CSL_06;47.57983;-59.3425;281771;26-oct-04;19:45:00;30.51;31.447;9.383;5.9;0.49022;1.3;0.348;0.19;NaN;NaN
103;CSL_06;47.57983;-59.3425;281772;26-oct-04;19:45:00;21.04;31.437;9.392;6;0.93196;1.24;0.316;0.09;NaN;NaN
103;CSL_06;47.57983;-59.3425;281773;26-oct-04;19:46:00;10.36;31.416;9.399;6;0.85654;1.29;0.324;0.09;NaN;NaN
103;CSL_06;47.57983;-59.3425;281774;26-oct-04;19:47:00;3.19;31.414;9.398;6;0.79728;1.24;0.328;0.11;NaN;6.476
106;GULD_03;44.01433;-59.048;281775;27-oct-04;13:30:00;364.04;34.71;5.007;5;NaN;10.95;1.115;15.91;34.73;5.4765
106;GULD_03;44.01433;-59.048;281776;27-oct-04;13:33:00;249.42;34.829;7.285;4;NaN;12.6;1.281;19.82;NaN;NaN
106;GULD_03;44.01433;-59.048;281777;27-oct-04;13:37:00;100.85;33.301;3.39;5.5;0.04555;8.5;0.998;10.41;NaN;NaN
106;GULD_03;44.01433;-59.048;281778;27-oct-04;13:38:00;80.5;32.982;3.181;5.7;0.05694;7.42;0.946;9.07;NaN;NaN
106;GULD_03;44.01433;-59.048;281779;27-oct-04;13:39:00;59.48;32.714;3.357;5.7;0.13314;6.33;0.876;7.41;NaN;NaN
106;GULD_03;44.01433;-59.048;281780;27-oct-04;13:40:00;50.73;32.467;3.058;5.7;0.14891;6.46;0.891;7.35;NaN;NaN
106;GULD_03;44.01433;-59.048;281781;27-oct-04;13:41:00;40.63;32.325;3.389;5.6;0.14541;7.25;0.944;7.98;NaN;NaN
106;GULD_03;44.01433;-59.048;281782;27-oct-04;13:41:00;29.78;32.125;6.241;5.8;0.2909;3.46;0.59;3.24;NaN;NaN
106;GULD_03;44.01433;-59.048;281783;27-oct-04;13:42:00;19.49;32.119;10.55;5.8;0.80267;1.28;0.279;0.11;NaN;NaN
106;GULD_03;44.01433;-59.048;281784;27-oct-04;13:43:00;8.97;32.128;10.728;5.8;0.84038;1.29;0.266;0.08;NaN;NaN
106;GULD_03;44.01433;-59.048;281785;27-oct-04;13:44:00;3.71;32.129;10.729;5.8;0.73802;1.25;0.252;0.07;NaN;6.235
110;HL_07;42.52967;-61.40117;281786;28-oct-04;05:01:00;2875.27;34.916;2.867;5.6;NaN;17.64;1.13;17.63;34.926;6.259
110;HL_07;42.52967;-61.40117;281787;28-oct-04;05:26:00;1500.15;34.936;3.713;5.5;NaN;12.83;1.135;18.01;NaN;NaN
110;HL_07;42.52967;-61.40117;281788;28-oct-04;05:36:00;1000.55;34.957;4.172;5.3;NaN;12.09;1.174;18.55;NaN;NaN
110;HL_07;42.52967;-61.40117;281789;28-oct-04;05:45:00;501.39;34.963;5.469;4.6;NaN;13.15;1.298;20.56;NaN;NaN
110;HL_07;42.52967;-61.40117;281790;28-oct-04;05:51:00;249.78;35.106;8.77;3.2;NaN;14.22;1.469;23.54;NaN;3.4915
110;HL_07;42.52967;-61.40117;281791;28-oct-04;05:54:00;100.33;34.872;9.927;4.2;0.01822;7.3;0.972;13.89;NaN;NaN
110;HL_07;42.52967;-61.40117;281792;28-oct-04;05:56:00;80.77;34.125;7.582;4.9;0.04213;6.7;0.906;11.06;NaN;NaN
110;HL_07;42.52967;-61.40117;281793;28-oct-04;05:57:00;60.41;33.404;5.036;5.7;0.06035;4.84;0.835;7.47;NaN;NaN
110;HL_07;42.52967;-61.40117;281794;28-oct-04;05:58:00;50.31;33.078;3.731;6;0.10862;4.53;0.822;6.55;NaN;NaN
110;HL_07;42.52967;-61.40117;281795;28-oct-04;05:59:00;39.9;32.99;6.263;6.1;NaN;NaN;NaN;NaN;NaN;NaN
110;HL_07;42.52967;-61.40117;281796;28-oct-04;06:01:00;30.42;33.611;11.695;5.6;0.4148;1.58;0.331;0.95;NaN;NaN
110;HL_07;42.52967;-61.40117;281797;28-oct-04;06:02:00;21;33.992;16.384;5;0.56564;1.28;0.164;0.15;NaN;NaN
110;HL_07;42.52967;-61.40117;281798;28-oct-04;06:03:00;9.29;33.946;16.331;5.1;0.57103;1.18;0.144;0.11;NaN;NaN
110;HL_07;42.52967;-61.40117;281799;28-oct-04;06:04:00;3.84;33.942;16.326;5.1;0.56025;1.28;0.17;0.12;NaN;5.461
114;HL_06;42.84883;-61.73783;281800;28-oct-04;11:22:00;1026.96;34.915;3.983;5.5;NaN;11.05;1.105;17.29;34.924;6.045
114;HL_06;42.84883;-61.73783;281801;28-oct-04;11:29:00;751.32;34.915;4.307;5.4;NaN;11.23;1.155;17.98;NaN;NaN
114;HL_06;42.84883;-61.73783;281802;28-oct-04;11:35:00;501.05;34.893;4.774;5.1;NaN;12.02;1.226;18.99;NaN;NaN
114;HL_06;42.84883;-61.73783;281803;28-oct-04;11:41:00;251.14;35.023;8.333;3.4;NaN;12.25;1.344;20.33;NaN;3.6765
114;HL_06;42.84883;-61.73783;281804;28-oct-04;11:44:00;99.57;34.103;6.806;5;0.06491;6.78;0.921;10.65;NaN;NaN
114;HL_06;42.84883;-61.73783;281805;28-oct-04;11:46:00;79.88;33.371;4.376;5.6;0.17869;6.57;0.935;9.03;NaN;NaN
114;HL_06;42.84883;-61.73783;281806;28-oct-04;11:47:00;59.99;32.937;3.445;5.9;0.22774;5.7;0.886;7.3;NaN;NaN
114;HL_06;42.84883;-61.73783;281807;28-oct-04;11:48:00;50.34;32.645;4.935;5.9;0.36632;4.01;0.733;4.87;NaN;NaN
114;HL_06;42.84883;-61.73783;281808;28-oct-04;11:49:00;39.24;34.444;16.493;5;0.61412;1.2;0.198;0.45;NaN;NaN
114;HL_06;42.84883;-61.73783;281809;28-oct-04;11:50:00;30.45;34.482;16.568;5;0.60873;1.29;0.183;0.44;NaN;NaN
114;HL_06;42.84883;-61.73783;281810;28-oct-04;11:51:00;20.65;34.481;16.554;5;0.64106;1.39;0.169;0.44;NaN;NaN
114;HL_06;42.84883;-61.73783;281811;28-oct-04;11:52:00;10.72;34.483;16.56;5;0.59796;1.46;0.167;0.44;NaN;NaN
114;HL_06;42.84883;-61.73783;281812;28-oct-04;11:52:00;4.38;34.483;16.558;5;0.58719;1.3;0.16;0.44;NaN;5.383
117;HL_05;43.18467;-62.11383;281813;28-oct-04;17:57:00;97.02;32.955;2.915;5.7;0.31783;7.73;0.96;8.78;32.961;6.3415
117;HL_05;43.18467;-62.11383;281814;28-oct-04;17:58:00;80.32;32.841;2.894;5.7;0.36093;7.49;0.972;8.45;NaN;NaN
117;HL_05;43.18467;-62.11383;281815;28-oct-04;17:59:00;61.88;32.691;3.327;5.8;0.23475;6.38;0.924;7.21;NaN;NaN
117;HL_05;43.18467;-62.11383;281816;28-oct-04;18:00:00;49.41;32.571;3.881;5.8;0.26081;5.67;0.859;6.47;NaN;NaN
117;HL_05;43.18467;-62.11383;281817;28-oct-04;18:01:00;39.09;32.382;6.313;5.8;0.39864;4;0.65;4.24;NaN;NaN
117;HL_05;43.18467;-62.11383;281818;28-oct-04;18:01:00;30.31;32.498;9.11;5.6;0.42557;3.71;0.566;3.69;NaN;NaN
117;HL_05;43.18467;-62.11383;281819;28-oct-04;18:02:00;19.9;32.789;12.837;5.5;0.86731;1.5;0.252;0.24;NaN;NaN
117;HL_05;43.18467;-62.11383;281820;28-oct-04;18:03:00;10.28;32.771;12.733;5.5;0.8727;1.61;0.269;0.27;NaN;NaN
117;HL_05;43.18467;-62.11383;281821;28-oct-04;18:04:00;4.14;32.76;12.697;5.5;0.88347;1.54;0.26;0.27;NaN;5.971
120;HL_04;43.476;-62.4555;281822;28-oct-04;21:35:00;81.19;33.021;3.357;5.7;0.03986;7.59;0.95;8.76;33.042;6.2905
120;HL_04;43.476;-62.4555;281823;28-oct-04;21:37:00;61.37;32.765;4.151;6;0.16468;4.34;0.752;5.08;NaN;NaN
120;HL_04;43.476;-62.4555;281824;28-oct-04;21:38:00;48.59;32.493;7.433;5.9;0.26935;3.39;0.599;3.24;NaN;NaN
120;HL_04;43.476;-62.4555;281825;28-oct-04;21:39:00;40.45;32.072;10.797;5.7;0.73264;2.07;0.368;0.79;NaN;NaN
120;HL_04;43.476;-62.4555;281826;28-oct-04;21:40:00;29.27;32.06;11.095;5.7;0.90502;2.07;0.33;0.59;NaN;NaN
120;HL_04;43.476;-62.4555;281827;28-oct-04;21:41:00;20.71;32.057;11.093;5.7;0.91041;1.93;0.346;0.65;NaN;NaN
120;HL_04;43.476;-62.4555;281828;28-oct-04;21:42:00;10.58;32.049;11.102;5.7;0.9158;1.77;0.332;0.58;NaN;NaN
120;HL_04;43.476;-62.4555;281829;28-oct-04;21:43:00;4.17;32.044;11.096;5.8;0.89963;1.76;0.314;0.58;NaN;6.2165
121;HL_03;43.88033;-62.88183;281830;29-oct-04;01:00:00;262.6;34.908;8.4;3.5;NaN;14.61;1.515;20.36;34.913;3.8375
121;HL_03;43.88033;-62.88183;281831;29-oct-04;01:02:00;200.52;34.872;9.155;2.5;NaN;21.09;1.732;21.25;NaN;NaN
121;HL_03;43.88033;-62.88183;281832;29-oct-04;01:05:00;100.41;33.414;4.661;5.6;0.03075;6.01;0.929;8.83;NaN;NaN
121;HL_03;43.88033;-62.88183;281833;29-oct-04;01:06:00;80.26;33.202;4.66;5.8;0.05694;4.86;0.828;6.65;NaN;NaN
121;HL_03;43.88033;-62.88183;281834;29-oct-04;01:07:00;59.7;32.595;3.482;6;0.16468;5.16;0.81;5.62;NaN;NaN
121;HL_03;43.88033;-62.88183;281835;29-oct-04;01:08:00;49.52;32.467;5.455;6;0.19271;4.04;0.736;4.48;NaN;NaN
121;HL_03;43.88033;-62.88183;281836;29-oct-04;01:10:00;41.03;31.632;11.365;5.6;0.39864;1.79;0.375;0.82;NaN;NaN
121;HL_03;43.88033;-62.88183;281837;29-oct-04;01:11:00;29.65;31.642;11.469;5.7;0.47945;1.73;0.316;0.4;NaN;NaN
121;HL_03;43.88033;-62.88183;281838;29-oct-04;01:12:00;19.55;31.642;11.477;5.7;0.47406;1.61;0.274;0.39;NaN;NaN
121;HL_03;43.88033;-62.88183;281839;29-oct-04;01:13:00;9.6;31.641;11.475;5.7;0.47406;1.48;0.305;0.4;NaN;NaN
121;HL_03;43.88033;-62.88183;281840;29-oct-04;01:14:00;3.15;31.638;11.478;5.7;0.46867;1.46;0.302;0.38;NaN;6.1665
124;HL_02;44.267;-63.316;281841;29-oct-04;04:47:00;147.37;33.399;4.392;4.7;0.01253;12.91;1.227;12.94;33.423;5.194
124;HL_02;44.267;-63.316;281842;29-oct-04;04:49:00;100.99;32.7;2.49;5.6;0.02676;8.86;1.055;9.33;NaN;NaN
124;HL_02;44.267;-63.316;281843;29-oct-04;04:50:00;79.95;32.292;2.978;5.9;0.04327;6.48;0.909;6.9;NaN;NaN
124;HL_02;44.267;-63.316;281844;29-oct-04;04:51:00;74.33;32.247;3.075;5.9;0.03758;6.92;0.927;7.16;NaN;NaN
124;HL_02;44.267;-63.316;281845;29-oct-04;04:52:00;60.73;31.782;5.727;5.8;0.06092;4.5;0.762;4.79;NaN;NaN
124;HL_02;44.267;-63.316;281846;29-oct-04;04:54:00;50.28;31.081;8.454;5.6;0.06149;4.11;0.671;2.74;NaN;NaN
124;HL_02;44.267;-63.316;281847;29-oct-04;04:55:00;40.28;30.71;11.813;5.6;0.32861;1.5;0.319;0.26;NaN;NaN
124;HL_02;44.267;-63.316;281848;29-oct-04;04:56:00;31.01;30.605;11.86;5.7;0.67338;1.21;0.266;0;NaN;NaN
124;HL_02;44.267;-63.316;281849;29-oct-04;04:58:00;20.59;30.598;11.87;5.7;0.70031;1.51;0.273;0;NaN;NaN
124;HL_02;44.267;-63.316;281850;29-oct-04;04:59:00;11.09;30.597;11.868;5.7;0.69493;1.11;0.284;0;NaN;NaN
124;HL_02;44.267;-63.316;281851;29-oct-04;05:00:00;5.14;30.597;11.858;5.7;0.72186;1.12;0.272;0;NaN;NaN
124;HL_02;44.267;-63.316;281852;29-oct-04;05:01:00;3.17;30.597;11.864;5.7;0.7057;1.07;0.273;0;NaN;6.0655
127;HL_01;44.39967;-63.447;281853;29-oct-04;07:20:00;78.12;31.847;5.671;5.7;0.04783;5.79;0.83;5.09;NaN;6.187
127;HL_01;44.39967;-63.447;281854;29-oct-04;07:22:00;60.68;30.84;10.56;5.5;0.11037;2.96;0.598;1.68;NaN;NaN
127;HL_01;44.39967;-63.447;281855;29-oct-04;07:23:00;50.41;30.601;11.83;5.6;0.25319;1.61;0.34;0.36;NaN;NaN
127;HL_01;44.39967;-63.447;281856;29-oct-04;07:24:00;40.22;30.546;12.018;5.6;0.50099;1.22;0.304;0.08;NaN;NaN
127;HL_01;44.39967;-63.447;281857;29-oct-04;07:25:00;30.67;30.528;12.049;5.6;0.56564;1.19;0.307;0.07;NaN;NaN
127;HL_01;44.39967;-63.447;281858;29-oct-04;07:27:00;20.49;30.528;12.047;5.6;0.57641;1.22;0.24;0.06;NaN;NaN
127;HL_01;44.39967;-63.447;281859;29-oct-04;07:28:00;10.46;30.529;12.042;5.6;0.59796;1.18;0.274;0.07;NaN;NaN
127;HL_01;44.39967;-63.447;281860;29-oct-04;07:29:00;3.74;30.528;12.064;5.6;0.5818;1.19;0.26;0.06;NaN;5.979
